BPMSW.1R1.B2 21.475 -0.00908726150487 -0.00425608104579 -7.60558174028e-06 -3.03812617371e-06
BPMS.2R1.B2 31.529 -0.00906317863992 -0.00430712656792 -7.7357365612e-06 -2.68912854347e-06
BPMSY.4R1.B2 58.3145 -0.00900516530344 -0.00442713737892 -7.89548518386e-06 -2.17634022539e-06
BPMWB.4R1.B2 151.1705 -0.00884931908705 -0.00473097234105 -8.17648814455e-06 4.69255093063e-07
BPMYA.4R1.B2 172.227 -0.00820735412139 -0.00577337734381 -7.92660683177e-06 2.0601302244e-06
BPMR.5R1.B2 199.635 -0.00612989844933 -0.0079446140646 -6.12621965713e-06 5.43550228685e-06
BPM.6R1.B2 231.535 0.00420429520693 -0.00911133631636 4.43858865731e-06 6.88289165253e-06
BPMRA.7R1.B2 259.259 0.00642087286979 -0.00771135132227 8.15746594021e-06 7.28678377821e-07
BPM.8R1.B2 300.6960106 0.00651861811142 -0.00762890329681 2.18962180653e-06 -7.89181368148e-06
BPM.9R1.B2 339.7610212 0.00469872694388 -0.00886648253858 -8.15934196876e-06 -7.07425904402e-07
BPM.10R1.B2 380.2240318 0.00102498356735 -0.00998208176052 1.406859966e-06 8.06820576668e-06
BPM.11R1.B2 433.0047424 0.00622991100207 -0.00786643225596 7.22750934288e-06 -3.85204948265e-06
BPM.12R1.B2 487.7282583 0.00344894486854 -0.00942323335572 -3.47315332457e-06 -7.41703654856e-06
BPM.13R1.B2 541.1767742 0.0029831847554 -0.00958087450693 -7.67276395965e-06 2.86424801611e-06
BPM.14R1.B2 594.6252901 0.000929573743511 -0.00999141832994 3.09272778864e-06 7.5835511831e-06
BPM.15R1.B2 648.073806 0.00173283331557 -0.00988381688617 7.54878532476e-06 -3.17663479709e-06
BPM.16R1.B2 701.5223219 -0.000356166103914 -0.0100282447773 -3.40112378645e-06 -7.45034397207e-06
BPM.17R1.B2 754.9708378 0.000454252795687 -0.0100242806221 -7.41217259845e-06 3.48352974851e-06
BPM.18R1.B2 808.4193537 -0.00163604195475 -0.00990029869637 3.70378988903e-06 7.30460029237e-06
BPM.19R1.B2 861.8678696 -0.000831769065789 -0.0100000353909 7.26307773895e-06 -3.78456614919e-06
BPM.20R1.B2 915.3163855 -0.00288904878475 -0.00960967974264 -4.00023002447e-06 -7.14656684193e-06
BPM.21R1.B2 968.7649014 -0.00210414535363 -0.00981147898806 -7.10176115783e-06 4.07923203467e-06
BPM.22R1.B2 1022.213417 -0.00409457317301 -0.00916116904034 4.2899295418e-06 6.97651249866e-06
BPM.23R1.B2 1075.661933 -0.003341929519 -0.00946171520782 6.92850708918e-06 -4.3670368739e-06
BPM.24R1.B2 1129.110449 -0.00525205522454 -0.0085584642353 -4.55317464734e-06 1.27865888445e-05
BPM.25R1.B2 1182.558965 -0.00454426248927 -0.00895438845496 1.28362964358e-05 4.41109482314e-06
BPM.26R1.B2 1236.007481 -0.00630369696042 -0.00781631618792 4.02497279947e-06 -1.29625576741e-05
BPM.27R1.B2 1289.455997 -0.00565238678239 -0.0082995131094 -1.30063935079e-05 -3.88097787642e-06
BPM.28R1.B2 1342.904513 -0.00727100027779 -0.00694207239123 -3.47082655724e-06 3.26980478872e-05
BPM.29R1.B2 1396.353029 -0.00668705750492 -0.00750620250739 3.27345420724e-05 3.107945053e-06
BPM.30R1.B2 1449.801545 -0.00809929030265 -0.0059549400262 2.12686965337e-06 -3.2812898433e-05
BPM.31R1.B2 1503.25006 -0.00759233608333 -0.00658910061546 -3.28344587946e-05 -1.76291119331e-06
BPM.32R1.B2 1556.698576 -0.00879450469269 -0.0048699590754 -7.79602004382e-07 3.28725046251e-05
BPM.33R1.B2 1610.147092 -0.00837281682383 -0.00556378940966 3.28791299425e-05 4.14933595615e-07
BPM.34R1.B2 1663.595608 -0.00934521661253 -0.00370496162803 -5.69274821894e-07 -3.28768219663e-05
BPM.33L2.B2 1717.044124 -0.00901576057128 -0.00444700747619 -3.28684890344e-05 9.33756547831e-07
BPM.32L2.B2 1770.49264 -0.00974237815368 -0.00247908894903 1.91687444987e-06 3.28258213358e-05
BPM.31L2.B2 1823.941156 -0.00951054349448 -0.00325720380369 3.2802541794e-05 -2.28087065255e-06
BPM.30L2.B2 1877.389672 -0.00997946412221 -0.00121248093033 -3.26157786659e-06 -3.27195909398e-05
BPM.29L2.B2 1930.838188 -0.0098490734155 -0.00201384384399 -3.26814190793e-05 3.62414323127e-06
BPM.28L2.B2 1984.286704 -0.0100525783321 7.40474538892e-05 4.60045840584e-06 3.25583321762e-05
BPM.27L2.B2 2037.73522 -0.0100257680337 -0.000737420853451 3.25053016218e-05 -4.96134227433e-06
BPM.26L2.B2 2091.183735 -0.00997976171175 0.00136303260024 -5.91263087067e-06 -1.27609558755e-05
BPM.25L2.B2 2144.632251 -0.0100572076719 0.000553240889274 -1.26946116111e-05 6.05376150698e-06
BPM.24L2.B2 2198.080767 -0.00972341472742 0.00262844206304 6.43094635067e-06 1.25077578421e-05
BPM.23L2.B2 2251.529283 -0.0099038129947 0.0018352083761 1.24356702119e-05 -6.56927426499e-06
BPM.22L2.B2 2304.977799 -0.00932654453356 0.00385433857225 -6.91924451325e-06 7.34788836307e-06
BPM.21L2.B2 2358.426315 -0.00960716306977 0.00308913847593 7.42416518354e-06 6.83732835477e-06
BPM.20L2.B2 2411.874831 -0.00875687579352 0.00501572378797 6.61208098212e-06 -7.62545830454e-06
BPM.19L2.B2 2465.323347 -0.00913307782771 0.00429269707505 -7.69831855817e-06 -6.52711710685e-06
BPM.18L2.B2 2518.771863 -0.00804332815789 0.00609468874942 -6.2938162648e-06 7.89019454018e-06
BPM.17L2.B2 2572.220379 -0.0085089213743 0.00542573643154 7.95950831651e-06 6.20593112293e-06
BPM.16L2.B2 2625.668894 -0.00719761518765 0.00707352065421 5.96495197835e-06 -8.14166635469e-06
BPM.15L2.B2 2679.11741 -0.00774496544813 0.00646961119485 -8.20731646539e-06 -5.87429395678e-06
BPM.14L2.B2 2732.565926 -0.00623364711031 0.00793612011561 -5.62605750474e-06 8.37942819098e-06
BPM.13L2.B2 2786.014442 -0.00685373967712 0.00740719995811 8.44130549883e-06 5.53278854458e-06
BPM.12L2.B2 2839.462958 -0.00497048187921 0.00878263449559 5.3925067511e-06 -8.53160040352e-06
BPM.11L2.B2 2892.911474 -0.00655831994975 0.00766999336394 -7.97186813758e-06 -6.19004789884e-06
BPM.10L2.B2 2944.750185 -0.00591425614906 0.00817691463685 -7.5652790337e-06 6.68085481134e-06
BPM.9L2.B2 2983.815195 -0.00415698165036 0.00919564365902 5.00278207923e-06 8.76580878567e-06
BPM.8L2.B2 3024.278206 -0.000266092654008 0.0100880896842 2.64960472409e-06 -9.73893687599e-06
BPM.7L2.B2 3063.344216 -0.00913577121432 0.00428696199457 -1.00092932327e-05 -1.29670339221e-06
BPM.6L2.B2 3095.450216 -0.00950560756705 0.0033887731609 -9.47427070962e-06 3.47929181913e-06
BPMYB.5L2.B2 3167.649216 -0.00834408119197 0.0056759728525 2.9155441906e-06 9.66264833952e-06
BPMYB.4L2.B2 3188.219216 -0.00709125414038 0.00718014439272 8.00279430185e-06 6.15000542297e-06
BPMWB.4L2.B2 3212.610716 -0.00831175403037 0.00572320746701 9.71685118728e-06 -2.72949297626e-06
BPMSX.4L2.B2 3262.843716 -0.00436380594618 0.00909931626209 -5.4477765134e-06 -8.49641006276e-06
BPMS.2L2.B2 3300.755216 -0.00435244563575 0.00910475567288 -9.63554349374e-06 -3.00389000974e-06
BPMSW.1L2.B2 3310.689216 -0.00469128226727 0.00893488832982 -1.00844498848e-05 -4.13806988207e-07
BPMSW.1R2.B2 3353.879216 -0.00469127480305 0.00893489224938 2.053536037e-06 -9.88181567845e-06
BPMS.2R2.B2 3363.813216 -0.00435243988722 0.00910475842387 -5.6792240916e-07 -1.00769517753e-05
BPMSX.4R2.B2 3401.724716 -0.00436381112037 0.0090993137812 -6.91465034781e-06 -7.35220483016e-06
BPMWB.4R2.B2 3451.881716 -0.00831270744036 0.00572182259356 -5.04060788253e-06 8.74411693594e-06
BPMYB.4R2.B2 3476.349216 -0.00712281199223 0.00714883963207 4.01040968946e-06 9.26196405314e-06
BPM.5R2.B2 3505.883216 -0.0099878392453 0.00144340778918 1.00837994872e-05 4.29213472818e-07
BPMR.6R2.B2 3579.179216 -0.0100913090441 -7.64240577897e-05 1.02958297277e-06 -1.00402827638e-05
BPM_A.7R2.B2 3592.054216 -0.0100854217974 0.000353023832628 -7.73468170173e-07 -1.00632456378e-05
BPM.8R2.B2 3633.493206 -0.00919229155443 0.00416438887992 -9.23100907887e-06 -4.08115139513e-06
BPM.9R2.B2 3672.560195 -0.000851677278376 0.0100555956852 -1.45991107013e-07 1.0091879236e-05
BPM.10R2.B2 3713.025185 -0.000109417487451 0.0100910052317 9.38484891049e-06 3.71376105505e-06
BPM.11R2.B2 3764.865874 0.000653011920195 0.010070448561 4.60553659393e-06 -8.98088828312e-06
BPM.12R2.B2 3819.592358 1.52055354491e-05 0.0100915869696 -9.3523274157e-06 -3.79491412293e-06
BPM.13R2.B2 3873.043842 0.00308146461122 0.00960962718809 -2.76726135522e-06 9.7061585064e-06
BPM.14R2.B2 3926.495326 0.00229596280294 0.00982694833562 9.73652862573e-06 2.65844313263e-06
BPM.15R2.B2 3979.94681 0.00428561948629 0.00913640106484 2.36472834836e-06 -9.81200263283e-06
BPM.16R2.B2 4033.398294 0.00353421511955 0.0094524960866 -9.83788353619e-06 -2.25464184851e-06
BPM.17R2.B2 4086.849779 0.00541919402862 0.00851308961842 -1.95805526433e-06 9.9011799875e-06
BPM.18R2.B2 4140.301263 0.00471441594599 0.00892270368508 9.92249514869e-06 1.8470058402e-06
BPM.19R2.B2 4193.752747 0.00646372307639 0.00774988018097 1.54807578189e-06 -9.97350254064e-06
BPM.20R2.B2 4247.204231 0.00581712329168 0.00824629828322 -9.9902245822e-06 -1.43622684592e-06
BPM.21R2.B2 4300.655715 0.00740202962659 0.00685932330716 -1.13542818918e-06 1.0028864351e-05
BPM.22R2.B2 4354.107199 0.00682425826976 0.00743437003437 1.00409602967e-05 1.02300127041e-06
BPM.23R2.B2 4407.558683 0.00821870471026 0.005856044025 7.20881721317e-07 -1.00671556947e-05
BPM.24R2.B2 4461.010167 0.0076899344659 0.00649842062394 -1.05220180137e-05 2.8750448747e-05
BPM.25R2.B2 4514.461651 0.00887127425466 0.0047607831058 2.90535780536e-05 9.65354144843e-06
BPM.26R2.B2 4567.913135 0.00845807747761 0.00546127165588 9.32749339322e-06 -2.91598839017e-05
BPM.27R2.B2 4621.36462 0.00940741006722 0.00358680895691 -2.94269631171e-05 -8.44718506634e-06
BPM.28R2.B2 4674.816104 0.00905791363271 0.00433252644696 -8.56414936629e-06 5.88780806284e-05
BPM.29R2.B2 4728.267588 0.00975990999296 0.00235812249389 5.91087682398e-05 6.79160922249e-06
BPM.30R2.B2 4781.719072 0.00953773749988 0.00313817593315 6.12922499984e-06 -5.91811169209e-05
BPM.31R2.B2 4835.170556 0.0099813843869 0.0010902066434 -5.9338563893e-05 -4.34821053781e-06
BPM.32R2.B2 4888.62204 0.0098608284006 0.00189226002761 -3.68280370334e-06 5.93835728451e-05
BPM.33R2.B2 4942.073524 0.0100388400867 -0.000195638675169 5.94674120528e-05 1.89733093428e-06
BPM.34R2.B2 4995.525008 0.0100218787459 0.000615248870647 1.23124109197e-06 -5.94849283291e-05
BPM.33L3.B2 5048.976492 0.0099313280353 -0.00147827881686 -5.94950592934e-05 5.56737962453e-07
BPM.32L3.B2 5102.427976 0.0100182418692 -0.000671873965101 1.22356654694e-06 5.94850798584e-05
BPM.31L3.B2 5155.87946 0.00966062324259 -0.00273659338007 5.94214916838e-05 -3.00984539407e-06
BPM.30L3.B2 5209.330945 0.00984997747126 -0.00194795498062 -3.67515458453e-06 -5.93840514887e-05
BPM.29L3.B2 5262.782429 0.00923115050414 -0.0039499930556 -5.92467992033e-05 5.45788672052e-06
BPM.28L3.B2 5316.233913 0.00951985108837 -0.0031920244359 6.1215880641e-06 5.91819132253e-05
BPM.27L3.B2 5369.685397 0.00865001708899 -0.00509841045579 5.89713223029e-05 -7.89655554706e-06
BPM.26L3.B2 5423.136881 0.00900397734362 -0.00438548131514 -9.00420992217e-06 -2.95207035656e-05
BPM.25L3.B2 5476.588365 0.00789764611943 -0.00615883431876 -2.92368370514e-05 9.88713406916e-06
BPM.24L3.B2 5530.039849 0.00836898069855 -0.00550129224605 1.02141091492e-05 2.91242068065e-05
BPM.23L3.B2 5583.491333 0.00704489976937 -0.00711852804704 2.88042256893e-05 -1.10844214089e-05
BPM.22L3.B2 5636.942817 0.0075671492582 -0.00652854936492 -1.18539231658e-05 6.80060236088e-07
BPM.21L3.B2 5690.394301 0.0060473099394 -0.00795699360034 1.03589530424e-06 1.18281419409e-05
BPM.20L3.B2 5743.845786 0.00666980819334 -0.00744294049889 1.1815791871e-05 -1.16834290193e-06
BPM.19L3.B2 5797.29727 0.00497971045767 -0.00866522869981 -1.52279347879e-06 -1.17753613959e-05
BPM.18L3.B2 5850.748754 0.00566284250205 -0.00823504216869 -1.17575556433e-05 1.65464018323e-06
BPM.17L3.B2 5904.200238 0.00383028107632 -0.00923106990166 2.00713249454e-06 1.170253982e-05
BPM.16L3.B2 5957.651722 0.00456284654457 -0.0088918016221 1.1679319298e-05 -2.1381156311e-06
BPM.15L3.B2 6011.103206 0.00261790681955 -0.00964521998478 -2.48803455576e-06 -1.16098111656e-05
BPM.14L3.B2 6064.55469 0.00338784018124 -0.00940245944499 -1.15812025572e-05 2.61796025944e-06
BPM.13L3.B2 6118.006174 0.00136251827978 -0.00990087110358 2.96471469425e-06 1.14973258565e-05
BPM.12L3.B2 6171.457658 0.00357530355296 -0.00933278678418 1.16889125073e-05 -2.08504126375e-06
BPM.11L3.B2 6224.909142 0.00450608002548 -0.0089207033064 -1.56807143364e-06 -1.17694163974e-05
BPM.10L3.B2 6277.691832 0.00774890835082 -0.00631174493202 -1.18571675247e-05 6.20926812275e-07
BPM.9L3.B2 6316.758821 0.00657893932038 -0.00752338102855 -7.1762475823e-06 9.45935969612e-06
BPM.8L3.B2 6357.223811 0.00503382251601 -0.00863390615885 3.55278622973e-06 1.13294158114e-05
BPM.7L3.B2 6396.2898 0.000943203107546 -0.0099495765023 1.17030502392e-05 2.0041406407e-06
BPMR.6L3.B2 6468.9288 -0.00724552235378 -0.00688375700854 -3.763409846e-06 -1.12612085686e-05
BPMWE.5L3.B2 6511.9823 -0.00738913209409 -0.00672937081964 -9.67975052988e-06 -6.87608577883e-06
BPMW.5L3.B2 6539.5273 -0.0049932637402 -0.00865742582416 -1.17261515621e-05 -1.86419734637e-06
BPMWE.4L3.B2 6614.6553 -0.00767697148516 -0.0063990478591 -5.20220911081e-06 1.06730965197e-05
BPMW.4L3.B2 6642.2003 -0.00986353195594 0.0016107271915 6.15599263982e-06 1.01529183396e-05
BPMW.4R3.B2 6687.1653 -0.00927442245485 0.00372408282721 1.10947778331e-05 4.22892480631e-06
BPMWE.4R3.B2 6714.7103 -0.00981305079744 0.00189413272678 1.1871479226e-05 -2.14251982822e-07
BPMW.5R3.B2 6789.8383 -0.00928556546227 0.00369621140462 5.0775196568e-06 -1.07329819108e-05
BPMWE.5R3.B2 6817.3833 -0.00704379955525 0.00709003473157 -1.81120337867e-06 -1.17344604634e-05
BPMWC.6R3.B2 6858.3743 -0.00633339103924 0.00773122646108 -8.4857299473e-06 -8.30484662897e-06
BPM.6R3.B2 6870.5288 -0.00712722275138 0.00700616874522 -1.01037874669e-05 -6.23630110936e-06
BPM_A.7R3.B2 6926.3528 -0.00696872004773 0.00716384293081 -9.97249244123e-06 6.44417625646e-06
BPM.8R3.B2 6965.418789 -0.00973653541596 0.00225468019212 5.76940082462e-06 1.03774773238e-05
BPM.9R3.B2 7004.485779 -0.00713159689234 -0.00700171625222 9.25412992282e-06 -7.43902451219e-06
BPM.10R3.B2 7044.950768 -0.00789105029437 -0.00613310931283 9.36946168634e-07 -1.18363942342e-05
BPM.11R3.B2 7097.733458 -0.00942903659946 -0.00331315158818 -1.14080104188e-05 -3.29171284196e-06
BPM.12R3.B2 7152.459942 -0.00999310329547 -0.000146939556325 -7.29115393236e-07 1.18510129403e-05
BPM.13R3.B2 7205.911426 -0.0098570140089 -0.00165014529683 1.18733740284e-05 -3.14338290944e-08
BPM.14R3.B2 7259.36291 -0.00998486139101 0.000431564160247 -3.88038448299e-07 -1.18670812192e-05
BPM.15R3.B2 7312.814394 -0.00998711794069 -0.000375739213939 -1.18619888472e-05 5.20973327409e-07
BPM.16R3.B2 7366.265878 -0.00984761377082 0.00170534680122 8.77096537955e-07 1.18409741612e-05
BPM.17R3.B2 7419.717362 -0.00995312701674 0.00090496809813 1.1830405849e-05 -1.00971890924e-06
BPM.18R3.B2 7473.168846 -0.00954854166976 0.00295111109114 -1.36469164621e-06 -1.17947342424e-05
BPM.19R3.B2 7526.62033 -0.00975557919434 0.00217080152102 -1.17786985816e-05 1.49674817485e-06
BPM.20R3.B2 7580.071814 -0.00909256179209 0.00414837615285 1.84993138464e-06 1.17284214231e-05
BPM.21R3.B2 7633.523299 -0.00939771811007 0.00340097029759 1.17069547081e-05 -1.9812334734e-06
BPM.22R3.B2 7686.974783 -0.00848716468567 0.00527747480063 -2.33206396429e-06 -1.16421453438e-05
BPM.23R3.B2 7740.426267 -0.00888543109822 0.00457523976939 -1.1615291961e-05 2.46235054272e-06
BPM.24R3.B2 7793.877751 -0.00768001603869 0.00630792279757 2.74033149627e-06 -5.18716191861e-05
BPM.25R3.B2 7847.329235 -0.00816409599769 0.00566745735806 -5.18990619072e-05 -2.15915139977e-06
BPM.26R3.B2 7900.780719 -0.00680996123267 0.0072385747487 -5.9911272088e-07 5.1940505452e-05
BPM.27R3.B2 7954.232203 -0.00737196319949 0.00666533532631 5.19439529493e-05 1.69816620479e-08
BPM.28R3.B2 8007.683687 -0.00576573757036 0.00803834701372 -1.61389991744e-06 -0.000115327971571
BPM.29R3.B2 8061.135171 -0.00639576577965 0.00754671667133 -0.000115302668871 2.90529867759e-06
BPM.30R3.B2 8114.586655 -0.00469003770732 0.00870989659882 6.36757117514e-06 0.00011516336079
BPM.31R3.B2 8168.03814 -0.00537766755298 0.00830297802739 0.000115084758096 -7.65799088307e-06
BPM.32R3.B2 8221.489624 -0.00353728646542 0.00923830920203 -1.11124252508e-05 -0.000114802698753
BPM.33R3.B2 8274.941108 -0.00427145013831 0.00892263785123 -0.000114671033617 1.23975663218e-05
BPM.34R3.B2 8328.392592 -0.00232637470593 0.00961492242236 1.58368480805e-05 0.000114246838025
BPM.33L4.B2 8381.844076 -0.00309475244092 0.00939581075847 0.000114062185085 -1.71161655914e-05
BPM.32L4.B2 8435.29556 -0.00107728283091 0.00983352501119 -2.05353438239e-05 -0.000113496456692
BPM.31L4.B2 8488.747044 -0.00186751769642 0.00971448043262 -0.000113259283774 2.18055191044e-05
BPM.30L4.B2 8542.198528 0.000189576156628 0.00989054160961 2.51984030188e-05 0.00011255304009
BPM.29L4.B2 8595.650012 -0.000609256278661 0.00987357884697 0.000112263652073 -2.64578562167e-05
BPM.28L4.B2 8649.101496 0.00145324118494 0.00978503155327 -2.98185607815e-05 -0.000111418130773
BPM.27L4.B2 8702.55298 0.000658670177571 0.0098704055665 -0.00011107700719 3.10651782932e-05
BPM.26L4.B2 8756.004465 0.00275535083268 0.00950683439006 3.43186483612e-05 4.668630968e-05
BPM.25L4.B2 8809.455949 0.00197905944327 0.00969820509289 4.62989296835e-05 -3.4839495275e-05
BPM.24L4.B2 8862.907433 0.00394884314941 0.00907626002986 -3.62147212708e-05 -4.52313578031e-05
BPM.23L4.B2 8916.358917 0.00320339246834 0.00936536891927 -4.4822675895e-05 3.67193188022e-05
BPM.22L4.B2 8969.810401 0.00513978559642 0.00848463481249 3.79797701636e-05 -1.97080068216e-05
BPM.21L4.B2 9023.261885 0.00443817375009 0.00887181140772 -2.01322834514e-05 -3.77565820024e-05
BPM.20L4.B2 9076.713369 0.00618292942393 0.00775743563413 -3.71346416962e-05 2.12576299762e-05
BPM.19L4.B2 9130.164853 0.00553667176191 0.00823114145648 2.16723662323e-05 3.68941321442e-05
BPM.18L4.B2 9183.616337 0.00712454169843 0.00690270450551 3.62264373434e-05 -2.27708977259e-05
BPM.17L4.B2 9237.067821 0.00654414519384 0.00745523893371 -2.31753329291e-05 -3.59690478049e-05
BPM.16L4.B2 9290.519306 0.00794902269162 0.00593459873102 -3.52564624477e-05 2.42456281631e-05
BPM.15L4.B2 9343.97079 0.00744411608279 0.00655679492281 2.46391324565e-05 3.49825899873e-05
BPM.14L4.B2 9397.422274 0.00864291940539 0.00486891856693 3.42266543807e-05 -2.56788692341e-05
BPM.13L4.B2 9450.873758 0.00822173058845 0.00555063690257 -2.60607260733e-05 -3.39368076823e-05
BPM.12L4.B2 9504.325242 0.00952098194438 0.00278519778807 -3.46121956453e-05 2.51567919647e-05
BPM.11L4.B2 9557.776726 0.0094153229185 0.00312379868077 1.9127917264e-05 3.82752026817e-05
BPMC.10L4.B2 9609.617415 0.00972999819519 0.00193224197409 4.05689456852e-05 -1.36025490696e-05
BPMC.9L4.B2 9648.684405 0.00986776920471 0.00101663898349 -5.90039037763e-06 -4.23798801226e-05
BPMC.8L4.B2 9689.149394 0.00969937404859 -0.0020805208374 -2.57823645145e-05 3.41487638968e-05
BPMC.7L4.B2 9728.215384 0.00784914465194 0.00606608210521 3.65917940485e-05 2.21790269758e-05
BPMYA.6L4.B2 9824.819384 0.00865683480479 0.00484413408488 3.15987824394e-05 -2.88510880612e-05
BPMYB.5L4.B2 9861.819384 0.00864809349308 0.00485972249438 2.26697836046e-05 -3.62897932127e-05
BPMWA.B5L4.B2 9964.209884 0.009918387547 -0.000178919929045 -1.99785552704e-05 -3.78381517704e-05
BPMWA.A5L4.B2 9973.094884 0.00990575182982 -0.000531511589034 -2.34320116974e-05 -3.58023648688e-05
BPMWA.A5R4.B2 10021.14388 0.00978236349722 -0.00164675082851 -3.71501603038e-05 -2.1230495423e-05
BPMWA.B5R4.B2 10030.02888 0.00977197787417 -0.00170729971595 -3.87426745577e-05 -1.81624208385e-05
BPMYA.5R4.B2 10132.49538 0.00991948396475 -0.000101304484928 -3.96692053315e-05 1.60380445792e-05
BPMYB.6R4.B2 10164.05938 0.00991378876425 -0.000351021957976 -3.52783645226e-05 2.42137208508e-05
BPMCA.7R4.B2 10260.57538 0.00942180625591 0.00310418922685 2.79757051825e-05 3.23763535014e-05
BPMC.8R4.B2 10298.36637 0.00825603691295 0.00549947982806 3.05304156977e-05 -2.99793663274e-05
BPMC.9R4.B2 10337.43336 0.0098505143175 -0.00117208854424 -3.94924807166e-05 -1.64685303404e-05
BPMC.10R4.B2 10377.89835 0.00979709090413 -0.00155673817752 -2.64627082964e-05 3.36242965831e-05
BPM.11R4.B2 10429.73904 0.00872764491899 -0.00471536192246 3.10856489352e-05 2.94032447722e-05
BPM.12R4.B2 10484.46553 0.0085571152715 -0.00501818713113 3.08515661836e-05 -2.96487599191e-05
BPM.13R4.B2 10537.91701 0.00731708603067 -0.00669825917333 -3.0603523276e-05 -2.99047290406e-05
BPM.14R4.B2 10591.36849 0.00783384199451 -0.00608583137675 -2.95598680589e-05 3.09367427435e-05
BPM.15R4.B2 10644.81998 0.0064001061446 -0.0075792522862 3.18108546335e-05 2.86170909786e-05
BPM.16R4.B2 10698.27146 0.00699095620462 -0.00703796527997 2.82589873524e-05 -3.21294003895e-05
BPM.17R4.B2 10751.72295 0.00537789462338 -0.00833574671542 -3.29638993362e-05 -2.72809401696e-05
BPM.18R4.B2 10805.17443 0.00603314594253 -0.00787448879935 -2.69098141502e-05 3.32675584728e-05
BPM.19R4.B2 10858.62591 0.00426738555376 -0.00895521325419 3.40609932545e-05 2.58982119549e-05
BPM.20R4.B2 10912.0774 0.00497624640673 -0.0085815730281 2.55150419457e-05 -3.43489618795e-05
BPM.21R4.B2 10965.52888 0.003086662143 -0.00942756281909 -3.5100028569e-05 -2.44715465608e-05
BPM.22R4.B2 11018.98037 0.00383751462449 -0.00914767212662 -2.4076693486e-05 3.53720439591e-05
BPM.23R4.B2 11072.43185 0.00185531699837 -0.00974495883559 3.60794093459e-05 2.30031485133e-05
BPM.24R4.B2 11125.88333 0.0025929228906 -0.00956612041109 2.19424488482e-05 6.63813819274e-06
BPM.25R4.B2 11179.33482 0.000550920145713 -0.00989597877292 5.97592770229e-06 -2.21319692949e-05
BPM.26R4.B2 11232.7863 0.00134782162089 -0.00981923040596 -2.21975363613e-05 -5.7275848884e-06
BPM.27R4.B2 11286.23779 -0.000719576050939 -0.00988514638984 -5.05810390637e-06 2.23595922917e-05
BPM.28R4.B2 11339.68927 3.77805405073e-05 -0.00991368406323 2.17598612603e-05 4.77802465505e-05
BPM.29R4.B2 11393.14075 -0.0020206869133 -0.0097056366858 4.71049394727e-05 -2.31855132604e-05
BPM.30R4.B2 11446.59224 -0.00123079169569 -0.00983705803984 -2.37118268998e-05 -4.6842211238e-05
BPM.31R4.B2 11500.04372 -0.00324576275417 -0.00936736799644 -4.6108704995e-05 2.51083775165e-05
BPM.32R4.B2 11553.49521 -0.00247906455888 -0.00959879148661 2.56233957645e-05 4.58244977571e-05
BPM.33R4.B2 11606.94669 -0.00441737136358 -0.00887521207175 4.50339590976e-05 -2.69886238781e-05
BPM.34R4.B2 11660.39818 -0.00368667628167 -0.00920277007604 -2.74915043648e-05 -4.47287419355e-05
BPM.33L5.B2 11713.84966 -0.00551650559786 -0.00823715515721 -4.38826820558e-05 2.8822794891e-05
BPM.32L5.B2 11767.30114 -0.00483362933364 -0.00865555235412 2.9312632175e-05 4.35570059548e-05
BPM.31L5.B2 11820.75263 -0.00652489057057 -0.0074638034668 4.26565976142e-05 -3.06081268271e-05
BPM.30L5.B2 11874.20411 -0.00590122517383 -0.00796605928489 -3.10841482355e-05 -4.23109803553e-05
BPM.29L5.B2 11927.6556 -0.00742613252033 -0.00656773285674 -4.1358126333e-05 3.23411259021e-05
BPM.28L5.B2 11981.10708 -0.00687178141545 -0.00714571054979 3.2802464134e-05 4.09931892117e-05
BPM.27L5.B2 12034.55856 -0.00820528218393 -0.0055638029583 3.99890445063e-05 -3.40193996079e-05
BPM.26L5.B2 12088.01005 -0.00777236373932 -0.00621061627664 -3.51203697234e-05 3.36753395703e-06
BPM.25L5.B2 12141.46153 -0.00889215685569 -0.00446216752901 4.42108107573e-06 3.50033561064e-05
BPM.24L5.B2 12194.91302 -0.00850298901189 -0.00516532384676 3.49516180817e-05 -4.81308276855e-06
BPM.23L5.B2 12248.3645 -0.00938992638399 -0.00328795911007 -5.86104661074e-06 -3.47912154676e-05
BPM.22L5.B2 12301.81598 -0.00913682325193 -0.00403782292465 -3.53787494118e-05 4.92236644444e-05
BPM.21L5.B2 12355.26747 -0.00977592613482 -0.00205349003553 5.0264382411e-05 3.3883881989e-05
BPM.20L5.B2 12408.71895 -0.00957829078814 -0.00283582416341 3.3318264724e-05 -5.0641073847e-05
BPM.19L5.B2 12462.17044 -0.00995830044519 -0.000786005946546 -5.16191656677e-05 -3.17818680925e-05
BPM.18L5.B2 12515.62192 -0.00986237226398 -0.00158718821495 -3.12018737227e-05 5.19717975947e-05
BPM.17L5.B2 12569.07341 -0.00997703035906 0.000494386848498 5.28858013169e-05 2.96262940657e-05
BPM.16L5.B2 12622.52489 -0.00998438280892 -0.00031249487333 2.9031544375e-05 -5.3214606495e-05
BPM.15L5.B2 12675.97637 -0.00983181198561 0.00176664262729 -5.40627419209e-05 -2.7419805357e-05
BPM.14L5.B2 12729.42786 -0.0099423233907 0.000967346215966 -2.68127206594e-05 5.43663816948e-05
BPM.13L5.B2 12782.87934 -0.00952502222526 0.00300990111989 5.5147445564e-05 2.5167137589e-05
BPM.12L5.B2 12836.33083 -0.00994910788323 0.000894877333687 2.89124547214e-05 -5.32794086757e-05
BPM.11L5.B2 12889.78231 -0.00998925035478 2.07468917961e-05 -5.25006254315e-05 -3.03036253788e-05
BPM.10L5.B2 12942.565 -0.00996986339422 -0.000622396176321 -2.11969845265e-05 5.67918375512e-05
BPM.9L5.B2 12981.63199 -0.00986718585297 0.00155698311975 5.56567718582e-05 2.40197706516e-05
BPM.8L5.B2 13022.09698 -0.00804731742142 -0.00591829666578 -7.58422306997e-06 -6.01423746762e-05
BPM.7L5.B2 13061.16497 -0.00979629924282 -0.00195398930725 -6.05665613579e-05 2.51330972004e-06
BPMR.6L5.B2 13098.05897 -0.00995617706999 -0.000812460024658 -1.89456954639e-05 5.75819930512e-05
BPMWT.B6L5.B2 13109.36897 -0.00912409646085 0.0040664993373 1.84167043721e-05 5.77533585305e-05
BPMWT.A6L5.B2 13115.19097 -0.00793426024372 0.00606902525107 3.43605971076e-05 4.99397123622e-05
BPM.5L5.B2 13129.95897 -0.00532965670847 0.00844868702531 5.40220111157e-05 2.74999666312e-05
BPMYA.4L5.B2 13157.36497 -0.0025895525835 0.00964778578461 6.06186854118e-05 -3.27927180617e-08
BPMWB.4L5.B2 13178.42347 -0.0013953213555 0.00989134123519 5.94401798823e-05 -1.18949769165e-05
BPMWT.B4L5.B2 13178.89297 -0.00138033811559 0.00989344327296 5.94025218694e-05 -1.20815901338e-05
BPMWT.A4L5.B2 13180.87497 -0.00132079169777 0.00990156868399 5.92422107327e-05 -1.28446555523e-05
BPMSY.4L5.B2 13271.27947 -0.00105799505449 0.00993308610346 5.24913174749e-05 -3.03197916455e-05
BPMS.2L5.B2 13298.06497 -0.000925956949543 0.00994626345384 5.03908639211e-05 -3.36954912552e-05
BPMSW.1L5.B2 13308.11897 -0.000869999159285 0.0099513142143 4.88068580473e-05 -3.59515759005e-05
BPMSW.1R5.B2 13351.06897 -0.000869992748172 0.00995131477438 5.68191945703e-05 -2.11235453457e-05
BPMS.2R5.B2 13361.12297 -0.000925952621418 0.00994626386177 5.58000942408e-05 -2.3684894856e-05
BPMSY.4R5.B2 13387.90847 -0.00105799378944 0.00993308623935 5.41274739868e-05 -2.72917628395e-05
BPMWB.4R5.B2 13480.76447 -0.00139536111372 0.0098913356271 4.25237050331e-05 -4.32013917425e-05
BPMYA.4R5.B2 13501.82097 -0.00258948859134 0.00964780296275 3.32481665274e-05 -5.0687129145e-05
BPMR.5R5.B2 13522.93897 -0.00463459602247 0.00884907186042 1.46375526281e-05 -5.88248903049e-05
BPM.6R5.B2 13554.83897 -0.00981220295149 0.00187249201946 -4.98894843998e-05 -3.4433487027e-05
BPMRA.7R5.B2 13588.85297 -0.00940562331079 -0.00336449153189 -4.83717097115e-05 3.65349649498e-05
BPM.8R5.B2 13630.28998 -0.00936197723583 -0.00348409749137 2.72003377437e-05 5.41734883479e-05
BPM.9R5.B2 13669.35499 -0.00989634359418 -0.00135938830958 4.82761856886e-05 -3.66610943584e-05
BPM.10R5.B2 13709.818 -0.00968247000355 0.00245669040873 -4.78070406753e-05 -3.72707975242e-05
BPM.11R5.B2 13762.59871 -0.00948527009918 -0.00313292263851 -2.05096279486e-05 5.7043674395e-05
BPM.12R5.B2 13817.32223 -0.00998927188598 -5.43264054267e-07 5.59068163564e-05 2.34318877177e-05
BPM.13R5.B2 13870.77074 -0.00997730563028 0.000488800011029 2.78599482965e-05 -5.38372388875e-05
BPM.14R5.B2 13924.21926 -0.00965855831959 0.0025490791118 -5.46473132973e-05 -2.62354088549e-05
BPM.15R5.B2 13977.66777 -0.00983276166504 0.00176134925789 -2.56281177799e-05 5.49347447584e-05
BPM.16R5.B2 14031.11629 -0.00925312087026 0.00376368267652 5.56771368925e-05 2.39725271624e-05
BPM.17R5.B2 14084.56481 -0.00952666890526 0.00300468513074 2.33532621761e-05 -5.59396994058e-05
BPM.18R5.B2 14138.01332 -0.00869567381922 0.00491638179207 -5.66134643813e-05 -2.16689068527e-05
BPM.19R5.B2 14191.46184 -0.00906404855598 0.0041986398928 -2.1040071916e-05 5.68501702225e-05
BPM.20R5.B2 14244.91035 -0.00799530338031 0.00598837849374 5.7454398845e-05 1.93291974528e-05
BPM.21R5.B2 14298.35887 -0.00845248987272 0.00532362358237 1.86905509194e-05 -5.76653153513e-05
BPM.22R5.B2 14351.80738 -0.00716363028402 0.00696189301185 -5.81987760827e-05 -1.69566514163e-05
BPM.23R5.B2 14405.2559 -0.00770206120011 0.00636111675473 -1.63104728406e-05 5.83831626828e-05
BPM.24R5.B2 14458.70442 -0.00617556327955 0.00781371578805 5.88062940804e-05 -2.47483678939e-05
BPM.25R5.B2 14512.15293 -0.00678601316738 0.00728983960943 -2.53991226091e-05 -5.85281697423e-05
BPM.26R5.B2 14565.60145 -0.00512536708817 0.00853945832278 -5.77419805336e-05 2.71390194246e-05
BPM.27R5.B2 14619.04996 -0.0057977209589 0.0080980348189 2.77775937139e-05 5.74375077341e-05
BPM.28R5.B2 14672.49848 -0.00395223606707 0.00911757982158 5.65415029451e-05 -6.87881484193e-05
BPM.29R5.B2 14725.947 -0.00467519754637 0.00876886307736 -6.94109608065e-05 -5.57751698243e-05
BPM.30R5.B2 14779.39551 -0.00275352931242 0.00954822015123 -5.36732550135e-05 7.10488071928e-05
BPM.31R5.B2 14832.84403 -0.00351498295339 0.00929490863571 7.16396586952e-05 5.28820524729e-05
BPM.32R5.B2 14886.29254 -0.00150942442138 0.00982201963262 5.07143261048e-05 -7.31902221092e-05
BPM.33R5.B2 14939.74106 -0.00229721434145 0.00966815587313 -7.37481465867e-05 -4.98995165087e-05
BPM.34R5.B2 14993.18958 -0.000240673694248 0.00993441029476 -4.76702615299e-05 7.52083620254e-05
BPM.33L6.B2 15046.63809 -0.00104147895975 0.00988259850941 7.57323691233e-05 4.683332021e-05
BPM.32L6.B2 15100.08661 0.00103218124839 0.00988357392929 4.45460186317e-05 -7.7099959123e-05
BPM.31L6.B2 15153.53512 0.000231132621567 0.00993463685576 -7.75892653991e-05 -4.36881896474e-05
BPM.30L6.B2 15206.98364 0.00228793754873 0.00967035539897 -4.13465657052e-05 7.88619842623e-05
BPM.29L6.B2 15260.43215 0.00150018980722 0.00982343434192 7.93156119678e-05 4.0469555075e-05
BPM.28L6.B2 15313.88067 0.00350622513782 0.00929821580038 3.8078076612e-05 -8.04910656178e-05
BPM.27L6.B2 15367.32919 0.00274435545262 0.00955086094916 -8.09084558161e-05 -3.71829617772e-05
BPM.26L6.B2 15420.7777 0.0047053784366 0.00876598402218 -3.4783598744e-05 4.2681183153e-05
BPM.25L6.B2 15474.22622 0.00398268544488 0.00911708718815 4.3064267527e-05 3.43081711379e-05
BPM.24L6.B2 15527.67473 0.00578810020043 0.00809203054201 3.300421228e-05 -4.40715802925e-05
BPM.23L6.B2 15581.12325 0.00511616729834 0.00853275420475 -4.44349101106e-05 -3.25133923184e-05
BPM.22L6.B2 15634.57177 0.00681423988769 0.00727782068187 -3.12077363039e-05 6.08408158642e-06
BPM.21L6.B2 15688.02028 0.00620472735474 0.00780396678295 6.42983164493e-06 3.11383348749e-05
BPM.20L6.B2 15741.4688 0.00768925593269 0.00634632825024 3.09319836924e-05 -7.3587299513e-06
BPM.19L6.B2 15794.91731 0.00715202760286 0.00694615290933 -7.70127150362e-06 -3.08484869564e-05
BPM.18L6.B2 15848.36583 0.00843788786365 0.00531061083532 -3.06041850452e-05 8.62106825612e-06
BPM.17L6.B2 15901.81435 0.00798182299635 0.00597419791404 8.95996454439e-06 3.05066827754e-05
BPM.16L6.B2 15955.26286 0.00904790839472 0.0041875879456 3.02249140206e-05 -9.86880465085e-06
BPM.15L6.B2 16008.71138 0.00868046206712 0.00490409190571 -1.02033590807e-05 -3.01136176715e-05
BPM.14L6.B2 16062.15989 0.00950924387265 0.00299580040974 -2.97947556263e-05 1.11000463191e-05
BPM.13L6.B2 16115.60841 0.00923647921804 0.00375339722706 1.14298199954e-05 2.96698160645e-05
BPM.12L6.B2 16169.05693 0.00983953841812 0.00160748958699 2.94235192136e-05 -1.20496921128e-05
BPM.11L6.B2 16222.50544 0.00942247194827 0.00325845998945 -9.93280674486e-06 -3.02039438949e-05
BPM.10L6.B2 16274.34415 0.00984321802617 0.00158480219911 -3.14905123983e-05 4.3916076664e-06
BPM.9L6.B2 16313.40916 0.009967570356 0.000219272276162 -6.89284540454e-06 3.10391192755e-05
BPM.8L6.B2 16353.87217 0.00846517975046 -0.00526699828106 3.13365658453e-05 -5.38126373664e-06
BPMYB.5L6.B2 16450.96018 0.00926287465698 0.0036877760378 -2.79654147062e-05 -1.51286012613e-05
BPMYA.4L6.B2 16487.36018 0.00940042833539 0.00332151855498 -3.07095125655e-05 -8.23813450683e-06
BPMSB.B4L6.B2 16518.13068 0.00896394618507 0.00436442526226 -3.17770795321e-05 -1.0751972509e-06
BPMSB.A4L6.B2 16518.76568 0.00895248001653 0.00438789705579 -3.17822586571e-05 -9.0940019568e-07
BPMSA.4L6.B2 16615.57568 0.00635094133363 0.00768544619672 -1.84113459915e-05 2.59222140661e-05
BPMSE.4R6.B2 16707.14568 0.00611469867136 0.00787470629508 1.18768890524e-05 2.94936970956e-05
BPMSA.A4R6.B2 16803.82068 0.00853254422758 0.00515715309926 3.06510167518e-05 8.4530342198e-06
BPMSA.B4R6.B2 16804.40568 0.00854417446723 0.00513786158957 3.06893297247e-05 8.31286222296e-06
BPMYB.4R6.B2 16830.96018 0.00899691801475 0.00429604530398 3.17115905992e-05 2.30512320816e-06
BPMYA.5R6.B2 16867.36018 0.00903919927836 0.00420635411174 3.14714943411e-05 -4.52567751311e-06
BPM.8R6.B2 16963.08519 0.00996848728692 -0.000172627788489 -9.18766460158e-06 -3.04388827371e-05
BPM.9R6.B2 17002.1502 0.00719665261621 -0.0068999079865 -2.92587453622e-05 1.24444638125e-05
BPM.10R6.B2 17042.61322 0.00566857281764 -0.00820169624325 3.90480383021e-06 3.15545822434e-05
BPM.11R6.B2 17094.45193 0.00335402704213 -0.0093888786189 3.07930444689e-05 -7.92006327431e-06
BPM.12R6.B2 17149.17544 0.00527411965245 -0.00846074471039 -1.20241631989e-05 -2.94339625016e-05
BPM.13R6.B2 17202.62396 0.00339005645629 -0.00937592962431 -2.90469167306e-05 1.29311750352e-05
BPM.14R6.B2 17256.07247 0.0041356459673 -0.00907176782935 1.32525230129e-05 2.89017179966e-05
BPM.15R6.B2 17309.52099 0.00216288082528 -0.00973254774657 2.84921944175e-05 -1.41114629991e-05
BPM.16R6.B2 17362.96951 0.00294119283891 -0.00952627543983 -1.44265496105e-05 -2.83339637004e-05
BPM.17R6.B2 17416.41802 0.0009000857897 -0.0099292690905 -2.78895342075e-05 1.5268028932e-05
BPM.18R6.B2 17469.86654 0.00169845707243 -0.00982424463614 1.55763916026e-05 2.77184894813e-05
BPM.19R6.B2 17523.31505 -0.000377412539678 -0.009962835885 2.72399444502e-05 -1.63989087511e-05
BPM.20R6.B2 17576.76357 0.000427764768926 -0.00996080099222 -1.6699972416e-05 -2.70564151935e-05
BPM.21R6.B2 17630.21209 -0.0016487950167 -0.0098327012605 -2.65445361357e-05 1.75021817988e-05
BPM.22R6.B2 17683.6606 -0.000849902416432 -0.00993369040089 1.77954883735e-05 2.63488026836e-05
BPM.23R6.B2 17737.10912 -0.00289300432578 -0.00954102012713 2.58044526254e-05 -1.85760358702e-05
BPM.24R6.B2 17790.55763 -0.00210328411878 -0.00974269692729 -1.87013041235e-05 -3.60008226934e-05
BPM.25R6.B2 17844.00615 -0.00407947419634 -0.00909405508135 -3.54250659907e-05 1.97702470316e-05
BPM.26R6.B2 17897.45466 -0.00333225758848 -0.00939361521829 2.01618841459e-05 3.52036426816e-05
BPM.27R6.B2 17950.90318 -0.00520922327004 -0.00849752554685 3.45844746908e-05 -2.12064156871e-05
BPM.28R6.B2 18004.3517 -0.00449615607611 -0.00888950721461 -2.14289041474e-05 -4.47511114922e-05
BPM.29R6.B2 18057.80021 -0.00624317719893 -0.00776282786274 -4.40898466995e-05 2.27584098266e-05
BPM.30R6.B2 18111.24873 -0.00559633440541 -0.00824134692923 2.32459275366e-05 4.38347669596e-05
BPM.31R6.B2 18164.69724 -0.00718486679133 -0.00690046717085 4.31193970683e-05 -2.45474510441e-05
BPM.32R6.B2 18218.14576 -0.00660460942991 -0.00745774042527 -2.50241557716e-05 -4.2844503127e-05
BPM.33R6.B2 18271.59428 -0.00800857182929 -0.00592465486469 -4.20765496825e-05 2.62949442825e-05
BPM.34R6.B2 18325.04279 -0.00750432126431 -0.00655163493288 2.6759919331e-05 4.17823729002e-05
BPM.33L7.B2 18378.49131 -0.00870063781708 -0.00485156259619 4.09627169152e-05 -2.79984896264e-05
BPM.32L7.B2 18431.93982 -0.00828076639449 -0.00553783946339 -2.84510570146e-05 -4.06496901778e-05
BPM.31L7.B2 18485.38834 -0.0092497791832 -0.00369869477814 -3.9780200142e-05 2.96546055522e-05
BPM.30L7.B2 18538.83686 -0.00892112366738 -0.0044330926508 3.0093914568e-05 3.94489069622e-05
BPM.29L7.B2 18592.28537 -0.00964691756653 -0.00248510351396 3.85304845509e-05 -3.12611794992e-05
BPM.28L7.B2 18645.73389 -0.00941491776025 -0.00325546948176 -3.16865710248e-05 -3.81814220121e-05
BPM.27L7.B2 18699.1824 -0.00988555890941 -0.00123064334485 -3.72162585503e-05 3.2814788949e-05
BPM.26L7.B2 18752.63092 -0.00974361700489 -0.00202372818855 3.33852498274e-05 2.64460385108e-05
BPM.25L7.B2 18806.07943 -0.00995146931964 4.25026591436e-05 2.543495014e-05 -3.41618373267e-05
BPM.24L7.B2 18859.52795 -0.00992244371118 -0.000760696318885 -3.44417824011e-05 -2.50545698624e-05
BPM.23L7.B2 18912.97647 -0.00986427645313 0.00131514188426 -2.40128130413e-05 3.51760252158e-05
BPM.22L7.B2 18966.42498 -0.0099278457764 0.000515481179202 3.55999233028e-05 1.3217208342e-05
BPM.21L7.B2 19019.8735 -0.00960470622875 0.00256465609245 1.21457850516e-05 -3.5979558152e-05
BPM.20L7.B2 19073.32201 -0.00978034515438 0.00178120501777 -3.61120234522e-05 -1.17461044441e-05
BPM.19L7.B2 19126.77053 -0.00919773043335 0.00377221387058 -1.06602927029e-05 3.64473237494e-05
BPM.18L7.B2 19180.21905 -0.00947214022954 0.00301768157022 3.65633235202e-05 1.02553737686e-05
BPM.17L7.B2 19233.66756 -0.00863962572303 0.00491779523714 9.15646166459e-06 -3.68538773275e-05
BPM.16L7.B2 19287.11608 -0.00900831087469 0.0042045425192 -3.69531384705e-05 -8.74726523387e-06
BPM.15L7.B2 19340.56459 -0.00793956767263 0.00598256699059 -7.63761299752e-06 3.71983363369e-05
BPM.14L7.B2 19394.01311 -0.00839644567945 0.00532236250136 3.72807585476e-05 7.22455697645e-06
BPM.13L7.B2 19447.46163 -0.00710905091205 0.00694904581765 6.10555546028e-06 -3.74802824402e-05
BPM.12L7.B2 19500.91014 -0.0077797462534 0.00618897333097 -3.74658469693e-05 -6.19352504739e-06
BPM.11L7.B2 19554.35866 -0.00614978876841 0.00781075801355 -6.7519405933e-06 3.73692441862e-05
BPM.10L7.B2 19607.13937 -0.00610931445239 0.00784245622019 3.70301045297e-05 8.41549424804e-06
BPM.9L7.B2 19646.20438 -0.00263822277658 0.00958475994499 2.15961794665e-05 -3.12354620607e-05
BPM.8L7.B2 19686.66739 0.000862408823452 0.00990374139672 -2.85398313184e-05 -2.50504887777e-05
BPM.7L7.B2 19725.7314 0.00690145402641 0.0071552620426 -2.73311050829e-05 2.63639932325e-05
BPMR.6L7.B2 19760.5494 0.00681277450158 0.00723974766291 -6.14046136064e-07 3.79693574449e-05
BPMWC.6L7.B2 19772.7279 0.007767640381 0.00620416033657 1.00520785733e-05 3.66197280604e-05
BPMWE.5L7.B2 19849.7819 0.00362614017397 0.00925629245921 3.61146034833e-05 -1.17381669854e-05
BPMW.5L7.B2 19872.9869 0.000536570457492 0.00992672830104 2.74067589098e-05 -2.62853268747e-05
BPMWE.4L7.B2 19908.0719 0.00055295041993 0.00992582935832 1.45665166416e-05 -3.50694401482e-05
BPMW.4L7.B2 19936.1769 0.00440312928884 0.00891292853669 -6.06274493429e-06 -3.74872271152e-05
BPMW.4R7.B2 20052.2239 0.00635620563872 0.00764372242557 -2.86047780046e-05 2.49763038631e-05
BPMWE.4R7.B2 20080.3289 0.00324051653743 0.0093982389415 -1.2108798129e-05 3.59920295085e-05
BPMW.5R7.B2 20115.4139 0.00366787413402 0.00923983451777 5.85294847792e-06 3.75205562146e-05
BPMWE.5R7.B2 20138.6189 0.00788575299889 0.0060533248961 2.81905785466e-05 2.54428920417e-05
BPM.6R7.B2 20217.7584 0.00980539423191 0.00163770772865 1.4803822218e-05 -3.496992742e-05
BPM_A.7R7.B2 20255.7944 0.00869510941077 0.00481901597742 -1.54511018417e-05 -3.46887961037e-05
BPM.8R7.B2 20294.85841 0.00865284624343 0.004894496352 -3.71501305264e-05 -7.86872674319e-06
BPM.9R7.B2 20333.92342 0.00993575709867 -0.000329504925041 -9.15308967134e-06 3.68547172579e-05
BPM.10R7.B2 20374.38643 0.00862508738233 -0.00494324895789 3.56783255062e-05 1.30040728551e-05
BPM.11R7.B2 20427.16714 0.00877134967943 -0.00467881046654 1.77215017606e-05 -3.35856724406e-05
BPM.12R7.B2 20481.89066 0.00807197366261 -0.00580267901695 -3.37127861948e-05 -1.74784766914e-05
BPM.13R7.B2 20535.33917 0.00856586910781 -0.00504516887967 -1.68468894031e-05 3.40328042438e-05
BPM.14R7.B2 20588.78769 0.00733233317187 -0.00671302710275 3.45216707023e-05 1.58209727471e-05
BPM.15R7.B2 20642.23621 0.00785013985852 -0.00609943824376 1.54372736995e-05 -3.46949607213e-05
BPM.16R7.B2 20695.68472 0.00641333695497 -0.00759585095544 -3.51414059579e-05 -1.4392034177e-05
BPM.17R7.B2 20749.13324 0.00700540167491 -0.00705352322387 -1.40013425501e-05 3.52988966823e-05
BPM.18R7.B2 20802.58175 0.00538902925512 -0.00835381387777 3.57020657137e-05 1.29387610895e-05
BPM.19R7.B2 20856.03027 0.00604557625584 -0.00789169502886 1.25421282375e-05 -3.58433300583e-05
BPM.20R7.B2 20909.47879 0.00427609507842 -0.00897456703775 -3.62026182758e-05 -1.1463822956e-05
BPM.21R7.B2 20962.9273 0.00498639618093 -0.00860021486371 -1.10615654927e-05 3.63275516179e-05
BPM.22R7.B2 21016.37582 0.00309299407613 -0.00944781616446 3.66423005585e-05 9.96951430477e-06
BPM.23R7.B2 21069.82433 0.00384530704288 -0.00916741274064 9.56260112303e-06 -3.67505895133e-05
BPM.24R7.B2 21123.27285 0.00180815567365 -0.0097561397593 -3.69693092384e-05 4.33082214317e-05
BPM.25R7.B2 21176.72137 0.00258962084632 -0.00957838993812 4.37155582316e-05 3.64867370381e-05
BPM.26R7.B2 21230.16988 0.000545357234595 -0.00990728395771 3.5162206586e-05 -4.4787843376e-05
BPM.27R7.B2 21283.6184 0.00134301410218 -0.00983097162277 -4.51750201205e-05 -3.46633742571e-05
BPM.28R7.B2 21337.06691 -0.00077732019926 -0.00988594102593 -3.32450699718e-05 9.79587052985e-05
BPM.29R7.B2 21390.51543 2.30955136515e-05 -0.00991642693929 9.83213885583e-05 3.21566029044e-05
BPM.30R7.B2 21443.96394 -0.00203549015209 -0.00970529940023 2.9199689786e-05 -9.92397158862e-05
BPM.31R7.B2 21497.41246 -0.00124575286643 -0.00983789390429 -9.95573892677e-05 -2.80974976748e-05
BPM.32R7.B2 21550.86098 -0.00326030496735 -0.00936517315087 -2.51058626555e-05 0.000100353563439
BPM.33R7.B2 21604.30949 -0.00249382742967 -0.0095977539775 0.000100625871667 2.39911794251e-05
BPM.34R7.B2 21657.75801 -0.00443147702467 -0.00887119315793 2.09686992989e-05 -0.000101298847327
BPM.33L8.B2 21711.20652 -0.00370121920178 -0.00919983875308 -0.000101525089359 -1.98443538047e-05
BPM.32L8.B2 21764.65504 -0.00552989201146 -0.00823142460329 -1.67977592856e-05 0.000102073395064
BPM.31L8.B2 21818.10356 -0.00484752522128 -0.00865087023801 0.000102253464847 1.56643335316e-05
BPM.30L8.B2 21871.55207 -0.00653740577767 -0.00745643228739 1.25966738643e-05 -0.000102676509359
BPM.29L8.B2 21925.00059 -0.00591442372538 -0.00795962616314 -0.000102809839125 -1.14577548418e-05
BPM.28L8.B2 21978.4491 -0.00743753053452 -0.00655890205065 -8.37663420704e-06 0.000103106611557
BPM.27L8.B2 22031.89762 -0.00688393717942 -0.00713774933927 0.000103193215568 7.23208195969e-06
BPM.26L8.B2 22085.34614 -0.00826627867954 -0.00554394284429 4.19139534578e-06 -5.159704369e-05
BPM.25L8.B2 22138.79465 -0.00779195111291 -0.00619291234892 -5.16403376601e-05 -3.61910844964e-06
BPM.24L8.B2 22192.24317 -0.00890754827739 -0.00444097390379 -2.072303801e-06 5.17255151711e-05
BPM.23L8.B2 22245.69168 -0.00852010722156 -0.00514533171106 5.17453195393e-05 1.49835930376e-06
BPM.22L8.B2 22299.1402 -0.00945331351422 -0.0032553598552 5.62930953082e-11 -1.35365582758e-10
BPM.21L8.B2 22352.58871 -0.00915978164217 -0.00400760582915 -1.32819316496e-10 -5.12259523661e-11
BPM.20L8.B2 22406.03723 -0.00979207491564 -0.00201934965064 -4.59083783633e-11 1.27036070286e-10
BPM.19L8.B2 22459.48575 -0.00959718099436 -0.00280296649244 1.31006170348e-10 5.30059171272e-11
BPM.18L8.B2 22512.93426 -0.00996994263888 -0.000750165300972 3.90395647172e-11 -1.32568807504e-10
BPM.17L8.B2 22566.38278 -0.00987688991616 -0.00155227246821 -1.34805089762e-10 -4.14910568293e-11
BPM.16L8.B2 22619.83129 -0.00998399573164 0.00053135056785 -3.29397333572e-11 1.31386593295e-10
BPM.15L8.B2 22673.27981 -0.00999431278023 -0.000276072931016 1.33559191503e-10 4.44269202103e-11
BPM.14L8.B2 22726.72833 -0.00983400313668 0.0018041303924 3.31642112593e-11 -1.38635954186e-10
BPM.13L8.B2 22780.17684 -0.00994752014511 0.00100466272549 -1.40927445097e-10 -3.00972235247e-11
BPM.12L8.B2 22833.62536 -0.00920112769091 0.00391174557336 -3.51164076804e-11 1.38391609775e-10
BPM.11L8.B2 22887.07387 -0.00934864416067 0.00354476466496 1.32170134372e-10 5.4075199629e-11
BPM.10L8.B2 22938.91258 -0.00906208830796 0.00422386786128 6.54570532428e-11 -1.26652410408e-10
BPM.9L8.B2 22977.9776 -0.00937091399748 0.00348546626805 -1.13442291695e-10 -8.82301100284e-11
BPM.8L8.B2 23018.44061 -0.00143635972606 0.00989441129706 -5.64450610959e-11 1.31443495389e-10
BPM.7L8.B2 23057.50662 -0.00125001151114 0.00991967617503 5.01691274456e-11 1.37184950158e-10
BPM.6L8.B2 23089.97562 -0.00675240531154 0.00737343384309 1.36350306207e-10 4.50539207244e-11
BPMR.5L8.B2 23150.39462 -0.00118587775202 0.00992754743822 -9.91661566432e-11 1.01368492684e-10
BPMYB.4L8.B2 23171.16162 0.000542597321021 0.00998339082541 -3.9709583774e-11 1.3086770491e-10
BPMWB.4L8.B2 23195.62912 3.40921740588e-05 0.0099980669095 -2.58022651195e-11 1.41412118383e-10
BPMSX.4L8.B2 23245.78612 0.000235501304777 0.00999535108677 1.46480026915e-11 1.4294681343e-10
BPMS.2L8.B2 23283.69762 0.000112025785357 0.00999749740734 3.02819857484e-11 1.35298548595e-10
BPMSW.1L8.B2 23293.63162 -4.33812639679e-10 0.00999812503536 4.98688123888e-11 1.3208947914e-10
BPMSW.1R8.B2 23336.82162 -4.5216679091e-10 0.00999812503536 -3.75231475153e-11 1.38211904759e-10
BPMS.2R8.B2 23346.75562 0.000112025839618 0.00999749740736 3.94251417905e-11 1.42159074758e-10
BPMSX.4R8.B2 23384.66712 0.000235500412424 0.00999535110906 2.28147672173e-11 1.39529822816e-10
BPMWI.4R8.B2 23434.90012 3.47541311588e-05 0.00999806463169 5.7945049701e-11 1.31343726275e-10
BPMYB.4R8.B2 23459.29162 0.000542865664796 0.00998337623463 7.01302669231e-11 1.1736136009e-10
BPMYB.5R8.B2 23479.86862 -0.00108755371849 0.00993879927972 1.12359716768e-10 8.03399749446e-11
BPMR.6R8.B2 23563.97662 -0.006681299696 0.0074379256873 -1.09121472569e-10 8.42963660813e-11
BPM_A.7R8.B2 23586.21662 -0.00450182521774 0.00892726576153 -1.00327409621e-10 1.2380169585e-10
BPM.8R8.B2 23627.65561 0.000704427854869 0.00997327857852 7.87441362278e-11 1.18954431088e-10
BPM.9R8.B2 23666.7226 0.00663316898648 0.00748088052807 3.60498055261e-11 -1.41990057741e-10
BPM.10R8.B2 23707.18758 -0.00141554787787 0.00989741018655 -1.436088615e-10 2.41261213719e-11
BPM.11R8.B2 23759.02827 0.00117591670677 0.00992873225234 1.61512959945e-11 1.41212451735e-10
BPM.12R8.B2 23813.75476 0.00151977159615 0.00988194305273 1.40992028309e-10 -7.41016304228e-12
BPM.13R8.B2 23867.20624 0.00392654213374 0.00919482305811 -1.58760890385e-11 -1.40901985664e-10
BPM.14R8.B2 23920.65773 0.00317166462805 0.00948172176823 -1.40432594893e-10 1.96653894706e-11
BPM.15R8.B2 23974.10921 0.00507060020008 0.00861693204209 2.28928092238e-11 1.40849051113e-10
BPM.16R8.B2 24027.56069 0.00435857172729 0.00899807516666 1.41385159116e-10 -2.38486681357e-11
BPM.17R8.B2 24081.01218 0.00613127624568 0.00789746514947 -3.06823938228e-11 -1.40356355863e-10
BPM.18R8.B2 24134.46366 0.00547385435163 0.00836656576711 -1.38924376667e-10 2.99040259686e-11
BPM.19R8.B2 24187.91515 0.00709119520931 0.00704822351034 3.3041682588e-11 1.39579283063e-10
BPM.20R8.B2 24241.36663 0.00649918768494 0.00759756958791 1.40546821764e-10 -3.6906093162e-11
BPM.21R8.B2 24294.81811 0.00793458922717 0.00608315691491 -3.73272540965e-11 -1.35590335507e-10
BPM.22R8.B2 24348.2696 0.00741771982208 0.00670372559093 -1.31276019422e-10 3.8068470581e-11
BPM.23R8.B2 24401.72108 0.00864759317506 0.00501813077347 4.59152185087e-11 1.38228459334e-10
BPM.24R8.B2 24455.17257 0.00822544118654 0.00570042473429 1.69354421037e-07 -1.11015910852e-05
BPM.25R8.B2 24508.62405 0.00922948063082 0.00386903244156 -1.11016738555e-05 1.64260548618e-07
BPM.26R8.B2 24562.07554 0.00888709416259 0.0046013348282 2.8863560652e-07 1.10991357846e-05
BPM.27R8.B2 24615.52702 0.00964860150045 0.00265654173036 1.10854553708e-05 -6.21959730016e-07
BPM.28R8.B2 24668.9785 0.00941379281403 0.00342733336594 -5.76867362527e-07 -2.21793625024e-05
BPM.29R8.B2 24722.42999 0.00992015599081 0.00139879029526 -2.21520156213e-05 1.24299023437e-06
BPM.30R8.B2 24775.88147 0.00977489291729 0.00219489809178 1.49113877658e-06 2.21366943971e-05
BPM.31R8.B2 24829.33296 0.0100175909141 0.000118242922207 2.20819109477e-05 -2.15548578987e-06
BPM.32R8.B2 24882.78444 0.00997536502892 0.00092639174692 -2.40271753734e-06 -2.20563804956e-05
BPM.33R8.B2 24936.23592 0.00995040851294 -0.00116425064586 -2.19742347778e-05 3.06432655696e-06
BPM.34R8.B2 24989.68741 0.0100119139669 -0.000357334409124 3.31036592109e-06 2.19385100685e-05
BPM.33L1.B2 25043.13889 0.00971971519355 -0.00242760080966 2.18291648136e-05 -3.96793405018e-06
BPM.32L1.B2 25096.59038 0.0098839391249 -0.0016351931141 -4.21223172748e-06 -2.17833425787e-05
BPM.31L1.B2 25150.04186 0.00932929466301 -0.00365107795433 -2.16469461559e-05 4.86481228115e-06
BPM.30L1.B2 25203.49334 0.00959354491776 -0.00288617481192 5.10707045248e-06 2.15910811565e-05
BPM.29L1.B2 25256.94483 0.00878557847988 -0.00481453215614 2.14279118622e-05 -5.75339156479e-06
BPM.28L1.B2 25310.39631 0.00914549947068 -0.00408973697628 -5.99308683483e-06 -2.13621083213e-05
BPM.27L1.B2 25363.8478 0.00809747374613 -0.00589890058546 -2.11724094658e-05 6.63221204167e-06
BPM.26L1.B2 25417.29928 0.00855825432502 -0.00522538920364 7.03823350368e-06 9.99521163523e-06
BPM.25L1.B2 25470.75077 0.00728730932679 -0.00688792654241 9.77926361246e-06 -7.33533575192e-06
BPM.24L1.B2 25524.20225 0.00781946386555 -0.00627729194502 -7.4444397304e-06 -9.69646366679e-06
BPM.23L1.B2 25577.65373 0.0063462744611 -0.00776358227828 -9.46842321392e-06 7.732400173e-06
BPM.22L1.B2 25631.10522 0.00696326728581 -0.00722533434132 8.00721494206e-06 -1.72038554729e-06
BPM.21L1.B2 25684.5567 0.00531194543488 -0.00851327101063 -1.96016647844e-06 -7.95191497668e-06
BPM.20L1.B2 25738.00819 0.00598173171865 -0.0080567631993 -7.92945438127e-06 2.04913617271e-06
BPM.19L1.B2 25791.45967 0.00417922764405 -0.00912286160665 2.28643844758e-06 7.86431329441e-06
BPM.18L1.B2 25844.91115 0.00490191767058 -0.00875578384884 7.83820425559e-06 -2.37440659251e-06
BPM.17L1.B2 25898.36264 0.00297782740007 -0.00958254097693 -2.60882151313e-06 -7.76332752136e-06
BPM.16L1.B2 25951.81412 0.00374153123081 -0.00931093398048 -7.73361490406e-06 2.69563975276e-06
BPM.15L1.B2 26005.26561 0.00172750122229 -0.00988475023108 2.9267690326e-06 7.64913615905e-06
BPM.14L1.B2 26058.71709 0.00251968298728 -0.00971307084539 7.61586373027e-06 -3.01228199413e-06
BPM.13L1.B2 26112.16857 0.000448777627462 -0.0100245272323 -3.23973103596e-06 -7.52192752631e-06
BPM.12L1.B2 26165.62006 0.00259037663598 -0.00969445699567 -7.72756319032e-06 2.71293221824e-06
BPM.11L1.B2 26219.07154 0.00342885572165 -0.00943056180926 2.50878654792e-06 7.79623194368e-06
BPM.10L1.B2 26271.85423 0.0040288823959 -0.00919024777875 7.27349608393e-06 -3.76449700114e-06
BPM.9L1.B2 26310.92122 0.00193750687289 -0.00984574094285 -3.39479123601e-06 -7.45322796348e-06
BPM.8L1.B2 26351.38621 0.00836109316174 -0.00554839334354 -4.69535225645e-06 6.71035625032e-06
BPM.7L1.B2 26390.4542 0.00522513324767 -0.00856682730854 6.2929322576e-06 5.24158432024e-06
BPMR.6L1.B2 26433.6382 0.00161988629984 -0.00990295491107 5.34942677887e-06 -6.20151782166e-06
BPM.5L1.B2 26465.5382 -0.00674808942332 -0.00742669756537 -3.91741482505e-06 -7.19229331632e-06
BPMYA.4L1.B2 26486.6562 -0.0082074052024 -0.00577330472435 -6.0733196813e-06 -5.49454307434e-06
BPMWB.4L1.B2 26507.7127 -0.00884933180948 -0.00473094854359 -7.0310380335e-06 -4.19996918354e-06
BPMSY.4L1.B2 26600.5687 -0.00900516533066 -0.00442713735456 -8.00631105872e-06 -1.72474811239e-06
BPMS.2L1.B2 26627.3542 -0.00906317789086 -0.00430712640924 -8.1012988401e-06 -1.19603175648e-06
BPMSW.1L1.B2 26637.4082 -0.00908726107076 -0.00425608120077 -8.14775219151e-06 -8.26621120305e-07
