BPMSW.1R1.B2 21.475 0.00663261895515 0.00734920299793 2.7274410181e-05 -1.3899313388e-05
BPMS.2R1.B2 31.529 0.00659117682903 0.00738639319408 2.66141352694e-05 -1.51249212224e-05
BPMSY.4R1.B2 58.3145 0.00649247777404 0.00747329592027 2.55656236219e-05 -1.68370068346e-05
BPMWB.4R1.B2 151.1705 0.00623443867384 0.00768987607049 1.88199390191e-05 -2.41432626783e-05
BPMYA.4R1.B2 172.227 0.00525161504281 0.00839183883382 1.37318742067e-05 -2.73591434833e-05
BPMR.5R1.B2 199.635 0.00253138505242 0.00957050203908 -1.92165126952e-07 -3.06112749958e-05
BPM.6R1.B2 231.535 -0.00731135462392 0.00667431743069 -3.02831330153e-05 -4.47427408345e-06
BPMRA.7R1.B2 259.259 -0.00879063521664 0.00455270820945 -2.21409666487e-05 2.11391686701e-05
BPM.8R1.B2 300.6960106 -0.00884793285258 0.0044403269863 1.67939078113e-05 2.55939780176e-05
BPM.9R1.B2 339.7610212 -0.00766713300295 0.00626238701112 2.20857774242e-05 -2.11968279923e-05
BPM.10R1.B2 380.2240318 -0.00475409514668 0.00868337485836 -2.6148238404e-05 -1.59171959176e-05
BPM.11R1.B2 433.0047424 -0.00867638844221 0.00476683366897 -6.97214941843e-06 2.98073276521e-05
BPM.12R1.B2 487.7282583 -0.00674398665466 0.00724714174935 2.94069079658e-05 8.50416701971e-06
BPM.13R1.B2 541.1767742 -0.00638088191186 0.00756880212143 1.0845858159e-05 -2.86261173462e-05
BPM.14R1.B2 594.6252901 -0.00467092279226 0.00872839617712 -2.89380474154e-05 -9.9838112197e-06
BPM.15R1.B2 648.073806 -0.00536004200234 0.00832300242068 -9.66233081195e-06 2.90469690571e-05
BPM.16R1.B2 701.5223219 -0.00351597824598 0.0092542053435 2.93231224308e-05 8.78871262708e-06
BPM.17R1.B2 754.9708378 -0.00425132206915 0.00894028412456 8.46295071402e-06 -2.94187922036e-05
BPM.18R1.B2 808.4193537 -0.00230334256221 0.00962792981916 -2.96588713858e-05 -7.57880044418e-06
BPM.19R1.B2 861.8678696 -0.00307276887589 0.00941065943801 -7.24945491386e-06 2.9741092446e-05
BPM.20R1.B2 915.3163855 -0.00105277361315 0.00984347942929 2.99447227452e-05 6.35615325311e-06
BPM.21R1.B2 968.7649014 -0.00184370889355 0.00972641542802 6.02366357934e-06 -3.0013374452e-05
BPM.22R1.B2 1022.213417 0.000215000981407 0.00989728215913 -3.0180186722e-05 -5.12280542693e-06
BPM.23R1.B2 1075.661933 -0.000584371114906 0.00988235447468 -4.78780529736e-06 3.0235145054e-05
BPM.24R1.B2 1129.110449 0.00151085006232 0.00978244318873 3.03333194573e-05 -2.82264799258e-05
BPM.25R1.B2 1182.558965 0.000716451689677 0.0098724647191 -2.85611454945e-05 -3.00184201186e-05
BPM.26R1.B2 1236.007481 0.0027497586299 0.00950882169905 -2.91502394681e-05 2.94466977839e-05
BPM.27R1.B2 1289.455997 0.00197349193727 0.00969970062476 2.97681496998e-05 2.88218927133e-05
BPM.28R1.B2 1342.904513 0.0039750876021 0.00907292827133 2.78867338869e-05 -6.27246527246e-05
BPM.29R1.B2 1396.353029 0.00322989116131 0.00936414181808 -6.30300948617e-05 -2.71893308159e-05
BPM.30R1.B2 1449.801545 0.00510300224604 0.00848991855075 -2.52907156932e-05 6.38156097506e-05
BPM.31R1.B2 1503.25006 0.00440129606251 0.00887400371184 6.40921133175e-05 2.45815753927e-05
BPM.32R1.B2 1556.698576 0.00614713021098 0.00776737659131 2.26528081749e-05 -6.47989428634e-05
BPM.33R1.B2 1610.147092 0.00550022151778 0.00823813766329 -6.50462203629e-05 -2.19326596149e-05
BPM.34R1.B2 1663.595608 0.00709020942315 0.00691724506329 -1.99759682889e-05 6.56735315846e-05
BPM.33L2.B2 1717.044124 0.00650891586834 0.00746681746894 6.5890971509e-05 1.92466163637e-05
BPM.32L2.B2 1770.49264 0.00791682306853 0.00595342433598 1.72664907006e-05 -6.64373388128e-05
BPM.31L2.B2 1823.941156 0.0074105437244 0.00657291340723 -6.66247987263e-05 -1.65284322864e-05
BPM.30L2.B2 1877.389672 0.0086133343871 0.00489181148697 -1.45268577426e-05 6.70896621576e-05
BPM.29L2.B2 1930.838188 0.0081905038761 0.00557090613258 6.7246585753e-05 1.37822043878e-05
BPM.28L2.B2 1984.286704 0.00916833411533 0.00374979978777 1.17640104493e-05 -6.76288425755e-05
BPM.27L2.B2 2037.73522 0.00883581761856 0.00447746311282 -6.77551901104e-05 -1.10130110607e-05
BPM.26L2.B2 2091.183735 0.00960422885934 0.00254018310002 -9.01189472914e-06 3.59472257984e-05
BPM.25L2.B2 2144.632251 0.00936792204204 0.00330692891048 3.60449305243e-05 8.6127635976e-06
BPM.24L2.B2 2198.080767 0.0098502653267 0.00129074214691 7.53036703979e-06 -3.62865071121e-05
BPM.23L2.B2 2251.529283 0.00971397739933 0.00208143827727 -3.63678009772e-05 -7.12740231615e-06
BPM.22L2.B2 2304.977799 0.00996600243117 1.40823881635e-05 -6.06744192641e-06 4.45736162711e-06
BPM.21L2.B2 2358.426315 0.00993236298922 0.00081827150233 4.52437296822e-06 6.01764020861e-06
BPM.20L2.B2 2411.874831 0.0098859285834 -0.00126088018192 5.87955179971e-06 -4.70242562437e-06
BPM.19L2.B2 2465.323347 0.00995543718372 -0.0004589915965 -4.76733998942e-06 -5.82703685786e-06
BPM.18L2.B2 2518.771863 0.00964341999633 -0.00251512496075 -5.68175455379e-06 4.93958405415e-06
BPM.17L2.B2 2572.220379 0.00981493461835 -0.00172871665241 5.00229200184e-06 5.62662748645e-06
BPM.16L2.B2 2625.668894 0.00924246203966 -0.00372804214522 5.47441804893e-06 -5.16843212558e-06
BPM.15L2.B2 2679.11741 0.00951316403546 -0.00297003582723 -5.22882475109e-06 -5.41675609596e-06
BPM.14L2.B2 2732.565926 0.00868964053626 -0.00487970800213 -5.25785400828e-06 5.38858649307e-06
BPM.13L2.B2 2786.014442 0.00905508405231 -0.00416255397058 5.44655940709e-06 5.19777514024e-06
BPM.12L2.B2 2839.462958 0.00785782677661 -0.00612992342197 5.1070461045e-06 -5.53172439768e-06
BPM.11L2.B2 2892.911474 0.00888507005764 -0.00451408162223 -5.01349266944e-06 -5.61665427836e-06
BPM.10L2.B2 2944.750185 0.0084894395461 -0.00522023170176 -6.45142416175e-06 3.88084736276e-06
BPM.9L2.B2 2983.815195 0.00727210168037 -0.00681453886178 2.48779730698e-06 7.10582696515e-06
BPM.8L2.B2 3024.278206 0.00406077815252 -0.00910118034316 3.257600436e-06 -6.78748378482e-06
BPM.7L2.B2 3063.344216 0.00995572338709 -0.000452741177102 -7.16833068241e-06 -2.3015118228e-06
BPM.6L2.B2 3095.450216 0.00995313219984 0.000506519680949 -7.42007216364e-06 1.27453090084e-06
BPMYB.5L2.B2 3167.649216 0.0097592821136 -0.00201936014596 8.35536897484e-07 7.48222722663e-06
BPMYB.4L2.B2 3188.219216 0.00918579927416 -0.00386555228499 5.04158582614e-06 5.59144094563e-06
BPMWB.4L2.B2 3212.610716 0.00974767230389 -0.00207467767794 7.49689289341e-06 -6.91717247161e-07
BPMSX.4L2.B2 3262.843716 0.00742429312305 -0.00664840390041 -2.8505956845e-06 -6.96821103618e-06
BPMS.2L2.B2 3300.755216 0.00741598639373 -0.00665766834731 -6.66389065262e-06 -3.50357671146e-06
BPMSW.1L2.B2 3310.689216 0.00766076771947 -0.00637448356218 -7.34256742537e-06 -1.66392894077e-06
BPMSW.1R2.B2 3353.879216 0.00766077032387 -0.00637448042949 2.83956866958e-06 -6.97270889631e-06
BPMS.2R2.B2 3363.813216 0.00741598854589 -0.00665766594857 9.42655773862e-07 -7.46947708497e-06
BPMSX.4R2.B2 3401.724716 0.00742429587009 -0.00664840083657 -4.08109943453e-06 -6.32665148563e-06
BPMWB.4R2.B2 3451.881716 0.00974801643227 -0.00207306016936 -4.87753544773e-06 5.7351136708e-06
BPMYB.4R2.B2 3476.349216 0.00920273584008 -0.00382505632363 1.69282260772e-06 7.33595225784e-06
BPM.5R2.B2 3505.883216 0.00965673605625 0.00246350391835 7.34000819426e-06 1.67514256237e-06
BPMR.6R2.B2 3579.179216 0.00917590352238 0.00388898408425 2.10973447364e-06 -7.22709586022e-06
BPM_A.7R2.B2 3592.054216 0.0093330670865 0.00349503379337 7.90019547878e-07 -7.48718385801e-06
BPM.8R2.B2 3633.493206 0.009960888232 -0.00031954414069 -6.22173960057e-06 -4.23932565137e-06
BPM.9R2.B2 3672.560195 0.00458261848909 -0.00884991585231 -1.46844729025e-06 7.38414223499e-06
BPM.10R2.B2 3713.025185 0.00391897641711 -0.0091631341085 6.38416027843e-06 3.99053751713e-06
BPM.11R2.B2 3764.865874 0.00321573924764 -0.00943294354443 4.5902920871e-06 -5.96749846782e-06
BPM.12R2.B2 3819.592358 0.00380549991076 -0.00921083998465 -6.34935046262e-06 -4.04569142371e-06
BPM.13R2.B2 3873.043842 0.000826197217318 -0.00993170685011 -3.33949182875e-06 6.74756639969e-06
BPM.14R2.B2 3926.495326 0.00162496279361 -0.00983264454322 6.78452294172e-06 3.26375479709e-06
BPM.15R2.B2 3979.94681 -0.000451270649921 -0.00995579015407 3.05845563957e-06 -6.87951399029e-06
BPM.16R2.B2 4033.398294 0.000353741976877 -0.00995973239731 -6.91335348355e-06 -2.98118407801e-06
BPM.17R2.B2 4086.849779 -0.00172117932722 -0.00981625918913 -2.7721331421e-06 6.99979364647e-06
BPM.18R2.B2 4140.301263 -0.000923269852224 -0.00992315351057 7.03041331888e-06 2.69353703714e-06
BPM.19R2.B2 4193.752747 -0.00296279653112 -0.009515421139 2.48110380974e-06 -7.10816566434e-06
BPM.20R2.B2 4247.204231 -0.00218513254979 -0.00972350752247 -7.13551909353e-06 -2.40130840297e-06
BPM.21R2.B2 4300.655715 -0.00415573314965 -0.00905821642295 -2.18584670289e-06 7.20443812387e-06
BPM.22R2.B2 4354.107199 -0.00341106469936 -0.00936408246622 7.22847514684e-06 2.10499409013e-06
BPM.23R2.B2 4407.558683 -0.0052803746099 -0.00845216225803 1.88687459837e-06 -7.28845060466e-06
BPM.24R2.B2 4461.010167 -0.00459114640901 -0.00885141992784 -7.46469668819e-06 8.39995472576e-06
BPM.25R2.B2 4514.461651 -0.00632833716056 -0.00770573869443 8.62042937621e-06 7.20896160721e-06
BPM.26R2.B2 4567.913135 -0.00568574823026 -0.00819136906395 7.11191938736e-06 -8.70066137824e-06
BPM.27R2.B2 4621.36462 -0.0072621189148 -0.00683285365033 -8.91039995365e-06 -6.8473104449e-06
BPM.28R2.B2 4674.816104 -0.00669711895317 -0.00739734840258 -6.90263134816e-06 1.91916188348e-05
BPM.29R2.B2 4728.267588 -0.00808664378683 -0.00584622595765 1.93903370525e-05 6.32292189949e-06
BPM.30R2.B2 4781.719072 -0.00758840599478 -0.00647983488846 6.10524216362e-06 -1.94599707913e-05
BPM.31R2.B2 4835.170556 -0.0087680979944 -0.00476367748688 -1.96346020052e-05 -5.51786591614e-06
BPM.32R2.B2 4888.62204 -0.00835500532803 -0.00545582731288 -5.29755910674e-06 1.96951818147e-05
BPM.33R2.B2 4942.073524 -0.00930545283444 -0.00360287568425 1.98454586059e-05 4.70344250359e-06
BPM.34R2.B2 4995.525008 -0.0089843012513 -0.00434217649567 4.4807576118e-06 -1.98969124904e-05
BPM.33L3.B2 5048.976492 -0.00968990247272 -0.00238284614373 -2.00225460454e-05 -3.88099016208e-06
BPM.32L3.B2 5102.427976 -0.00946596497739 -0.00315716213486 -3.65644995859e-06 2.00647624716e-05
BPM.31L3.B2 5155.87946 -0.00991511560751 -0.00112367619065 2.01655621889e-05 3.05196672343e-06
BPM.30L3.B2 5209.330945 -0.00979207387222 -0.00192027470271 2.82579433202e-06 -2.01984968861e-05
BPM.29L3.B2 5262.782429 -0.00997739743002 0.000153967987582 -2.02742723358e-05 -2.21772042293e-06
BPM.28L3.B2 5316.233913 -0.00995727318131 -0.000651825493584 -1.9904661e-06 2.02978476317e-05
BPM.27L3.B2 5369.685397 -0.00987572243674 0.00142908083083 2.03484892749e-05 1.37971838272e-06
BPM.26L3.B2 5423.136881 -0.00996903640605 0.000626687760532 9.96091756315e-07 -1.01576208536e-05
BPM.25L3.B2 5476.588365 -0.00962186415106 0.00268219214528 -1.01829550107e-05 -6.90476801933e-07
BPM.24L3.B2 5530.039849 -0.00980695639017 0.00189684759967 -5.76358205242e-07 1.01900564234e-05
BPM.23L3.B2 5583.491333 -0.00919968131163 0.00389105232065 1.0202765743e-05 2.69943714396e-07
BPM.22L3.B2 5636.942817 -0.00949391027883 0.00313519362805 6.60450310204e-11 -8.14912437223e-11
BPM.21L3.B2 5690.394301 -0.00863642378741 0.00503745527975 -8.44346289029e-11 -5.71549994762e-11
BPM.20L3.B2 5743.845786 -0.00901482850104 0.00432396098056 -5.76016163747e-11 7.25895104793e-11
BPM.19L3.B2 5797.29727 -0.00792103872654 0.00610089477498 9.10325214552e-11 5.25781538487e-11
BPM.18L3.B2 5850.748754 -0.00838760970888 0.00544167023707 5.31320156031e-11 -7.56713122899e-11
BPM.17L3.B2 5904.200238 -0.00707548779845 0.00706408125511 -8.67244111988e-11 -5.3963036008e-11
BPM.16L3.B2 5957.651722 -0.0076225573571 0.0064699606542 -5.34430686799e-11 8.38433064408e-11
BPM.15L3.B2 6011.103206 -0.00611366825932 0.00791118397861 8.98924931621e-11 4.88572830526e-11
BPM.14L3.B2 6064.55469 -0.0067322472171 0.00739192930834 5.26245389376e-11 -8.52822650563e-11
BPM.13L3.B2 6118.006174 -0.00505138295722 0.00862828498243 -8.38372355188e-11 -4.68749892874e-11
BPM.12L3.B2 6171.457658 -0.00687879649914 0.00725575152325 -5.06093980702e-11 8.16619182805e-11
BPM.11L3.B2 6224.909142 -0.00758117140639 0.00651840560692 8.70873120229e-11 5.32426931134e-11
BPM.10L3.B2 6277.691832 -0.00957884816561 0.00286521192725 6.00034810009e-11 -7.17116680943e-11
BPM.9L3.B2 6316.758821 -0.00896166548834 0.00443309409275 -2.03719428425e-11 -9.70789440913e-11
BPM.8L3.B2 6357.223811 -0.00795904906448 0.00605122380754 -9.33948307254e-11 -3.80342197194e-11
BPM.7L3.B2 6396.2898 -0.00468250987944 0.00883390472838 -7.41727117362e-11 6.33662311785e-11
BPMR.6L3.B2 6468.9288 0.00405955673455 0.00913694536358 8.9938015315e-11 3.8352102963e-11
BPMWE.5L3.B2 6511.9823 0.0042514069511 0.0090492712724 1.02636418674e-10 -2.52527072483e-11
BPMW.5L3.B2 6539.5273 0.00129872611204 0.00991347981312 7.78274267071e-11 -6.36960176463e-11
BPMWE.4L3.B2 6614.6553 0.00464394274331 0.00885424007606 -3.94010153643e-11 -9.16049591113e-11
BPMW.4L3.B2 6642.2003 0.00973257216446 0.00228928168979 -9.54598986675e-11 -1.53209205957e-11
BPMW.4R3.B2 6687.1653 0.00999757738168 0.000110534811099 -9.26353212081e-11 5.37940061098e-11
BPMWE.4R3.B2 6714.7103 0.00979446672639 0.00200803214461 -6.3264898454e-11 7.67431599601e-11
BPMW.5R3.B2 6789.8383 0.00999720033565 0.000140559564968 3.90393540617e-11 9.4316887586e-11
BPMWE.5R3.B2 6817.3833 0.00922529761948 -0.00385456292364 8.49533944548e-11 5.58019719776e-11
BPMWC.6R3.B2 6858.3743 0.00881433844104 -0.00471923821997 1.03701753325e-10 -8.32853048496e-12
BPM.6R3.B2 6870.5288 0.00927027133095 -0.00374510894701 9.82638671841e-11 -2.73951353005e-11
BPM_A.7R3.B2 6926.3528 0.00918417800944 -0.0039515371425 1.32597421566e-11 -1.014410718e-10
BPM.8R3.B2 6965.418789 0.0098618483946 0.00164551442968 -9.78403742811e-11 -1.62361927764e-11
BPM.9R3.B2 7004.485779 0.00390909622175 0.00920232243828 -9.87340679635e-13 1.02312816798e-10
BPM.10R3.B2 7044.950768 0.00494364945745 0.00869046037155 6.33286394467e-11 7.42624301835e-11
BPM.11R3.B2 7097.733458 0.00744510278178 0.00667339614367 8.16135595888e-11 -5.21149047153e-11
BPM.12R3.B2 7152.459942 0.00917910732773 0.00396330167399 -7.22757249887e-11 -6.76653415631e-11
BPM.13R3.B2 7205.911426 0.00847758730669 0.00530040422889 -6.62593402487e-11 7.57307902312e-11
BPM.14R3.B2 7259.36291 0.00939306514055 0.00342550708674 7.63700019548e-11 6.55086948069e-11
BPM.15R3.B2 7312.814394 0.00908594202842 0.0041724607822 6.51739515548e-11 -7.55397520749e-11
BPM.16R3.B2 7366.265878 0.00975410191104 0.0021957384821 -7.80662486982e-11 -5.93816180224e-11
BPM.17R3.B2 7419.717362 0.00954505735328 0.00297584469799 -6.32622814454e-11 8.58695808749e-11
BPM.18R3.B2 7473.168846 0.00995485236305 0.000929884923378 8.07377233456e-11 6.08399236072e-11
BPM.19R3.B2 7526.62033 0.00984732209343 0.00173032340427 6.01209635144e-11 -8.44405795388e-11
BPM.20R3.B2 7580.071814 0.00999201669573 -0.000351246137698 -8.32316492318e-11 -5.79196456916e-11
BPM.21R3.B2 7633.523299 0.00998776732109 0.000456372054295 -5.38727019215e-11 8.54543083161e-11
BPM.22R3.B2 7686.974783 0.00986498436538 -0.00162660843812 8.92882192841e-11 4.7322473135e-11
BPM.23R3.B2 7740.426267 0.00996408601236 -0.000825082706681 5.27301668188e-11 -9.18028592684e-11
BPM.24R3.B2 7793.877751 0.00953565828077 -0.002867559182 4.49838804737e-08 4.08962483923e-05
BPM.25R3.B2 7847.329235 0.00973599498864 -0.00208855837229 4.08931820321e-05 -5.03050615472e-07
BPM.26R3.B2 7900.780719 0.00909047107979 -0.00406386638954 -1.73127591528e-06 -4.08596102359e-05
BPM.27R3.B2 7954.232203 0.00938881124419 -0.00331691090052 -4.08376445008e-05 2.18907649981e-06
BPM.28R3.B2 8007.683687 0.00845572731172 -0.00518569958197 3.46036586914e-06 8.1649350115e-05
BPM.29R3.B2 8061.135171 0.00884669931271 -0.00448628085039 8.1605482515e-05 -4.37448195649e-06
BPM.30R3.B2 8114.586655 0.0077228579429 -0.00622481081702 -6.82381552211e-06 -8.14372527226e-05
BPM.31R3.B2 8168.03814 0.00820005830871 -0.00558120490837 -8.13556440638e-05 7.73625877255e-06
BPM.32R3.B2 8221.489624 0.00686309142677 -0.00716161857399 1.01772873663e-05 8.10864518548e-05
BPM.33R3.B2 8274.941108 0.00741875088246 -0.00658429493311 8.09673890775e-05 -1.10847287775e-05
BPM.34R3.B2 8328.392592 0.00589052619118 -0.00798075846725 -1.35120064319e-05 -8.0597865192e-05
BPM.33L4.B2 8381.844076 0.0065154187193 -0.00747931303153 -8.04413539487e-05 1.44145362891e-05
BPM.32L4.B2 8435.29556 0.0048211929989 -0.00866873131295 1.68249482012e-05 7.9971939355e-05
BPM.31L4.B2 8488.747044 0.0055051653854 -0.00825130041818 7.97784795583e-05 -1.77195983752e-05
BPM.30L4.B2 8542.198528 0.00367259198342 -0.00921427548162 -2.0108289494e-05 -7.92101438285e-05
BPM.29L4.B2 8595.650012 0.00440427241067 -0.00888781126712 -7.89798174635e-05 2.09947224287e-05
BPM.28L4.B2 8649.101496 0.00246369594992 -0.00960838211109 2.33581404487e-05 7.83133919995e-05
BPM.27L4.B2 8702.55298 0.00323120483105 -0.00937817252549 7.80468241969e-05 -2.42339369528e-05
BPM.26L4.B2 8756.004465 0.00117410443402 -0.00983693393456 -2.65228398073e-05 -3.638735302e-05
BPM.25L4.B2 8809.455949 0.00196422157426 -0.00971007847829 -3.60878922966e-05 2.69288816262e-05
BPM.24L4.B2 8862.907433 -9.39069431637e-05 -0.00990630970423 2.80009139221e-05 3.52625743943e-05
BPM.23L4.B2 8916.358917 0.000705959863568 -0.00988156926465 3.49466373476e-05 -2.83942408538e-05
BPM.22L4.B2 8969.810401 -0.0014006008707 -0.00980522904842 -2.93863978996e-05 6.81824177237e-06
BPM.21L4.B2 9023.261885 -0.000604607544931 -0.00988628591632 7.14705890958e-06 2.9308162858e-05
BPM.20L4.B2 9076.713369 -0.00264340130377 -0.00954550308129 2.90802082287e-05 -8.02435461972e-06
BPM.19L4.B2 9130.164853 -0.00186437119418 -0.00972770885351 -8.34968135405e-06 -2.8988474673e-05
BPM.18L4.B2 9183.616337 -0.00384284702416 -0.00912889512479 -2.8724544225e-05 9.21679465831e-06
BPM.17L4.B2 9237.067821 -0.00309347586303 -0.00940928300028 9.53803810355e-06 2.86194805107e-05
BPM.16L4.B2 9290.519306 -0.00497906866374 -0.00856230546131 2.83199915169e-05 -1.03935864424e-05
BPM.15L4.B2 9343.97079 -0.00427177010176 -0.00893622849425 -1.07102521845e-05 -2.82017612932e-05
BPM.14L4.B2 9397.422274 -0.00603353567508 -0.00785497592333 -2.78672737549e-05 1.15526515222e-05
BPM.13L4.B2 9450.873758 -0.00537984287452 -0.00831633874688 1.18641316934e-05 2.77360989837e-05
BPM.12L4.B2 9504.325242 -0.00765558799847 -0.00628459799447 2.80393180855e-05 -1.11285746729e-05
BPM.11L4.B2 9557.776726 -0.007426019557 -0.0065542683058 -6.37032029561e-06 -2.94867373933e-05
BPMC.10L4.B2 9609.617415 -0.00818141040136 -0.00558289561472 -3.00870215718e-05 2.1954774562e-06
BPMC.9L4.B2 9648.684405 -0.0086662959558 -0.00479578084497 -3.38171114088e-06 2.99768755725e-05
BPMC.8L4.B2 9689.149394 -0.00972374346429 -0.00188494364821 2.35812243275e-05 -1.88142093766e-05
BPMC.7L4.B2 9728.215384 -0.00483586603631 -0.00864399208657 -2.11129590497e-05 -2.15474298201e-05
BPMYA.6L4.B2 9824.819384 -0.00605601782593 -0.00783765575021 -2.66272400308e-05 1.41788228277e-05
BPMYB.5L4.B2 9861.819384 -0.00604188766853 -0.00784855355764 -2.18297635735e-05 2.08209200829e-05
BPMWA.B5L4.B2 9964.209884 -0.00918069455314 -0.00371739788691 7.02778437955e-06 2.93369896576e-05
BPMWA.A5L4.B2 9973.094884 -0.0093070807919 -0.00338857589739 9.7424814276e-06 2.85505321625e-05
BPMWA.A5R4.B2 10021.14388 -0.0096302095864 -0.00231587194081 2.16602189151e-05 2.0997229487e-05
BPMWA.B5R4.B2 10030.02888 -0.00964436660175 -0.00225618978206 2.3284451038e-05 1.91802814673e-05
BPMYA.5R4.B2 10132.49538 -0.00915132347993 -0.00378912627372 2.98984893476e-05 -4.01617893863e-06
BPMYB.6R4.B2 10164.05938 -0.00924382413101 -0.00355751530193 2.83293677789e-05 -1.03679734351e-05
BPMCA.7R4.B2 10260.57538 -0.00743965036564 -0.0065387920862 -1.34448944534e-05 -2.70052530229e-05
BPMC.8R4.B2 10298.36637 -0.00543137744193 -0.00828277360387 -2.60948698066e-05 1.51362589349e-05
BPMC.9R4.B2 10337.43336 -0.00950704218782 -0.00277855148205 2.40928004361e-05 1.81544925714e-05
BPMC.10R4.B2 10377.89835 -0.00960851028536 -0.00240431478935 2.39541777226e-05 -1.83370271238e-05
BPM.11R4.B2 10429.73904 -0.0098623418631 0.000915648647073 -1.60889253336e-05 -2.55185263739e-05
BPM.12R4.B2 10484.46553 -0.00982421570668 0.00126054959201 -2.62564159621e-05 1.4854278249e-05
BPM.13R4.B2 10537.91701 -0.00934270232815 0.00328908994874 1.56719300217e-05 2.57767210353e-05
BPM.14R4.B2 10591.36849 -0.00957768840017 0.00252429880851 2.55994674537e-05 -1.59598192517e-05
BPM.15R4.B2 10644.81998 -0.00884517963358 0.00445724093385 -1.67217269172e-05 -2.51084154193e-05
BPM.16R4.B2 10698.27146 -0.00917607421474 0.00372878821187 -2.49195394905e-05 1.70019225335e-05
BPM.17R4.B2 10751.72295 -0.00820229592958 0.00555216543257 1.77429067901e-05 2.43975010379e-05
BPM.18R4.B2 10805.17443 -0.0086236591434 0.00487203268445 2.41971308063e-05 -1.80152049903e-05
BPM.19R4.B2 10858.62591 -0.00742464355095 0.00655582700305 -1.87340371075e-05 -2.36449699176e-05
BPM.20R4.B2 10912.0774 -0.00792955341309 0.00593518172487 -2.34336317362e-05 1.89977210931e-05
BPM.21R4.B2 10965.52888 -0.0065249579085 0.00745178661354 1.96931725767e-05 2.28523038145e-05
BPM.22R4.B2 11018.98037 -0.00710511499731 0.00690083620858 2.26301799035e-05 -1.99480268487e-05
BPM.23R4.B2 11072.43185 -0.00551808374477 0.00822526299263 -2.06189044378e-05 -2.20206624509e-05
BPM.24R4.B2 11125.88333 -0.00611732558469 0.00775597373001 -2.10759038181e-05 -2.58702955579e-05
BPM.25R4.B2 11179.33482 -0.00437429695785 0.00885676729165 -2.52254691572e-05 2.18435651108e-05
BPM.26R4.B2 11232.7863 -0.00507484135624 0.0084748325024 2.21248083253e-05 2.49791579294e-05
BPM.27R4.B2 11286.23779 -0.0032053040883 0.00934359815298 2.43031488719e-05 -2.28653228255e-05
BPM.28R4.B2 11339.68927 -0.00390239781434 0.00905732244744 -2.24239360801e-05 -7.07798314566e-05
BPM.29R4.B2 11393.14075 -0.00193753161042 0.0096700449787 -7.00742580043e-05 2.45400923212e-05
BPM.30R4.B2 11446.59224 -0.00271162496505 0.00948213524059 2.53235791569e-05 6.97949452498e-05
BPM.31R4.B2 11500.04372 -0.000684446726547 0.00983846183664 6.90025812363e-05 -2.74091424036e-05
BPM.32R4.B2 11553.49521 -0.00147636763517 0.00975110954069 -2.81805780328e-05 -6.86911368798e-05
BPM.33R4.B2 11606.94669 0.000579672878729 0.00984519060153 -6.78135104975e-05 3.02315229224e-05
BPM.34R4.B2 11660.39818 -0.000216761796144 0.00985985866785 3.09893832585e-05 6.74705554636e-05
BPM.33L5.B2 11713.84966 0.0018344765241 0.00969012355737 6.65090839819e-05 -3.30024184921e-05
BPM.32L5.B2 11767.30114 0.00104630793403 0.0098065813792 -3.37455155576e-05 -6.61351468742e-05
BPM.31L5.B2 11820.75263 0.00305893492197 0.00937585813787 -6.50914140569e-05 3.57172932587e-05
BPM.30L5.B2 11874.20411 0.00229228923375 0.00959214307223 3.64443533012e-05 6.46871464994e-05
BPM.29L5.B2 11927.6556 0.00423331007711 0.00890746229156 6.35631284138e-05 -3.83711656214e-05
BPM.28L5.B2 11981.10708 0.00350049330409 0.00922010549048 -3.90808951896e-05 -6.31292423537e-05
BPM.27L5.B2 12034.55856 0.00533795779975 0.00829276824506 -6.19264782963e-05 4.09600872644e-05
BPM.26L5.B2 12088.01005 0.00469790683143 0.00869948407366 4.23637102989e-05 1.47292871136e-05
BPM.25L5.B2 12141.46153 0.00640123007236 0.00753495887896 1.34500069336e-05 -4.27870635612e-05
BPM.24L5.B2 12194.91302 0.00577215720273 0.00802705132518 -4.29350989515e-05 -1.29697019879e-05
BPM.23L5.B2 12248.3645 0.00731254748211 0.00665417170274 -1.16737999546e-05 4.33054042969e-05
BPM.22L5.B2 12301.81598 0.00679828342436 0.00722562069867 4.41460486746e-05 -3.55466949658e-05
BPM.21L5.B2 12355.26747 0.00814994644172 0.00565726303248 -3.68569100003e-05 -4.30582127278e-05
BPM.20L5.B2 12408.71895 0.0076667460818 0.00629660674851 -4.26423756253e-05 3.73372428037e-05
BPM.19L5.B2 12462.17044 0.00880671200853 0.00456815889034 3.86015344663e-05 4.15013606281e-05
BPM.18L5.B2 12515.62192 0.00840927908605 0.00526405520818 4.10664849417e-05 -3.90638611957e-05
BPM.17L5.B2 12569.07341 0.00931873472791 0.00340403218043 -4.02799898633e-05 -3.98743562272e-05
BPM.16L5.B2 12622.52489 0.00901358564061 0.00414506042216 -3.9420309415e-05 4.07244494637e-05
BPM.15L5.B2 12675.97637 0.00967763888938 0.00218393169125 4.18903926463e-05 3.81790069628e-05
BPM.14L5.B2 12729.42786 0.00946979783503 0.00295790144448 3.77075349614e-05 -4.2315273866e-05
BPM.13L5.B2 12782.87934 0.00987750624173 0.000927966823372 -4.34290563226e-05 -3.64192023238e-05
BPM.12L5.B2 12836.33083 0.00944798827195 0.00302684152788 -3.93291154897e-05 4.08125204904e-05
BPM.11L5.B2 12889.78231 0.009146852548 0.00384204899768 3.97641819734e-05 4.03887580083e-05
BPM.10L5.B2 12942.565 0.00888052794803 0.00442294871736 3.325088179e-05 -4.59001204646e-05
BPM.9L5.B2 12981.63199 0.00962895680489 0.00238944403809 -4.417389717e-05 -3.55120824416e-05
BPM.8L5.B2 13022.09698 0.00507467505795 0.00852490029536 -8.14811725843e-06 5.60896601431e-05
BPM.7L5.B2 13061.16497 0.00820705715481 0.00557408870075 5.52086805799e-05 1.28235422039e-05
BPMR.6L5.B2 13098.05897 0.0087945433626 0.00459154212493 3.14188597434e-05 -4.71730545892e-05
BPMWT.B6L5.B2 13109.36897 0.00991911034589 -0.000193654218986 -2.20933767154e-06 -5.66353298686e-05
BPMWT.A6L5.B2 13115.19097 0.00960458801549 -0.00248558666894 -1.85245006926e-05 -5.35657010802e-05
BPM.5L5.B2 13129.95897 0.00814151633506 -0.00566938830823 -4.18336370711e-05 -3.82411907123e-05
BPMYA.4L5.B2 13157.36497 0.00609816212664 -0.00782551408309 -5.46376656011e-05 -1.50720555784e-05
BPMWB.4L5.B2 13178.42347 0.00509973655671 -0.00850993178988 -5.65307608396e-05 -4.08825458276e-06
BPMWT.B4L5.B2 13178.89297 0.00508684131045 -0.00851764623988 -5.65433299888e-05 -3.91070410558e-06
BPMWT.A4L5.B2 13180.87497 0.00503550473896 -0.00854809593028 -5.65889535506e-05 -3.18308762839e-06
BPMSY.4L5.B2 13271.27947 0.00480725916164 -0.00867850858394 -5.48585081736e-05 1.4247337697e-05
BPMS.2L5.B2 13298.06497 0.00469155428589 -0.00874160001511 -5.38065358847e-05 1.78127713448e-05
BPMSW.1L5.B2 13308.11897 0.00464231186621 -0.00876784990699 -5.29411717748e-05 2.02406034806e-05
BPMSW.1R5.B2 13351.06897 0.00464230953012 -0.00876785107487 -5.64679834197e-05 4.88145514566e-06
BPMS.2R5.B2 13361.12297 0.0046915526563 -0.00874160079813 -5.61875909038e-05 7.44365757082e-06
BPMSY.4R5.B2 13387.90847 0.00480725872207 -0.00867850883712 -5.55786895404e-05 1.11108576048e-05
BPMWB.4R5.B2 13480.76447 0.00509976366 -0.00850991555282 -4.90848139387e-05 2.83394039799e-05
BPMYA.4R5.B2 13501.82097 0.00609809944886 -0.00782556292425 -4.25905934077e-05 3.73963138181e-05
BPMR.5R5.B2 13522.93897 0.00766037259583 -0.00630435910291 -2.78460140879e-05 4.93663999798e-05
BPM.6R5.B2 13554.83897 0.00970061169184 0.00207951552108 3.63821740031e-05 4.34600855813e-05
BPMRA.7R5.B2 13588.85297 0.00730445553372 0.00671350738395 5.26942538655e-05 -2.08747934314e-05
BPM.8R5.B2 13630.28998 0.00721828610185 0.00680607065758 -1.10170342583e-05 -5.55973665689e-05
BPM.9R5.B2 13669.35499 0.00852839367787 0.00506880195612 -5.26396566316e-05 2.10121000308e-05
BPM.10R5.B2 13709.818 0.00980772671028 0.00149490763352 3.37986304811e-05 4.54982801331e-05
BPM.11R5.B2 13762.59871 0.00746682502366 0.00653244028601 3.2694153205e-05 -4.62983186806e-05
BPM.12R5.B2 13817.32223 0.0091386330916 0.00386155892048 -4.4545694838e-05 -3.50445787579e-05
BPM.13R5.B2 13870.77074 0.00931682820934 0.00340924685851 -3.85195755834e-05 4.15774431796e-05
BPM.14R5.B2 13924.21926 0.00982156093145 0.00140113985958 4.27122763378e-05 3.72572570532e-05
BPM.15R5.B2 13977.66777 0.00967646030331 0.00218914777631 3.67815701886e-05 -4.31225925397e-05
BPM.16R5.B2 14031.11629 0.00992010549193 0.000133263014851 -4.42040135786e-05 -3.54745918094e-05
BPM.17R5.B2 14084.56481 0.00987699755211 0.000933365607117 -3.49819092149e-05 4.45949213464e-05
BPM.18R5.B2 14138.01332 0.00985565495641 -0.00113680138192 4.56217870191e-05 3.36317462753e-05
BPM.19R5.B2 14191.46184 0.00991524915864 -0.000337766422216 3.31240283823e-05 -4.5991742629e-05
BPM.20R5.B2 14244.91035 0.00962926375493 -0.00238820676908 -4.69624454435e-05 -3.17327967176e-05
BPM.21R5.B2 14298.35887 0.0097905835282 -0.001603348443 -3.12097411072e-05 4.73116550967e-05
BPM.22R5.B2 14351.80738 0.00924466561226 -0.00360033466607 4.82244117597e-05 2.97799897384e-05
BPM.23R5.B2 14405.2559 0.00950505255914 -0.00284257415676 2.92436484644e-05 -4.85515223408e-05
BPM.24R5.B2 14458.70442 0.00867705488569 -0.00474741119972 -4.93737325464e-05 3.86981544267e-06
BPM.25R5.B2 14512.15293 0.00903187107019 -0.00403168692748 4.41728609753e-06 4.93277688225e-05
BPM.26R5.B2 14565.60145 0.00799850753674 -0.00581833926394 4.91735041876e-05 -5.89130131213e-06
BPM.27R5.B2 14619.04996 0.0084419360747 -0.00515392179392 -6.43611593447e-06 -4.91051682376e-05
BPM.28R5.B2 14672.49848 0.00715739871081 -0.00678778832053 -4.88591869211e-05 3.95500228324e-05
BPM.29R5.B2 14725.947 0.00768184631501 -0.00618802583411 4.00894664386e-05 4.84175509519e-05
BPM.30R5.B2 14779.39551 0.00623035032325 -0.00764755918147 4.71963551697e-05 -4.15202197688e-05
BPM.31R5.B2 14832.84403 0.00682713553443 -0.00711987689476 -4.20410320396e-05 -4.67330207051e-05
BPM.32R5.B2 14886.29254 0.00520084246009 -0.00838174589682 -4.54537956923e-05 4.34209262669e-05
BPM.33R5.B2 14939.74106 0.00586031809702 -0.00793467695922 4.39223492624e-05 4.49694481136e-05
BPM.34R5.B2 14993.18958 0.0040859830208 -0.00897814954971 4.36350518218e-05 -4.52482762102e-05
BPM.33L6.B2 15046.63809 0.00479712144674 -0.00861916773179 -4.57293866896e-05 -4.31305867177e-05
BPM.32L6.B2 15100.08661 0.00290387410793 -0.00942708553902 -4.17426567969e-05 4.69997348314e-05
BPM.31L6.B2 15153.53512 0.00365521225552 -0.00916197849193 4.74597717217e-05 4.1218864019e-05
BPM.30L6.B2 15206.98364 0.00167417114867 -0.00972108931985 3.97802037197e-05 -4.86719574237e-05
BPM.29L6.B2 15260.43215 0.0024531182383 -0.00955429942399 -4.9110111384e-05 -3.9238011461e-05
BPM.28L6.B2 15313.88067 0.000416839284213 -0.00985538794763 -3.77507324339e-05 5.02623772709e-05
BPM.27L6.B2 15367.32919 0.00121085889964 -0.00978959893849 5.06779507696e-05 3.71909932956e-05
BPM.26L6.B2 15420.7777 -0.000878284775709 -0.00982181397926 3.56888683614e-05 -2.01211819296e-05
BPM.25L6.B2 15474.22622 -8.28628186323e-05 -0.00986065655522 -2.05157231138e-05 -3.5463541627e-05
BPM.24L6.B2 15527.67473 -0.00212752473743 -0.0096287617275 -3.48337131026e-05 2.15677951501e-05
BPM.23L6.B2 15581.12325 -0.00134352037906 -0.00976905148596 2.19527662488e-05 3.45923904499e-05
BPM.22L6.B2 15634.57177 -0.00337276666076 -0.00927159781423 3.39510642698e-05 8.66887298359e-06
BPM.21L6.B2 15688.02028 -0.00261358479869 -0.00951353012502 8.29179585123e-06 -3.40451201725e-05
BPM.20L6.B2 15741.4688 -0.00453112025274 -0.00876396201406 -3.42780066436e-05 -7.26926884904e-06
BPM.19L6.B2 15794.91731 -0.00380909019179 -0.00910103910781 -6.88872670261e-06 3.43565078813e-05
BPM.18L6.B2 15848.36583 -0.00561493804044 -0.00811237029051 3.45472785791e-05 5.85746830034e-06
BPM.17L6.B2 15901.81435 -0.00494198886943 -0.00853901791514 5.47393306251e-06 -3.4610118838e-05
BPM.16L6.B2 15955.26286 -0.00660657149699 -0.00732743434333 -3.47584276491e-05 -4.43577806684e-06
BPM.15L6.B2 16008.71138 -0.00599370096444 -0.00783668486633 -4.05011304928e-06 3.48054720085e-05
BPM.14L6.B2 16062.15989 -0.00748959187967 -0.00642215651889 3.4911091322e-05 3.0066535803e-06
BPM.13L6.B2 16115.60841 -0.00694692120466 -0.0070055953879 2.61924126803e-06 -3.49422927647e-05
BPM.12L6.B2 16169.05693 -0.00832976237269 -0.00528707289626 -3.49895529907e-05 -1.88562971552e-06
BPM.11L6.B2 16222.50544 -0.00730855021634 -0.00662745612487 -4.36216797098e-06 3.47677331165e-05
BPM.10L6.B2 16274.34415 -0.00834191843669 -0.00526787221582 3.34339476425e-05 1.04878724349e-05
BPM.9L6.B2 16313.40916 -0.00898580725454 -0.00407349345385 2.151302288e-05 -2.76588927344e-05
BPM.8L6.B2 16353.87217 -0.00975081364148 0.0015032345876 -3.37477067306e-05 -9.42954846111e-06
BPMYB.5L6.B2 16450.96018 -0.00699644747658 -0.0069561342476 2.0711040787e-05 2.82644099963e-05
BPMYA.4L6.B2 16487.36018 -0.00726397473369 -0.00667628283149 2.66956715612e-05 2.26972114181e-05
BPMSB.B4L6.B2 16518.13068 -0.0064614206985 -0.00745574432839 3.11393620666e-05 1.60674971321e-05
BPMSB.A4L6.B2 16518.76568 -0.0064418634221 -0.0074726485649 3.12227605607e-05 1.59048209458e-05
BPMSA.4L6.B2 16615.57568 -0.00279270978697 -0.00946249718681 3.05694489411e-05 -1.71269676997e-05
BPMSE.4R6.B2 16707.14568 -0.0025041616933 -0.00954291648974 2.09090315038e-06 -3.49778810696e-05
BPMSA.A4R6.B2 16803.82068 -0.00576073276999 -0.00800949679318 -2.65360917245e-05 -2.28836172012e-05
BPMSA.B4R6.B2 16804.40568 -0.00577881469478 -0.00799646056973 -2.66403953622e-05 -2.27621037491e-05
BPMYB.4R6.B2 16830.96018 -0.00651801303943 -0.00740632074253 -3.04937212135e-05 -1.72614309744e-05
BPMYA.5R6.B2 16867.36018 -0.00659135140361 -0.00734112847487 -3.34783085347e-05 -1.03453174389e-05
BPM.8R6.B2 16963.08519 -0.00913895805098 -0.00371719338879 -5.21515346772e-06 3.46500554158e-05
BPM.9R6.B2 17002.1502 -0.00923102534587 0.00348227684159 3.50117539274e-05 1.41477631749e-06
BPM.10R6.B2 17042.61322 -0.0083463292743 0.00526088095815 1.10028639202e-05 -3.32680287798e-05
BPM.11R6.B2 17094.45193 -0.00670137258173 0.00724083465152 -3.4404541957e-05 -6.64467106432e-06
BPM.12R6.B2 17149.17544 -0.00808804508329 0.0056499210346 -1.91605504062e-06 3.4987900827e-05
BPM.13R6.B2 17202.62396 -0.0067291309856 0.00721504519086 3.50304878426e-05 8.30082917776e-07
BPM.14R6.B2 17256.07247 -0.00728943692619 0.00664847277533 4.41478657779e-07 -3.50375412206e-05
BPM.15R6.B2 17309.52099 -0.00575093579708 0.00801653406351 -3.50350560856e-05 6.07175767109e-07
BPM.16R6.B2 17362.96951 -0.00637908060405 0.00752631460547 9.95605417302e-07 3.50261713553e-05
BPM.17R6.B2 17416.41802 -0.00467817718446 0.00868635361719 3.49806877359e-05 -2.04341358886e-06
BPM.18R6.B2 17469.86654 -0.00536391370604 0.00828048976169 -2.43127312266e-06 -3.49558727352e-05
BPM.19R6.B2 17523.31505 -0.00352863649673 0.00921340357306 -3.48674611274e-05 3.47621221783e-06
BPM.20R6.B2 17576.76357 -0.00426060612656 0.00889861317445 3.86263014751e-06 3.48267795548e-05
BPM.21R6.B2 17630.21209 -0.00232102223399 0.00958910510521 3.4695581223e-05 -4.9031655747e-06
BPM.22R6.B2 17683.6606 -0.00308730398668 0.00937051946863 -5.28766612944e-06 -3.46390613625e-05
BPM.23R6.B2 17737.10912 -0.00107537399922 0.00980722446518 -3.44653149025e-05 6.32186758114e-06
BPM.24R6.B2 17790.55763 -0.00183666905334 0.00969013991401 7.1130528716e-06 7.73377059314e-06
BPM.25R6.B2 17844.00615 0.000214387900924 0.00986033481253 7.51744317185e-06 -7.34130590626e-06
BPM.26R6.B2 17897.45466 -0.000582033598467 0.00984547620384 -7.42422849196e-06 -7.43556664051e-06
BPM.27R6.B2 17950.90318 0.0014739431826 0.00975190526565 -7.21005642667e-06 7.6434130173e-06
BPM.28R6.B2 18004.3517 0.000708777854355 0.00984072702322 8.13227275697e-06 -1.95344635598e-05
BPM.29R6.B2 18057.80021 0.00273564501588 0.00947937343272 -1.9769080837e-05 -7.54404300419e-06
BPM.30R6.B2 18111.24873 0.00196176407824 0.00966921693279 -7.32433633031e-06 1.98515288447e-05
BPM.31R6.B2 18164.69724 0.00392579244945 0.00905154285236 2.00618230315e-05 6.72698168162e-06
BPM.32R6.B2 18218.14576 0.00318253858037 0.00933882875768 6.5041013598e-06 -2.0135187847e-05
BPM.33R6.B2 18271.59428 0.00505138666953 0.00847500838233 -2.03208119074e-05 -5.89862072576e-06
BPM.34R6.B2 18325.04279 0.00435100311891 0.00885500119973 -5.67288483556e-06 2.03849827331e-05
BPM.33L7.B2 18378.49131 0.00609402529441 0.00775919648351 2.05456173749e-05 5.06031617389e-06
BPM.32L7.B2 18431.93982 0.00544799088188 0.00822567138539 4.83218453899e-06 -2.06004657695e-05
BPM.31L7.B2 18485.38834 0.00703649728138 0.00691592224357 -2.07358433961e-05 -4.21351710228e-06
BPM.30L7.B2 18538.83686 0.00645545296275 0.00746119302966 -3.98326690634e-06 2.07813024787e-05
BPM.29L7.B2 18592.28537 0.00786338225728 0.00595898430511 2.08912015424e-05 3.35960234184e-06
BPM.28L7.B2 18645.73389 0.00735685316062 0.00657411484497 3.12774830679e-06 -2.09271649113e-05
BPM.27L7.B2 18699.1824 0.00856104341027 0.00490416252628 -2.10113979895e-05 -2.50006210313e-06
BPM.26L7.B2 18752.63092 0.00816398049293 0.00558071660572 -1.85753155621e-06 -5.62150847091e-06
BPM.25L7.B2 18806.07943 0.00914443352643 0.00376487859519 -5.5633951337e-06 2.02493077966e-06
BPM.24L7.B2 18859.52795 0.00881079284357 0.00449053502928 2.08650414584e-06 5.54060038572e-06
BPM.23L7.B2 18912.97647 0.00955091052715 0.00256419254966 5.47567375561e-06 -2.25137999435e-06
BPM.22L7.B2 18966.42498 0.00933945210857 0.00332826117578 -1.90253182071e-06 -3.21098636122e-05
BPM.21L7.B2 19019.8735 0.00982684316058 0.0013175134385 -3.2038535946e-05 2.86267834853e-06
BPM.20L7.B2 19073.32201 0.00968847401654 0.00210621920302 3.217875286e-06 3.20048166172e-05
BPM.19L7.B2 19126.77053 0.00991464694591 4.96393475105e-05 3.18941961072e-05 -4.1741138757e-06
BPM.18L7.B2 19180.21905 0.00987830534459 0.000849571439482 -4.52749020101e-06 -3.18459530849e-05
BPM.17L7.B2 19233.66756 0.0098395433795 -0.00121904643285 -3.16961842888e-05 5.47857664982e-06
BPM.16L7.B2 19287.11608 0.009905827422 -0.00042103588389 5.82981401637e-06 3.16334675202e-05
BPM.15L7.B2 19340.56459 0.00960276923247 -0.00246769349463 3.14448576555e-05 -6.77376088092e-06
BPM.14L7.B2 19394.01311 0.00977058767575 -0.00168472685633 -7.12200115826e-06 -3.13678166781e-05
BPM.13L7.B2 19447.46163 0.00920820694416 -0.00367581459948 -3.11406161852e-05 8.05762299785e-06
BPM.12L7.B2 19500.91014 0.00953465887464 -0.00271900133611 7.98460244998e-06 3.11594135356e-05
BPM.11L7.B2 19554.35866 0.00865496854904 -0.0048367558896 3.12751062105e-05 -7.51869749785e-06
BPM.10L7.B2 19607.13937 0.00862984614551 -0.00488143867895 -6.1131779329e-06 -3.15799237895e-05
BPM.9L7.B2 19646.20438 0.00610090322684 -0.00781547618003 -3.15857988708e-05 -6.08281200766e-06
BPM.8L7.B2 19686.66739 0.00299953169423 -0.00945015860865 -9.68069033659e-06 3.06748638248e-05
BPM.7L7.B2 19725.7314 -0.00361427705387 -0.00923253429462 2.97663028999e-05 1.21913988143e-05
BPMR.6L7.B2 19760.5494 -0.00350023993205 -0.00927636828352 2.96456767579e-05 -1.24818661698e-05
BPMWC.6L7.B2 19772.7279 -0.0047762123633 -0.00868852597321 2.49593009899e-05 -2.0290304034e-05
BPMWE.5L7.B2 19849.7819 0.000206595123852 -0.00991261855271 -2.14251108605e-05 -2.39922391433e-05
BPMW.5L7.B2 19872.9869 0.00330841093964 -0.00934650229497 -2.9731163703e-05 -1.22768493788e-05
BPMWE.4L7.B2 19908.0719 0.00329297195877 -0.00935195294027 -3.21590822135e-05 6.75474232264e-07
BPMW.4L7.B2 19936.1769 -0.000640453560344 -0.0098940642488 -2.69932435132e-05 1.74936533225e-05
BPMW.4R7.B2 20052.2239 -0.00292508152719 -0.00947346748825 2.91251584081e-05 1.36524001594e-05
BPMWE.4R7.B2 20080.3289 0.000616073990441 -0.0098956122042 3.20355690951e-05 -2.89566474195e-06
BPMW.5R7.B2 20115.4139 0.000161875956408 -0.00991344966616 2.70907229068e-05 -1.73423144679e-05
BPMWE.5R7.B2 20138.6189 -0.00494275569343 -0.00859487372075 1.01041220892e-05 -3.05380044382e-05
BPM.6R7.B2 20217.7584 -0.00840190411426 -0.00526409492834 -3.21629246838e-05 4.57623633778e-07
BPM_A.7R7.B2 20255.7944 -0.00616089011565 -0.00776827658357 -2.16197280338e-05 2.38170216524e-05
BPM.8R7.B2 20294.85841 -0.00609305268289 -0.00782159811563 6.57804870626e-06 3.14863823776e-05
BPM.9R7.B2 20333.92342 -0.00927549534069 -0.00350255253976 3.16956896611e-05 -5.48146914318e-06
BPM.10R7.B2 20374.38643 -0.00983590443066 0.00124806737216 -2.09462257117e-06 -3.20979056883e-05
BPM.11R7.B2 20427.16714 -0.00986929537091 0.000948523598989 -3.20855026532e-05 -2.27675050609e-06
BPM.12R7.B2 20481.89066 -0.00965578972848 0.0022513135774 -2.04509171113e-06 3.21011031745e-05
BPM.13R7.B2 20535.33917 -0.00982041688366 0.001364587983 3.21336452061e-05 1.44626774579e-06
BPM.14R7.B2 20588.78769 -0.00932340238979 0.00337295953021 4.83950715927e-07 -3.21625364683e-05
BPM.15R7.B2 20642.23621 -0.0095651878029 0.00260957283563 -3.2165925475e-05 -1.2733338623e-07
BPM.16R7.B2 20695.68472 -0.00881533874958 0.00453789497639 8.35248685748e-07 3.21553333275e-05
BPM.17R7.B2 20749.13324 -0.00915278444637 0.0038117220557 3.2144088183e-05 -1.19187221796e-06
BPM.18R7.B2 20802.58175 -0.00816243267163 0.00562826625413 -2.15334454274e-06 -3.20940203446e-05
BPM.19R7.B2 20856.03027 -0.00859000723418 0.00495120832394 -3.20681741565e-05 2.50905356358e-06
BPM.20R7.B2 20909.47879 -0.00737540727345 0.00662616447462 3.46753767024e-06 3.1978730638e-05
BPM.21R7.B2 20962.9273 -0.00788606408424 0.00600938277639 3.19383004342e-05 -3.82203779811e-06
BPM.22R7.B2 21016.37582 -0.00646720343391 0.00751518249042 -4.77615270539e-06 -3.18096108582e-05
BPM.23R7.B2 21069.82433 -0.00705258180665 0.0069687716318 -3.17547021591e-05 5.12856109526e-06
BPM.24R7.B2 21123.27285 -0.00541895159274 0.00827425780569 6.04272684269e-06 -2.81047398135e-06
BPM.25R7.B2 21176.72137 -0.00606899977698 0.0078099692905 -2.87731278908e-06 -6.01118057404e-06
BPM.26R7.B2 21230.16988 -0.0043160015415 0.00889946679883 -5.92238380957e-06 3.05591395932e-06
BPM.27R7.B2 21283.6184 -0.00502008926586 0.00852215244714 3.12140409014e-06 5.88813027976e-06
BPM.28R7.B2 21337.06691 -0.00310835259515 0.0093719925978 5.75822257524e-06 -3.7693525065e-05
BPM.29R7.B2 21390.51543 -0.00385454590211 0.00909057627301 -3.77550594005e-05 -5.33987890248e-06
BPM.30R7.B2 21443.96394 -0.00188396363208 0.00969261482502 -4.20765904973e-06 3.78979477448e-05
BPM.31R7.B2 21497.41246 -0.00265996371279 0.00950897965718 3.79422864466e-05 3.7871035213e-06
BPM.32R7.B2 21550.86098 -0.000628605392961 0.00985398175233 2.64994592892e-06 -3.80386202765e-05
BPM.33R7.B2 21604.30949 -0.00142178387047 0.00977111210173 -3.8065667502e-05 -2.22794489851e-06
BPM.34R7.B2 21657.75801 0.000637071485233 0.00985343802916 -1.08778690733e-06 3.81152951e-05
BPM.33L8.B2 21711.20652 -0.000160128940466 0.0098727128912 3.81250158243e-05 6.65040965779e-07
BPM.32L8.B2 21764.65504 0.00189228600444 0.00969099348877 -4.76154574152e-07 -3.81278382064e-05
BPM.31L8.B2 21818.10356 0.00110404094544 0.00981209430746 -3.81202130465e-05 8.98985333517e-07
BPM.30L8.B2 21871.55207 0.00311640789114 0.00936931710329 2.03940349803e-06 3.80762345832e-05
BPM.29L8.B2 21925.00059 0.00235018480632 0.00959024152446 3.80512816178e-05 -2.46149409037e-06
BPM.28L8.B2 21978.4491 0.00428932093114 0.00889369591784 -3.59906167135e-06 -3.79605830129e-05
BPM.27L8.B2 22031.89762 0.00355760426082 0.00921083888947 -3.79183253364e-05 4.01986983946e-06
BPM.26L8.B2 22085.34614 0.00542553248628 0.00826550647831 5.11899227343e-06 3.38374219338e-06
BPM.25L8.B2 22138.79465 0.00474082627688 0.00867637979434 3.32677128368e-06 -5.15620463516e-06
BPM.24L8.B2 22192.24317 0.00643827475055 0.00750357370281 -5.25345376475e-06 -3.17097638413e-06
BPM.23L8.B2 22245.69168 0.00581175398184 0.00799865712311 -3.11251494195e-06 5.28829403077e-06
BPM.22L8.B2 22299.1402 0.0073790169723 0.00661191424019 5.34532106534e-06 -3.14445604054e-05
BPM.21L8.B2 22352.58871 0.00682136720763 0.00718583682441 -3.15019126584e-05 -4.99622915737e-06
BPM.20L8.B2 22406.03723 0.00816418586771 0.00561367710018 -4.05119389962e-06 3.16373261714e-05
BPM.19L8.B2 22459.48575 0.00768455734586 0.00625418898426 3.16803026049e-05 3.70015749064e-06
BPM.18L8.B2 22512.93426 0.00881521299214 0.00452319813226 2.75051655288e-06 -3.17768416007e-05
BPM.17L8.B2 22566.38278 0.00842144212544 0.0052198289187 -3.18053919762e-05 -2.3978775753e-06
BPM.16L8.B2 22619.83129 0.00932139723435 0.00335840066969 -1.44491749615e-06 3.18629115001e-05
BPM.15L8.B2 22673.27981 0.00901998442245 0.00409965637437 3.18769727586e-05 1.09155126657e-06
BPM.14L8.B2 22726.72833 0.00967442261281 0.00213842198692 1.37201031518e-07 -3.18953638932e-05
BPM.13L8.B2 22780.17684 0.00947030162829 0.00291216216105 -3.18949163898e-05 2.16603062613e-07
BPM.12L8.B2 22833.62536 0.00990789658555 -2.97775576723e-05 -4.96293879573e-07 3.18917920473e-05
BPM.11L8.B2 22887.07387 0.00990132175077 0.00036211738238 3.14576545536e-05 5.26770437789e-06
BPM.10L8.B2 22938.91258 0.00990109299736 -0.000368318957384 8.05138427602e-06 -3.08627251947e-05
BPM.9L8.B2 22977.9776 0.00989882876714 0.000424841659379 -2.88447525613e-05 -1.36129715865e-05
BPM.8L8.B2 23018.44061 0.00512071463385 -0.00848207421781 -5.06938533749e-06 3.14902237824e-05
BPM.7L8.B2 23057.50662 0.00496029071207 -0.00857687690459 1.71177221292e-05 2.69131269953e-05
BPM.6L8.B2 23089.97562 0.00900452822332 -0.00413349403011 3.18217413939e-05 2.17015502774e-06
BPMR.5L8.B2 23150.39462 0.00490473799844 -0.00860876568172 -1.65056231701e-05 2.72928064476e-05
BPMYB.4L8.B2 23171.16162 0.0033478927797 -0.00932517642346 -5.72943942344e-06 3.13768469136e-05
BPMWB.4L8.B2 23195.62912 0.00381788674523 -0.00914281369368 1.33818734146e-06 3.1867569877e-05
BPMSX.4L8.B2 23245.78612 0.00363293157264 -0.00921786903997 1.05503693375e-05 3.01002120744e-05
BPMS.2L8.B2 23283.69762 0.00374651231384 -0.00917229230783 1.58076324628e-05 2.77028711941e-05
BPMSW.1L8.B2 23293.63162 0.00384905169445 -0.00912973725365 1.81948519029e-05 2.61969519063e-05
BPMSW.1R8.B2 23336.82162 0.00384904091728 -0.00912974180405 1.75030430266e-06 3.18475958094e-05
BPMS.2R8.B2 23346.75562 0.00374650495392 -0.00917229536672 4.55895788974e-06 3.15681656235e-05
BPMSX.4R8.B2 23384.66712 0.00363293215442 -0.00921786881132 1.01794064127e-05 3.02276807358e-05
BPMWI.4R8.B2 23434.90012 0.00381729275509 -0.00914306170681 1.85471790209e-05 2.59486985803e-05
BPMYB.4R8.B2 23459.29162 0.00334766243816 -0.00932525911517 2.38055049065e-05 2.12280917757e-05
BPMYB.5R8.B2 23479.86862 0.00481931256754 -0.00865687748443 2.96746225295e-05 1.169399936e-05
BPMR.6R8.B2 23563.97662 0.00896441975645 -0.0042197725008 -1.99023327612e-05 2.49244870121e-05
BPM_A.7R8.B2 23586.21662 0.00754760281608 -0.00641879997056 -8.63574694809e-06 3.07043525286e-05
BPM.8R8.B2 23627.65561 0.00319624510566 -0.00937823643511 2.32644256821e-05 2.18196999862e-05
BPM.9R8.B2 23666.7226 -0.00317708694099 -0.00938474399951 6.18507933136e-07 -3.18896621802e-05
BPM.10R8.B2 23707.18758 0.00510285117362 -0.00849283293569 -2.91149833935e-05 1.3025004794e-05
BPM.11R8.B2 23759.02827 0.00274854852898 -0.00951907465999 9.49469499437e-06 3.04496923731e-05
BPM.12R8.B2 23813.75476 0.00241656192447 -0.00960872155404 3.06126369732e-05 -8.95540751757e-06
BPM.13R8.B2 23867.20624 -4.57251682519e-05 -0.00990783581854 -1.08452196464e-05 -2.99952353551e-05
BPM.14R8.B2 23920.65773 0.000754021876974 -0.00987920808637 -2.98718934451e-05 1.11804733641e-05
BPM.15R8.B2 23974.10921 -0.00131287354815 -0.00982057353117 1.20728680887e-05 2.95225124226e-05
BPM.16R8.B2 24027.56069 -0.00051594283248 -0.00989449869284 2.93853887948e-05 -1.24028886529e-05
BPM.17R8.B2 24081.01218 -0.00255842106199 -0.00957192682189 -1.32801411896e-05 -2.89994930111e-05
BPM.18R8.B2 24134.46366 -0.00177751951301 -0.00974719066012 -2.88488921061e-05 1.3604199072e-05
BPM.19R8.B2 24187.91515 -0.00376188563805 -0.00916599791748 1.44647575797e-05 2.84271620071e-05
BPM.20R8.B2 24241.36663 -0.0030098003729 -0.00943972473759 2.82632986228e-05 -1.47823788436e-05
BPM.21R8.B2 24294.81811 -0.00490357299508 -0.00860942932319 -1.56248510286e-05 -2.78064168146e-05
BPM.22R8.B2 24348.2696 -0.00419270129342 -0.00897711296993 -2.76296332845e-05 1.59353710575e-05
BPM.23R8.B2 24401.72108 -0.00596464185639 -0.00791140625203 1.67582456063e-05 2.71384215661e-05
BPM.24R8.B2 24455.17257 -0.00530406517111 -0.0083668510799 2.69881660444e-05 -1.9636072904e-05
BPM.25R8.B2 24508.62405 -0.00692518488564 -0.00708372209099 -2.04380423298e-05 -2.63860357205e-05
BPM.26R8.B2 24562.07554 -0.00633085527126 -0.00761955220848 -2.61554386949e-05 2.07323226194e-05
BPM.27R8.B2 24615.52702 -0.00777446810215 -0.00613962132523 2.15087499051e-05 2.55207743973e-05
BPM.28R8.B2 24668.9785 -0.00725099376002 -0.00674691870458 2.53173644516e-05 -2.43681704933e-05
BPM.29R8.B2 24722.42999 -0.00849347593514 -0.0050949670268 -2.51177957194e-05 -2.45738318929e-05
BPM.30R8.B2 24775.88147 -0.00805454285507 -0.00576386691565 -2.42909528892e-05 2.5391468932e-05
BPM.31R8.B2 24829.33296 -0.00907546502696 -0.00396658001682 2.61097834195e-05 2.35171412056e-05
BPM.32R8.B2 24882.78444 -0.00872570725251 -0.00468613437933 2.32230390925e-05 -2.63717168029e-05
BPM.33R8.B2 24936.23592 -0.00950833379006 -0.00277297872013 -2.70575006845e-05 -2.24202626226e-05
BPM.34R8.B2 24989.68741 -0.00925350095248 -0.00353136554199 -2.21158060097e-05 2.73069180764e-05
BPM.33L1.B2 25043.13889 -0.00978494622637 -0.00153383499914 2.79590350061e-05 2.12854165254e-05
BPM.32L1.B2 25096.59038 -0.00962922449198 -0.00231858968313 2.09707182505e-05 -2.81958371035e-05
BPM.31L1.B2 25150.04186 -0.00990076807095 -0.000269470070989 -2.8813135288e-05 -2.01141703386e-05
BPM.30L1.B2 25203.49334 -0.00984671742419 -0.00106769772622 -1.97902010772e-05 2.90366023689e-05
BPM.29L1.B2 25256.94483 -0.00985389194018 0.000999317826757 2.96180760074e-05 1.89088891466e-05
BPM.28L1.B2 25310.39631 -0.00990240016408 0.000200732268611 1.85757445495e-05 -2.98281504412e-05
BPM.27L1.B2 25363.8478 -0.0096450904856 0.00225167758847 -3.03727422504e-05 -1.76712511289e-05
BPM.26L1.B2 25417.29928 -0.00979278860665 0.00146602505373 -1.72906958513e-05 2.79939784873e-05
BPM.25L1.B2 25470.75077 -0.00927524011942 0.00346667836878 2.85008330839e-05 1.64418376658e-05
BPM.24L1.B2 25524.20225 -0.00952478197588 0.00270674463454 1.6121374726e-05 -2.86833155904e-05
BPM.23L1.B2 25577.65373 -0.00875555825787 0.00462473110232 -2.91546961234e-05 -1.5252390655e-05
BPM.22L1.B2 25631.10522 -0.00909769011662 0.00390313388315 -1.48856195398e-05 2.6748933386e-05
BPM.21L1.B2 25684.5567 -0.00808943155435 0.00570644519128 2.71840886747e-05 1.40752404795e-05
BPM.20L1.B2 25738.00819 -0.00852361965918 0.00503491087597 1.37697077317e-05 -2.73401163388e-05
BPM.19L1.B2 25791.45967 -0.00729297617913 0.00669439452655 -2.77414449558e-05 -1.29421455158e-05
BPM.18L1.B2 25844.91115 -0.00780949309193 0.00608393270936 -1.26305810768e-05 2.78846829532e-05
BPM.17L1.B2 25898.36264 -0.00637663803063 0.00757237789496 2.82515711044e-05 1.17870956495e-05
BPM.16L1.B2 25951.81412 -0.00696702080024 0.00703299656074 1.1469768035e-05 -2.83818902007e-05
BPM.15L1.B2 26005.26561 -0.00535556493922 0.00832588396259 -2.87136562487e-05 -1.06119342123e-05
BPM.14L1.B2 26058.71709 -0.00601007801033 0.00786647201138 -1.02896141279e-05 2.88307308164e-05
BPM.13L1.B2 26112.16857 -0.00424642231532 0.00894261243047 2.91268612451e-05 9.41876209876e-06
BPM.12L1.B2 26165.62006 -0.00606722568093 0.00782247992201 1.14062554923e-05 -2.84074705502e-05
BPM.11L1.B2 26219.07154 -0.00672854778757 0.00726147810301 -2.80976891292e-05 -1.21493586505e-05
BPM.10L1.B2 26271.85423 -0.00718207254324 0.00681324104452 -7.33157440877e-06 2.97209528386e-05
BPM.9L1.B2 26310.92122 -0.00553154129198 0.00821002256315 2.93156532396e-05 8.81359990971e-06
BPM.8L1.B2 26351.38621 -0.00972651154019 0.00184320178525 -7.30069607258e-06 -2.97285518985e-05
BPM.7L1.B2 26390.4542 -0.00803101880581 0.00578836388698 -3.02361142723e-05 4.78165619461e-06
BPMR.6L1.B2 26433.6382 -0.00526467076104 0.00838365441421 4.25901654939e-06 3.03141517015e-05
BPM.5L1.B2 26465.5382 0.0032917860281 0.00933630356737 2.98693102345e-05 6.7015995357e-06
BPMYA.4L1.B2 26486.6562 0.00525169911062 0.0083917862213 3.04063664712e-05 -3.54115663501e-06
BPMWB.4L1.B2 26507.7127 0.00623446439375 0.00768985521917 2.91257072855e-05 -9.42232975673e-06
BPMSY.4L1.B2 26600.5687 0.00649247730002 0.00747329633096 2.45688333306e-05 -1.82608702268e-05
BPMS.2L1.B2 26627.3542 0.0065911750184 0.00738639469739 2.33185006178e-05 -1.98320232341e-05
BPMSW.1L1.B2 26637.4082 0.00663261688005 0.00734920502742 2.239338364e-05 -2.08717705204e-05
