BPMSW.1R1.B2 21.475 -0.00515429376902 -0.00860474181592 -5.38295940017e-05 -2.34113714316e-05
BPMS.2R1.B2 31.529 -0.00510581419666 -0.00863359642595 -5.48382929068e-05 -2.09399087818e-05
BPMSY.4R1.B2 58.3145 -0.00499068027075 -0.00870065730756 -5.6093104371e-05 -1.73001294625e-05
BPMWB.4R1.B2 151.1705 -0.00469175557883 -0.00886542479363 -5.86787619769e-05 1.59227187574e-06
BPMYA.4R1.B2 172.227 -0.00357726526234 -0.00937077907329 -5.72328595391e-05 1.30434806694e-05
BPMR.5R1.B2 199.635 -0.000642260899097 -0.0100097866173 -4.50651871361e-05 3.76146422509e-05
BPM.6R1.B2 231.535 0.0085752918826 -0.00520314293915 3.03090815936e-05 5.02701968082e-05
BPMRA.7R1.B2 259.259 0.00963036710631 -0.00280434601045 5.82832019586e-05 6.9857066227e-06
BPM.8R1.B2 300.6960106 0.00966531940334 -0.00268140411661 1.73948425552e-05 -5.60638150377e-05
BPM.9R1.B2 339.7610212 0.00884829795538 -0.0047239761262 -5.83011970673e-05 -6.83394880974e-06
BPM.10R1.B2 380.2240318 0.0064265485112 -0.00770115585272 8.33296757664e-06 5.81058880077e-05
BPM.11R1.B2 433.0047424 0.00955872855976 -0.00303957818681 5.26123052615e-05 -2.60322489818e-05
BPM.12R1.B2 487.7282583 0.00812345271796 -0.00588369298665 -2.32766436194e-05 -5.38881244934e-05
BPM.13R1.B2 541.1767742 0.0078254657913 -0.00627458463605 -5.55882968446e-05 1.88593027595e-05
BPM.14R1.B2 594.6252901 0.00635268754838 -0.00776219608651 2.05155420456e-05 5.49985865474e-05
BPM.15R1.B2 648.073806 0.00695837538031 -0.00722421893533 5.47677743386e-05 -2.11239918864e-05
BPM.16R1.B2 701.5223219 0.00530753589104 -0.0085110745474 -2.27534329218e-05 -5.41111207957e-05
BPM.17R1.B2 754.9708378 0.00597703900413 -0.00805501905047 -5.38553851648e-05 2.33522997791e-05
BPM.18R1.B2 808.4193537 0.00417523137851 -0.00912007511665 2.49535533122e-05 5.31324045492e-05
BPM.19R1.B2 861.8678696 0.00489760185935 -0.00875338924099 5.28524768853e-05 -2.55410996994e-05
BPM.20R1.B2 915.3163855 0.00297425651463 -0.00957925494864 -2.71112991102e-05 -5.20644777191e-05
BPM.21R1.B2 968.7649014 0.00373756821069 -0.00930800252624 -5.17605631766e-05 2.76871192184e-05
BPM.22R1.B2 1022.213417 0.00172449180526 -0.00988101488752 2.92237036615e-05 5.090881308e-05
BPM.23R1.B2 1075.661933 0.00251626113993 -0.00970962187904 5.05816325384e-05 -2.97864095268e-05
BPM.24R1.B2 1129.110449 0.000396689572074 -0.0100109494947 -3.12370586853e-05 8.80569904331e-07
BPM.25R1.B2 1182.558965 0.00120328657729 -0.00994628442126 1.22693779192e-06 3.12253743531e-05
BPM.26R1.B2 1236.007481 -0.000887115529782 -0.00997945381525 3.11746702346e-05 -2.16083450496e-06
BPM.27R1.B2 1289.455997 -7.89269510638e-05 -0.010018495043 -2.50642330283e-06 -3.11487895463e-05
BPM.28R1.B2 1342.904513 -0.00220605378625 -0.00977450738552 -3.10102035435e-05 5.39855111965e-05
BPM.29R1.B2 1396.353029 -0.00141000815571 -0.00992066252686 5.43261137684e-05 3.04095696191e-05
BPM.30R1.B2 1449.801545 -0.00343823748521 -0.00941202374439 2.87700825866e-05 -5.52118713409e-05
BPM.31R1.B2 1503.25006 -0.00266755411208 -0.00965876922995 -5.55274990378e-05 -2.81560778192e-05
BPM.32R1.B2 1556.698576 -0.00461400770438 -0.00889486373887 -2.64819210371e-05 5.63451555898e-05
BPM.33R1.B2 1610.147092 -0.00388110546088 -0.00923821889591 5.66354025531e-05 2.58553549723e-05
BPM.34R1.B2 1663.595608 -0.00571390007983 -0.00823158634685 2.41487064228e-05 -5.73838716261e-05
BPM.33L2.B2 1717.044124 -0.00503103957282 -0.00866581264481 -5.76481050362e-05 -2.351094671e-05
BPM.32L2.B2 1770.49264 -0.00671995919366 -0.00743302202232 -2.17754905036e-05 5.8325777214e-05
BPM.31L2.B2 1823.941156 -0.00609817279885 -0.0079510978158 5.85637289493e-05 2.1127200432e-05
BPM.30L2.B2 1877.389672 -0.00761556565613 -0.00651235961757 1.93648863174e-05 -5.91698268292e-05
BPM.29L2.B2 1930.838188 -0.00706522391028 -0.00710565121062 -5.9380898836e-05 -1.87076752652e-05
BPM.28L2.B2 1984.286704 -0.00838606745097 -0.00548466412471 -1.69225729026e-05 5.991405659e-05
BPM.27L2.B2 2037.73522 -0.00791609316365 -0.00614354433414 6.00980955458e-05 1.62569143548e-05
BPM.26L2.B2 2091.183735 -0.00906841801307 -0.00435742306824 1.4500842985e-05 -1.00096677817e-05
BPM.25L2.B2 2144.632251 -0.00868721074207 -0.00507500842846 -1.01698702517e-05 -1.43889455886e-05
BPM.24L2.B2 2198.080767 -0.00955131891574 -0.00316158948091 -1.40781812406e-05 1.0595894692e-05
BPM.23L2.B2 2251.529283 -0.00926503169093 -0.00392205670412 1.07513593501e-05 1.39598097047e-05
BPM.22L2.B2 2304.977799 -0.00992694606006 -0.00190435928324 1.36814547557e-05 3.93842779503e-05
BPM.21L2.B2 2358.426315 -0.00974089014112 -0.00269924093988 3.92300762067e-05 -1.41175361253e-05
BPM.20L2.B2 2411.874831 -0.010088996638 -0.000618861208871 -1.52852857147e-05 -3.87899922477e-05
BPM.19L2.B2 2465.323347 -0.0100061520699 -0.00143100075579 -3.86181697431e-05 1.57143599156e-05
BPM.18L2.B2 2518.771863 -0.010085275453 0.000676802342525 1.68629295385e-05 3.81306361833e-05
BPM.17L2.B2 2572.220379 -0.0101069998743 -0.000139269470366 3.7941205756e-05 -1.72849176093e-05
BPM.16L2.B2 2625.668894 -0.00991584484499 0.00196134224202 -1.84126638169e-05 -3.74069182983e-05
BPM.15L2.B2 2679.11741 -0.0100417817339 0.00115475624006 -3.72005031297e-05 1.88261980277e-05
BPM.14L2.B2 2732.565926 -0.0095834854778 0.00321366590288 1.99309824858e-05 3.66204788084e-05
BPM.13L2.B2 2786.014442 -0.0098115661492 0.0024298173002 3.63971128909e-05 -2.03360195927e-05
BPM.12L2.B2 2839.462958 -0.0089918498417 0.00461708553222 -2.09348573827e-05 -3.60560030516e-05
BPM.11L2.B2 2892.911474 -0.00970885374441 0.00281229467812 -3.7906722429e-05 1.73604149321e-05
BPM.10L2.B2 2944.750185 -0.00944860585425 0.0035909176873 1.00038207945e-05 4.04750216776e-05
BPM.9L2.B2 2983.815195 -0.00853810733623 0.00541032028538 4.1663623654e-05 -1.56394616728e-06
BPM.8L2.B2 3024.278206 -0.00577225663467 0.00829770424383 -3.05993154882e-05 -2.83193480054e-05
BPM.7L2.B2 3063.344216 -0.0100052514205 -0.00143728440862 -2.38819352909e-05 3.41753832713e-05
BPM.6L2.B2 3095.450216 -0.00982071947305 -0.00239255332857 -5.36949607503e-06 4.13457570318e-05
BPMYB.5L2.B2 3167.649216 -0.0101066791405 0.000160869997548 4.09580081356e-05 7.79390183541e-06
BPMYB.4L2.B2 3188.219216 -0.00988547000445 0.00210910529802 3.78191650253e-05 -1.75503542678e-05
BPMWB.4L2.B2 3212.610716 -0.0101056042014 0.000218188290092 8.57872938249e-06 -4.08008459173e-05
BPMSX.4L2.B2 3262.843716 -0.00865824964584 0.00521589450576 -4.15277132844e-05 3.70845928546e-06
BPMS.2L2.B2 3300.755216 -0.00865172895337 0.00522670342596 -2.94192038159e-05 2.954340761e-05
BPMSW.1L2.B2 3310.689216 -0.00884190044227 0.00489812607543 -2.07924388522e-05 3.61383208963e-05
BPMSW.1R2.B2 3353.879216 -0.00884190255509 0.00489812226724 -3.22619477286e-05 -2.64096717882e-05
BPMS.2R2.B2 3363.813216 -0.008651730762 0.0052267004785 -3.7987500866e-05 -1.71829470867e-05
BPMSX.4R2.B2 3401.724716 -0.00865825178265 0.00521589096025 -4.01416309389e-05 1.12673483805e-05
BPMWB.4R2.B2 3451.881716 -0.0101056402684 0.000216511395206 2.23856022378e-05 3.51736904828e-05
BPMYB.4R2.B2 3476.349216 -0.00989466360711 0.00206554458836 4.158356078e-05 3.01856762522e-06
BPM.5R2.B2 3505.883216 -0.00915420421558 -0.00428618566432 2.08474417546e-05 -3.61066184236e-05
BPMR.6R2.B2 3579.179216 -0.00840475872194 -0.00561523577731 -3.47995409154e-05 -2.2962883262e-05
BPM_A.7R2.B2 3592.054216 -0.00863607215854 -0.00525253271147 -3.83303097983e-05 -1.64039563579e-05
BPM.8R2.B2 3633.493206 -0.0099851332155 -0.00157097328212 -3.25908685931e-05 2.60026746261e-05
BPM.9R2.B2 3672.560195 -0.00624450114341 0.00794839907549 3.66775049807e-05 1.9825848514e-05
BPM.10R2.B2 3713.025185 -0.0056426886707 0.00838635242214 3.15394517414e-05 -2.72684195881e-05
BPM.11R2.B2 3764.865874 -0.0049932280337 0.00878854460223 -2.40844567837e-05 -3.40329660875e-05
BPM.12R2.B2 3819.592358 -0.00553871724761 0.00845538016331 -3.17745415609e-05 2.69941159945e-05
BPM.13R2.B2 3873.043842 -0.00270698288782 0.0097387415019 3.02542979825e-05 2.86876436081e-05
BPM.14R2.B2 3926.495326 -0.00348403718271 0.00948853662766 2.83471330819e-05 -3.05735762413e-05
BPM.15R2.B2 3979.94681 -0.00143878905825 0.0100050351547 -3.14114056809e-05 -2.74158203284e-05
BPM.16R2.B2 4033.398294 -0.00224161447004 0.00985626739483 -2.70621985825e-05 3.17165728636e-05
BPM.17R2.B2 4086.849779 -0.000147004681195 0.0101068903241 3.2515305132e-05 2.60970933864e-05
BPM.18R2.B2 4140.301263 -0.000962273880852 0.0100620510531 2.57311401393e-05 -3.28056708309e-05
BPM.19R2.B2 4193.752747 0.0011470929513 0.0100426600135 -3.35638990938e-05 -2.47339457205e-05
BPM.20R2.B2 4247.204231 0.000332797781521 0.0101024793017 -2.43563390352e-05 3.38389182145e-05
BPM.21R2.B2 4300.655715 0.0024224454254 0.00981338883964 3.45553944565e-05 2.33286981551e-05
BPM.22R2.B2 4354.107199 0.00162247925431 0.00997689347876 2.29401008684e-05 -3.4814584924e-05
BPM.23R2.B2 4407.558683 0.00365788700078 0.00942288199176 -3.54880646136e-05 -2.18838002573e-05
BPM.24R2.B2 4461.010167 0.00287246811391 0.00968654754738 -2.16827576924e-05 4.87221738689e-05
BPM.25R2.B2 4514.461651 0.00482047933442 0.00887937247261 4.93515982605e-05 2.02092057047e-05
BPM.26R2.B2 4567.913135 0.00408806532813 0.00923948041397 1.96551150124e-05 -4.95748791658e-05
BPM.27R2.B2 4621.36462 0.00591672667025 0.00818978765914 -5.01430230786e-05 -1.81568093115e-05
BPM.28R2.B2 4674.816104 0.00522346848419 0.00863978056624 -1.77916640615e-05 6.33344385726e-05
BPM.29R2.B2 4728.267588 0.00690300761404 0.0073674226886 6.3840345401e-05 1.58809719334e-05
BPM.30R2.B2 4781.719072 0.00628582794498 0.00790055683299 1.51649537733e-05 -6.40142057086e-05
BPM.31R2.B2 4835.170556 0.00778873500767 0.00642386473795 -6.44409487167e-05 -1.3234753626e-05
BPM.32R2.B2 4888.62204 0.00724486161479 0.00703152980476 -1.25116400684e-05 6.45852405049e-05
BPM.33R2.B2 4942.073524 0.00854655724537 0.00537464328833 6.49319463617e-05 1.05658243743e-05
BPM.34R2.B2 4995.525008 0.0080848639344 0.00604693363468 9.83797746801e-06 -6.50462009253e-05
BPM.33L3.B2 5048.976492 0.00916387478964 0.00423719602376 -6.53124325677e-05 -7.87910419225e-06
BPM.32L3.B2 5102.427976 0.0087919960447 0.00496298667714 -7.14651189663e-06 6.53966497329e-05
BPM.31L3.B2 5155.87946 0.0096306435812 0.00303003884556 6.55818139107e-05 5.17882513547e-06
BPM.30L3.B2 5209.330945 0.00935465862394 0.00379747195519 4.44405847851e-06 -6.56356958703e-05
BPM.29L3.B2 5262.782429 0.00993913296038 0.0017731517944 -6.57395949716e-05 -2.46983370739e-06
BPM.28L3.B2 5316.233913 0.00976359481336 0.00256956173988 -1.73278816558e-06 6.57631520854e-05
BPM.27L3.B2 5369.685397 0.010084303467 0.000487088034734 6.57855219134e-05 -2.43409692268e-07
BPM.26L3.B2 5423.136881 0.00999911731811 0.00129860214395 -1.17824854145e-06 -5.27874756598e-05
BPM.25L3.B2 5476.588365 0.0100508988313 -0.000805076001541 -5.27282261303e-05 2.76385596271e-06
BPM.24L3.B2 5530.039849 0.0100830867094 8.77814552498e-06 3.35466466958e-06 5.26939500837e-05
BPM.23L3.B2 5583.491333 0.00986532814751 -0.00208423012922 5.2569394548e-05 -4.93602028877e-06
BPM.22L3.B2 5636.942817 0.00998839124147 -0.00128200872204 -5.72259704645e-06 -3.95196461931e-05
BPM.21L3.B2 5690.394301 0.00950477742453 -0.00332726796171 -3.93298578679e-05 6.90746972876e-06
BPM.20L3.B2 5743.845786 0.00974232019064 -0.00254925544657 7.34778198962e-06 3.9249971499e-05
BPM.19L3.B2 5797.29727 0.00900104608254 -0.00451582499656 3.90115311222e-05 -8.52352276676e-06
BPM.18L3.B2 5850.748754 0.00933615366159 -0.00377461796078 -8.959982189e-06 -3.89136077509e-05
BPM.17L3.B2 5904.200238 0.00834937820599 -0.00563022109294 -3.86268184893e-05 1.01251714879e-05
BPM.16L3.B2 5957.651722 0.00877657298453 -0.00493794214194 1.05573922093e-05 3.85109333253e-05
BPM.15L3.B2 6011.103206 0.0075605443584 -0.00665204291841 3.8176406171e-05 -1.17094912996e-05
BPM.14L3.B2 6064.55469 0.00807276003723 -0.00602013715586 -1.21364166464e-05 -3.80428372973e-05
BPM.13L3.B2 6118.006174 0.00664741798705 -0.00756461103136 -3.76610050018e-05 1.32739949079e-05
BPM.12L3.B2 6171.457658 0.00819160144639 -0.0058574031528 1.03823480563e-05 3.85584859917e-05
BPM.11L3.B2 6224.909142 0.00874493128841 -0.00499376438284 3.8978466222e-05 -8.67350164437e-06
BPM.10L3.B2 6277.691832 0.0100206765361 -0.00099877308661 -5.52540626821e-06 -3.95476913071e-05
BPM.9L3.B2 6316.758821 0.00971064820879 -0.00266736150103 -3.37790915836e-05 -2.12960820809e-05
BPM.8L3.B2 6357.223811 0.00902910871684 -0.00445945083409 -3.69275620225e-05 1.51955768826e-05
BPM.7L3.B2 6396.2898 0.00632205544083 -0.00783856625644 -3.31458938818e-06 3.97940158679e-05
BPMR.6L3.B2 6468.9288 -0.00226438878831 -0.00981244360232 3.66378357861e-05 -1.58814023573e-05
BPMWE.5L3.B2 6511.9823 -0.00247090121314 -0.00976248703741 2.02262514951e-05 -3.44303523696e-05
BPMW.5L3.B2 6539.5273 0.00061432221711 -0.0100515727231 2.83910674854e-06 -3.98307639628e-05
BPMWE.4L3.B2 6614.6553 -0.00289645146352 -0.0096447952229 -3.72722952862e-05 -1.43292062653e-05
BPMW.4L3.B2 6642.2003 -0.00918554189745 -0.00412762958479 -3.22293020349e-05 2.35758846068e-05
BPMW.4R3.B2 6687.1653 -0.00986484204037 -0.00202395588379 -1.09457499185e-05 3.84023558673e-05
BPMWE.4R3.B2 6714.7103 -0.00930060339788 -0.00386138348237 4.16698657819e-06 3.97138045228e-05
BPMW.5R3.B2 6789.8383 -0.00985871694866 -0.00205358372116 3.74366575839e-05 1.38941292315e-05
BPMWE.5R3.B2 6817.3833 -0.00986054344782 0.00204479557291 3.87906944718e-05 -9.47797373055e-06
BPMWC.6R3.B2 6858.3743 -0.00961976597114 0.00297852457396 2.53602587787e-05 -3.08448918726e-05
BPM.6R3.B2 6870.5288 -0.00988405431506 0.00192794613005 1.79593419444e-05 -3.5665284203e-05
BPM_A.7R3.B2 6926.3528 -0.00983845643393 0.00214855323248 -2.44891414452e-05 -3.15409629326e-05
BPM.8R3.B2 6965.418789 -0.00943666354409 -0.00351580533513 -3.30940348139e-05 2.23458097012e-05
BPM.9R3.B2 7004.485779 -0.00210309459992 -0.00984827391334 2.76136013386e-05 2.88450886447e-05
BPM.10R3.B2 7044.950768 -0.00322412219892 -0.00954025900935 3.99307004429e-05 -2.99734883809e-07
BPM.11R3.B2 7097.733458 -0.00608397746855 -0.00802475695167 7.7144306075e-06 -3.91795583699e-05
BPM.12R3.B2 7152.459942 -0.00831766383498 -0.00567696876785 -3.99192899619e-05 1.00040524882e-06
BPM.13R3.B2 7205.911426 -0.00736788964193 -0.00686481669018 3.55504075394e-06 3.97732564018e-05
BPM.14R3.B2 7259.36291 -0.00863220812104 -0.0051861824987 3.96485315057e-05 -4.74809987956e-06
BPM.15R3.B2 7312.814394 -0.00818547131445 -0.00586596670469 -5.19210205364e-06 -3.95928383965e-05
BPM.16R3.B2 7366.265878 -0.00922474657284 -0.00403925199494 -3.94189909415e-05 6.37915164719e-06
BPM.17R3.B2 7419.717362 -0.00886862870194 -0.00477063213164 6.82031300522e-06 3.93450535929e-05
BPM.18R3.B2 7473.168846 -0.00966567453794 -0.0028259939378 3.91223635946e-05 -7.9994196223e-06
BPM.19R3.B2 7526.62033 -0.0094060537771 -0.00359689564826 -8.43733078752e-06 -3.90302699025e-05
BPM.20R3.B2 7580.071814 -0.00994778035836 -0.0015662604866 -3.87591970059e-05 9.60598657249e-06
BPM.21R3.B2 7633.523299 -0.00978890850555 -0.00236405927482 1.003955066e-05 3.86491642658e-05
BPM.22R3.B2 7686.974783 -0.0100664120213 -0.000280811295172 3.83300525463e-05 -1.11963244042e-05
BPM.23R3.B2 7740.426267 -0.0100109058136 -0.00109236933213 -1.16251523106e-05 -3.82021751844e-05
BPM.24R3.B2 7793.877751 -0.0100417723648 0.00101348594566 -3.78111409365e-05 3.53046744893e-05
BPM.25R3.B2 7847.329235 -0.0100908110725 0.000199694473018 3.57260880539e-05 3.74132228739e-05
BPM.26R3.B2 7900.780719 -0.0098296114775 0.0022897782001 3.63227856519e-05 -3.683418653e-05
BPM.27R3.B2 7954.232203 -0.00998235558957 0.0014889334735 -3.72388374056e-05 -3.59078185408e-05
BPM.28R3.B2 8007.683687 -0.00947807354372 0.00353265475625 -3.47485437515e-05 6.08379638081e-05
BPM.29R3.B2 8061.135171 -0.00973227147036 0.00275616032556 6.12235343249e-05 3.40646086983e-05
BPM.30R3.B2 8114.586655 -0.00894826737946 0.00471614658637 3.22094402e-05 -6.22195385831e-05
BPM.31R3.B2 8168.03814 -0.00929973385524 0.00397850197476 -6.25764417075e-05 -3.15104399645e-05
BPM.32R3.B2 8221.489624 -0.00827143742251 0.005822100199 -2.96166105767e-05 6.34946794918e-05
BPM.33R3.B2 8274.941108 -0.00871434312425 0.00513553811607 6.38225787529e-05 2.89032347499e-05
BPM.34R3.B2 8328.392592 -0.00745865522726 0.00683242196278 2.69723547544e-05 -6.46622771534e-05
BPM.33L4.B2 8381.844076 -0.00798580571275 0.00620809429987 -6.49603663744e-05 -2.62463321647e-05
BPM.32L4.B2 8435.29556 -0.00652334387641 0.00773042769898 -2.42831825317e-05 6.57194465846e-05
BPM.31L4.B2 8488.747044 -0.00712595985363 0.0071787341451 6.59874394497e-05 2.35452141152e-05
BPM.30L4.B2 8542.198528 -0.00548079277716 0.00850143742336 2.15518136967e-05 -6.66651216988e-05
BPM.29L4.B2 8595.650012 -0.00614912190013 0.00803130298495 -6.69023682451e-05 -2.08036614907e-05
BPM.28L4.B2 8649.101496 -0.00434822355045 0.0091327148044 -1.87845284185e-05 6.74971142311e-05
BPM.27L4.B2 8702.55298 -0.00507110141239 0.00875199738608 6.77033675809e-05 1.80270123425e-05
BPM.26L4.B2 8756.004465 -0.00316627735619 0.00961817556125 1.60095142885e-05 -4.56771925931e-05
BPM.25L4.B2 8809.455949 -0.00393228841952 0.00933122292068 -4.58536893066e-05 -1.54967746166e-05
BPM.24L4.B2 8862.907433 -0.00190986221472 0.00994419628479 -1.41122347762e-05 4.62985447854e-05
BPM.23L4.B2 8916.358917 -0.00270619841367 0.00975761772274 4.64537594032e-05 1.35926091434e-05
BPM.22L4.B2 8969.810401 -0.000644139799392 0.0101110454221 1.22156026193e-05 -2.4303852406e-05
BPM.21L4.B2 9023.261885 -0.00145814589961 0.0100260643363 -2.44391912196e-05 -1.19425316996e-05
BPM.20L4.B2 9076.713369 0.000654607463278 0.0101103731217 -1.1202906431e-05 2.47869518268e-05
BPM.19L4.B2 9130.164853 -0.000163524285181 0.0101302228707 2.49109098801e-05 1.0924493658e-05
BPM.18L4.B2 9183.616337 0.0019426336581 0.00994355721641 1.01711647455e-05 -2.5227874565e-05
BPM.17L4.B2 9237.067821 0.00113370706796 0.0100679125891 -2.53402494973e-05 -9.88785898829e-06
BPM.16L4.B2 9290.519306 0.00319870483084 0.00961334712684 -9.12207159118e-06 2.56258849837e-05
BPM.15L4.B2 9343.97079 0.00241238624315 0.00984014980661 2.57264746804e-05 8.83440435242e-06
BPM.14L4.B2 9397.422274 0.00440224001278 0.00912515415859 8.05752950272e-06 -2.59802634417e-05
BPM.13L4.B2 9450.873758 0.00365134774356 0.00945070448461 -2.60689207402e-05 -7.76592123956e-06
BPM.12L4.B2 9504.325242 0.00635432261315 0.00789118113595 -8.4507002277e-06 2.58550488144e-05
BPM.11L4.B2 9557.776726 0.0060681540027 0.00811330158438 2.41151496786e-05 1.25840198517e-05
BPMC.10L4.B2 9609.617415 0.0070273255108 0.00729827732086 1.58244194454e-05 -2.21243330122e-05
BPMC.9L4.B2 9648.684405 0.00767716734937 0.00661129768568 -1.88325176558e-05 -1.96273871225e-05
BPMC.8L4.B2 9689.149394 0.00934365597456 0.00391717355737 -5.52156875933e-07 2.71954637721e-05
BPMC.7L4.B2 9728.215384 0.00303824963051 0.00966525709857 2.71108038795e-05 -2.21403443812e-06
BPMYA.6L4.B2 9824.819384 0.0044283673747 0.00911250338801 5.52194158673e-06 -2.66346803255e-05
BPMYB.5L4.B2 9861.819384 0.00441194089677 0.00912046781268 -1.84881915706e-06 -2.71381650739e-05
BPMWA.B5L4.B2 9964.209884 0.00841736619407 0.00563880323842 -2.43904264507e-05 -1.2041810159e-05
BPMWA.A5L4.B2 9973.094884 0.00861256182049 0.00533590990222 -2.54103287032e-05 -9.70635163772e-06
BPMWA.A5R4.B2 10021.14388 0.00916004235439 0.00432917771124 -2.70448853941e-05 2.910724498e-06
BPMWA.B5R4.B2 10030.02888 0.00918667647769 0.00427236830086 -2.6721672182e-05 5.08431364159e-06
BPMYA.5R4.B2 10132.49538 0.0083729884923 0.00570449115735 -1.44534099782e-05 2.3043371652e-05
BPMYB.6R4.B2 10164.05938 0.0085139612734 0.00549186844897 -9.14522521655e-06 2.5617630311e-05
BPMCA.7R4.B2 10260.57538 0.00608503228475 0.00810065044845 2.64736018518e-05 6.24871862035e-06
BPMC.8R4.B2 10298.36637 0.00370995762863 0.00942785076182 4.55122460869e-06 -2.68176113424e-05
BPMC.9R4.B2 10337.43336 0.00894013036853 0.00476678346289 -2.64765723637e-05 6.23612310552e-06
BPMC.10R4.B2 10377.89835 0.00911985634993 0.00441320470586 -1.09800428381e-06 2.71789017446e-05
BPM.11R4.B2 10429.73904 0.0100670136576 0.0011416618015 2.69672982739e-05 3.55852666891e-06
BPM.12R4.B2 10484.46553 0.0101008263986 0.00078832840211 4.8398781008e-06 -2.67670241527e-05
BPM.13R4.B2 10537.91701 0.0100420698267 -0.00134349886473 -2.69058922326e-05 -3.99638717261e-06
BPM.14R4.B2 10591.36849 0.0101177435312 -0.000528603290011 -3.69462274409e-06 2.6948982172e-05
BPM.15R4.B2 10644.81998 0.0097876921233 -0.00261710498784 2.70478090733e-05 2.88337594416e-06
BPM.16R4.B2 10698.27146 0.00996698951164 -0.00181859168293 2.58020779617e-06 -2.7078417452e-05
BPM.17R4.B2 10751.72295 0.00937246973216 -0.00384772227748 -2.71437146879e-05 -1.76546499561e-06
BPM.18R4.B2 10805.17443 0.00965245050548 -0.00307869368369 -1.46117945748e-06 2.71617951108e-05
BPM.19R4.B2 10858.62591 0.00880324423645 -0.00501508190455 2.71934265675e-05 6.44539668397e-07
BPM.20R4.B2 10912.0774 0.00917929443199 -0.00428820583824 3.3987313141e-07 -2.71989407061e-05
BPM.21R4.B2 10965.52888 0.00808933604588 -0.00610006540765 -2.7196879906e-05 4.774816498e-07
BPM.22R4.B2 11018.98037 0.00855529813685 -0.00542724879227 7.82213022293e-07 2.71898123686e-05
BPM.23R4.B2 11072.43185 0.00724252839734 -0.00708476802348 2.71540488557e-05 -1.59868527546e-06
BPM.24R4.B2 11125.88333 0.00774211164101 -0.00648015016988 -2.64505713533e-06 2.15636473231e-05
BPM.25R4.B2 11179.33482 0.00622851611107 -0.00794595657358 2.16333794179e-05 1.99605067032e-06
BPM.26R4.B2 11232.7863 0.00684951694193 -0.00741732812213 1.75356881263e-06 -2.16543867597e-05
BPM.27R4.B2 11286.23779 0.00516081307121 -0.00867747931511 -2.16972921936e-05 -1.10218292964e-06
BPM.28R4.B2 11339.68927 0.00579577628737 -0.00823566494813 -1.60105987207e-06 7.04060331509e-05
BPM.29R4.B2 11393.14075 0.00396023286142 -0.00925925243231 7.042235546e-05 -5.14656264074e-07
BPM.30R4.B2 11446.59224 0.00469459400994 -0.00890943247424 -1.3034542152e-06 -7.04121692267e-05
BPM.31R4.B2 11500.04372 0.00274308254876 -0.00968982445879 -7.03412130211e-05 3.41848631522e-06
BPM.32R4.B2 11553.49521 0.00351627021638 -0.0094367920239 4.20650388458e-06 7.02984928602e-05
BPM.33R4.B2 11606.94669 0.00148106781824 -0.0099611062648 7.01403958354e-05 -6.31645695578e-06
BPM.34R4.B2 11660.39818 0.00228015167843 -0.00980908294836 -7.10183170781e-06 -7.00652332012e-05
BPM.33L5.B2 11713.84966 0.00019449179446 -0.0100687324351 -6.98202313323e-05 9.20371995483e-06
BPM.32L5.B2 11767.30114 0.00100658677091 -0.0100201787893 9.98543912912e-06 6.97127210408e-05
BPM.31L5.B2 11820.75263 -0.00109505336743 -0.0100108969638 6.93812637777e-05 -1.2075303339e-05
BPM.30L5.B2 11874.20411 -0.000283552492736 -0.0100666179971 -1.28519040242e-05 -6.9241615705e-05
BPM.29L5.B2 11927.6556 -0.00236682654761 -0.00978853063297 -6.88242529055e-05 1.49263216989e-05
BPM.28L5.B2 11981.10708 -0.00156898902079 -0.00994763657135 1.56964450913e-05 6.86527070669e-05
BPM.27L5.B2 12034.55856 -0.00359949498004 -0.00940536207969 6.8150117712e-05 -1.77520126788e-05
BPM.26L5.B2 12088.01005 -0.0028772677333 -0.00966826599783 -1.92567482303e-05 -1.92491749874e-05
BPM.25L5.B2 12141.46153 -0.00482133223055 -0.0088605187517 -1.86619714301e-05 1.98263396993e-05
BPM.24L5.B2 12194.91302 -0.00409042846768 -0.00922076092139 2.00341789992e-05 1.84386646218e-05
BPM.23L5.B2 12248.3645 -0.00591519485156 -0.0081709550823 1.78284079672e-05 -2.05791329963e-05
BPM.22L5.B2 12301.81598 -0.00528501446251 -0.00862480443383 -2.15199548859e-05 3.11012422148e-05
BPM.21L5.B2 12355.26747 -0.00696004278417 -0.00734005679929 3.17337396602e-05 2.0575847218e-05
BPM.20L5.B2 12408.71895 -0.00634491108402 -0.00787786346179 2.02189343172e-05 -3.1962334139e-05
BPM.19L5.B2 12462.17044 -0.00784186838765 -0.00638934500713 -3.2555342764e-05 -1.92495556243e-05
BPM.18L5.B2 12515.62192 -0.00730058644319 -0.00700143320979 -1.88836979257e-05 3.27689123641e-05
BPM.17L5.B2 12569.07341 -0.00859478880159 -0.00533368866996 3.33214633748e-05 1.7890662584e-05
BPM.16L5.B2 12622.52489 -0.0081362601886 -0.00600998332227 1.75160973717e-05 -3.35198781009e-05
BPM.15L5.B2 12675.97637 -0.0092065030242 -0.00419033787148 -3.40309765734e-05 -1.65011717463e-05
BPM.14L5.B2 12729.42786 -0.0088382557943 -0.00491974225884 -1.61189769508e-05 3.42136609748e-05
BPM.13L5.B2 12782.87934 -0.00966690946536 -0.0029781690224 3.46825058835e-05 1.50837610218e-05
BPM.12L5.B2 12836.33083 -0.00880216681877 -0.00498402334123 1.74410754164e-05 -3.35589759464e-05
BPM.11L5.B2 12889.78231 -0.00833223115933 -0.00573520299213 -3.30887090631e-05 -1.83175656675e-05
BPM.10L5.B2 12942.565 -0.00794571047428 -0.00625973756644 -1.25887364855e-05 3.56639883144e-05
BPM.9L5.B2 12981.63199 -0.00911521319257 -0.00438537546605 3.49874080124e-05 1.43623453632e-05
BPM.8L5.B2 13022.09698 -0.00329463360143 -0.0095636822836 -5.40248515867e-06 -3.74327270639e-05
BPM.7L5.B2 13061.16497 -0.00703432874541 -0.00726889596304 -3.7753946322e-05 2.24404324026e-06
BPMR.6L5.B2 13098.05897 -0.00782485855166 -0.00641016521288 -1.11755253057e-05 3.61317482618e-05
BPMWT.B6L5.B2 13109.36897 -0.00994143608908 -0.00186721126537 1.21333720909e-05 3.58214628787e-05
BPMWT.A6L5.B2 13115.19097 -0.0101035890403 0.000485919626267 2.19920562112e-05 3.07692278758e-05
BPM.5L5.B2 13129.95897 -0.00930453793718 0.00396789657152 3.40064761518e-05 1.65515919697e-05
BPMYA.4L5.B2 13157.36497 -0.00771277362011 0.00654459719816 3.78141496044e-05 -6.97257502711e-07
BPMWB.4L5.B2 13178.42347 -0.00685832807552 0.00743518428141 3.69465547284e-05 -8.08385496237e-06
BPMWT.B4L5.B2 13178.89297 -0.00684705869322 0.00744556355266 3.69209748432e-05 -8.19984400333e-06
BPMWT.A4L5.B2 13180.87497 -0.00680214027747 0.00748662253223 3.68124590111e-05 -8.67406303824e-06
BPMSY.4L5.B2 13271.27947 -0.00660139887937 0.00766421310558 3.24060302954e-05 -1.94998713133e-05
BPMS.2L5.B2 13298.06497 -0.006499009313 0.00775122641459 3.10578798579e-05 -2.15821327467e-05
BPMSW.1L5.B2 13308.11897 -0.00645530858505 0.00778765809977 3.00448600149e-05 -2.29718979097e-05
BPMSW.1R5.B2 13351.06897 -0.00645530630184 0.00778766011194 3.52084622295e-05 -1.3811473333e-05
BPMS.2R5.B2 13361.12297 -0.00649900768421 0.00775122779117 3.45439942664e-05 -1.53979760451e-05
BPMSY.4R5.B2 13387.90847 -0.00660139840448 0.00766421350084 3.34605106762e-05 -1.76292182547e-05
BPMWB.4R5.B2 13480.76447 -0.00685835253754 0.00743516172382 2.60443273411e-05 -2.74242365798e-05
BPMYA.4R5.B2 13501.82097 -0.00771272189806 0.00654465815079 2.01745798489e-05 -3.19903406862e-05
BPMR.5R5.B2 13522.93897 -0.00895616755253 0.00470166908382 8.47425629202e-06 -3.68589543498e-05
BPM.6R5.B2 13554.83897 -0.0092511249155 -0.00409088219749 -3.15059579236e-05 -2.09229708846e-05
BPMRA.7R5.B2 13588.85297 -0.00589665735043 -0.00821876277175 -2.97667943246e-05 2.33309718954e-05
BPM.8R5.B2 13630.28998 -0.00579141708059 -0.0082932573587 1.75727524252e-05 3.34902170065e-05
BPM.9R5.B2 13669.35499 -0.00746005402277 -0.00683126806416 2.97058721136e-05 -2.34084889292e-05
BPM.10R5.B2 13709.818 -0.0094794880058 -0.00352958023415 -3.02385834995e-05 -2.27161626316e-05
BPM.11R5.B2 13762.59871 -0.00609634668457 -0.00807175238126 -1.21571240082e-05 3.58134086475e-05
BPM.12R5.B2 13817.32223 -0.00831996971896 -0.00575297603221 3.5136831749e-05 1.39928153613e-05
BPM.13R5.B2 13870.77074 -0.00859180627067 -0.00533849177449 1.67782930939e-05 -3.38952095029e-05
BPM.14R5.B2 13924.21926 -0.00951277583807 -0.00343885523771 -3.43824240189e-05 -1.57557960827e-05
BPM.15R5.B2 13977.66777 -0.00920424048708 -0.00419530528987 -1.53736644552e-05 3.4554973241e-05
BPM.16R5.B2 14031.11629 -0.00987451733444 -0.00219374949817 3.4999587789e-05 1.43326478663e-05
BPM.17R5.B2 14084.56481 -0.00966528171999 -0.00298344745308 1.39434929233e-05 -3.51564363792e-05
BPM.18R5.B2 14138.01332 -0.0100740179444 -0.000912574316244 -3.55579436216e-05 -1.28852139597e-05
BPM.19R5.B2 14191.46184 -0.00996751946645 -0.00172255191529 -1.24902285939e-05 3.56986013145e-05
BPM.20R5.B2 14244.91035 -0.0101079915242 0.000383584127831 3.60564131226e-05 1.14162575387e-05
BPM.21R5.B2 14298.35887 -0.0101059796518 -0.000433364370957 1.10155553098e-05 -3.61808339349e-05
BPM.22R5.B2 14351.80738 -0.00997588283451 0.0016734369055 -3.64942707968e-05 -9.92795456765e-06
BPM.23R5.B2 14405.2559 -0.0100783901384 0.000862949328557 -9.5227610761e-06 3.66020796102e-05
BPM.24R5.B2 14458.70442 -0.0096291972756 0.00292613132501 3.68196399726e-05 -4.31333186187e-05
BPM.25R5.B2 14512.15293 -0.00983392917803 0.00213951435288 -4.35389771768e-05 -3.63390513746e-05
BPM.26R5.B2 14565.60145 -0.00917578780471 0.0041338363463 -3.50201046812e-05 4.46067450565e-05
BPM.27R5.B2 14619.04996 -0.0094794463637 0.00337990849668 4.49923871261e-05 3.45232466653e-05
BPM.28R5.B2 14672.49848 -0.00852094335098 0.00526396625901 3.31096924452e-05 -9.75613040867e-05
BPM.29R5.B2 14725.947 -0.00891796765594 0.00455913030643 -9.79223439269e-05 -3.20261470188e-05
BPM.30R5.B2 14779.39551 -0.00777759356731 0.00631069367491 -2.90822231491e-05 9.88366599828e-05
BPM.31R5.B2 14832.84403 -0.00826145467336 0.00566252444394 9.91532139009e-05 2.79839369952e-05
BPM.32R5.B2 14886.29254 -0.00690641574558 0.00725377404682 2.50034172129e-05 -9.99464342052e-05
BPM.33R5.B2 14939.74106 -0.00746930206338 0.00667273130314 -0.000100217476605 -2.38938983281e-05
BPM.34R5.B2 14993.18958 -0.00592179938969 0.00807763012107 -2.08847266668e-05 0.000100887508734
BPM.33L6.B2 15046.63809 -0.00655427848664 0.00757345693266 0.000101112982717 1.97642489066e-05
BPM.32L6.B2 15100.08661 -0.00483984104709 0.00876879438889 1.67289945611e-05 -0.000101659242425
BPM.31L6.B2 15153.53512 -0.00553174774206 0.0083495858158 -0.000101838463291 -1.5600905302e-05
BPM.30L6.B2 15206.98364 -0.00367839909725 0.00931585725838 -1.2546692266e-05 0.000102259675834
BPM.29L6.B2 15260.43215 -0.00441809938006 0.00898867144292 0.000102392555271 1.14116288872e-05
BPM.28L6.B2 15313.88067 -0.0024564843628 0.00970986616583 8.34207518827e-06 -0.00010268822061
BPM.27L6.B2 15367.32919 -0.00323212031317 0.00947993748163 -0.000102774403983 -7.20294532107e-06
BPM.26L6.B2 15420.7777 -0.00114362893126 0.00993464620141 -4.17483741297e-06 5.13879398467e-05
BPM.25L6.B2 15474.22622 -0.00194156275955 0.00980996515518 5.14310788783e-05 3.6046773896e-06
BPM.24L6.B2 15527.67473 0.000136606702132 0.00999932102128 2.06393723978e-06 -5.15159180313e-05
BPM.23L6.B2 15581.12325 -0.000670807761597 0.00997773016374 -5.15356389484e-05 -1.49250092856e-06
BPM.22L6.B2 15634.57177 0.00146519080503 0.00989003349522 -2.73203308464e-10 1.42550113507e-09
BPM.21L6.B2 15688.02028 0.000662306174265 0.00997601609843 1.42713488026e-09 2.5564061162e-10
BPM.20L6.B2 15741.4688 0.00271828235037 0.00962135581784 2.16131513426e-10 -1.43518504286e-09
BPM.19L6.B2 15794.91731 0.00193299142483 0.00980933692024 -1.435573972e-09 -1.97960300271e-10
BPM.18L6.B2 15848.36583 0.00392670881745 0.00919459104904 -1.56181621374e-10 1.4369623318e-09
BPM.17L6.B2 15901.81435 0.00317191727731 0.00948148128991 1.4443190988e-09 1.38301118301e-10
BPM.16L6.B2 15955.26286 0.00507061741849 0.00861675029811 9.60160339326e-11 -1.44892438545e-09
BPM.15L6.B2 16008.71138 0.00435872411769 0.00899783700292 -1.44550021719e-09 -7.93160156038e-11
BPM.14L6.B2 16062.15989 0.00613120968086 0.00789732958548 -3.40575891228e-11 1.44673686219e-09
BPM.13L6.B2 16115.60841 0.00547391495763 0.00836634936592 1.44657602897e-09 2.19408382542e-11
BPM.12L6.B2 16169.05693 0.0071958842205 0.00694109480485 -4.69247984294e-12 -1.45241072978e-09
BPM.11L6.B2 16222.50544 0.00590975010906 0.00806439088372 -1.44793409588e-09 -9.22016841052e-11
BPM.10L6.B2 16274.34415 0.00721187303518 0.00692448077868 -3.4507950913e-10 1.40524346282e-09
BPM.9L6.B2 16313.40916 0.00809374186862 0.00586948798697 1.1920133446e-09 8.20351071365e-10
BPM.8L6.B2 16353.87217 0.00998604765232 0.000488261200466 3.05794235452e-10 -1.41109193341e-09
BPMYB.5L6.B2 16450.96018 0.00553313889943 0.00832729971416 -1.11589951879e-09 9.22241979277e-10
BPMYA.4L6.B2 16487.36018 0.00585559091897 0.00810380170754 -8.31537207575e-10 1.16110042401e-09
BPMSB.B4L6.B2 16518.13068 0.00490048044248 0.00871463356152 -5.81842119186e-10 1.32633024614e-09
BPMSB.A4L6.B2 16518.76568 0.00487763013729 0.00872744354952 -5.79671426436e-10 1.32715532403e-09
BPMSA.4L6.B2 16615.57568 0.000850526248672 0.00996173437607 7.83944953306e-10 1.21502376709e-09
BPMSE.4R6.B2 16707.14568 0.000547695870272 0.00998296428666 1.44811546505e-09 -3.35163651169e-13
BPMSA.A4R6.B2 16803.82068 0.00409231588605 0.00912208843167 8.78823958416e-10 -1.15261788193e-09
BPMSA.B4R6.B2 16804.40568 0.00411291581606 0.00911281900208 8.71499045643e-10 -1.15509098191e-09
BPMYB.4R6.B2 16830.96018 0.00496667380355 0.00867707888626 6.37470729675e-10 -1.30218733403e-09
BPMYA.5R6.B2 16867.36018 0.00505272580903 0.00862725379708 2.93543904779e-10 -1.41106313276e-09
BPM.8R6.B2 16963.08519 0.00831816042833 0.00554686882459 -1.44268899208e-09 -1.2815695975e-10
BPM.9R6.B2 17002.1502 0.00987200304457 -0.00158211964215 3.5563052357e-11 1.440767476e-09
BPM.10R6.B2 17042.61322 0.00935495792295 -0.00352764921496 1.40426697849e-09 3.67620037366e-10
BPM.11R6.B2 17094.45193 0.00812400653275 -0.00582752644997 1.882132719e-10 -1.43658034357e-09
BPM.12R6.B2 17149.17544 0.00917755585017 -0.00396636045594 -1.44922847993e-09 1.10407911463e-11
BPM.13R6.B2 17202.62396 0.00814635083726 -0.00579625005279 5.99725461834e-11 1.44372276685e-09
BPM.14R6.B2 17256.07247 0.00858752679153 -0.00511995412641 1.44750888665e-09 -6.90305012803e-11
BPM.15R6.B2 17309.52099 0.00733796928448 -0.00679071082202 -1.15312074412e-10 -1.44341844069e-09
BPM.16R6.B2 17362.96951 0.00786203488995 -0.00617640301138 -1.43813887758e-09 1.22767181191e-10
BPM.17R6.B2 17416.41802 0.00640902084022 -0.00767359098133 1.76997363748e-10 1.43632996978e-09
BPM.18R6.B2 17469.86654 0.00700736192637 -0.007131369126 1.43950557299e-09 -1.95085650879e-10
BPM.19R6.B2 17523.31505 0.00537476538857 -0.00843038810966 -2.34824280505e-10 -1.42820016288e-09
BPM.20R6.B2 17576.76357 0.00603755249575 -0.00796915971559 -1.42842682046e-09 2.41412853324e-10
BPM.21R6.B2 17630.21209 0.00425219867719 -0.00904866581755 2.88328388099e-10 1.41904790784e-09
BPM.22R6.B2 17683.6606 0.00496854009368 -0.00867601037837 1.41559491648e-09 -3.09943378419e-10
BPM.23R6.B2 17737.10912 0.00305976380462 -0.00951826623499 -3.43477697073e-10 -1.40556481169e-09
BPM.24R6.B2 17790.55763 0.00376795505211 -0.00924344162085 -7.70027615867e-07 5.00613117537e-05
BPM.25R6.B2 17844.00615 0.0017675950914 -0.0098241694743 5.00619357715e-05 -7.28377912136e-07
BPM.26R6.B2 17897.45466 0.00255458281522 -0.00964949764778 -1.28345625728e-06 -5.00507794597e-05
BPM.27R6.B2 17950.90318 0.000496291532454 -0.00996957336 -4.99899540207e-05 2.78074280983e-06
BPM.28R6.B2 18004.3517 0.00124931142868 -0.00990015255785 2.56635919485e-06 0.000100016944702
BPM.29R6.B2 18057.80021 -0.000832464413089 -0.00994388267893 9.98953496517e-05 -5.55820990014e-06
BPM.30R6.B2 18111.24873 -2.73816996682e-05 -0.00997862966113 -6.66567663834e-06 -9.98275744779e-05
BPM.31R6.B2 18164.69724 -0.00209779543758 -0.00975566778394 -9.95833869189e-05 9.65009482751e-06
BPM.32R6.B2 18218.14576 -0.00130360504364 -0.0098931498307 1.07537908112e-05 9.94702561361e-05
BPM.33R6.B2 18271.59428 -0.00332835768492 -0.0094072224817 9.91038657186e-05 -1.37258487214e-05
BPM.34R6.B2 18325.04279 -0.00255844062392 -0.00964511177995 -1.48242050769e-05 -9.89455355631e-05
BPM.33L7.B2 18378.49131 -0.00450451024865 -0.0089041106849 -9.84576355289e-05 1.77783348096e-05
BPM.32L7.B2 18431.93982 -0.00377119722151 -0.00923860764335 1.88688921435e-05 9.8254470545e-05
BPM.31L7.B2 18485.38834 -0.00560640146814 -0.00825482054825 9.76457071774e-05 -2.18011799717e-05
BPM.30L7.B2 18538.83686 -0.00492203822327 -0.00868028452418 -2.28829827877e-05 -9.73978705793e-05
BPM.29L7.B2 18592.28537 -0.00661638680081 -0.00746975404429 -9.6669590055e-05 2.5786953502e-05
BPM.28L7.B2 18645.73389 -0.00599195372706 -0.0079793665286 2.68571016387e-05 9.63777557616e-05
BPM.27L7.B2 18699.1824 -0.00751748605598 -0.00656210355039 9.55306823197e-05 -2.97298742835e-05
BPM.26L7.B2 18752.63092 -0.00701342671736 -0.00715048567479 -3.15562444813e-05 -4.51343529891e-05
BPM.25L7.B2 18806.07943 -0.00834471872974 -0.00553924806014 -4.41699451321e-05 3.28925867602e-05
BPM.24L7.B2 18859.52795 -0.00787047420512 -0.00619461343339 3.33803880818e-05 4.38024700018e-05
BPM.23L7.B2 18912.97647 -0.00898472502563 -0.00442632081888 4.27837375199e-05 -3.46764776275e-05
BPM.22L7.B2 18966.42498 -0.00864821584447 -0.00514008924573 -3.59176058935e-05 7.6645358998e-06
BPM.21L7.B2 19019.8735 -0.0095266746915 -0.00323336110312 8.73589761338e-06 3.56721682241e-05
BPM.20L7.B2 19073.32201 -0.00923467455407 -0.00399160877815 3.55730641492e-05 -9.13107465061e-06
BPM.19L7.B2 19126.77053 -0.00986201916465 -0.00198814805941 -1.01916103864e-05 -3.5283859438e-05
BPM.18L7.B2 19180.21905 -0.00966941727594 -0.00277750324759 -3.51687039885e-05 1.05821494828e-05
BPM.17L7.B2 19233.66756 -0.0100353211632 -0.000710270277152 1.16298026121e-05 3.48362926564e-05
BPM.16L7.B2 19287.11608 -0.0099452738001 -0.00151778911327 3.47051384693e-05 -1.20155431787e-05
BPM.15L7.B2 19340.56459 -0.0100437340563 0.000579276211407 -1.30487956702e-05 -3.43299968839e-05
BPM.14L7.B2 19394.01311 -0.0100577238694 -0.000233120797191 -3.41832231055e-05 1.34285794194e-05
BPM.13L7.B2 19447.46163 -0.00988711867513 0.00185931144332 1.44454767243e-05 3.37660814731e-05
BPM.12L7.B2 19500.91014 -0.0100250594897 0.000842814887535 3.37998188897e-05 -1.43663635214e-05
BPM.11L7.B2 19554.35866 -0.00956328411688 0.00312341986925 -1.38604855118e-05 -3.40103898248e-05
BPM.10L7.B2 19607.13937 -0.00954701359759 0.00317280415178 -3.45959870383e-05 1.23263036969e-05
BPM.9L7.B2 19646.20438 -0.00760275345745 0.00658864892103 -1.43921778568e-06 3.66980678325e-05
BPM.8L7.B2 19686.66739 -0.00483442692045 0.00882272469537 3.62880100516e-05 5.65686297039e-06
BPM.7L7.B2 19725.7314 0.00179331736883 0.00989930136588 8.6469370253e-06 -3.5693837923e-05
BPMR.6L7.B2 19760.5494 0.00167118117189 0.00992065059603 -1.91826495676e-05 -3.13184539027e-05
BPMWC.6L7.B2 19772.7279 0.00305656747387 0.00958486046215 -2.71913441954e-05 -2.46870468172e-05
BPMWE.5L7.B2 19849.7819 -0.0021440618974 0.00982930075507 -2.34004648408e-05 2.83061488259e-05
BPMW.5L7.B2 19872.9869 -0.0051217400848 0.00865909540459 -8.74944774288e-06 3.56688443994e-05
BPMWE.4L7.B2 19908.0719 -0.00510742631168 0.00866754584857 6.28783539955e-06 3.61840152267e-05
BPMW.4L7.B2 19936.1769 -0.00129701967071 0.00997646704582 2.43840710226e-05 2.74633707838e-05
BPMW.4R7.B2 20052.2239 0.0010599947624 0.0100044273116 1.04062158745e-05 -3.5221163219e-05
BPMWE.4R7.B2 20080.3289 -0.00254839029768 0.00973231018881 -8.77274203374e-06 -3.56631248551e-05
BPMW.5R7.B2 20115.4139 -0.002099661893 0.00983888076276 -2.42300151297e-05 -2.75993851513e-05
BPMWE.5R7.B2 20138.6189 0.00324068628714 0.00952418538097 -3.62062714327e-05 -6.15834056736e-06
BPM.6R7.B2 20217.7584 0.00733617553853 0.00688423439645 6.04270301293e-06 3.6225753985e-05
BPM_A.7R7.B2 20255.7944 0.00461520649239 0.00893935253729 3.0598462939e-05 2.03114135458e-05
BPM.8R7.B2 20294.85841 0.00453725515938 0.00897916869073 3.4410521762e-05 -1.28349420768e-05
BPM.9R7.B2 20333.92342 0.00855045030115 0.00530112765196 -1.16329940124e-05 -3.48352276652e-05
BPM.10R7.B2 20374.38643 0.0100373728171 0.000680662623774 -3.58711384804e-05 7.87917571044e-06
BPM.11R7.B2 20427.16714 0.0100120461961 0.000985436814232 2.94295256267e-06 3.66081782789e-05
BPM.12R7.B2 20481.89066 0.0100542140791 -0.000353460055688 3.65859809854e-05 -3.20711189097e-06
BPM.13R7.B2 20535.33917 0.0100447368823 0.000561618831898 -3.88844652777e-06 -3.65198523344e-05
BPM.14R7.B2 20588.78769 0.00994259300067 -0.00153525214373 -3.63871216093e-05 4.97966488765e-06
BPM.15R7.B2 20642.23621 0.0100340584751 -0.000727890974635 5.38297732762e-06 3.63296508792e-05
BPM.16R7.B2 20695.68472 0.00966452506935 -0.00279447846757 3.61523092386e-05 -6.46764081216e-06
BPM.17R7.B2 20749.13324 0.00985851205809 -0.00200546621306 -6.86808311709e-06 -3.60783688787e-05
BPM.18R7.B2 20802.58175 0.00922765051785 -0.00400781993571 -3.58566521078e-05 7.94480033153e-06
BPM.19R7.B2 20856.03027 0.0095209834827 -0.00325008127768 8.34203324188e-06 3.57663211729e-05
BPM.20R7.B2 20909.47879 0.00863917627072 -0.00515526799647 3.55006928598e-05 -9.40851704427e-06
BPM.21R7.B2 20962.9273 0.00902701213153 -0.00444130686512 -9.80157281631e-06 -3.53941954353e-05
BPM.22R7.B2 21016.37582 0.00790872261552 -0.00621805929137 -3.50849867065e-05 1.08564929669e-05
BPM.23R7.B2 21069.82433 0.0083847272758 -0.00555954164802 1.12449700953e-05 3.49624097484e-05
BPM.24R7.B2 21123.27285 0.00701519775003 -0.00717227711554 3.46433771399e-05 2.14825665333e-05
BPM.25R7.B2 21176.72137 0.00757110111641 -0.00658277953088 2.10971713474e-05 -3.48794164803e-05
BPM.26R7.B2 21230.16988 0.00604005721675 -0.00801075947309 -3.54951638144e-05 -2.00438906273e-05
BPM.27R7.B2 21283.6184 0.00666681941743 -0.00749720463734 -1.96489175459e-05 3.57153261205e-05
BPM.28R7.B2 21337.06691 0.00493258815818 -0.00871121426114 3.63205297145e-05 5.23398548876e-05
BPM.29R7.B2 21390.51543 0.00561948650452 -0.00828474811319 5.19339891019e-05 -3.68985358045e-05
BPM.30R7.B2 21443.96394 0.00377768163047 -0.00927064190591 -3.84361762484e-05 -5.08065096866e-05
BPM.31R7.B2 21497.41246 0.00451347728204 -0.00893555833021 -5.03770164688e-05 3.89974011459e-05
BPM.32R7.B2 21550.86098 0.00256080725619 -0.00967770355202 4.04874977996e-05 4.91874336639e-05
BPM.33R7.B2 21604.30949 0.0033334326678 -0.00943948656226 4.8735503282e-05 -4.10303809872e-05
BPM.34R7.B2 21657.75801 0.0013017385329 -0.00992578241934 -4.24704725823e-05 -4.74857830533e-05
BPM.33L8.B2 21711.20652 0.00209848119297 -0.00978836332213 -4.70118177262e-05 4.29945359975e-05
BPM.32L8.B2 21764.65504 2.14113424462e-05 -0.0100107552864 4.4382125547e-05 4.5704139488e-05
BPM.31L8.B2 21818.10356 0.000829191047647 -0.0099763782029 4.52091552502e-05 -4.48862233924e-05
BPM.30L8.B2 21871.55207 -0.00125940627018 -0.00993124240343 -4.62190746227e-05 -4.38456229239e-05
BPM.29L8.B2 21925.00059 -0.000453865210923 -0.0100004843 -4.33303841118e-05 4.67024494864e-05
BPM.28L8.B2 21978.4491 -0.00251938841684 -0.00968856861517 4.79782061314e-05 4.19133933082e-05
BPM.27L8.B2 22031.89762 -0.00172932680576 -0.00986027933993 4.13786862008e-05 -4.8440123867e-05
BPM.26L8.B2 22085.34614 -0.00377126151305 -0.00928034528181 -4.96235303217e-05 -6.1419512537e-06
BPM.25L8.B2 22138.79465 -0.00301002544011 -0.00955442142891 -5.59131720631e-06 4.96885910658e-05
BPM.24L8.B2 22192.24317 -0.00492735383646 -0.00872172036956 4.98336633789e-05 4.10178658931e-06
BPM.23L8.B2 22245.69168 -0.00420748644992 -0.00909088993352 3.54880899252e-06 -4.98760946825e-05
BPM.22L8.B2 22299.1402 -0.00603575887062 -0.00801340875651 -4.99268869469e-05 3.1713909307e-05
BPM.21L8.B2 22352.58871 -0.00536936199818 -0.00847437648653 3.22656207025e-05 4.95721298508e-05
BPM.20L8.B2 22406.03723 -0.00701120033486 -0.00717552611041 4.85842170048e-05 -3.37348534339e-05
BPM.19L8.B2 22459.48575 -0.00640932038818 -0.00771788295161 -3.42715835812e-05 -4.82071051882e-05
BPM.18L8.B2 22512.93426 -0.00787152244045 -0.00621966555433 -4.71600741582e-05 3.5698655452e-05
BPM.17L8.B2 22566.38278 -0.00734390583258 -0.00683462890116 3.62194375819e-05 4.67612945203e-05
BPM.16L8.B2 22619.83129 -0.0086024483738 -0.00516168452076 4.5656252832e-05 -3.76028267822e-05
BPM.15L8.B2 22673.27981 -0.00815787565426 -0.00583902131243 -3.81068520774e-05 -4.52364235231e-05
BPM.14L8.B2 22726.72833 -0.00919206948717 -0.0040188261488 -4.40760122978e-05 3.94432684143e-05
BPM.13L8.B2 22780.17684 -0.00883776494784 -0.00474752733898 3.99296332972e-05 4.36358906872e-05
BPM.12L8.B2 22833.62536 -0.0098485847216 -0.00191062400155 4.45172702612e-05 -3.89445611738e-05
BPM.11L8.B2 22887.07387 -0.00976531323753 -0.00229864362393 -3.18371854198e-05 -4.98483731482e-05
BPM.10L8.B2 22938.91258 -0.00990812301265 -0.00157296009669 -5.24884375174e-05 2.72659174629e-05
BPM.9L8.B2 22977.9776 -0.00975055300783 -0.00236047053781 1.71024492632e-05 5.66213113804e-05
BPM.8L8.B2 23018.44061 -0.00674801708992 0.00742356857772 4.96468693209e-05 -3.21504936928e-05
BPM.7L8.B2 23057.50662 -0.00660721599011 0.00754915902193 1.57771991052e-05 -5.70047910934e-05
BPM.6L8.B2 23089.97562 -0.00975476036024 0.00234302271971 -3.65535070446e-05 -4.6500612792e-05
BPMR.5L8.B2 23150.39462 -0.00655827049268 0.00759171872781 5.80792402721e-05 -1.1192330014e-05
BPMYB.4L8.B2 23171.16162 -0.00515194323096 0.00860828589456 5.03109504253e-05 -3.11010233583e-05
BPMWB.4L8.B2 23195.62912 -0.00558313822164 0.00833508684282 4.22044535748e-05 -4.14397218443e-05
BPMSX.4L8.B2 23245.78612 -0.00541409825841 0.00844586556866 2.83247981654e-05 -5.19246775513e-05
BPMS.2L8.B2 23283.69762 -0.00551801003043 0.00837834538821 1.84920901141e-05 -5.61828195324e-05
BPMSW.1L8.B2 23293.63162 -0.00561154348249 0.00831598971787 1.34529142625e-05 -5.75976155937e-05
BPMSW.1R8.B2 23336.82162 -0.00561152795137 0.00831600019248 4.16648724112e-05 -4.1982200717e-05
BPMS.2R8.B2 23346.75562 -0.00551799919733 0.0083783524782 3.77903015946e-05 -4.55011793361e-05
BPMSX.4R8.B2 23384.66712 -0.00541409865422 0.00844586531309 2.89612163371e-05 -5.15724180421e-05
BPMWI.4R8.B2 23434.90012 -0.00558260270684 0.00833544552556 1.26734224161e-05 -5.77741395633e-05
BPMYB.4R8.B2 23459.29162 -0.00515174174755 0.00860840647613 -3.58551984069e-07 -5.91467495777e-05
BPMYB.5R8.B2 23479.86862 -0.00648284061851 0.00765623161909 -2.07755072083e-05 -5.53791008654e-05
BPMR.6R8.B2 23563.97662 -0.00973181030835 0.00243659036731 5.90398134268e-05 -3.57368921201e-06
BPM_A.7R8.B2 23586.21662 -0.00875492307518 0.0048986148157 5.29965314105e-05 -2.62646934051e-05
BPM.8R8.B2 23627.65561 -0.00501169334871 0.00869068667547 1.12815375992e-06 -5.91370755548e-05
BPM.9R8.B2 23666.7226 0.00131841133082 0.00994519465037 -4.46662164229e-05 3.87736440135e-05
BPM.10R8.B2 23707.18758 -0.00673238718113 0.00743774617069 5.41068369866e-05 2.38938524513e-05
BPM.11R8.B2 23759.02827 -0.00459450986804 0.00891827248796 3.01176393452e-05 -5.09057408816e-05
BPM.12R8.B2 23813.75476 -0.00428229777426 0.00907232224326 -5.03658749689e-05 -3.10120209945e-05
BPM.13R8.B2 23867.20624 -0.00189479107443 0.00985164310563 -2.78140278051e-05 5.22000614443e-05
BPM.14R8.B2 23920.65773 -0.00268362787659 0.00966660470561 5.25082959128e-05 2.72276622182e-05
BPM.15R8.B2 23974.10921 -0.000618825759677 0.0100130994091 2.5637789865e-05 -5.33026268946e-05
BPM.16R8.B2 24027.56069 -0.00142504221689 0.00993047631345 -5.3586533855e-05 -2.50389696012e-05
BPM.17R8.B2 24081.01218 0.000667164015259 0.0100099948696 -2.34177529321e-05 5.43145936408e-05
BPM.18R8.B2 24134.46366 -0.000142873801313 0.0100311859807 5.45735473089e-05 2.28077700378e-05
BPM.19R8.B2 24187.91515 0.00194226333389 0.00984239392839 2.11579400678e-05 -5.52341185092e-05
BPM.20R8.B2 24241.36663 0.00114147086785 0.0099670531936 -5.54677273356e-05 -2.05377215207e-05
BPM.21R8.B2 24294.81811 0.00318538133838 0.00951306737604 -1.88619289056e-05 5.60597317459e-05
BPM.22R8.B2 24348.2696 0.00240723000264 0.00973911437555 5.62675226203e-05 1.82327243824e-05
BPM.23R8.B2 24401.72108 0.0043762093964 0.00902739698949 1.65341503142e-05 -5.67898588871e-05
BPM.24R8.B2 24455.17257 0.00363265980254 0.00935113733753 -5.69808229684e-05 -1.52899338503e-05
BPM.25R8.B2 24508.62405 0.00549448019183 0.00839348998721 -1.35709750386e-05 5.7414499542e-05
BPM.26R8.B2 24562.07554 0.00479914590347 0.00880955080325 5.75629160291e-05 1.2926976883e-05
BPM.27R8.B2 24615.52702 0.00652310084276 0.00762162332767 1.11919480986e-05 -5.79252657969e-05
BPM.28R8.B2 24668.9785 0.00588602353643 0.00812323572392 -5.80562932472e-05 -9.9352935043e-06
BPM.29R8.B2 24722.42999 0.00744390538527 0.00672461927215 -8.18637749414e-06 5.83286095228e-05
BPM.30R8.B2 24775.88147 0.00687689313938 0.00730346304249 5.84166467512e-05 7.53253494838e-06
BPM.31R8.B2 24829.33296 0.00824300757386 0.00571708473371 5.77434384799e-06 -5.8616555628e-05
BPM.32R8.B2 24882.78444 0.0077546581657 0.00636376527439 -5.86775895228e-05 -5.11702725079e-06
BPM.33R8.B2 24936.23592 0.00890664528554 0.00461561496152 -3.35159081782e-06 5.88048476297e-05
BPM.34R8.B2 24989.68741 0.00850506803199 0.00531940311046 5.88386997445e-05 2.69276846992e-06
BPM.33L1.B2 25043.13889 0.00942392707489 0.0034382888401 9.24101740671e-07 -5.88930345744e-05
BPM.32L1.B2 25096.59038 0.00911566256846 0.00418771150628 -5.8899694211e-05 -2.63945835925e-07
BPM.31L1.B2 25150.04186 0.00978634510987 0.0022044684397 1.50597821192e-06 5.88810293386e-05
BPM.30L1.B2 25203.49334 0.00957649543415 0.00298713356127 5.88604689904e-05 -2.16530824927e-06
BPM.29L1.B2 25256.94483 0.00998794751118 0.000934417584882 -3.93243994812e-06 -5.87688665899e-05
BPM.28L1.B2 25310.39631 0.00987994171271 0.0017375222212 -5.87210946274e-05 4.59093416555e-06
BPM.27L1.B2 25363.8478 0.0100254198153 -0.000350983244596 6.3532896795e-06 5.85566340746e-05
BPM.26L1.B2 25417.29928 0.0100204345316 0.000459287373071 5.84725573328e-05 -6.4018518329e-06
BPM.25L1.B2 25470.75077 0.00989754558311 -0.00163053503714 -8.15543979505e-06 -5.82538616054e-05
BPM.24L1.B2 25524.20225 0.00999685787695 -0.000826368975592 -5.8158783461e-05 8.80791122156e-06
BPM.23L1.B2 25577.65373 0.00960763622286 -0.00288329313364 1.05514344268e-05 5.78678751938e-05
BPM.22L1.B2 25631.10522 0.00980840176601 -0.0020984713466 5.77368301856e-05 -1.05920142392e-05
BPM.21L1.B2 25684.5567 0.0091592413896 -0.00408859686995 -1.23216463835e-05 -5.73925884381e-05
BPM.20L1.B2 25738.00819 0.00945935363423 -0.00333600899867 -5.72508656561e-05 1.29641897029e-05
BPM.19L1.B2 25791.45967 0.00856095103499 -0.00522670494861 1.4678512264e-05 5.68354972396e-05
BPM.18L1.B2 25844.91115 0.00895488232487 -0.00451867344984 5.66675425473e-05 -1.53141042261e-05
BPM.17L1.B2 25898.36264 0.00782196471632 -0.00627894857023 -1.70095290656e-05 -5.61819205473e-05
BPM.16L1.B2 25951.81412 0.00830322153543 -0.00562715197029 -5.59877351447e-05 1.76381916395e-05
BPM.15L1.B2 26005.26561 0.00695446630348 -0.00722798212221 1.93123962371e-05 5.54325111566e-05
BPM.14L1.B2 26058.71709 0.0075151703842 -0.00664308220697 5.52127371059e-05 -1.99320158832e-05
BPM.13L1.B2 26112.16857 0.00597265161632 -0.00805827275869 -2.15817174731e-05 -5.45890257771e-05
BPM.12L1.B2 26165.62006 0.00756333686425 -0.00658819115292 -5.59481487798e-05 1.7763364306e-05
BPM.11L1.B2 26219.07154 0.00811090532181 -0.00590097805444 1.62861276651e-05 5.6395866596e-05
BPM.10L1.B2 26271.85423 0.00847398901693 -0.00536654798529 5.29228142737e-05 -2.53950260178e-05
BPM.9L1.B2 26310.92122 0.00710672398342 -0.00707833323713 -2.27074679721e-05 -5.41304252849e-05
BPM.8L1.B2 26351.38621 0.0100301085644 7.24529328232e-05 -3.5090032774e-05 4.70576378708e-05
BPM.7L1.B2 26390.4542 0.00911721361111 -0.0041814761936 4.39489387327e-05 3.89130188258e-05
BPMR.6L1.B2 26433.6382 0.00687544487554 -0.00730319005358 3.96660447509e-05 -4.32705120673e-05
BPM.5L1.B2 26465.5382 -0.00144400284373 -0.00992588449298 -2.65082188729e-05 -5.23741037088e-05
BPMYA.4L1.B2 26486.6562 -0.00357733724712 -0.00937075159974 -4.23207475511e-05 -4.06778499697e-05
BPMWB.4L1.B2 26507.7127 -0.00469177315272 -0.00886541549288 -4.9462127626e-05 -3.16105975177e-05
BPMSY.4L1.B2 26600.5687 -0.00499068085341 -0.00870065697707 -5.69845792656e-05 -1.40886646315e-05
BPMS.2L1.B2 26627.3542 -0.0051058158965 -0.00863359539411 -5.77852866048e-05 -1.03229763633e-05
BPMSW.1L1.B2 26637.4082 -0.00515429677193 -0.00860474020046 -5.81952834339e-05 -7.68512811466e-06
