BPMSW.1R1.B2 21.475 -0.00853082961429 0.00505794375028 4.28812840157e-05 6.47191850544e-06
BPMS.2R1.B2 31.529 -0.00855914349039 0.00500988070957 4.31316365396e-05 4.51567507749e-06
BPMSY.4R1.B2 58.3145 -0.00862493785165 0.00489574272356 4.33343997176e-05 1.67870165902e-06
BPMWB.4R1.B2 151.1705 -0.00878652112654 0.00459944515411 4.1586046937e-05 -1.23000013639e-05
BPMYA.4R1.B2 172.227 -0.00928122377837 0.00349524455049 3.83753071209e-05 -2.01996329519e-05
BPMR.5R1.B2 199.635 -0.00989996162475 0.000590431305869 2.50145908284e-05 -3.54254078005e-05
BPM.6R1.B2 231.535 -0.00510641864237 -0.00850190201764 -3.12002625721e-05 -3.01203039412e-05
BPMRA.7R1.B2 259.259 -0.00272994375182 -0.00953442480645 -4.29356032571e-05 6.10112318649e-06
BPM.8R1.B2 300.6960106 -0.0026081908178 -0.00956844762272 -1.751696984e-06 4.33315242708e-05
BPM.9R1.B2 339.7610212 -0.00463135652317 -0.00876974264111 4.291955944e-05 -6.21294350119e-06
BPM.10R1.B2 380.2240318 -0.00758585615857 -0.00638847677285 -1.70029241679e-05 -3.98947381253e-05
BPM.11R1.B2 433.0047424 -0.00296283806561 -0.0094646415605 -3.26058032374e-05 2.85928426263e-05
BPM.12R1.B2 487.7282583 -0.00578126726937 -0.00805821307664 2.686844855e-05 3.40407948008e-05
BPM.13R1.B2 541.1767742 -0.00616906938702 -0.00776533529099 3.60949174353e-05 -2.40384279413e-05
BPM.14R1.B2 594.6252901 -0.00764654519166 -0.00631571024389 -2.51085522698e-05 -3.53588748922e-05
BPM.15R1.B2 648.073806 -0.00711194675716 -0.00691216772372 -3.50783424592e-05 2.54990001568e-05
BPM.16R1.B2 701.5223219 -0.00839161650402 -0.00528569973358 2.65373072975e-05 3.42995706666e-05
BPM.17R1.B2 754.9708378 -0.00793769837591 -0.0059456533495 3.40030629121e-05 -2.6916189461e-05
BPM.18R1.B2 808.4193537 -0.00899882727591 -0.00416880762259 -2.79217267725e-05 -3.31823163576e-05
BPM.19R1.B2 861.8678696 -0.00863306624881 -0.00488139492323 -3.28707592407e-05 2.82878479672e-05
BPM.20R1.B2 915.3163855 -0.00945816555835 -0.0029834465899 2.92588518165e-05 3.20095132805e-05
BPM.21R1.B2 968.7649014 -0.00918655868245 -0.00373697589825 3.1682929562e-05 -2.96121758944e-05
BPM.22R1.B2 1022.213417 -0.00976210505173 -0.00174904380834 -3.05470632041e-05 -3.07825627153e-05
BPM.23R1.B2 1075.661933 -0.00958912331237 -0.00253111899358 -3.04420585572e-05 3.08864125778e-05
BPM.24R1.B2 1129.110449 -0.00988050235196 -0.000490707049001 3.17584021845e-05 3.92033640527e-06
BPM.25R1.B2 1182.558965 -0.00980867878585 -0.00128644495896 3.56781173572e-06 -3.1799941023e-05
BPM.26R1.B2 1236.007481 -0.00986210085934 0.000777230185568 -3.18924544269e-05 -2.61464506171e-06
BPM.27R1.B2 1289.455997 -0.00989265751231 -2.11534933205e-05 -2.26088627058e-06 3.19194848213e-05
BPM.28R1.B2 1342.904513 -0.00965651506826 0.0020276085515 3.19475603717e-05 -2.42790477601e-05
BPM.29R1.B2 1396.353029 -0.0097886464899 0.00124172445534 -2.46318649033e-05 -3.16763269081e-05
BPM.30R1.B2 1449.801545 -0.0093178168476 0.00324619299092 -3.09251249196e-05 2.55686466293e-05
BPM.31R1.B2 1503.25006 -0.00954938546923 0.00248369018533 2.59100055479e-05 3.06396847788e-05
BPM.32R1.B2 1556.698576 -0.00882600626742 0.00441147289187 2.98504647663e-05 -2.6815446103e-05
BPM.33R1.B2 1610.147092 -0.00915322580647 0.00368482523918 -2.71448431951e-05 -2.95512488172e-05
BPM.34R1.B2 1663.595608 -0.00818919715861 0.00550422834357 -2.87257781358e-05 2.80169140198e-05
BPM.33L2.B2 1717.044124 -0.00860665736268 0.0048254459659 2.83337570519e-05 2.84133196087e-05
BPM.32L2.B2 1770.49264 -0.0074178022975 0.00650658811066 2.75525759117e-05 -2.91714579394e-05
BPM.31L2.B2 1823.941156 -0.00791869629504 0.00588674177595 -2.94752180774e-05 -2.72273766584e-05
BPM.30L2.B2 1877.389672 -0.00652456566297 0.00740199450454 -2.63332067344e-05 3.02767375567e-05
BPM.29L2.B2 1930.838188 -0.00710059008756 0.00685135753826 3.05669074778e-05 2.59958188817e-05
BPM.28L2.B2 1984.286704 -0.00552407656502 0.00817582153895 2.50693514372e-05 -3.13312314538e-05
BPM.27L2.B2 2037.73522 -0.00616586170006 0.00770335181743 -3.16073155526e-05 -2.47203567013e-05
BPM.26L2.B2 2091.183735 -0.0044077589535 0.00881046471296 -2.37885613477e-05 6.74934010678e-06
BPM.25L2.B2 2144.632251 -0.00510435210609 0.00842604397642 7.01271497295e-06 2.37122530691e-05
BPM.24L2.B2 2198.080767 -0.00324448401343 0.0093019326458 2.34917569172e-05 -7.71921075434e-06
BPM.23L2.B2 2251.529283 -0.00398457194921 0.00900976213757 -7.97926692029e-06 -2.34047113541e-05
BPM.22L2.B2 2304.977799 -0.00200285310543 0.00963573293132 -2.31805812803e-05 -1.69073947651e-05
BPM.21L2.B2 2358.426315 -0.00277390052322 0.00944268211974 -1.66493038196e-05 2.33666441635e-05
BPM.20L2.B2 2411.874831 -0.000753763837336 0.00981277788216 2.38544254764e-05 1.59425744866e-05
BPM.19L2.B2 2465.323347 -0.00154318439534 0.00971994607126 1.56770462228e-05 -2.4029761284e-05
BPM.18L2.B2 2518.771863 0.000507636307431 0.00982858458989 -2.44881464186e-05 -1.49509142058e-05
BPM.17L2.B2 2572.220379 -0.000287159357164 0.0098374950674 -1.46784258198e-05 2.4652444284e-05
BPM.16L2.B2 2625.668894 0.00176077150623 0.00968289488706 2.50806695085e-05 1.39341056294e-05
BPM.15L2.B2 2679.11741 0.000973629491195 0.00979340672677 1.36551186166e-05 -2.52336487908e-05
BPM.14L2.B2 2732.565926 0.00298490043359 0.00937812023379 -2.56309888475e-05 -1.28938633646e-05
BPM.13L2.B2 2786.014442 0.00221837823993 0.00958840798452 -1.26088048672e-05 2.57724116957e-05
BPM.12L2.B2 2839.462958 0.00436010515087 0.00882316568572 2.59772880182e-05 1.21811285133e-05
BPM.11L2.B2 2892.911474 0.00259230949644 0.00949414035931 1.46292700139e-05 -2.46816448911e-05
BPM.10L2.B2 2944.750185 0.00335419869735 0.00925246566253 -2.15285297996e-05 -1.89663297364e-05
BPM.9L2.B2 2983.815195 0.00513910617145 0.00839335197885 -2.29480150325e-05 1.72217288945e-05
BPM.8L2.B2 3024.278206 0.00799161735869 0.00574393781625 2.84089584129e-05 4.01627428997e-06
BPM.7L2.B2 3063.344216 -0.00154929848622 0.00971897339621 1.04473163957e-07 -2.86912600297e-05
BPM.6L2.B2 3095.450216 -0.00247653303965 0.00952499626131 -1.31762198772e-05 -2.54869845654e-05
BPMYB.5L2.B2 3167.649216 5.03351582671e-06 0.00984168402068 -2.62184202331e-05 1.16530598558e-05
BPMYB.4L2.B2 3188.219216 0.00190504264825 0.00965554670575 -1.45053163373e-05 2.47546957991e-05
BPMWB.4L2.B2 3212.610716 6.08807372426e-05 0.00984149700194 1.11474987158e-05 2.64373307818e-05
BPMSX.4L2.B2 3262.843716 0.00494807758877 0.00850736726975 2.20302626625e-05 -1.83811501938e-05
BPMS.2L2.B2 3300.755216 0.00495868440355 0.00850118925479 5.05221301484e-06 -2.82431367645e-05
BPMSW.1L2.B2 3310.689216 0.00463594125634 0.00868140647336 -2.41234192848e-06 -2.85898562651e-05
BPMSW.1R2.B2 3353.879216 0.00463595977085 0.00868139658708 2.86003650476e-05 2.28438673639e-06
BPMS.2R2.B2 3363.813216 0.00495869763875 0.00850118153203 2.82202293794e-05 -5.17854536423e-06
BPMSX.4R2.B2 3401.724716 0.0049480714921 0.00850737081642 1.82823982085e-05 -2.21122870489e-05
BPMWB.4R2.B2 3451.881716 5.92175968297e-05 0.00984150714834 -2.64517854206e-05 -1.11131574383e-05
BPMYB.4R2.B2 3476.349216 0.00186248844049 0.00966384532672 -2.46996465878e-05 1.45988569354e-05
BPM.5R2.B2 3505.883216 -0.00431004725644 0.00884772639549 2.36865964001e-06 2.85935052526e-05
BPMR.6R2.B2 3579.179216 -0.00559270048035 0.00809817701962 2.86838576538e-05 -6.5988273731e-07
BPM_A.7R2.B2 3592.054216 -0.00524306318861 0.0083288089233 2.81086540546e-05 -5.75354229489e-06
BPM.8R2.B2 3633.493206 -0.00167914366565 0.00969738347409 8.23421657065e-06 -2.74844869135e-05
BPM.9R2.B2 3672.560195 0.00764443095166 0.00619850345252 -2.85157515103e-05 3.17038373227e-06
BPM.10R2.B2 3713.025185 0.00807983046272 0.00561917336847 -7.14334329949e-06 2.7787981324e-05
BPM.11R2.B2 3764.865874 0.00848114781102 0.00499288507882 2.69651582647e-05 9.80201097403e-06
BPM.12R2.B2 3819.592358 0.00814861865689 0.00551894769999 7.38387980096e-06 -2.77250263825e-05
BPM.13R2.B2 3873.043842 0.00944046701762 0.0027814298904 -2.83582664014e-05 -4.35978721024e-06
BPM.14R2.B2 3926.495326 0.00918522930051 0.00353416643022 -4.04200245059e-06 2.84053029008e-05
BPM.15R2.B2 3979.94681 0.00971874518594 0.00155072940879 2.85139143671e-05 3.18683778409e-06
BPM.16R2.B2 4033.398294 0.00956187539463 0.00233008769446 2.86724186078e-06 -2.85478225901e-05
BPM.17R2.B2 4086.849779 0.0098372719417 0.000294703995898 -2.86210828964e-05 -2.00821758708e-06
BPM.18R2.B2 4140.301263 0.00978139165521 0.0010877255971 -1.68734564371e-06 2.86417866641e-05
BPM.19R2.B2 4193.752747 0.00979414581757 -0.000966166329001 2.8679553335e-05 8.261520667e-07
BPM.20R2.B2 4247.204231 0.00984017316388 -0.000172516059589 5.04845985877e-07 -2.86870014923e-05
BPM.21R2.B2 4300.655715 0.0095900730965 -0.00221116885429 -2.8689225164e-05 3.57303140432e-07
BPM.22R2.B2 4354.107199 0.00973725340467 -0.00142991810942 6.78776983809e-07 2.86834218007e-05
BPM.23R2.B2 4407.558683 0.00922841410219 -0.00341981620282 2.86500822757e-05 -1.54015306283e-06
BPM.24R2.B2 4461.010167 0.00942733236911 -0.00266677862558 -2.57840522853e-06 1.84341791666e-05
BPM.25R2.B2 4514.461651 0.00866852357966 -0.00456541375444 1.85033164878e-05 2.02344611513e-06
BPM.26R2.B2 4567.913135 0.00900872258484 -0.00385087277591 1.81602668585e-06 -1.85248279024e-05
BPM.27R2.B2 4621.36462 0.00801325252857 -0.00563685086186 -1.85710271318e-05 -1.25863715567e-06
BPM.28R2.B2 4674.816104 0.00839509254274 -0.00497463455313 -1.76758732144e-06 6.56487215436e-05
BPM.29R2.B2 4728.267588 0.00717976956491 -0.00660874245263 6.56721925535e-05 -2.05228327071e-07
BPM.30R2.B2 4781.719072 0.00768972750363 -0.00600771660457 -9.40747207492e-07 -6.56657788179e-05
BPM.31R2.B2 4835.170556 0.00627528751549 -0.00747297359884 -6.56078595912e-05 2.91342643693e-06
BPM.32R2.B2 4888.62204 0.00685799824489 -0.00694207662563 3.64853343118e-06 6.55710890657e-05
BPM.33R2.B2 4942.073524 0.00526780108258 -0.00821430700508 6.5431893829e-05 -5.6166058384e-06
BPM.34R2.B2 4995.525008 0.00591356930652 -0.00776236212673 -6.34917773936e-06 -6.5364874482e-05
BPM.33L3.B2 5048.976492 0.00417361056966 -0.00882074501546 -6.51445888069e-05 8.3103129075e-06
BPM.32L3.B2 5102.427976 0.0048719742954 -0.00845508333753 9.03980720494e-06 6.50473720816e-05
BPM.31L3.B2 5155.87946 0.00301099598571 -0.0092821587456 6.47464584019e-05 -1.0989786338e-05
BPM.30L3.B2 5209.330945 0.00375030054845 -0.00900887415475 -1.17144172206e-05 -6.46192784114e-05
BPM.29L3.B2 5262.782429 0.0017987265331 -0.0095910974691 -6.42381414597e-05 1.36506523984e-05
BPM.28L3.B2 5316.233913 0.00256702744243 -0.00941461300202 1.43695847035e-05 6.4081149337e-05
BPM.27L3.B2 5369.685397 0.000557085157388 -0.00974239313205 6.36205386861e-05 -1.62882155702e-05
BPM.26L3.B2 5423.136881 0.00129458987029 -0.0096686145536 -1.77173824019e-05 -1.63692096977e-05
BPM.25L3.B2 5476.588365 -0.000740399066427 -0.00972676099842 -1.58295270523e-05 1.82011673954e-05
BPM.24L3.B2 5530.039849 4.71050486491e-05 -0.00975478608018 1.83773786709e-05 1.56246079424e-05
BPM.23L3.B2 5583.491333 -0.00197860651118 -0.00955212995054 1.5065439631e-05 -1.8838503856e-05
BPM.22L3.B2 5636.942817 -0.00124815135882 -0.00968363426331 -1.97235246583e-05 3.22114186549e-05
BPM.21L3.B2 5690.394301 -0.00323084851428 -0.00921370024485 3.27894384511e-05 1.87468774652e-05
BPM.20L3.B2 5743.845786 -0.00247666467705 -0.0094444050337 1.83782958528e-05 -3.29974390556e-05
BPM.19L3.B2 5797.29727 -0.00438302353067 -0.00872466383869 -3.35346856609e-05 -1.73786515734e-05
BPM.18L3.B2 5850.748754 -0.00366453206113 -0.00904996459303 -1.70018922852e-05 3.3727267159e-05
BPM.17L3.B2 5904.200238 -0.00546309201951 -0.00809229757038 3.42228393323e-05 1.59809159194e-05
BPM.16L3.B2 5957.651722 -0.00479213561508 -0.00850682611857 1.55964229016e-05 -3.4399775955e-05
BPM.15L3.B2 6011.103206 -0.00645345839846 -0.00732690447223 -3.48528096671e-05 -1.45559143948e-05
BPM.14L3.B2 6064.55469 -0.00584102870155 -0.00782387615335 -1.41645926113e-05 3.50136713515e-05
BPM.13L3.B2 6118.006174 -0.00733771638118 -0.0064411623705 3.54234274933e-05 1.31062327594e-05
BPM.12L3.B2 6171.457658 -0.00568330309893 -0.00793918889034 1.57524995064e-05 -3.43285818697e-05
BPM.11L3.B2 6224.909142 -0.00484627977363 -0.00847609737084 -3.36012768298e-05 -1.72495519413e-05
BPM.10L3.B2 6277.691832 -0.000973555719532 -0.00971508330478 -1.98839469617e-05 3.21126365622e-05
BPM.9L3.B2 6316.758821 -0.00259115561822 -0.00941363728395 1.17038302474e-05 3.59111868144e-05
BPM.8L3.B2 6357.223811 -0.00432831497971 -0.00875193371736 3.60512871232e-05 1.12648739342e-05
BPM.7L3.B2 6396.2898 -0.00760317959531 -0.00612554604558 2.64644547715e-05 -2.69485723709e-05
BPMR.6L3.B2 6468.9288 -0.00951253261683 0.00220054029068 -3.625506039e-05 -1.05907176651e-05
BPMWE.5L3.B2 6511.9823 -0.00946399284605 0.00240072775702 -3.55265093065e-05 1.28242008599e-05
BPMW.5L3.B2 6539.5273 -0.00974587376264 -0.000590422727531 -2.6140764368e-05 2.72626688127e-05
BPMWE.4L3.B2 6614.6553 -0.00934967353187 0.00281322930662 1.84562023904e-05 3.29539254087e-05
BPMW.4L3.B2 6642.2003 -0.00399720754966 0.00890802930877 3.76984548527e-05 2.32790055122e-06
BPMW.4R3.B2 6687.1653 -0.00195722196623 0.00956555991814 3.11752289942e-05 -2.1323638408e-05
BPMWE.4R3.B2 6714.7103 -0.00373900749053 0.00901944994684 2.09726299327e-05 -3.14124417096e-05
BPMW.5R3.B2 6789.8383 -0.00198597869789 0.00955963089753 -1.88388998854e-05 -3.27366551692e-05
BPMWE.5R3.B2 6817.3833 0.00198760540198 0.00955929281734 -3.39508866356e-05 -1.65508278385e-05
BPMWC.6R3.B2 6858.3743 0.00289278225827 0.00932536675897 -3.70945555313e-05 7.11240857628e-06
BPM.6R3.B2 6870.5288 0.00187432822257 0.00958214736277 -3.46236765129e-05 1.5092838676e-05
BPM_A.7R3.B2 6926.3528 0.00208822587141 0.00953781773134 -1.24753971279e-06 3.77496549999e-05
BPM.8R3.B2 6965.418789 -0.00340387814193 0.00915118942872 3.7584084504e-05 3.74551343503e-06
BPM.9R3.B2 7004.485779 -0.00954735636432 0.00204417238926 -2.65533511482e-06 -3.76768093282e-05
BPM.10R3.B2 7044.950768 -0.00924813669618 0.0031309139238 -2.92326905676e-05 -2.39174104471e-05
BPM.11R3.B2 7097.733458 -0.00777730788135 0.00590289221792 -2.92942136683e-05 2.38420268621e-05
BPM.12R3.B2 7152.459942 -0.00549983884981 0.00806736803302 2.96478281026e-05 2.34008296649e-05
BPM.13R3.B2 7205.911426 -0.00665200518652 0.0071471309901 2.14537868582e-05 -3.10858116149e-05
BPM.14R3.B2 7259.36291 -0.00502383593779 0.00837208019774 -3.17161184553e-05 -2.05104936048e-05
BPM.15R3.B2 7312.814394 -0.00568316250014 0.007939289535 -2.01539336775e-05 3.19438825697e-05
BPM.16R3.B2 7366.265878 -0.00391150491964 0.00894599260131 3.25349746383e-05 1.91851102639e-05
BPM.17R3.B2 7419.717362 -0.004620798946 0.00860109710617 1.88193219613e-05 -3.27479167651e-05
BPM.18R3.B2 7473.168846 -0.00273497954929 0.00937286195542 -3.3298511646e-05 -1.78269927589e-05
BPM.19R3.B2 7526.62033 -0.00348254395741 0.00912154273909 -1.74528427889e-05 3.34961332147e-05
BPM.20R3.B2 7580.071814 -0.00151341829778 0.00964573581537 3.40053639237e-05 1.64386084699e-05
BPM.21R3.B2 7633.523299 -0.00228701775686 0.00949211273654 1.60565436006e-05 -3.41874232514e-05
BPM.22R3.B2 7686.974783 -0.000267087471647 0.00976008804436 -3.46543763535e-05 -1.50222115865e-05
BPM.23R3.B2 7740.426267 -0.0010539532053 0.0097066903228 -1.46330163313e-05 3.48205079627e-05
BPM.24R3.B2 7793.877751 0.00104743771235 0.0097018871301 3.5173093337e-05 -5.13214870931e-05
BPM.25R3.B2 7847.329235 0.000260898920228 0.00975477685121 -5.17123607646e-05 -3.45958540233e-05
BPM.26R3.B2 7900.780719 0.00227991281877 0.00948818935254 -3.30265700963e-05 5.27284278397e-05
BPM.27R3.B2 7954.232203 0.00150673117426 0.00964123959023 5.30951246938e-05 3.24337669853e-05
BPM.28R3.B2 8007.683687 0.00353872409381 0.00910640023094 3.07531009116e-05 -0.00011894738991
BPM.29R3.B2 8061.135171 0.00279208152112 0.00936233807076 -0.000119284561722 -2.94181447684e-05
BPM.30R3.B2 8114.586655 0.00467456591592 0.00857890009516 -2.58205461289e-05 0.00012011467297
BPM.31R3.B2 8168.03814 0.00396699105482 0.00892816192438 0.000120396325306 2.44736265653e-05
BPM.32R3.B2 8221.489624 0.00573365449695 0.00791039186407 2.08462185793e-05 -0.000121077122331
BPM.33R3.B2 8274.941108 0.00507640854093 0.00834740496751 -0.000121303178826 -1.94877733099e-05
BPM.34R3.B2 8328.392592 0.00669847881318 0.00711192484171 -1.58337392116e-05 0.000121834017123
BPM.33L4.B2 8381.844076 0.00610267414245 0.00762931593857 0.000122003681115 1.44684412343e-05
BPM.32L4.B2 8435.29556 0.0075532572293 0.0061965634478 1.07974850352e-05 -0.000122383200221
BPM.31L4.B2 8488.747044 0.00702843048977 0.00678603406058 -0.000122496563155 -9.42477461099e-06
BPM.30L4.B2 8542.198528 0.00828389825828 0.0051793940782 -5.73926108514e-06 0.000122724463298
BPM.29L4.B2 8595.650012 0.00783886999517 0.00583105570222 0.000122781033406 4.36486890288e-06
BPM.28L4.B2 8649.101496 0.00887841973138 0.00407710148638 6.75242802253e-07 -0.000122856741244
BPM.27L4.B2 8702.55298 0.00852036115363 0.00478043294645 -0.000122856583862 7.02375249655e-07
BPM.26L4.B2 8756.004465 0.00939080558582 0.00289567124007 4.32203176811e-06 5.78785476305e-05
BPM.25L4.B2 8809.455949 0.00912645992493 0.00364415569162 5.78265126647e-05 -4.96995971747e-06
BPM.24L4.B2 8862.907433 0.00968408108852 0.00167054331498 -6.70479092343e-06 -5.76511290251e-05
BPM.23L4.B2 8916.358917 0.00951765149967 0.00244672257927 -5.75723514646e-05 7.35058290056e-06
BPM.22L4.B2 8969.810401 0.00988199500017 0.000405803936235 9.00564853727e-06 -7.57681198834e-06
BPM.21L4.B2 9023.261885 0.00981700190959 0.00120207135222 -7.6772337748e-06 -8.92020160482e-06
BPM.20L4.B2 9076.713369 0.00985271369741 -0.000861704611582 -8.68550342216e-06 7.94177391737e-06
BPM.19L4.B2 9130.164853 0.00989011876523 -6.36621762877e-05 8.03859470348e-06 8.59598086328e-06
BPM.18L4.B2 9183.616337 0.00966152571241 -0.00211504679441 8.35060236572e-06 -8.29319875854e-06
BPM.17L4.B2 9237.067821 0.00980071326225 -0.00132835296186 -8.38624274203e-06 -8.25716344287e-06
BPM.16L4.B2 9290.519306 0.00931156995895 -0.00333364168864 -8.00147842383e-06 8.63054388934e-06
BPM.15L4.B2 9343.97079 0.00955025609507 -0.00257120798433 8.7196423825e-06 7.90427775896e-06
BPM.14L4.B2 9397.422274 0.00880860326371 -0.00449744489321 7.63875453897e-06 -8.95317339852e-06
BPM.13L4.B2 9450.873758 0.00914285851414 -0.00377182186909 -9.0381974083e-06 -7.53796226862e-06
BPM.12L4.B2 9504.325242 0.00756128133106 -0.00637538442892 -7.77369124988e-06 8.83626183385e-06
BPM.11L4.B2 9557.776726 0.00778438393338 -0.00610097277987 7.43890279725e-06 9.11989308677e-06
BPMC.10L4.B2 9609.617415 0.00696782603297 -0.00701910980074 1.00682758202e-05 -6.09423127426e-06
BPMC.9L4.B2 9648.684405 0.00628302983938 -0.00763819599724 -4.13628187939e-06 -1.10182116271e-05
BPMC.8L4.B2 9689.149394 0.00361699569297 -0.00920520744961 -4.86238326222e-06 1.0717604842e-05
BPMC.7L4.B2 9728.215384 0.00936577875489 -0.00317815833904 1.11562135916e-05 3.74816870833e-06
BPMYA.6L4.B2 9824.819384 0.00879568000975 -0.00452266682569 6.74242289646e-06 -9.64622356685e-06
BPMYB.5L4.B2 9861.819384 0.00880381187799 -0.00450681687212 3.89803330804e-06 -1.11047340412e-05
BPMWA.B5L4.B2 9964.209884 0.00531761277692 -0.00833915441497 -7.64091582358e-06 -8.95132962787e-06
BPMWA.A5L4.B2 9973.094884 0.00501770332417 -0.00852297807942 -8.44510278129e-06 -8.19695905521e-06
BPMWA.A5R4.B2 10021.14388 0.0040231220336 -0.00903509773627 -1.12489383362e-05 -3.45994803764e-06
BPMWA.B5R4.B2 10030.02888 0.00396709225246 -0.00905983890862 -1.1491520338e-05 -2.54063562885e-06
BPMYA.5R4.B2 10132.49538 0.00538270079552 -0.00829729079247 -9.68010318456e-06 6.69364457633e-06
BPMYB.6R4.B2 10164.05938 0.00517208916862 -0.00843018361368 -8.00926754218e-06 8.62329129384e-06
BPMCA.7R4.B2 10260.57538 0.00777166687627 -0.00611716404769 9.4581049542e-06 7.00386146855e-06
BPMC.8R4.B2 10298.36637 0.00911927387216 -0.00382849135433 6.38773892686e-06 -9.88466107472e-06
BPMC.9R4.B2 10337.43336 0.00445504662347 -0.00883012240015 -1.15907102218e-05 -2.04087540437e-06
BPMC.10R4.B2 10377.89835 0.0041060259131 -0.00899772488831 -5.07656059642e-06 1.06178363655e-05
BPM.11R4.B2 10429.73904 0.00089232818153 -0.00984998743266 1.01136506925e-05 6.01863296679e-06
BPM.12R4.B2 10484.46553 0.000546744412704 -0.0098751998744 6.49383652642e-06 -9.81529008739e-06
BPM.13R4.B2 10537.91701 -0.0015325128441 -0.00977087030152 -1.00144919268e-05 -6.18221570009e-06
BPM.14R4.B2 10591.36849 -0.000738888631463 -0.00986268450251 -6.0696355453e-06 1.0083122804e-05
BPM.15R4.B2 10644.81998 -0.00276986396235 -0.00949454346561 1.02609263514e-05 5.7639644113e-06
BPM.16R4.B2 10698.27146 -0.0019945115642 -0.0096871267998 5.64863288478e-06 -1.03248626908e-05
BPM.17R4.B2 10751.72295 -0.00396172695627 -0.00906218635868 -1.04899085123e-05 -5.33588884154e-06
BPM.18R4.B2 10805.17443 -0.00321737338314 -0.00935237993896 -5.21803666018e-06 1.05490267762e-05
BPM.19R4.B2 10858.62591 -0.00508845932946 -0.00848092469577 1.07010364435e-05 4.89875248091e-06
BPM.20R4.B2 10912.0774 -0.0043873531269 -0.00886395140734 4.77853936022e-06 -1.07552520015e-05
BPM.21R4.B2 10965.52888 -0.00613159900877 -0.00776028321588 -1.08939582225e-05 -4.45326317492e-06
BPM.22R4.B2 11018.98037 -0.0054852455877 -0.00822985922442 -4.33093159895e-06 1.09431642463e-05
BPM.23R4.B2 11072.43185 -0.00707395895115 -0.00691213474721 1.10683409674e-05 4.00020321083e-06
BPM.24R4.B2 11125.88333 -0.00650839143621 -0.00746151339145 3.64074707362e-06 4.31777123042e-06
BPM.25R4.B2 11179.33482 -0.00791535189997 -0.00594815479259 4.20644244355e-06 -3.76882917816e-06
BPM.26R4.B2 11232.7863 -0.00740944510365 -0.00656760720607 -3.81572066191e-06 -4.1639479093e-06
BPM.27R4.B2 11286.23779 -0.00861124703149 -0.00488669272462 -4.04743608561e-06 3.93910092547e-06
BPM.28R4.B2 11339.68927 -0.00820414029314 -0.00556676114105 3.74898488291e-06 1.94333299736e-05
BPM.29R4.B2 11393.14075 -0.00918089970164 -0.00374270331454 1.93119254019e-05 -4.33116699008e-06
BPM.30R4.B2 11446.59224 -0.00884887063633 -0.00447149147037 -4.54728111938e-06 -1.92621770635e-05
BPM.31R4.B2 11500.04372 -0.00958426086427 -0.00253745763674 -1.91168777038e-05 5.12390065665e-06
BPM.32R4.B2 11553.49521 -0.0093481878791 -0.00330274596338 5.33774103301e-06 1.90582768512e-05
BPM.33R4.B2 11606.94669 -0.00983012064961 -0.00129053304404 1.88892928555e-05 -5.90794382775e-06
BPM.34R4.B2 11660.39818 -0.00969388955018 -0.00207972423907 -6.11922542129e-06 -1.8821911601e-05
BPM.33L5.B2 11713.84966 -0.00991444633928 -2.23892748591e-05 -1.86295809393e-05 6.68190211958e-06
BPM.32L5.B2 11767.30114 -0.00988029319705 -0.000822528934803 6.89019366251e-06 1.85535545538e-05
BPM.31L5.B2 11820.75263 -0.00983584970869 0.00124611718585 1.83381625001e-05 -7.44452400272e-06
BPM.30L5.B2 11874.20411 -0.00990433638671 0.000448183301558 -7.64953628939e-06 -1.82535970324e-05
BPM.29L5.B2 11927.6556 -0.00959562344353 0.00249414479288 -1.80155506536e-05 8.19444619353e-06
BPM.28L5.B2 11981.10708 -0.00976562361346 0.0017115323283 8.39576929144e-06 1.79226209972e-05
BPM.27L5.B2 12034.55856 -0.00919771191214 0.00370119482501 1.76622814499e-05 -8.93046969828e-06
BPM.26L5.B2 12088.01005 -0.00948184109783 0.00294578477206 -9.36299392832e-06 -2.13084171879e-06
BPM.25L5.B2 12141.46153 -0.00866393026621 0.00484966708806 -1.84859290902e-06 9.42278643458e-06
BPM.24L5.B2 12194.91302 -0.00902708786764 0.00413456686667 9.44290163817e-06 1.74289834971e-06
BPM.23L5.B2 12248.3645 -0.00797234245162 0.00591816816093 1.45840698307e-06 -9.49100492184e-06
BPM.22L5.B2 12301.81598 -0.00843940115057 0.00525443265395 -9.74197212704e-06 1.4078326597e-05
BPM.21L5.B2 12355.26747 -0.00716500621943 0.00689167905051 1.4364658324e-05 9.31460735054e-06
BPM.20L5.B2 12408.71895 -0.00769787235837 0.00629089146692 9.15306327782e-06 -1.44681317654e-05
BPM.19L5.B2 12462.17044 -0.00622452034224 0.00775163858821 -1.47365877e-05 -8.71426648324e-06
BPM.18L5.B2 12515.62192 -0.00682985584068 0.00722396175863 -8.54862639136e-06 1.48332869574e-05
BPM.17L5.B2 12569.07341 -0.0051817168394 0.00848424215097 1.50834239388e-05 8.09912034802e-06
BPM.16L5.B2 12622.52489 -0.00584959421304 0.00803833327671 7.92960110376e-06 -1.51732254506e-05
BPM.15L5.B2 12675.97637 -0.00405380092239 0.00907740339382 -1.54046049384e-05 -7.47017409179e-06
BPM.14L5.B2 12729.42786 -0.00477322059867 0.00872060315806 -7.29712349639e-06 1.54873318192e-05
BPM.13L5.B2 12782.87934 -0.00285922689092 0.00952141669476 1.56995770548e-05 6.82853189028e-06
BPM.12L5.B2 12836.33083 -0.00483662724538 0.00868559676577 7.89564828686e-06 -1.51909225483e-05
BPM.11L5.B2 12889.78231 -0.00557820258507 0.00822898597587 -1.49780393814e-05 -8.29238910706e-06
BPM.10L5.B2 12942.565 -0.00609640344417 0.00785279691171 -5.69910621651e-06 1.61439035556e-05
BPM.9L5.B2 12981.63199 -0.00424607834328 0.00898906963987 1.58376096582e-05 6.50197051815e-06
BPM.8L5.B2 13022.09698 -0.00937604819254 0.00330488646372 -2.4449623306e-06 -1.69448378379e-05
BPM.7L5.B2 13061.16497 -0.00709459118285 0.00696414605112 -1.70901960852e-05 1.01522503979e-06
BPMR.6L5.B2 13098.05897 -0.00624508764104 0.00773507819644 -5.05940084349e-06 1.63556713067e-05
BPMWT.B6L5.B2 13109.36897 -0.0017654780556 0.00978343710193 5.49191831312e-06 1.62155566627e-05
BPMWT.A6L5.B2 13115.19097 0.000548296470126 0.00992632486142 9.95474429033e-06 1.39286937419e-05
BPM.5L5.B2 13129.95897 0.00396475501996 0.00911664806386 1.53935380201e-05 7.49296001456e-06
BPMYA.4L5.B2 13157.36497 0.00648596477429 0.0075342428352 1.71174196689e-05 -3.15038243573e-07
BPMWB.4L5.B2 13178.42347 0.00735524341907 0.0066882694739 1.67247964252e-05 -3.65875039266e-06
BPMWT.B4L5.B2 13178.89297 0.0073653651922 0.00667712137427 1.67132305698e-05 -3.71124519558e-06
BPMWT.A4L5.B2 13180.87497 0.00740540312891 0.00663268865446 1.66641070927e-05 -3.92591931616e-06
BPMSY.4L5.B2 13271.27947 0.00757853323862 0.00643415792617 1.4669632916e-05 -8.82650883919e-06
BPMS.2L5.B2 13298.06497 0.00766333172936 0.00633292093022 1.40585858369e-05 -9.76911482537e-06
BPMSW.1L5.B2 13308.11897 0.00769883170212 0.00628971728565 1.36007258066e-05 -1.03982011517e-05
BPMSW.1R5.B2 13351.06897 0.00769883263361 0.00628971641508 1.5938313323e-05 -6.25149110362e-06
BPMS.2R5.B2 13361.12297 0.00766333236554 0.00633292042431 1.56367213185e-05 -6.96970754885e-06
BPMSY.4R5.B2 13387.90847 0.00757853340208 0.00643415773724 1.51469543019e-05 -7.97972577904e-06
BPMWB.4R5.B2 13480.76447 0.0073552239917 0.00668829083817 1.17899991021e-05 -1.24137454897e-05
BPMYA.4R5.B2 13501.82097 0.00648602760744 0.0075341887608 9.13302082075e-06 -1.44808000171e-05
BPMR.5R5.B2 13522.93897 0.00468346083185 0.00876913615767 3.83669584045e-06 -1.66848810332e-05
BPM.6R5.B2 13554.83897 -0.00395574267154 0.00912056216413 -1.42615267081e-05 -9.47175961756e-06
BPMRA.7R5.B2 13588.85297 -0.0080360700984 0.00585270293191 -1.34749580732e-05 1.05608194472e-05
BPM.8R5.B2 13630.28998 -0.00810999494169 0.00574982924304 7.95417883475e-06 1.51603576131e-05
BPM.9R5.B2 13669.35499 -0.00666147296078 0.00737952114526 1.34473933932e-05 -1.05958936784e-05
BPM.10R5.B2 13709.818 -0.00340249949692 0.00934106800586 -1.36877902757e-05 -1.02834755324e-05
BPM.11R5.B2 13762.59871 -0.00789018245775 0.00604793973625 -5.50374381437e-06 1.62115489543e-05
BPM.12R5.B2 13817.32223 -0.00559571189047 0.00821708967528 1.59052452436e-05 6.3347030002e-06
BPM.13R5.B2 13870.77074 -0.00518646901238 0.00848133795521 7.59562291089e-06 -1.53431372674e-05
BPM.14R5.B2 13924.21926 -0.00331310495228 0.00937314727674 -1.55637122873e-05 -7.13277072343e-06
BPM.15R5.B2 13977.66777 -0.00405868684754 0.00907521985369 -6.95974149368e-06 1.56418496108e-05
BPM.16R5.B2 14031.11629 -0.00208685357603 0.00971995866435 1.5843122282e-05 6.48852465996e-06
BPM.17R5.B2 14084.56481 -0.00286443803335 0.00951985026406 6.3124246041e-06 -1.59141027139e-05
BPM.18R5.B2 14138.01332 -0.000826362409902 0.00990705200588 -1.60958856337e-05 -5.8333556391e-06
BPM.19R5.B2 14191.46184 -0.00162313773222 0.00980805679753 -5.65449675775e-06 1.61595781977e-05
BPM.20R5.B2 14244.91035 0.000447757543501 0.00993136785472 1.6321558595e-05 5.16837536973e-06
BPM.21R5.B2 14298.35887 -0.000355155060891 0.00993511042577 4.98705315619e-06 -1.63778737203e-05
BPM.22R5.B2 14351.80738 0.00171446938363 0.00979250473382 -1.65197847839e-05 -4.4946977881e-06
BPM.23R5.B2 14405.2559 0.000918651914096 0.00989892079718 -4.3112139098e-06 1.65686095305e-05
BPM.24R5.B2 14458.70442 0.00297596773873 0.0094883627743 1.66672745146e-05 -1.95250762714e-05
BPM.25R5.B2 14512.15293 0.00220054167097 0.0096975784866 -1.97087169444e-05 -1.64497201837e-05
BPM.26R5.B2 14565.60145 0.00416524448204 0.0090297370145 -1.58525253575e-05 2.01921793772e-05
BPM.27R5.B2 14619.04996 0.00342300278567 0.00933640530725 2.03667328941e-05 1.5627631027e-05
BPM.28R5.B2 14672.49848 0.005309033553 0.0084183617886 1.49883139472e-05 -4.41638348919e-05
BPM.29R5.B2 14725.947 0.00461233657694 0.00881935392809 -4.43273587226e-05 -1.44975581779e-05
BPM.30R5.B2 14779.39551 0.00634227726339 0.00767008288754 -1.31643955791e-05 4.47413985333e-05
BPM.31R5.B2 14832.84403 0.00570266194024 0.00815685596376 4.48846149757e-05 1.26674901733e-05
BPM.32R5.B2 14886.29254 0.00727133438295 0.00679575960617 1.13187564411e-05 -4.52435546945e-05
BPM.33R5.B2 14939.74106 0.00669919110406 0.00736040018918 -4.53663192072e-05 -1.08162280303e-05
BPM.34R5.B2 14993.18958 0.00808090223012 0.00580979101496 -9.45358046607e-06 4.56697201309e-05
BPM.33L6.B2 15046.63809 0.00758572575849 0.00644293544373 4.57717238623e-05 8.94665175342e-06
BPM.32L6.B2 15100.08661 0.00875770212281 0.0047283512952 7.57306578482e-06 -4.6018941039e-05
BPM.31L6.B2 15153.53512 0.00834755901553 0.00541967811861 -4.61001116009e-05 -7.0621250801e-06
BPM.30L6.B2 15206.98364 0.00929060113293 0.00356922723463 -5.67918564111e-06 4.62908215787e-05
BPM.29L6.B2 15260.43215 0.0089722780341 0.00430730533673 4.63509494233e-05 5.16562536212e-06
BPM.28L6.B2 15313.88067 0.00967084856182 0.00235145497328 3.77641382759e-06 -4.64847542081e-05
BPM.27L6.B2 15367.32919 0.00944954667542 0.00312421511229 -4.65237901693e-05 -3.26051201274e-06
BPM.26L6.B2 15420.7777 0.00991512799542 0.00109067485209 -1.88968065064e-06 2.3262018667e-05
BPM.25L6.B2 15474.22622 0.00979477579183 0.00188724719935 2.3281543872e-05 1.63164399054e-06
BPM.24L6.B2 15527.67473 0.00997318940959 -0.000186622198105 9.34232367895e-07 -2.33199422948e-05
BPM.23L6.B2 15581.12325 0.00995572284887 0.000618803183938 -2.3328871147e-05 -6.75517357243e-07
BPM.22L6.B2 15634.57177 0.00989031626211 -0.00146523373966 -1.73321234719e-11 1.05940229739e-11
BPM.21L6.B2 15688.02028 0.00997630154286 -0.000662324054662 1.47634106494e-11 2.22374549015e-11
BPM.20L6.B2 15741.4688 0.0096216312951 -0.00271835922591 2.6516075245e-11 -2.15042811981e-11
BPM.19L6.B2 15794.91731 0.00980961727202 -0.00193304803178 -1.20211908506e-11 -2.04060702618e-11
BPM.18L6.B2 15848.36583 0.00919485370347 -0.00392682200258 -2.00886613274e-11 1.32871453354e-11
BPM.17L6.B2 15901.81435 0.00948175296359 -0.00317200668409 1.64745976066e-11 1.94158061582e-11
BPM.16L6.B2 15955.26286 0.00861699717443 -0.00507076181235 2.54789580319e-11 -2.23645433819e-11
BPM.15L6.B2 16008.71138 0.00899809369064 -0.00435885025818 -1.60107501854e-11 -1.62343595139e-11
BPM.14L6.B2 16062.15989 0.00789755504257 -0.00613138565497 -2.287523491e-11 2.00503611114e-11
BPM.13L6.B2 16115.60841 0.00836658958403 -0.00547407018044 1.64086456925e-11 2.16097715481e-11
BPM.12L6.B2 16169.05693 0.00694129373652 -0.00719608969286 1.86459225315e-11 -1.93364440273e-11
BPM.11L6.B2 16222.50544 0.00806462056418 -0.00590992054453 -1.55232507681e-11 -2.29776236363e-11
BPM.10L6.B2 16274.34415 0.00692467811188 -0.0072120800526 -2.4172418221e-11 1.20875458153e-11
BPM.9L6.B2 16313.40916 0.00586965676083 -0.00809397277104 1.18843167885e-12 1.9348580665e-11
BPM.8L6.B2 16353.87217 0.000488275545153 -0.0099863332939 3.08190335896e-11 -1.49914097148e-11
BPMYB.5L6.B2 16450.96018 0.00832753694617 -0.00553329866074 -2.53482924235e-11 -2.04238562237e-12
BPMYA.4L6.B2 16487.36018 0.00810403254534 -0.00585575968337 -7.16419442457e-11 4.96796522672e-12
BPMSB.B4L6.B2 16518.13068 0.00871488219386 -0.00490062179988 -2.44067402777e-11 8.87550702595e-12
BPMSB.A4L6.B2 16518.76568 0.0087276925524 -0.00487777084029 -2.28678828165e-11 7.79689035593e-12
BPMSA.4L6.B2 16615.57568 0.00996201934407 -0.000850550555398 -7.85062320006e-12 2.32879802705e-11
BPMSE.4R6.B2 16707.14568 0.00998324992539 -0.000547710333572 1.57494866499e-11 1.81724760859e-11
BPMSA.A4R6.B2 16803.82068 0.00912234999355 -0.00409243158398 2.77337790675e-11 -1.33057229728e-12
BPMSA.B4R6.B2 16804.40568 0.00911308029841 -0.00411303210968 2.64135364052e-11 -2.19733622026e-12
BPMYB.4R6.B2 16830.96018 0.00867732775427 -0.00496681474543 2.45912411198e-11 -7.92808353104e-12
BPMYA.5R6.B2 16867.36018 0.00862750112193 -0.00505286952224 4.00042408556e-11 -1.63557488854e-11
BPM.8R6.B2 16963.08519 0.00554702607906 -0.00831839932582 -1.56378698446e-11 -2.15462934707e-11
BPM.9R6.B2 17002.1502 -0.00158216491691 -0.00987228544051 -2.14862806953e-11 1.37319882067e-11
BPM.10R6.B2 17042.61322 -0.00352774942667 -0.00935522579373 1.44100530973e-11 2.2163742637e-11
BPM.11R6.B2 17094.45193 -0.00582769343736 -0.00812423872895 2.16602786862e-11 -1.06460352607e-11
BPM.12R6.B2 17149.17544 -0.00396647459971 -0.0091778180908 -1.95986000009e-11 -1.80051146544e-11
BPM.13R6.B2 17202.62396 -0.00579641560589 -0.00814658405694 -1.66419620751e-11 2.14362515561e-11
BPM.14R6.B2 17256.07247 -0.00512010022063 -0.00858777266759 2.48110845937e-11 1.68611044406e-11
BPM.15R6.B2 17309.52099 -0.00679090542744 -0.00733817887213 1.79480623917e-11 -1.48624439472e-11
BPM.16R6.B2 17362.96951 -0.0061765799016 -0.00786225962246 -1.62836657435e-11 -1.86542698865e-11
BPM.17R6.B2 17416.41802 -0.00767381021151 -0.00640920451612 -1.90164040924e-11 2.0285391652e-11
BPM.18R6.B2 17469.86654 -0.00713157316116 -0.0070075623424 2.39516393574e-11 1.30462876989e-11
BPM.19R6.B2 17523.31505 -0.00843062957059 -0.00537491867618 1.26899380712e-11 -1.68596805311e-11
BPM.20R6.B2 17576.76357 -0.00796938754836 -0.00603772538035 -2.40081358529e-11 -1.2787959621e-11
BPM.21R6.B2 17630.21209 -0.00904892446479 -0.00425232074207 -1.43498373866e-11 2.41785299253e-11
BPM.22R6.B2 17683.6606 -0.0086762588369 -0.00496868174446 2.28817323107e-11 1.27795558649e-11
BPM.23R6.B2 17737.10912 -0.00951853867783 -0.0030598508315 1.36597610252e-11 -1.94307771655e-11
BPM.24R6.B2 17790.55763 -0.00921513714094 -0.00381638504441 3.91095319675e-07 -2.54742691661e-05
BPM.25R6.B2 17844.00615 -0.00980654011067 -0.00182080158926 -2.54745671636e-05 3.71369273436e-07
BPM.26R6.B2 17897.45466 -0.00962762118248 -0.00260623439601 6.53809507809e-07 2.54688798456e-05
BPM.27R6.B2 17950.90318 -0.00995889082034 -0.00055139906095 2.5437910402e-05 -1.41575181643e-06
BPM.28R6.B2 18004.3517 -0.00985647757273 -0.00135165558182 -1.30678478674e-06 -5.08947439747e-05
BPM.29R6.B2 18057.80021 -0.00992239256937 0.00072335932152 -5.08328548723e-05 2.8290587764e-06
BPM.30R6.B2 18111.24873 -0.00994840533792 -7.97134922763e-05 3.39241480541e-06 5.07983739231e-05
BPM.31R6.B2 18164.69724 -0.00974834165377 0.00198669524042 5.06740697628e-05 -4.91130827732e-06
BPM.32R6.B2 18218.14576 -0.00987687197918 0.00119353376121 -5.47314980687e-06 -5.06164680581e-05
BPM.33R6.B2 18271.59428 -0.009414124419 0.00321735673859 -5.04300494748e-05 6.98522236303e-06
BPM.34R6.B2 18325.04279 -0.00964305176988 0.00244717704247 7.54388350775e-06 5.03494950848e-05
BPM.33L7.B2 18378.49131 -0.0089252071204 0.00439520202573 5.01011560786e-05 -9.04747869473e-06
BPM.32L7.B2 18431.93982 -0.00925079054645 0.0036606006669 -9.60268457882e-06 -4.99977080469e-05
BPM.31L7.B2 18485.38834 -0.00828967199506 0.00550076914499 -4.96879970598e-05 1.10943938439e-05
BPM.30L7.B2 18538.83686 -0.00870652433851 0.00481389207435 1.16446089845e-05 4.95619311592e-05
BPM.29L7.B2 18592.28537 -0.00751788246175 0.0065160238048 4.91912044319e-05 -1.31227750983e-05
BPM.28L7.B2 18645.73389 -0.00801921340036 0.00588806754861 -1.3667609499e-05 -4.90426176238e-05
BPM.27L7.B2 18699.1824 -0.0066226329753 0.00742414004882 -4.861169771e-05 1.5128944533e-05
BPM.26L7.B2 18752.63092 -0.00717470008589 0.00686711093222 1.60582558894e-05 2.29667156782e-05
BPM.25L7.B2 18806.07943 -0.00559329998663 0.00820661496953 2.24758395134e-05 -1.67384004123e-05
BPM.24L7.B2 18859.52795 -0.00623733570038 0.00772846539769 -1.69866361212e-05 -2.2288827096e-05
BPM.23L7.B2 18912.97647 -0.0044975880872 0.00885467308238 -2.17705300334e-05 1.76460026543e-05
BPM.22L7.B2 18966.42498 -0.0051720371054 0.00846445461822 1.82775013786e-05 -3.90063282904e-06
BPM.21L7.B2 19019.8735 -0.00330275185922 0.00935354424942 -4.44585685401e-06 -1.8152582662e-05
BPM.20L7.B2 19073.32201 -0.004046802057 0.00905650887104 -1.81021642939e-05 4.64687994898e-06
BPM.19L7.B2 19126.77053 -0.00207910916554 0.00969918888077 5.18652136796e-06 1.79549952948e-05
BPM.18L7.B2 19180.21905 -0.00285502517478 0.00949977847876 1.78963712114e-05 -5.38532523142e-06
BPM.17L7.B2 19233.66756 -0.000821322814232 0.00988546350498 -5.91847582307e-06 -1.77271965901e-05
BPM.16L7.B2 19287.11608 -0.00161639063214 0.00978694238002 -1.76604682978e-05 6.11470435021e-06
BPM.15L7.B2 19340.56459 0.000449979395028 0.00990931271132 6.64047775956e-06 1.74695736707e-05
BPM.14L7.B2 19394.01311 -0.000351142489898 0.00991330715885 1.73948550851e-05 -6.83379929144e-06
BPM.13L7.B2 19447.46163 0.001713865072 0.00977034423207 -7.35128354297e-06 -1.71825614305e-05
BPM.12L7.B2 19500.91014 0.000710009628318 0.00989408137127 -1.71997539163e-05 7.310969331e-06
BPM.11L7.B2 19554.35866 0.00296410097259 0.0094663121269 7.05352422461e-06 1.73069242855e-05
BPM.10L7.B2 19607.13937 0.00301299711211 0.00945086283193 1.7604917586e-05 -6.27287120362e-06
BPM.9L7.B2 19646.20438 0.00640418034095 0.00757518541346 7.32033071605e-07 -1.867474385e-05
BPM.8L7.B2 19686.66739 0.00864017839832 0.00487280998073 -1.84661095231e-05 -2.87830459751e-06
BPM.7L7.B2 19725.7314 0.00978155866931 -0.00164865696674 -4.39985811182e-06 1.816379307e-05
BPMR.6L7.B2 19760.5494 0.0098011311429 -0.00152800139299 9.76188640893e-06 1.59369854217e-05
BPMWC.6L7.B2 19772.7279 0.00948677664974 -0.0028979352384 1.38372332289e-05 1.25623499858e-05
BPMWE.5L7.B2 19849.7819 0.00966505388767 0.00223241869198 1.19076637669e-05 -1.44044961341e-05
BPMW.5L7.B2 19872.9869 0.00847540624108 0.00515407109929 4.45205683606e-06 -1.81510643373e-05
BPMWE.4L7.B2 19908.0719 0.00848390357042 0.00514007198665 -3.20004403066e-06 -1.84130842328e-05
BPMW.4L7.B2 19936.1769 0.00982035819935 0.00139911568376 -1.2408681399e-05 -1.39752116156e-05
BPMW.4R7.B2 20052.2239 0.00987635884712 -0.00092438941949 -5.29511144806e-06 1.79232736429e-05
BPMWE.4R7.B2 20080.3289 0.00956454974742 0.00262989503569 4.46455991139e-06 1.81479864184e-05
BPMW.5R7.B2 20115.4139 0.00967503489673 0.00218875755091 1.23303056037e-05 1.40444065402e-05
BPMWE.5R7.B2 20138.6189 0.00942917487673 -0.00308019820319 1.842452638e-05 3.13349717738e-06
BPM.6R7.B2 20217.7584 0.00687579956517 -0.00714984896646 -3.07525435648e-06 -1.8434332307e-05
BPM_A.7R7.B2 20255.7944 0.00886916869271 -0.0044423874875 -1.55709597252e-05 -1.03357178736e-05
BPM.8R7.B2 20294.85841 0.00890748488355 -0.00436505130456 -1.75105259528e-05 6.53170991939e-06
BPM.9R7.B2 20333.92342 0.00532962845924 -0.00836612337789 5.92010385595e-06 1.77266475641e-05
BPM.10R7.B2 20374.38643 0.000792164170122 -0.00988784282708 1.82538516549e-05 -4.00982604561e-06
BPM.11R7.B2 20427.16714 0.00109232648486 -0.00985919787318 -1.49787014953e-06 -1.86289636235e-05
BPM.12R7.B2 20481.89066 -0.000227225065869 -0.0099169213289 -1.86176619538e-05 1.6323546695e-06
BPM.13R7.B2 20535.33917 0.000674875111908 -0.00989653997379 1.97911632576e-06 1.8583996384e-05
BPM.14R7.B2 20588.78769 -0.00139368933793 -0.00982112976586 1.85164519972e-05 -2.53435150999e-06
BPM.15R7.B2 20642.23621 -0.000596615049093 -0.0099015660551 -2.73954476735e-06 -1.84872077164e-05
BPM.16R7.B2 20695.68472 -0.0026385811636 -0.00956215714716 -1.83969471015e-05 3.29155274862e-06
BPM.17R7.B2 20749.13324 -0.00185831115481 -0.00974390268407 3.49536308349e-06 1.83593121578e-05
BPM.18R7.B2 20802.58175 -0.0038400654473 -0.00914608425496 1.82464830249e-05 -4.04323194167e-06
BPM.19R7.B2 20856.03027 -0.00308948605309 -0.00942613578254 -4.24533768627e-06 -1.82005219917e-05
BPM.20R7.B2 20909.47879 -0.00497850188488 -0.00857971321364 -1.80653262509e-05 4.78808864773e-06
BPM.21R7.B2 20962.9273 -0.0042698842418 -0.00895349364439 4.98812967508e-06 1.80111201626e-05
BPM.22R7.B2 21016.37582 -0.00603509585652 -0.00787239339827 1.78537743202e-05 -5.524912953e-06
BPM.23R7.B2 21069.82433 -0.0053801385174 -0.00833373082143 -5.72257191136e-06 -1.77914033964e-05
BPM.24R7.B2 21123.27285 -0.00701573415091 -0.00703128628558 -1.75890646184e-05 2.98507446611e-05
BPM.25R7.B2 21176.72137 -0.006425420687 -0.00757452847095 3.00439854809e-05 1.72569226467e-05
BPM.26R7.B2 21230.16988 -0.00785752527574 -0.00607608501633 1.63500111855e-05 -3.0547007108e-05
BPM.27R7.B2 21283.6184 -0.00734158636909 -0.00669033797117 -3.07264271178e-05 -1.60102772236e-05
BPM.28R7.B2 21337.06691 -0.00859340794419 -0.00501661396748 -1.5060659325e-05 5.47901824926e-05
BPM.29R7.B2 21390.51543 -0.00816053296011 -0.00569374899981 5.4953872064e-05 1.44519684592e-05
BPM.30R7.B2 21443.96394 -0.00916452871182 -0.00387614361291 1.28006723613e-05 -5.53618183004e-05
BPM.31R7.B2 21497.41246 -0.00882185302137 -0.00460304085678 -5.55003236307e-05 -1.21861114221e-05
BPM.32R7.B2 21550.86098 -0.00958507363105 -0.00267197292852 -1.05200474696e-05 5.58400948206e-05
BPM.33R7.B2 21604.30949 -0.00933818400566 -0.00343677106143 5.59533632559e-05 9.89994450013e-06
BPM.34R7.B2 21657.75801 -0.00984812519569 -0.00142390518461 8.22076160228e-06 -5.62246125e-05
BPM.33L8.B2 21711.20652 -0.00970110223345 -0.00221397634834 -5.63122861855e-05 -7.59695689742e-06
BPM.32L8.B2 21764.65504 -0.00994936368582 -0.000152440487028 -5.90864921567e-06 5.65143785238e-05
BPM.31L8.B2 21818.10356 -0.00990461279444 -0.000954840963104 5.65764499068e-05 5.28132719282e-06
BPM.30L8.B2 21871.55207 -0.0098871251273 0.00112153134904 3.58557357194e-06 -5.6709176745e-05
BPM.29L8.B2 21925.00059 -0.00994538469126 0.000319998730658 -5.67454460607e-05 -2.95670230379e-06
BPM.28L8.B2 21978.4491 -0.00966243274637 0.00237707158349 -1.25748853522e-06 5.68085073627e-05
BPM.27L8.B2 22031.89762 -0.00982274331281 0.00158958790189 5.68189558605e-05 6.27168227778e-07
BPM.26L8.B2 22085.34614 -0.00930216434179 0.00359799005087 -1.050363194e-06 -3.32139695074e-05
BPM.25L8.B2 22138.79465 -0.00956217943773 0.00283558075067 -3.32002863401e-05 1.41854633131e-06
BPM.24L8.B2 22192.24317 -0.00876548984813 0.00475835913162 2.41138899829e-06 3.31429684433e-05
BPM.23L8.B2 22245.69168 -0.00912088796344 0.00403549211212 3.31141853954e-05 -2.77887426711e-06
BPM.22L8.B2 22299.1402 -0.00810797346231 0.00584498024978 -3.74541212358e-06 -9.41774615883e-06
BPM.21L8.B2 22352.58871 -0.00855321036617 0.00517161678254 -9.37563623224e-06 3.84960044773e-06
BPM.20L8.B2 22406.03723 -0.00729367380559 0.00683413127422 4.12845542202e-06 9.25624035464e-06
BPM.19L8.B2 22459.48575 -0.00782138522897 0.00622325966955 9.2098833865e-06 -4.23085979418e-06
BPM.18L8.B2 22512.93426 -0.00635953760084 0.00771098627398 -4.5045788157e-06 -9.07914472498e-06
BPM.17L8.B2 22566.38278 -0.00696106066693 0.00717263286879 -9.02863739878e-06 4.60498610063e-06
BPM.16L8.B2 22619.83129 -0.00532090100871 0.0084611488743 4.87311123992e-06 8.88678225288e-06
BPM.15L8.B2 22673.27981 -0.00598634318161 0.00800416910774 8.83219479831e-06 -4.97136650142e-06
BPM.14L8.B2 22726.72833 -0.0041948475227 0.00907228097344 -5.23344885856e-06 -8.67946272808e-06
BPM.13L8.B2 22780.17684 -0.00491328449244 0.0087041750518 -8.6208982862e-06 5.32937741077e-06
BPM.12L8.B2 22833.62536 -0.00210855692288 0.00977021061804 5.13535364273e-06 8.73786384022e-06
BPM.11L8.B2 22887.07387 -0.00249333071263 0.00967916988887 9.40849324411e-06 -3.76861087481e-06
BPM.10L8.B2 22938.91258 -0.00177347692028 0.00983655465197 -2.91479973244e-06 -9.70701142103e-06
BPM.9L8.B2 22977.9776 -0.00255461666171 0.00966317554169 -1.00783564568e-05 1.07183152483e-06
BPM.8L8.B2 23018.44061 0.00725376375779 0.00687647723665 3.82781632219e-06 9.38455864512e-06
BPM.7L8.B2 23057.50662 0.00738181520662 0.00673883017059 9.0933233145e-06 4.47588843341e-06
BPM.6L8.B2 23089.97562 0.00213041027591 0.00976546874724 8.99543453779e-06 -4.66949194364e-06
BPMR.5L8.B2 23150.39462 0.00742520882859 0.00669098656373 3.02327349022e-08 1.0135145804e-05
BPMYB.4L8.B2 23171.16162 0.00846713803635 0.00531136528148 3.62992712499e-06 9.46285383099e-06
BPMWB.4L8.B2 23195.62912 0.00818601696125 0.00573516818392 5.62926957425e-06 8.42813024965e-06
BPMSX.4L8.B2 23245.78612 0.00829989395063 0.00556909222762 7.83752117816e-06 6.42614968677e-06
BPMS.2L8.B2 23283.69762 0.00823047435928 0.00567118320764 8.86822081278e-06 4.9067175022e-06
BPMSW.1L8.B2 23293.63162 0.00816641392288 0.00576304723946 9.26744979648e-06 4.10349231284e-06
BPMSW.1R8.B2 23336.82162 0.00816641296102 0.00576304829807 5.73773443329e-06 8.35459040976e-06
BPMS.2R8.B2 23346.75562 0.00823047390172 0.00567118393135 6.45392860934e-06 7.81467175171e-06
BPMSX.4R8.B2 23384.66712 0.00829989343243 0.00556909300314 7.75790092549e-06 6.52204705574e-06
BPMWI.4R8.B2 23434.90012 0.00818639743842 0.00573462508916 9.32193463675e-06 3.97791332833e-06
BPMYB.4R8.B2 23459.29162 0.00846728189214 0.00531113592624 9.96900715982e-06 1.82775122288e-06
BPMYB.5R8.B2 23479.86862 0.00749107758113 0.00661715835901 9.9865006606e-06 -1.72979084845e-06
BPMR.6R8.B2 23563.97662 0.00222406468432 0.00974456588329 -1.28297691829e-06 1.00536462957e-05
BPM_A.7R8.B2 23586.21662 0.00469683002385 0.00882285755175 2.72997562963e-06 9.7606062259e-06
BPM.8R8.B2 23627.65561 0.0085521606505 0.00517335249438 9.91993502513e-06 2.07773426866e-06
BPM.9R8.B2 23666.7226 0.00993378639561 -0.00110585515587 -5.10184322759e-06 -8.75747099881e-06
BPM.10R8.B2 23707.18758 0.00726820571687 0.00686121078898 -5.74980927141e-06 8.34635948625e-06
BPM.11R8.B2 23759.02827 0.00878754731816 0.00476256652198 7.6087456314e-06 6.69545451712e-06
BPM.12R8.B2 23813.75476 0.00894753159742 0.00445473973913 6.82878888774e-06 -7.48930355446e-06
BPM.13R8.B2 23867.20624 0.00977358883814 0.00209284232696 -7.90020085216e-06 -6.34893752044e-06
BPM.14R8.B2 23920.65773 0.00957280512793 0.00287479213255 -6.26005390546e-06 7.97082123351e-06
BPM.15R8.B2 23974.10921 0.00996102156658 0.000825274001057 8.15528821931e-06 6.0177543463e-06
BPM.16R8.B2 24027.56069 0.00986191430054 0.00162655284394 5.92601678213e-06 -8.22219374626e-06
BPM.17R8.B2 24081.01218 0.00998475265201 -0.000455787513965 -8.39652338281e-06 -5.67631903212e-06
BPM.18R8.B2 24134.46366 0.00998896471507 0.000351584588561 -5.58187844993e-06 8.45960275218e-06
BPM.19R8.B2 24187.91515 0.00984440680291 -0.00172935898701 8.62347168501e-06 5.32520482404e-06
BPM.20R8.B2 24241.36663 0.00995186879233 -0.000929158415693 5.22826078612e-06 -8.68259320739e-06
BPM.21R8.B2 24294.81811 0.00954228911767 -0.00297451613393 -8.83574630681e-06 -4.96504611128e-06
BPM.22R8.B2 24348.2696 0.0097512354565 -0.00219463775726 -4.86572394304e-06 8.89082319071e-06
BPM.23R8.B2 24401.72108 0.00908336771135 -0.00417078635841 9.03299935462e-06 4.59641906058e-06
BPM.24R8.B2 24455.17257 0.00933618274571 -0.00342744492774 3.66784729321e-06 4.51859552317e-05
BPM.25R8.B2 24508.62405 0.00842148194178 -0.0052905887127 4.50553801154e-05 -5.02356723058e-06
BPM.26R8.B2 24562.07554 0.00882100880409 -0.00459363589232 -5.52792175336e-06 -4.49962879654e-05
BPM.27R8.B2 24615.52702 0.00767545335539 -0.00632448438843 -4.48098722733e-05 6.87742855402e-06
BPM.28R8.B2 24668.9785 0.00810672015495 -0.00568772075784 6.55243342833e-06 9.8999301088e-05
BPM.29R8.B2 24722.42999 0.00674968518507 -0.00724643560343 9.8757828539e-05 -9.52306523755e-06
BPM.30R8.B2 24775.88147 0.00731249347122 -0.00667806246929 -1.06284167133e-05 -9.86449845958e-05
BPM.31R8.B2 24829.33296 0.00576711682329 -0.0080504312075 -9.82810576051e-05 1.35878790308e-05
BPM.32R8.B2 24882.78444 0.00639812019033 -0.00755864651099 1.468860905e-05 9.81225854805e-05
BPM.33R8.B2 24936.23592 0.00468998080077 -0.00872199284451 9.76370948299e-05 -1.76293560631e-05
BPM.34R8.B2 24989.68741 0.00537857846242 -0.00831504496966 -1.87218222254e-05 -9.74335189668e-05
BPM.33L1.B2 25043.13889 0.0035355400351 -0.00925035327694 -9.68269656338e-05 2.16410660525e-05
BPM.32L1.B2 25096.59038 0.00427069565619 -0.00893477686537 2.27248287004e-05 9.65783591533e-05
BPM.31L1.B2 25150.04186 0.00232326293935 -0.00962660523779 9.58521231094e-05 -2.56157475049e-05
BPM.30L1.B2 25203.49334 0.00309257340925 -0.00940771325807 -2.66878766419e-05 -9.55591588486e-05
BPM.29L1.B2 25256.94483 0.0010725268528 -0.0098447328678 -9.47141547254e-05 2.95469943417e-05
BPM.28L1.B2 25310.39631 0.00186370860933 -0.00972603049822 3.06064375697e-05 9.43771277311e-05
BPM.27L1.B2 25363.8478 -0.000195542935094 -0.00990105257302 9.34150504009e-05 -3.34279049504e-05
BPM.26L1.B2 25417.29928 0.000549998249365 -0.00988795776674 -3.52996155362e-05 -3.8765108579e-05
BPM.25L1.B2 25470.75077 -0.00151430481058 -0.00978678127926 -3.7687093117e-05 3.64483072025e-05
BPM.24L1.B2 25524.20225 -0.00071939854969 -0.00987707814094 3.68682788554e-05 3.72763486286e-05
BPM.23L1.B2 25577.65373 -0.00275379899775 -0.00951266513218 3.61518402546e-05 -3.79715810419e-05
BPM.22L1.B2 25631.10522 -0.00203121797934 -0.00970731697197 -3.92014886828e-05 1.85454216036e-05
BPM.21L1.B2 25684.5567 -0.00400177396207 -0.00907434044259 1.97147553854e-05 3.8626638842e-05
BPM.20L1.B2 25738.00819 -0.00325629872781 -0.00936773013413 3.84032959335e-05 -2.01463686983e-05
BPM.19L1.B2 25791.45967 -0.00512976813563 -0.00848783412977 -2.12910742252e-05 -3.77806712025e-05
BPM.18L1.B2 25844.91115 -0.00442797707831 -0.00887416859592 -3.75398156364e-05 2.17129425057e-05
BPM.17L1.B2 25898.36264 -0.00617342062793 -0.00776187651281 2.2830928308e-05 3.68705556889e-05
BPM.16L1.B2 25951.81412 -0.00552679675331 -0.00823482646535 3.66123776374e-05 -2.32426989241e-05
BPM.15L1.B2 26005.26561 -0.00711566705502 -0.00690833782654 -2.43321955928e-05 -3.58975424132e-05
BPM.14L1.B2 26058.71709 -0.00653487576514 -0.00746011045529 -3.56227537863e-05 2.47327489079e-05
BPM.13L1.B2 26112.16857 -0.00794094955241 -0.00594131041995 2.57917819773e-05 3.48636376397e-05
BPM.12L1.B2 26165.62006 -0.00648031290004 -0.00750755579803 3.65602980463e-05 -2.33245408919e-05
BPM.11L1.B2 26219.07154 -0.00579845433371 -0.00804585462008 -2.23550731413e-05 -3.71610008066e-05
BPM.10L1.B2 26271.85423 -0.005268443395 -0.00840246115522 -3.29487194424e-05 2.81969989289e-05
BPM.9L1.B2 26310.92122 -0.00696698860396 -0.0070582518365 2.65082050586e-05 3.43220717146e-05
BPM.8L1.B2 26351.38621 0.000116303767878 -0.00991687061101 1.60974249245e-05 -4.02686280059e-05
BPM.7L1.B2 26390.4542 -0.00409385054492 -0.00903317424786 -3.87767342912e-05 -1.94178869416e-05
BPMR.6L1.B2 26433.6382 -0.00719038622661 -0.00683053403379 -2.00844219233e-05 3.84357298435e-05
BPM.5L1.B2 26465.5382 -0.00982057367224 0.00138353963198 2.88871735727e-05 3.23453421022e-05
BPMYA.4L1.B2 26486.6562 -0.00928119267547 0.00349532713601 3.79501497344e-05 2.09874954874e-05
BPMWB.4L1.B2 26507.7127 -0.00878650869348 0.0045994688974 4.13232188432e-05 1.31560473833e-05
BPMSY.4L1.B2 26600.5687 -0.00862493785664 0.00489574266268 4.33598336944e-05 -7.83483889742e-07
BPMS.2L1.B2 26627.3542 -0.0085591448794 0.00500988029852 4.32143512121e-05 -3.62434560905e-06
BPMSW.1L1.B2 26637.4082 -0.00853082965755 0.00505794359151 4.30058283605e-05 -5.58510166006e-06
