BPMSW.1R1.B2 21.475 0.000242758292806 0.0100026637047 5.00566014717e-05 -1.96339994757e-05
BPMS.2R1.B2 31.529 0.000186491871738 0.0100038709278 4.91120060312e-05 -2.18894396569e-05
BPMSY.4R1.B2 58.3145 5.35876786042e-05 0.0100054655622 4.75716607572e-05 -2.50617541829e-05
BPMWB.4R1.B2 151.1705 -0.000286885094578 0.0100014953749 3.70285779328e-05 -3.89876865033e-05
BPMYA.4R1.B2 172.227 -0.00150267559945 0.00989212711472 2.86838017304e-05 -4.54796118161e-05
BPMR.5R1.B2 199.635 -0.00436427235223 0.00900362924615 4.89861656876e-06 -5.35458536479e-05
BPM.6R1.B2 231.535 -0.0100011212047 0.000299645611952 -5.21742280785e-05 -1.30002168611e-05
BPMRA.7R1.B2 259.259 -0.00973740656143 -0.00230111411789 -4.23205820372e-05 3.31680959762e-05
BPM.8R1.B2 300.6960106 -0.00970728847556 -0.00242502848698 2.49814285661e-05 4.76139032789e-05
BPM.9R1.B2 339.7610212 -0.0100024725479 -0.000250510837177 4.22338918439e-05 -3.32784249301e-05
BPM.10R1.B2 380.2240318 -0.00936439343041 0.00352425147704 -4.2989060329e-05 -3.22969913503e-05
BPM.11R1.B2 433.0047424 -0.00979088782073 -0.00206172948342 -1.72856333493e-05 5.09152498486e-05
BPM.12R1.B2 487.7282583 -0.00994357276843 0.00111246273874 4.99532992938e-05 1.98953065187e-05
BPM.13R1.B2 541.1767742 -0.00987713894232 0.00159822997971 2.38552490879e-05 -4.81879869911e-05
BPM.14R1.B2 594.6252901 -0.00933029751637 0.00361355241502 -4.88806784578e-05 -2.24016534671e-05
BPM.15R1.B2 648.073806 -0.00959147114018 0.00284884083522 -2.18584604832e-05 4.91259867422e-05
BPM.16R1.B2 701.5223219 -0.00879138537712 0.00477742147355 4.97581645288e-05 2.03784216226e-05
BPM.17R1.B2 754.9708378 -0.00914824761711 0.00405237934484 1.98251011157e-05 -4.99812027479e-05
BPM.18R1.B2 808.4193537 -0.00810805968761 0.00586272810571 -5.05520586402e-05 -1.83206091701e-05
BPM.19R1.B2 861.8678696 -0.00855471748469 0.00518931801904 -1.77591110426e-05 5.07520349446e-05
BPM.20R1.B2 915.3163855 -0.00729145593434 0.00685177955982 5.12608007528e-05 1.62322367072e-05
BPM.21R1.B2 968.7649014 -0.00782061447311 0.00624100970338 1.56625451951e-05 -5.14377216602e-05
BPM.22R1.B2 1022.213417 -0.00635512315721 0.00772817070498 -5.18833694879e-05 -1.41163372935e-05
BPM.23R1.B2 1075.661933 -0.00695802657736 0.00719013761386 -1.35402873217e-05 5.20366745652e-05
BPM.24R1.B2 1129.110449 -0.00524230014816 0.00846387332304 5.23460824009e-05 -6.13218822536e-05
BPM.25R1.B2 1182.558965 -0.00590828222763 0.0080131806177 -6.18986237173e-05 -5.16628053983e-05
BPM.26R1.B2 1236.007481 -0.00411660230406 0.00906490198224 -4.97875835777e-05 6.3416732197e-05
BPM.27R1.B2 1289.455997 -0.00483462534571 0.00870317529937 6.3964965143e-05 4.90812463263e-05
BPM.28R1.B2 1342.904513 -0.00285118388916 0.00950326967887 4.70722142376e-05 -0.000138703294235
BPM.29R1.B2 1396.353029 -0.00360890978998 0.00924214013699 -0.000139216710148 -4.5531360936e-05
BPM.30R1.B2 1449.801545 -0.00161217347891 0.00978990709081 -4.13452436988e-05 0.000140516787703
BPM.31R1.B2 1503.25006 -0.00239680515928 0.00962791302222 0.000140966694169 3.97842757221e-05
BPM.32R1.B2 1556.698576 -0.000346548188 0.00991570917948 3.55477248191e-05 -0.000142094181376
BPM.33R1.B2 1610.147092 -0.0011457364026 0.00985538797843 -0.000142479664449 -3.39697284229e-05
BPM.34R1.B2 1663.595608 0.000924659666213 0.00987858232059 -2.96905874358e-05 0.000143432446724
BPM.33L2.B2 1717.044124 0.000124599447913 0.00992098075573 0.000143752855601 2.80983041712e-05
BPM.32L2.B2 1770.49264 0.00218076808091 0.0096791339861 2.37841416791e-05 -0.000144529274287
BPM.31L2.B2 1823.941156 0.00139243683556 0.00982356879304 -0.000144784206347 -2.21795168126e-05
BPM.30L2.B2 1877.389672 0.00340097127382 0.00932066406077 -1.78361932649e-05 0.000145383173273
BPM.29L2.B2 1930.838188 0.00263784065822 0.00956468404259 0.000145571972092 1.62233801273e-05
BPM.28L2.B2 1984.286704 0.00456534602273 0.00880902945138 1.18605602612e-05 -0.000145992206582
BPM.27L2.B2 2037.73522 0.00383947776477 0.00914875918728 -0.00014611481644 -1.02400409795e-05
BPM.26L2.B2 2091.183735 0.00572663605275 0.00813896320706 -5.93464932716e-06 7.30578990926e-05
BPM.25L2.B2 2144.632251 0.00505120867156 0.00857451884779 7.31192046126e-05 5.12432405991e-06
BPM.24L2.B2 2198.080767 0.00672072701307 0.00733954432469 2.93416318166e-06 -7.32397902399e-05
BPM.23L2.B2 2251.529283 0.00610648157479 0.00785798735656 -7.32678369853e-05 -2.12148252572e-06
BPM.22L2.B2 2304.977799 0.00767636471998 0.00640583703238 1.44250969818e-11 4.4599699889e-11
BPM.21L2.B2 2358.426315 0.00713439210431 0.00700441095085 3.97219781505e-11 -1.46052679561e-11
BPM.20L2.B2 2411.874831 0.00843273279735 0.00537125134066 -2.09200219833e-11 -4.21007408845e-11
BPM.19L2.B2 2465.323347 0.00797177894452 0.00603424095379 -4.14731265239e-11 1.90855237094e-11
BPM.18L2.B2 2518.771863 0.00905054083205 0.00424841547274 1.77593420376e-11 4.39758630969e-11
BPM.17L2.B2 2572.220379 0.00867818586248 0.0049649182846 3.75154069443e-11 -1.98236134032e-11
BPM.16L2.B2 2625.668894 0.00951964259739 0.00305576965728 -2.21278182921e-11 -3.30569749251e-11
BPM.15L2.B2 2679.11741 0.00924199930735 0.00381402310497 -3.89308250505e-11 2.15845093959e-11
BPM.14L2.B2 2732.565926 0.00983232655183 0.00181291975705 2.4246566127e-11 3.62492604989e-11
BPM.13L2.B2 2786.014442 0.00965396100235 0.00260045387763 3.47734379564e-11 -2.20508328157e-11
BPM.12L2.B2 2839.462958 0.00999310135965 0.000315037589336 -2.04677567413e-11 -4.01479138384e-11
BPM.11L2.B2 2892.911474 0.00974841943773 0.00222027968797 -3.45661597714e-11 1.59303027342e-11
BPM.10L2.B2 2944.750185 0.00989644614928 0.0014218568818 9.0500911198e-12 4.43242832742e-11
BPM.9L2.B2 2983.815195 0.00998071577946 -0.000588757954249 4.3875174213e-11 -2.25012675184e-12
BPM.8L2.B2 3024.278206 0.00897155462231 -0.00441276909566 -3.49186376786e-11 -2.66601235344e-11
BPM.7L2.B2 3063.344216 0.00796798870223 0.00603924494309 -3.03867623858e-11 4.20790217091e-11
BPM.6L2.B2 3095.450216 0.00735045306099 0.00677732714461 -3.38842043039e-12 4.19521219573e-11
BPMYB.5L2.B2 3167.649216 0.00882176816785 0.00470507490257 4.66746332216e-11 3.72398583293e-12
BPMYB.4L2.B2 3188.219216 0.00956418376642 0.00291336785005 3.32754435116e-11 -2.00596270537e-11
BPMWB.4L2.B2 3212.610716 0.00884831210341 0.00465496469687 7.62878908287e-12 -4.24313451642e-11
BPMSX.4L2.B2 3262.843716 0.00999147484707 -0.000362979012551 -4.30644378019e-11 2.8174197321e-12
BPMS.2L2.B2 3300.755216 0.0099910139881 -0.000375451010957 -9.30216388375e-13 3.59073693394e-11
BPMSW.1L2.B2 3310.689216 0.00999806597728 1.666541174e-09 -2.42917346883e-11 4.3799900828e-11
BPMSW.1R2.B2 3353.879216 0.00999806597378 -1.05592581831e-09 -4.10903317526e-11 -3.51511909836e-11
BPMS.2R2.B2 3363.813216 0.00999101387021 -0.000375453021521 -5.45558083111e-11 4.44253402833e-12
BPMSX.4R2.B2 3401.724716 0.0099914750257 -0.000362974036656 -4.39166550136e-11 1.49013551206e-11
BPMWB.4R2.B2 3451.881716 0.00884753795355 0.0046564359298 2.50681957496e-11 3.54674524015e-11
BPMYB.4R2.B2 3476.349216 0.00955125875825 0.00295546606977 5.00797362139e-11 -2.35518753032e-12
BPM.5R2.B2 3505.883216 0.00586612669808 0.00809628809957 1.65787362397e-11 -3.98983095151e-11
BPMR.6R2.B2 3579.179216 0.00458062643787 0.00888702339335 -3.11959872489e-11 -2.75860859823e-11
BPM_A.7R2.B2 3592.054216 0.00495461510028 0.00868407236261 -2.94470836372e-11 -1.3905471536e-11
BPM.8R2.B2 3633.493206 0.00788650197586 0.0061452754209 -3.17933168506e-11 3.01128624168e-11
BPM.9R2.B2 3672.560195 0.00921274851737 -0.00388414574334 3.61138036237e-11 2.0078665227e-11
BPM.10R2.B2 3713.025185 0.00890195554465 -0.00455153940036 3.23407280551e-11 -2.83450766024e-11
BPM.11R2.B2 3764.865874 0.00853277745203 -0.00521085716715 -3.23814574202e-11 -2.87097766164e-11
BPM.12R2.B2 3819.592358 0.00884506408066 -0.00466113342609 -3.41868071994e-11 2.62878770604e-11
BPM.13R2.B2 3873.043842 0.00701010408686 -0.00712879822176 3.77587978517e-11 2.432021982e-11
BPM.14R2.B2 3926.495326 0.00756250896678 -0.0065398609751 3.02066603944e-11 -3.03391095753e-11
BPM.15R2.B2 3979.94681 0.00604041889848 -0.00796709877954 -3.32898995337e-11 -2.72816756502e-11
BPM.16R2.B2 4033.398294 0.00666375082336 -0.00745357285829 -2.60921107629e-11 3.68013367208e-11
BPM.17R2.B2 4086.849779 0.00497158388072 -0.008674368976 3.50430852864e-11 2.45954109391e-11
BPM.18R2.B2 4140.301263 0.0056554855103 -0.00824480485641 2.58787312862e-11 -3.67652027395e-11
BPM.19R2.B2 4193.752747 0.00382105047445 -0.0092390960979 -3.38838097135e-11 -2.33261262093e-11
BPM.20R2.B2 4247.204231 0.004554287785 -0.00890054976989 -2.38987881625e-11 3.66859549304e-11
BPM.21R2.B2 4300.655715 0.00260772792313 -0.0096519986793 3.6396840996e-11 2.30788909198e-11
BPM.22R2.B2 4354.107199 0.00337824816732 -0.00941003521384 2.0990382506e-11 -3.64740362409e-11
BPM.23R2.B2 4407.558683 0.00135155200303 -0.00990629247559 -3.90565760648e-11 -1.91425160993e-11
BPM.24R2.B2 4461.010167 0.00211214363006 -0.0097670633206 -5.28039603366e-07 3.46431388638e-05
BPM.25R2.B2 4514.461651 3.89437742504e-05 -0.00999275537549 3.46433679778e-05 -5.12982858419e-07
BPM.26R2.B2 4567.913135 0.000845319987118 -0.00995701314488 -9.01081323543e-07 -3.46354462516e-05
BPM.27R2.B2 4621.36462 -0.00123977251947 -0.00991562609028 -3.45927377004e-05 1.94124062841e-06
BPM.28R2.B2 4674.816104 -0.000469943536323 -0.00998552845001 1.80064514685e-06 6.92119459201e-05
BPM.29R2.B2 4728.267588 -0.00253223394237 -0.00967054375814 6.91266062524e-05 -3.87923083051e-06
BPM.30R2.B2 4781.719072 -0.0017435029705 -0.00984336440135 -4.65352678734e-06 -6.90787993846e-05
BPM.31R2.B2 4835.170556 -0.00374864731791 -0.00926710681116 -6.89078190534e-05 6.72669457096e-06
BPM.32R2.B2 4888.62204 -0.00298840023601 -0.00953944911306 7.49822863708e-06 6.88281353663e-05
BPM.33R2.B2 4942.073524 -0.00490327139739 -0.00871146112454 6.85717728927e-05 -9.56282684396e-06
BPM.34R2.B2 4995.525008 -0.00418420773846 -0.00907876814073 -1.03306169701e-05 -6.84603108672e-05
BPM.33L3.B2 5048.976492 -0.00597748762593 -0.00801256931496 -6.81190761261e-05 1.23825320249e-05
BPM.32L3.B2 5102.427976 -0.00531123452479 -0.00846890861766 1.31448142372e-05 6.79760952657e-05
BPM.31L3.B2 5155.87946 -0.00695333646246 -0.00718211231997 6.75504409917e-05 -1.51813680423e-05
BPM.30L3.B2 5209.330945 -0.00635100803857 -0.00771986542906 -1.59374170388e-05 -6.73760679016e-05
BPM.29L3.B2 5262.782429 -0.00781503566285 -0.00623352571996 -6.68669221131e-05 1.79541161731e-05
BPM.28L3.B2 5316.233913 -0.00728639170325 -0.00684398431159 1.87019966172e-05 6.6661616873e-05
BPM.27L3.B2 5369.685397 -0.00854822692822 -0.00518260954626 6.60695465405e-05 -2.06966425465e-05
BPM.26L3.B2 5423.136881 -0.00813664216634 -0.0058578156174 -2.19636814789e-05 -3.11904911282e-05
BPM.25L3.B2 5476.588365 -0.00917528526294 -0.00404142176383 -3.05166331304e-05 2.28907197927e-05
BPM.24L3.B2 5530.039849 -0.00881915247983 -0.00476880478604 2.32311767207e-05 3.02582661411e-05
BPM.23L3.B2 5583.491333 -0.00961689838964 -0.00283446908194 2.95465642765e-05 -2.41298651634e-05
BPM.22L3.B2 5636.942817 -0.00939134127292 -0.00360360142699 -2.49874927502e-05 5.36884263769e-06
BPM.21L3.B2 5690.394301 -0.00993477873782 -0.001575882487 6.11708942686e-06 2.48149262041e-05
BPM.20L3.B2 5743.845786 -0.00977517358692 -0.00237259678916 2.47448129503e-05 -6.39479240818e-06
BPM.19L3.B2 5797.29727 -0.0100547482999 -0.000292011693216 -7.13536248832e-06 -2.45415172109e-05
BPM.18L3.B2 5850.748754 -0.00999837605512 -0.00110259259529 -2.44600491856e-05 7.40981532308e-06
BPM.17L3.B2 5904.200238 -0.0100094903949 0.000996662537071 8.14129992152e-06 2.42263974615e-05
BPM.16L3.B2 5957.651722 -0.0100572766377 0.000185528435432 2.41336431128e-05 -8.41228390498e-06
BPM.15L3.B2 6011.103206 -0.00979974986399 0.00226895059068 -9.13356749204e-06 -2.38700075371e-05
BPM.14L3.B2 6064.55469 -0.0099509090164 0.00147059304997 -2.37661948781e-05 9.40037441615e-06
BPM.13L3.B2 6118.006174 -0.0094289691895 0.00350396549732 1.01101287097e-05 2.34730568555e-05
BPM.12L3.B2 6171.457658 -0.00997833965729 0.00127120879759 2.41716097699e-05 -8.30258185444e-06
BPM.11L3.B2 6224.909142 -0.0100558901514 0.000249614562619 -7.22969420581e-06 -2.45138877792e-05
BPM.10L3.B2 6277.691832 -0.00928557858046 -0.00386797939293 -2.50139578457e-05 5.24413592513e-06
BPM.9L3.B2 6316.758821 -0.00980326086259 -0.00225373260961 -1.21334073374e-05 2.24939977331e-05
BPM.8L3.B2 6357.223811 -0.0100527248665 -0.000354904103427 1.13053464536e-05 2.29213541782e-05
BPM.7L3.B2 6396.2898 -0.00927258576972 0.00389902389388 2.55547867949e-05 3.90191325753e-07
BPMR.6L3.B2 6468.9288 -0.00265631192176 0.00970191945699 -1.17307857397e-05 -2.27065625394e-05
BPMWE.5L3.B2 6511.9823 -0.00245105689116 0.00975579593299 -2.28634516005e-05 -1.14220023825e-05
BPMW.5L3.B2 6539.5273 -0.0053012392489 0.00854868976386 -2.55576259211e-05 -8.49028419657e-08
BPMWE.4L3.B2 6614.6553 -0.00202110109327 0.00985385125453 -7.53307545274e-06 2.44223663471e-05
BPMW.4L3.B2 6642.2003 0.00612298766707 0.0079807428338 1.64529821265e-05 1.95575688098e-05
BPMW.4R3.B2 6687.1653 0.00771680750282 0.00645245040106 2.49972114851e-05 5.32340603774e-06
BPMWE.4R3.B2 6714.7103 0.00635029860872 0.00780108593216 2.51789682223e-05 -4.38390926268e-06
BPMW.5R3.B2 6789.8383 0.00769738879827 0.00647560343577 7.24811690908e-06 -2.45084455463e-05
BPMWE.5R3.B2 6817.3833 0.00964020186581 0.00287223645911 -7.73512378111e-06 -2.43591187936e-05
BPMWC.6R3.B2 6858.3743 0.00987071973385 0.00193704056932 -2.07965909659e-05 -1.48560077043e-05
BPM.6R3.B2 6870.5288 0.00960553188528 0.00298613318115 -2.35536464729e-05 -9.92093053968e-06
BPM_A.7R3.B2 6926.3528 0.00966992502811 0.00277052054863 -1.90784626023e-05 1.70062158458e-05
BPM.8R3.B2 6965.418789 0.00663362559328 0.00756162983082 1.57050289969e-05 2.01631168379e-05
BPM.9R3.B2 7004.485779 -0.00281511580616 0.00965703666687 1.72213806082e-05 -1.88844648864e-05
BPM.10R3.B2 7044.950768 -0.00168336056765 0.00991713322387 -1.92376992854e-06 -2.54852563067e-05
BPM.11R3.B2 7097.733458 0.001549469387 0.00993893247733 -2.53532939333e-05 -3.22641523077e-06
BPM.12R3.B2 7152.459942 0.00462588300856 0.00893221364121 2.37072196229e-06 2.5447574077e-05
BPM.13R3.B2 7205.911426 0.00322802614001 0.00952696601347 2.52434837231e-05 -3.99570913345e-06
BPM.14R3.B2 7259.36291 0.005134994339 0.00864957035565 -4.75204962755e-06 -2.51120941055e-05
BPM.15R3.B2 7312.814394 0.00442010747198 0.00903581120364 -2.50572681324e-05 5.03314197542e-06
BPM.16R3.B2 7366.265878 0.00619931942862 0.0079215953456 5.78370575103e-06 2.4894741284e-05
BPM.17R3.B2 7419.717362 0.00553973965013 0.00839610140411 2.48283874716e-05 -6.06221796143e-06
BPM.18R3.B2 7473.168846 0.00716176368862 0.00706345347809 -6.80538019795e-06 -2.46350531341e-05
BPM.19R3.B2 7526.62033 0.00656828732774 0.00761845363314 -2.45572472162e-05 7.0810146046e-06
BPM.20R3.B2 7580.071814 0.00800652818612 0.00608923152462 7.81562754813e-06 2.43334167454e-05
BPM.21R3.B2 7633.523299 0.00748894093705 0.00671557874526 2.42443387206e-05 -8.08771204949e-06
BPM.22R3.B2 7686.974783 0.0087197168801 0.0050149548014 -8.81242206981e-06 -2.39904264102e-05
BPM.23R3.B2 7740.426267 0.00828649944749 0.00570238205385 -2.38901598553e-05 9.08071170825e-06
BPM.24R3.B2 7793.877751 0.00928373152617 0.00385938223786 9.80098487591e-06 2.96014135554e-05
BPM.25R3.B2 7847.329235 0.00894194977837 0.00459608925403 2.94897806975e-05 -1.01319384128e-05
BPM.26R3.B2 7900.780719 0.00970117057902 0.002640036299 -1.10132931679e-05 -2.91720861201e-05
BPM.27R3.B2 7954.232203 0.0094564368488 0.00341442592869 -2.90468300264e-05 1.13395415833e-05
BPM.28R3.B2 8007.683687 0.00995330289562 0.00137842720905 1.22137277683e-05 3.46878770989e-05
BPM.29R3.B2 8061.135171 0.00980957612493 0.00217727269513 3.4548904387e-05 -1.26014822932e-05
BPM.30R3.B2 8114.586655 0.0100478605043 9.38054723167e-05 -1.36336930412e-05 -3.41547481137e-05
BPM.31R3.B2 8168.03814 0.0100075078537 0.00090448144475 -3.39997904588e-05 1.4015640279e-05
BPM.32R3.B2 8221.489624 0.00997730419235 -0.00119235112408 1.50308304181e-05 3.35633454865e-05
BPM.33R3.B2 8274.941108 0.010040989754 -0.0003831773808 3.33928896811e-05 -1.54058022822e-05
BPM.34R3.B2 8328.392592 0.00974279115194 -0.00245892674391 -1.64020475432e-05 -3.29149934171e-05
BPM.33L4.B2 8381.844076 0.00990946916006 -0.00166454833978 -3.27290935272e-05 1.67699175973e-05
BPM.32L4.B2 8435.29556 0.00934818234792 -0.00368507624507 1.77456738363e-05 3.22104808839e-05
BPM.31L4.B2 8488.747044 0.00961511284274 -0.00291854505107 3.20097028537e-05 -1.81053337305e-05
BPM.30L4.B2 8542.198528 0.00879994638555 -0.00485069518761 -1.90588099965e-05 -3.14513231713e-05
BPM.29L4.B2 8595.650012 0.00916274318284 -0.00412461361716 -3.12357483817e-05 1.94101001439e-05
BPM.28L4.B2 8649.101496 0.00810712063395 -0.00593657268045 2.03397854104e-05 3.06384911351e-05
BPM.27L4.B2 8702.55298 0.00855982285461 -0.00526286356456 3.04087454765e-05 -2.06816859324e-05
BPM.26L4.B2 8756.004465 0.00727515765629 -0.00692380341906 -2.15793368911e-05 -2.3778778009e-05
BPM.25L4.B2 8809.455949 0.00781025448363 -0.00631402388506 -2.35354577197e-05 2.18444587831e-05
BPM.24L4.B2 8862.907433 0.00632966429003 -0.00779758441593 2.25416822693e-05 2.28685539584e-05
BPM.23L4.B2 8916.358917 0.00693836832681 -0.0072612683259 2.26146106831e-05 -2.27964352896e-05
BPM.22L4.B2 8969.810401 0.00527422362897 -0.00854213931447 -2.34589783603e-05 -1.59246256234e-05
BPM.21L4.B2 9023.261885 0.00594647183547 -0.00808857538056 -1.56607515493e-05 2.3635952823e-05
BPM.20L4.B2 9076.713369 0.00413815221871 -0.00914665376944 2.40957793801e-05 1.49435924763e-05
BPM.19L4.B2 9130.164853 0.00486288597744 -0.00878281953201 1.46727131757e-05 -2.42616781554e-05
BPM.18L4.B2 9183.616337 0.00293401335792 -0.00960089290458 -2.46915464182e-05 -1.39371753521e-05
BPM.17L4.B2 9237.067821 0.00369935349115 -0.00933275750585 -1.36596396922e-05 2.48461639893e-05
BPM.16L4.B2 9290.519306 0.00168173392807 -0.00989734054939 2.52453260323e-05 1.29070211981e-05
BPM.15L4.B2 9343.97079 0.00247506775886 -0.00972931747883 1.26233753278e-05 -2.53883436613e-05
BPM.14L4.B2 9397.422274 0.000401740380565 -0.0100311606322 -2.57561372975e-05 -1.18549163508e-05
BPM.13L4.B2 9450.873758 0.00121007253289 -0.00996600739779 -1.15655993503e-05 2.58873383122e-05
BPM.12L4.B2 9504.325242 -0.00188028616222 -0.00986154668135 2.55733139157e-05 1.22443070022e-05
BPM.11L4.B2 9557.776726 -0.0015265239632 -0.00992246459 1.62797450637e-05 -2.32139486682e-05
BPMC.10L4.B2 9609.617415 -0.00274510041613 -0.00965660409631 -2.07165185985e-05 -1.93582897682e-05
BPMC.9L4.B2 9648.684405 -0.00363349092891 -0.00935859618783 -2.28416522206e-05 1.67980960488e-05
BPMC.8L4.B2 9689.149394 -0.00634606492905 -0.00777901271501 2.80310838774e-05 4.26331758299e-06
BPMC.7L4.B2 9728.215384 0.00184624827186 -0.00986797579439 1.39296041473e-06 -2.83192002292e-05
BPMYA.6L4.B2 9824.819384 0.000372994818769 -0.0100322706215 -2.67767496183e-05 -9.32327970885e-06
BPMYB.5L4.B2 9861.819384 0.000391064391703 -0.0100315825077 -2.82978844805e-05 -1.77407134538e-06
BPMWA.B5L4.B2 9964.209884 -0.00473390294368 -0.0088530075052 -1.57567654832e-05 2.35720574385e-05
BPMWA.A5L4.B2 9973.094884 -0.00504572590128 -0.00867906844692 -1.34815944355e-05 2.49432175913e-05
BPMWA.A5R4.B2 10021.14388 -0.00599355156789 -0.00805375183286 -6.64027106897e-07 2.83456617863e-05
BPMWA.B5R4.B2 10030.02888 -0.00604331078262 -0.00801648138312 1.62621974861e-06 2.83067621153e-05
BPMYA.5R4.B2 10132.49538 -0.00466446370499 -0.00888978949886 2.1852400926e-05 1.80662504507e-05
BPMYB.6R4.B2 10164.05938 -0.00488680735797 -0.00876953207271 2.52336390147e-05 1.29298682855e-05
BPMCA.7R4.B2 10260.57538 -0.00154718182324 -0.00991926445652 1.00525382275e-05 -2.65115814281e-05
BPMC.8R4.B2 10298.36637 0.00114817956791 -0.00997332756437 -2.70975945073e-05 -8.34491085312e-06
BPMC.9R4.B2 10337.43336 -0.00559734606612 -0.00833398439795 2.84987918546e-06 2.82098451486e-05
BPMC.10R4.B2 10377.89835 -0.00591923810502 -0.00810852632821 2.79398507244e-05 4.82518723902e-06
BPM.11R4.B2 10429.73904 -0.00827182126045 -0.00568880936595 7.33926597513e-06 -2.73870861277e-05
BPM.12R4.B2 10484.46553 -0.00846602334021 -0.00539555629535 -2.70061457629e-05 -8.63629795559e-06
BPM.13R4.B2 10537.91701 -0.00940789227252 -0.00350387527876 -7.78354717096e-06 2.72641536624e-05
BPM.14R4.B2 10591.36849 -0.0090943926984 -0.00425177614487 2.7349648264e-05 7.4775596078e-06
BPM.15R4.B2 10644.81998 -0.00977883282184 -0.00227156502106 6.65242201858e-06 -2.75619707765e-05
BPM.16R4.B2 10698.27146 -0.00956358937075 -0.00305341404142 -2.76347759419e-05 -6.34324880598e-06
BPM.17R4.B2 10751.72295 -0.00998908036116 -0.00100192439688 -5.51022048374e-06 2.78128561498e-05
BPM.18R4.B2 10805.17443 -0.00987562351498 -0.00180489310971 2.78728618566e-05 5.19820357218e-06
BPM.19R4.B2 10858.62591 -0.0100351792099 0.000284178117634 4.35839580225e-06 -2.80164594652e-05
BPM.20R4.B2 10912.0774 -0.0100253758115 -0.000526705605481 -2.80635188119e-05 -4.04428525513e-06
BPM.21R4.B2 10965.52888 -0.00991637228591 0.00156561159697 -3.1994029978e-06 2.81723514483e-05
BPM.22R4.B2 11018.98037 -0.0100103828448 0.000760140960844 2.82064319199e-05 2.88350382659e-06
BPM.23R4.B2 11072.43185 -0.00963461183058 0.00282131774196 2.03471666252e-06 -2.82803333527e-05
BPM.24R4.B2 11125.88333 -0.00981120755355 0.00203571871604 -2.80008027797e-05 -2.14337802152e-05
BPM.25R4.B2 11179.33482 -0.00917501655336 0.00402778047956 -2.0582968626e-05 2.86320350928e-05
BPM.26R4.B2 11232.7863 -0.00947016668055 0.00327412390636 2.88608574185e-05 2.02608695261e-05
BPM.27R4.B2 11286.23779 -0.00858436298368 0.00516842882602 1.93845457135e-05 -2.94566008907e-05
BPM.28R4.B2 11339.68927 -0.00895383585451 0.00445992400338 -2.93714309708e-05 -3.87692268726e-05
BPM.29R4.B2 11393.14075 -0.00783315703399 0.00622123375904 -3.78694476526e-05 3.05227550361e-05
BPM.30R4.B2 11446.59224 -0.00830970858175 0.00556873790825 3.09451029932e-05 3.75251138608e-05
BPM.31R4.B2 11500.04372 -0.00697290651232 0.00717221537208 3.6578343307e-05 -3.20586613726e-05
BPM.32R4.B2 11553.49521 -0.00752906423259 0.00658599197779 -3.24664952191e-05 -3.62168489401e-05
BPM.33R4.B2 11606.94669 -0.00599812989504 0.00800528178081 -3.52252162198e-05 3.35397891694e-05
BPM.34R4.B2 11660.39818 -0.00662464776333 0.00749507442122 3.39323358745e-05 3.48472451742e-05
BPM.33L5.B2 11713.84966 -0.0049247175789 0.00870685106164 3.3811967695e-05 -3.49640512996e-05
BPM.32L5.B2 11767.30114 -0.00561143415802 0.00828093625595 -3.53406940537e-05 -3.34180904715e-05
BPM.31L5.B2 11820.75263 -0.00377045793094 0.00926529792458 -3.2341341406e-05 3.63286554028e-05
BPM.30L5.B2 11874.20411 -0.00450592908698 0.00893077273744 3.66887147783e-05 3.19322967266e-05
BPM.29L5.B2 11927.6556 -0.00255415285451 0.00967152531068 3.08155631337e-05 -3.76315651839e-05
BPM.28L5.B2 11981.10708 -0.00332647430632 0.00943380449841 -3.79744740075e-05 -3.03919944749e-05
BPM.27L5.B2 12034.55856 -0.00129596602846 0.00991879885279 -2.92374419485e-05 3.88703733115e-05
BPM.26L5.B2 12088.01005 -0.00207258331176 0.00978308901443 3.94960269714e-05 9.0840973814e-06
BPM.25L5.B2 12141.46153 3.08472641648e-06 0.0100002211367 7.8933985346e-06 -3.97511147007e-05
BPM.24L5.B2 12194.91302 -0.000804097612301 0.00996784125628 -3.98370553787e-05 -7.44752063451e-06
BPM.23L5.B2 12248.3645 0.0012823441307 0.00991766231659 -6.2473026421e-06 4.00428294625e-05
BPM.22L5.B2 12301.81598 0.000497390458763 0.00999004873872 4.04108421852e-05 -1.39176900817e-05
BPM.21L5.B2 12355.26747 0.00256003043478 0.00966926652744 -1.51254567681e-05 -3.99744747924e-05
BPM.20L5.B2 12408.71895 0.00177123652562 0.00984434823787 -3.98024812264e-05 1.55724316101e-05
BPM.19L5.B2 12462.17044 0.00377597585009 0.00926231491248 1.67612448387e-05 3.93166509429e-05
BPM.18L5.B2 12515.62192 0.00301609683391 0.00953685645035 3.91264209504e-05 -1.72006177655e-05
BPM.17L5.B2 12569.07341 0.00492982857834 0.00870317535793 -1.83683004497e-05 -3.85920173876e-05
BPM.16L5.B2 12622.52489 0.00421128353682 0.00907268218575 -3.83837474877e-05 1.87996258118e-05
BPM.15L5.B2 12675.97637 0.00600271149083 0.00800099530231 1.9944360965e-05 3.78015976804e-05
BPM.14L5.B2 12729.42786 0.00533736514004 0.00845937376129 3.75758241214e-05 -2.03665272457e-05
BPM.13L5.B2 12782.87934 0.00697691618937 0.00716736433958 -2.14861956021e-05 -3.69470105834e-05
BPM.12L5.B2 12836.33083 0.00527554353829 0.00849806515968 -3.83415988187e-05 1.88854360432e-05
BPM.11L5.B2 12889.78231 0.00451162762037 0.00892713208463 1.78706707425e-05 3.88249583493e-05
BPM.10L5.B2 12942.565 0.00392755463999 0.00919906438798 3.53319003677e-05 -2.40498498471e-05
BPM.9L5.B2 12981.63199 0.00583102549057 0.00812696823997 -2.22466884742e-05 -3.64941603599e-05
BPM.8L5.B2 13022.09698 -0.0016749813253 0.00986118191067 -2.01332326585e-05 3.77013474023e-05
BPM.7L5.B2 13061.16497 0.00265822911027 0.00964273244885 3.58800338919e-05 2.32241506382e-05
BPMR.6L5.B2 13098.05897 0.00375136545836 0.0092723097591 3.43581221613e-05 -2.54216046188e-05
BPMWT.B6L5.B2 13109.36897 0.00774184324925 0.00633342988991 1.29257569889e-05 -4.07389620042e-05
BPMWT.A6L5.B2 13115.19097 0.00899813830433 0.00436829236261 5.67313298271e-07 -4.27365903991e-05
BPM.5L5.B2 13129.95897 0.00995548616453 0.000967866880555 -1.98882188211e-05 -3.78311651959e-05
BPMYA.4L5.B2 13157.36497 0.00979575294633 -0.00202279396551 -3.48995713285e-05 -2.4673012021e-05
BPMWB.4L5.B2 13178.42347 0.00947649090627 -0.00320071729532 -3.90531955171e-05 -1.73662345766e-05
BPMWT.B4L5.B2 13178.89297 0.00947163213645 -0.00321506700036 -3.91075372451e-05 -1.7243506652e-05
BPMWT.A4L5.B2 13180.87497 0.00945211797126 -0.00327199282623 -3.93260940944e-05 -1.67390571073e-05
BPMSY.4L5.B2 13271.27947 0.00936210912857 -0.00352127586008 -4.25590924575e-05 -3.93217365233e-06
BPMS.2L5.B2 13298.06497 0.00931450785173 -0.00364532732393 -4.27254687875e-05 -1.13382501609e-06
BPMSW.1L5.B2 13308.11897 0.00929385672912 -0.00369766080627 -4.27328343527e-05 8.09691839276e-07
BPMSW.1R5.B2 13351.06897 0.00929385659619 -0.00369766054 -4.13042759509e-05 -1.09875199349e-05
BPMS.2R5.B2 13361.12297 0.00931450777468 -0.00364532725674 -4.17610172156e-05 -9.09831642018e-06
BPMSY.4R5.B2 13387.90847 0.00936210914128 -0.0035212758097 -4.22673257152e-05 -6.34128270035e-06
BPMWB.4R5.B2 13480.76447 0.00947649929359 -0.00320069246974 -4.20697691349e-05 7.5413645066e-06
BPMYA.4R5.B2 13501.82097 0.00979573508045 -0.00202288040881 -3.97808467993e-05 1.5627643291e-05
BPMR.5R5.B2 13522.93897 0.0100010466523 0.000165942750238 -3.23851218229e-05 2.7891611517e-05
BPM.6R5.B2 13554.83897 0.00608858266586 0.00793584476798 1.46857362279e-05 4.01381048593e-05
BPMRA.7R5.B2 13588.85297 0.00122066203249 0.00992766111876 4.27198767665e-05 -1.32284792554e-06
BPM.8R5.B2 13630.28998 0.0010940217027 0.00994241356924 6.41247337682e-06 -4.22565778254e-05
BPM.9R5.B2 13669.35499 0.00323512306188 0.0094648005734 -4.27162860815e-05 1.43410980777e-06
BPM.10R5.B2 13709.818 0.00655285861323 0.00755701760399 1.23315448078e-05 4.09227415768e-05
BPM.11R5.B2 13762.59871 0.00146365077119 0.00989475606019 3.50388917176e-05 -2.44747726878e-05
BPM.12R5.B2 13817.32223 0.00449256464892 0.00893674067859 -2.26300591074e-05 -3.62576693053e-05
BPM.13R5.B2 13870.77074 0.00492494625782 0.00870593908922 -3.79631124451e-05 1.96351865596e-05
BPM.14R5.B2 13924.21926 0.00662475954594 0.00749406645701 2.07632425291e-05 3.73580820548e-05
BPM.15R5.B2 13977.66777 0.00599840620714 0.00800422351323 3.71255882385e-05 -2.11761384959e-05
BPM.16R5.B2 14031.11629 0.00752895711936 0.00658507978238 -2.22776308063e-05 -3.64752713751e-05
BPM.17R5.B2 14084.56481 0.00697299204342 0.00717118212471 -3.62258975507e-05 2.26808987302e-05
BPM.18R5.B2 14138.01332 0.00830947439894 0.0055678637016 2.37548603437e-05 3.55308991944e-05
BPM.19R5.B2 14191.46184 0.00783306272148 0.0062202571859 3.52653704551e-05 -2.41472925022e-05
BPM.20R5.B2 14244.91035 0.0089534393459 0.00445919218441 -2.51917934632e-05 -3.45269712025e-05
BPM.21R5.B2 14298.35887 0.00856438725823 0.00516717930222 -3.42453654707e-05 2.55732921459e-05
BPM.22R5.B2 14351.80738 0.009450304651 0.00327722642946 2.65866842032e-05 3.34647046889e-05
BPM.23R5.B2 14405.2559 0.00915501939082 0.00402915512336 3.31679324202e-05 -2.69560167002e-05
BPM.24R5.B2 14458.70442 0.00979136735007 0.00204153093833 -2.79359834636e-05 -3.18188443515e-05
BPM.25R5.B2 14512.15293 0.00959468508905 0.00282502055777 -3.15069519352e-05 2.82872834543e-05
BPM.26R5.B2 14565.60145 0.0099720787336 0.000772249216621 2.92174944412e-05 3.06463055323e-05
BPM.27R5.B2 14619.04996 0.009877237202 0.00157445494662 3.0320547707e-05 -2.95554106941e-05
BPM.28R5.B2 14672.49848 0.00998842082295 -0.000509622681762 -3.0449027103e-05 -2.88949314973e-05
BPM.29R5.B2 14725.947 0.009996969983 0.000298088835603 -2.85553397114e-05 3.0767728558e-05
BPM.30R5.B2 14779.39551 0.00984117247484 -0.00178314051437 3.16084793595e-05 2.76218103425e-05
BPM.31R5.B2 14832.84403 0.00995297203498 -0.000983165022113 2.72697251926e-05 -3.19127392293e-05
BPM.32R5.B2 14886.29254 0.00953221956928 -0.00302738432872 -3.27145227015e-05 -2.63024781959e-05
BPM.33R5.B2 14939.74106 0.00974543621842 -0.00224827461569 -2.59379110437e-05 3.30043157814e-05
BPM.34R5.B2 14993.18958 0.00906665622374 -0.00422184920638 3.37657341621e-05 2.49386378171e-05
BPM.33L6.B2 15046.63809 0.00937777917478 -0.00347642395015 2.45627921801e-05 -3.4040113753e-05
BPM.32L6.B2 15100.08661 0.00845209699501 -0.00534699187782 -3.47599518274e-05 -2.35330854676e-05
BPM.31L6.B2 15153.53512 0.00885602669716 -0.00464747855269 -2.3146014895e-05 3.50188923263e-05
BPM.30L6.B2 15206.98364 0.00769869768723 -0.0063842242885 3.56958436839e-05 2.20877163746e-05
BPM.29L6.B2 15260.43215 0.00818877819399 -0.00574214049611 2.16906247548e-05 -3.59385192549e-05
BPM.28L6.B2 15313.88067 0.00681875176447 -0.00731661739894 -3.65715592406e-05 -2.06053772827e-05
BPM.27L6.B2 15367.32919 0.0073869577788 -0.00674248622846 -2.01984246738e-05 3.6797881329e-05
BPM.26L6.B2 15420.7777 0.00582631550934 -0.00812863230437 3.73863541548e-05 1.96157678134e-05
BPM.25L6.B2 15474.22622 0.00646326806664 -0.0076319579053 1.92000562149e-05 -3.76015383496e-05
BPM.24L6.B2 15527.67473 0.00473859247069 -0.00880717644528 -3.81592920736e-05 -1.80661558982e-05
BPM.23L6.B2 15581.12325 0.00543387342823 -0.00839604878096 -1.76417777024e-05 3.83573398111e-05
BPM.22L6.B2 15634.57177 0.00357258875408 -0.00934086032542 3.88686020265e-05 1.70136002117e-05
BPM.21L6.B2 15688.02028 0.00431471050008 -0.00902210260144 1.65815720811e-05 -3.90548687926e-05
BPM.20L6.B2 15741.4688 0.0023483011895 -0.00972113900386 -3.95336032403e-05 -1.540536084e-05
BPM.19L6.B2 15794.91731 0.00312513831542 -0.00949992487323 -1.49659501409e-05 3.97020305077e-05
BPM.18L6.B2 15848.36583 0.00108554822795 -0.00994166218818 4.01321080096e-05 1.37711544406e-05
BPM.17L6.B2 15901.81435 0.00188425955935 -0.00982164079593 1.33252722972e-05 -4.02823555993e-05
BPM.16L6.B2 15955.26286 -0.000195166825207 -0.00999884853033 -4.06630875669e-05 -1.21138037332e-05
BPM.15L6.B2 16008.71138 0.00061238045523 -0.00998198638565 -1.16621100174e-05 4.07949300153e-05
BPM.14L6.B2 16062.15989 -0.00147254741658 -0.00989174737393 4.11256547867e-05 1.0436068807e-05
BPM.13L6.B2 16115.60841 -0.000669524009134 -0.00997831647269 9.9793301803e-06 -4.12388672143e-05
BPM.12L6.B2 16169.05693 -0.00286974133579 -0.00958016945098 -4.1439153974e-05 -9.11194149903e-06
BPM.11L6.B2 16222.50544 -0.00119759041482 -0.00992878840663 -1.20276128215e-05 4.06886675666e-05
BPM.10L6.B2 16274.34415 -0.00289177237124 -0.00957354242668 3.78941210273e-05 1.90857612599e-05
BPM.9L6.B2 16313.40916 -0.00417796727358 -0.00908623417558 3.11276218978e-05 -2.8832314458e-05
BPM.8L6.B2 16353.87217 -0.00846663715509 -0.00532269831804 -3.84765021449e-05 -1.78826800766e-05
BPMYB.5L6.B2 16450.96018 -0.000740300461943 -0.00997331525836 1.92070097205e-05 3.78328109184e-05
BPMYA.4L6.B2 16487.36018 -0.00113101585659 -0.00993659222841 2.74493472656e-05 3.2353748404e-05
BPMSB.B4L6.B2 16518.13068 1.2216330539e-06 -0.0100007529962 3.40586084752e-05 2.53030070811e-05
BPMSB.A4L6.B2 16518.76568 2.74250219282e-05 -0.010000715471 3.41901509164e-05 2.51249786828e-05
BPMSA.4L6.B2 16615.57568 0.004143628199 -0.0091019452508 3.98845546649e-05 -1.44725044638e-05
BPMSE.4R6.B2 16707.14568 0.00441803284601 -0.00897195897371 9.35501788701e-06 -4.13849581659e-05
BPMSA.A4R6.B2 16803.82068 0.000905561358807 -0.00995966970425 -2.72220104117e-05 -3.25452469446e-05
BPMSA.B4R6.B2 16804.40568 0.000883056125753 -0.00996169031516 -2.73704651236e-05 -3.24204996364e-05
BPMYB.4R6.B2 16830.96018 -7.49557991626e-05 -0.0100004721703 -3.3053062416e-05 -2.6603120231e-05
BPMYA.5R6.B2 16867.36018 -0.00017441556191 -0.00999923203446 -3.79751038142e-05 -1.89241561223e-05
BPM.8R6.B2 16963.08519 -0.00453185828771 -0.00891500546769 -1.3023782007e-05 4.03808399901e-05
BPM.9R6.B2 17002.1502 -0.0093824887409 -0.00346178667979 4.15579762646e-05 8.55369421461e-06
BPM.10R6.B2 17042.61322 -0.0098857829276 -0.00151207074125 1.96685741026e-05 -3.75949236554e-05
BPM.11R6.B2 17094.45193 -0.00994044311894 0.00109665520863 -3.98072590855e-05 -1.46837831624e-05
BPM.12R6.B2 17149.17544 -0.00994625878055 -0.00104259211337 -9.1480118786e-06 4.14312061589e-05
BPM.13R6.B2 17202.62396 -0.00994458457856 0.00105844205276 4.16949780653e-05 7.8587315471e-06
BPM.14R6.B2 17256.07247 -0.00999756554961 0.000252477880631 7.39569159724e-06 -4.17795937918e-05
BPM.15R6.B2 17309.52099 -0.00972749290646 0.00232184060952 -4.19821891604e-05 -6.1422113635e-06
BPM.16R6.B2 17362.96951 -0.00988313419141 0.00152928760581 -5.67641455836e-06 4.20477048391e-05
BPM.17R6.B2 17416.41802 -0.0093505603082 0.00354712333244 4.21987568214e-05 4.41543241756e-06
BPM.18R6.B2 17469.86654 -0.00960631404636 0.00278096970952 3.94703370387e-06 -4.22451427518e-05
BPM.19R6.B2 17523.31505 -0.00882000966591 0.00471407376878 -4.23443355007e-05 -2.68117010679e-06
BPM.20R6.B2 17576.76357 -0.009171653705 0.00398695752225 -2.21155352791e-06 4.23714528573e-05
BPM.21R6.B2 17630.21209 -0.0081445050496 0.00580362813546 4.24186595128e-05 9.42438717847e-07
BPM.22R6.B2 17683.6606 -0.00858629511525 0.00512743583012 4.71841538331e-07 -4.24265112972e-05
BPM.23R6.B2 17737.10912 -0.00733522782823 0.00679775660063 -4.24216300645e-05 7.979021828e-07
BPM.24R6.B2 17790.55763 -0.00783108792286 0.00618546727954 1.71087632167e-06 1.35868910364e-05
BPM.25R6.B2 17844.00615 -0.00637686053853 0.00767604020104 1.35296003677e-05 -2.11672091689e-06
BPM.26R6.B2 17897.45466 -0.00697551262648 0.00713639735068 -2.26664216813e-06 -1.35052930185e-05
BPM.27R6.B2 17950.90318 -0.00534257267186 0.00842869270573 -1.3431420246e-05 2.66977526709e-06
BPM.28R6.B2 18004.3517 -0.00597655979967 0.00797187577597 3.26113413112e-06 -1.54221562143e-05
BPM.29R6.B2 18057.80021 -0.00419198225896 0.00903865892466 -1.55128379339e-05 -2.79816663113e-06
BPM.30R6.B2 18111.24873 -0.00490770565047 0.00867089935992 -2.62597559768e-06 1.55429144662e-05
BPM.31R6.B2 18164.69724 -0.00300130157391 0.00950064520316 1.56145413077e-05 2.15964827719e-06
BPM.32R6.B2 18218.14576 -0.00375820563971 0.00922745690054 1.9863406255e-06 -1.56375298537e-05
BPM.33R6.B2 18271.59428 -0.00176134976443 0.00980651403035 -1.56899674252e-05 -1.51749771242e-06
BPM.34R6.B2 18325.04279 -0.00254696166492 0.00963239620716 -1.3434090786e-06 1.57058346104e-05
BPM.33L7.B2 18378.49131 -0.000492410691671 0.00995126133347 1.57390024479e-05 8.72790418718e-07
BPM.32L7.B2 18431.93982 -0.00129386393186 0.00987906810254 6.98189258999e-07 -1.57477126682e-05
BPM.31L7.B2 18485.38834 0.000784570181437 0.0099324981771 -1.57615491456e-05 -2.26618871348e-07
BPM.30L7.B2 18538.83686 -1.95094732415e-05 0.00996341757588 -5.18140495258e-08 1.57630965195e-05
BPM.29L7.B2 18592.28537 0.00204870933794 0.00975053129027 1.57575826194e-05 -4.19939166465e-07
BPM.28L7.B2 18645.73389 0.00125516557888 0.00988405937792 -5.94655788079e-07 -1.57519623386e-05
BPM.27L7.B2 18699.1824 0.00327913810787 0.00940836456282 -1.57271111934e-05 1.06577722109e-06
BPM.26L7.B2 18752.63092 0.00253796925743 0.00964412241707 1.68271946571e-06 -1.31088100853e-05
BPM.25L7.B2 18806.07943 0.0044842169814 0.00890742292799 -1.3153297658e-05 -1.2896689231e-06
BPM.24L7.B2 18859.52795 0.0037507871801 0.00924023704676 -1.14371876666e-06 1.31667914257e-05
BPM.23L7.B2 18912.97647 0.00558682427773 0.00826061617304 1.31951156615e-05 7.49184713391e-07
BPM.22L7.B2 18966.42498 0.00493073759134 0.0086863558359 1.04547156822e-06 -4.20258483332e-05
BPM.21L7.B2 19019.8735 0.00662610536325 0.00747393327907 -4.20383093637e-05 2.12738468606e-07
BPM.20L7.B2 19073.32201 0.00600138208723 0.00798425725616 6.79006748556e-07 4.20333648375e-05
BPM.19L7.B2 19126.77053 0.00752776088184 0.00656488896225 4.19942274618e-05 -1.93649286409e-06
BPM.18L7.B2 19180.21905 0.00697342047555 0.00715096901096 -2.40198980782e-06 -4.19701696401e-05
BPM.17L7.B2 19233.66756 0.00830567250464 0.00554804065155 -4.18794852863e-05 3.65702830279e-06
BPM.16L7.B2 19287.11608 0.00783087973351 0.00620018334107 4.12133681624e-06 4.18363369767e-05
BPM.15L7.B2 19340.56459 0.00894715453013 0.0044399748418 4.16942795934e-05 -5.37133748341e-06
BPM.14L7.B2 19394.01311 0.00855966904769 0.0051475252938 -5.83328959443e-06 -4.1632175116e-05
BPM.13L7.B2 19447.46163 0.00944160111487 0.00325900587947 -4.14389287316e-05 7.07670988011e-06
BPM.12L7.B2 19500.91014 0.00906065136906 0.00420351610934 6.9795772463e-06 4.14554023177e-05
BPM.11L7.B2 19554.35866 0.00978401381071 0.00200948367068 4.15549500065e-05 -6.36010878451e-06
BPM.10L7.B2 19607.13937 0.00979426858373 0.00195889096826 -4.49618588882e-06 -4.17977182371e-05
BPM.9L7.B2 19646.20438 0.00979737055404 -0.00194331704084 -4.04671626711e-05 -1.13874267418e-05
BPM.8L7.B2 19686.66739 0.00850856512612 -0.00523156481654 -1.59729511666e-05 3.88861098937e-05
BPM.7L7.B2 19725.7314 0.00332193462583 -0.00941964443287 3.74273924591e-05 1.91430261832e-05
BPMR.6L7.B2 19760.5494 0.00343775216533 -0.00937799610647 3.99775031821e-05 -1.30024674336e-05
BPMWC.6L7.B2 19772.7279 0.00207776896836 -0.00976974037666 3.4731156358e-05 -2.36856878268e-05
BPMWE.5L7.B2 19849.7819 0.00668325679148 -0.00742287205749 -2.52696504962e-05 -3.35962715839e-05
BPMW.5L7.B2 19872.9869 0.00867586444825 -0.00494917438279 -3.73722060083e-05 -1.92505222621e-05
BPMWE.4L7.B2 19908.0719 0.00866767987243 -0.00496349440008 -4.19553038474e-05 -2.64892239072e-06
BPMW.4L7.B2 19936.1769 0.00602512146005 -0.00796635815943 -3.70730860293e-05 1.98204716769e-05
BPMW.4R7.B2 20052.2239 0.00400609217101 -0.00914965444352 3.64321180449e-05 2.09753535025e-05
BPMWE.4R7.B2 20080.3289 0.00698430785954 -0.00714033573364 4.20380551282e-05 -2.56033803819e-07
BPMW.5R7.B2 20115.4139 0.00664970259663 -0.00745294614616 3.71834575623e-05 -1.96126240561e-05
BPMWE.5R7.B2 20138.6189 0.00188911418201 -0.0098079660746 1.65095066664e-05 -3.86613616963e-05
BPM.6R7.B2 20217.7584 -0.002941417788 -0.00954531362854 -4.1936404557e-05 -2.93303782422e-06
BPM_A.7R7.B2 20255.7944 0.000416039419706 -0.0099795722405 -3.07688872361e-05 2.86450761226e-05
BPM.8R7.B2 20294.85841 0.000502882057404 -0.00997557319289 5.11197146048e-06 4.1726881973e-05
BPM.9R7.B2 20333.92342 -0.00476720865015 -0.00877716768595 4.1879151951e-05 -3.66084051238e-06
BPM.10R7.B2 20374.38643 -0.00832201337268 -0.00552349928617 7.94010146124e-07 -4.20313434231e-05
BPM.11R7.B2 20427.16714 -0.00815029087789 -0.00577388166852 -4.15355541734e-05 -6.48555172988e-06
BPM.12R7.B2 20481.89066 -0.00884513016945 -0.00463989473567 -6.18558516189e-06 4.15812829631e-05
BPM.13R7.B2 20535.33917 -0.00838690149976 -0.00542446625193 4.16893773219e-05 5.40929340047e-06
BPM.14R7.B2 20588.78769 -0.00933007199587 -0.0035657688395 4.15919147807e-06 -4.1832596292e-05
BPM.15R7.B2 20642.23621 -0.00901189906077 -0.00430704379387 -4.18761307261e-05 -3.69514934689e-06
BPM.16R7.B2 20695.68472 -0.00970955370563 -0.00234297198182 -2.44045339667e-06 4.19679539113e-05
BPM.17R7.B2 20749.13324 -0.0094888100262 -0.0031188836472 4.19924372346e-05 1.97476030185e-06
BPM.18R7.B2 20802.58175 -0.00992949682566 -0.00108168558458 7.17065274901e-07 -4.20327343157e-05
BPM.19R7.B2 20856.03027 -0.00980982406509 -0.00187944212078 -4.20381001505e-05 -2.51024792276e-07
BPM.20R7.B2 20909.47879 -0.00998629019726 0.000197380386717 1.006969953e-06 4.20267831785e-05
BPM.21R7.B2 20962.9273 -0.00996964888147 -0.000609140430831 4.20130317526e-05 -1.47312517466e-06
BPM.22R7.B2 21016.37582 -0.00987900007379 0.00147319668028 -2.72987202595e-06 -4.19501239568e-05
BPM.23R7.B2 21069.82433 -0.00996566483177 0.00067117463218 -4.19172752762e-05 3.19477536755e-06
BPM.24R7.B2 21123.27285 -0.00959006870599 0.00272112390036 4.42839538178e-06 2.21419864798e-05
BPM.25R7.B2 21176.72137 -0.00977838071765 0.00193835075326 2.20915102475e-05 -4.67371894362e-06
BPM.26R7.B2 21230.16988 -0.00916319943572 0.00392552024412 -5.33275450917e-06 -2.19417465138e-05
BPM.27R7.B2 21283.6184 -0.00945009735196 0.00317326221525 -2.18812647727e-05 5.57571652823e-06
BPM.28R7.B2 21337.06691 -0.00856644981053 0.0050617327506 6.20870424997e-06 2.04378246026e-06
BPM.29R7.B2 21390.51543 -0.00894698436846 0.00435392598271 1.97480813277e-06 -6.23098187501e-06
BPM.30R7.B2 21443.96394 -0.00784858338721 0.00611595777962 -6.28729418182e-06 -1.78745202571e-06
BPM.31R7.B2 21497.41246 -0.0083165301698 0.00546264831349 -1.71761717196e-06 6.3067240797e-06
BPM.32R7.B2 21550.86098 -0.00700174697092 0.00706970579876 6.3552969323e-06 1.52812082918e-06
BPM.33R7.B2 21604.30949 -0.00754942540151 0.00648161838555 1.45754061263e-06 -6.37185442225e-06
BPM.34R7.B2 21657.75801 -0.0060398790906 0.00790727901023 -6.41262875363e-06 -1.26620508742e-06
BPM.33L8.B2 21711.20652 -0.00665827966482 0.00739408632868 -1.19501583061e-06 6.42626816549e-06
BPM.32L8.B2 21764.65504 -0.00497875457427 0.00861494072256 6.45915374214e-06 1.00216690056e-06
BPM.31L8.B2 21818.10356 -0.00565772959098 0.00818506546458 9.30473848865e-07 -6.46987205059e-06
BPM.30L8.B2 21871.55207 -0.00383584286298 0.00918104080636 -6.49481581501e-06 -7.36443432221e-07
BPM.29L8.B2 21925.00059 -0.00456422058627 0.00884155479553 -6.64368167557e-07 6.50258738631e-06
BPM.28L8.B2 21978.4491 -0.00262988501225 0.00959629645164 6.51955472672e-06 4.6947763515e-07
BPM.27L8.B2 22031.89762 -0.0033957152238 0.0093527706503 3.97146175074e-07 -6.5243657718e-06
BPM.26L8.B2 22085.34614 -0.00136143891168 0.0098501788217 -6.55265904568e-06 -1.98624781161e-05
BPM.25L8.B2 22138.79465 -0.00215189880626 0.00970818573772 -1.97885922338e-05 6.7725224221e-06
BPM.24L8.B2 22192.24317 -9.02128137796e-05 0.0099434098979 7.36168012707e-06 1.957705589e-05
BPM.23L8.B2 22245.69168 -0.000892323061473 0.00990370124352 1.94942091698e-05 -7.5783297621e-06
BPM.22L8.B2 22299.1402 0.00120176882503 0.00986957577708 -8.17763858781e-06 -3.89194464513e-05
BPM.21L8.B2 22352.58871 0.000401369215052 0.00993436847866 -3.88263590541e-05 8.60876371435e-06
BPM.20L8.B2 22406.03723 0.00245441994404 0.00963475983109 9.76683998317e-06 3.85513403896e-05
BPM.19L8.B2 22459.48575 0.00166893121404 0.00980140004991 3.84406707845e-05 -1.0193727885e-05
BPM.18L8.B2 22512.93426 0.00366671565429 0.00924164328909 -1.13395048528e-05 -3.811840549e-05
BPM.17L8.B2 22566.38278 0.00290895405864 0.00950740556674 -3.7990286499e-05 1.17615893166e-05
BPM.16L8.B2 22619.83129 0.00481879228576 0.00869666690184 1.28932514936e-05 3.76212843133e-05
BPM.15L8.B2 22673.27981 0.00410128938677 0.00905716289375 3.74760127189e-05 -1.33095966606e-05
BPM.14L8.B2 22726.72833 0.00589166384976 0.00800881210866 -1.44250958231e-05 -3.70609413974e-05
BPM.13L8.B2 22780.17684 0.00522613872964 0.00845814685985 -3.68986563681e-05 1.48352994201e-05
BPM.12L8.B2 22833.62536 0.0075009947555 0.00652593686337 1.4006871783e-05 3.72210198262e-05
BPM.11L8.B2 22887.07387 0.00723702479455 0.00681749561303 3.8899163079e-05 -8.2735652485e-06
BPM.10L8.B2 22938.91258 0.00771960545209 0.0062658172585 -4.77253722641e-06 -3.94818889206e-05
BPM.9L8.B2 22977.9776 0.00719365895306 0.00686323868066 -3.96841102846e-05 -2.60152135761e-06
BPM.8L8.B2 23018.44061 0.00947263702231 -0.00302025200318 8.51860600186e-06 3.88462370553e-05
BPM.7L8.B2 23057.50662 0.00941415830536 -0.00319787393813 3.21624420872e-05 2.3391757934e-05
BPM.6L8.B2 23089.97562 0.00953114509584 0.0028302027161 3.79051423405e-05 -1.20331561151e-05
BPMR.5L8.B2 23150.39462 0.00939329184211 -0.00325865663348 -6.66653573264e-06 3.92065497509e-05
BPMYB.4L8.B2 23171.16162 0.0086912382358 -0.00482857662953 7.70112928783e-06 3.90165190618e-05
BPMWB.4L8.B2 23195.62912 0.00892559342397 -0.00438024615168 1.61238430976e-05 3.63540660556e-05
BPMSX.4L8.B2 23245.78612 0.0088355414456 -0.00455916458244 2.60017068792e-05 3.00916631511e-05
BPMS.2L8.B2 23283.69762 0.00889118066237 -0.0044496834184 3.10040316477e-05 2.49069034366e-05
BPMSW.1L8.B2 23293.63162 0.00894048000262 -0.00434978046817 3.30843596511e-05 2.20684847057e-05
BPMSW.1R8.B2 23336.82162 0.00894047793376 -0.00434978519412 1.65928887593e-05 3.61424871171e-05
BPMS.2R8.B2 23346.75562 0.00889117899864 -0.00444968666744 1.97230077901e-05 3.45340888841e-05
BPMSX.4R8.B2 23384.66712 0.00883554179948 -0.00455916389438 2.56296825588e-05 3.04091475881e-05
BPMWI.4R8.B2 23434.90012 0.00892530583652 -0.00438083211741 3.33796089445e-05 2.16194006718e-05
BPMYB.4R8.B2 23459.29162 0.00869111358917 -0.00482880099412 3.73206742785e-05 1.37391993212e-05
BPMYB.5R8.B2 23479.86862 0.00936058012098 -0.00335146447909 3.97692975776e-05 -3.86333604555e-09
BPMR.6R8.B2 23563.97662 0.00955787555226 0.00273857415956 -1.16897001414e-05 3.80124592815e-05
BPM_A.7R8.B2 23586.21662 0.00994146344497 0.000141699249802 4.02230543531e-06 3.95653623841e-05
BPM.8R8.B2 23627.65561 0.00861179508154 -0.0049688791267 3.69635489114e-05 1.46728597631e-05
BPM.9R8.B2 23666.7226 0.00380367612313 -0.00918612117636 -1.38640812254e-05 -3.7274445754e-05
BPM.10R8.B2 23707.18758 0.00946626144222 -0.00304017573578 -2.78172686497e-05 2.84217721812e-05
BPM.11R8.B2 23759.02827 0.00836683346693 -0.00537111460027 2.49369422675e-05 3.09797656463e-05
BPM.12R8.B2 23813.75476 0.00817539760737 -0.00565823721108 3.14154342943e-05 -2.43858133209e-05
BPM.13R8.B2 23867.20624 0.00651385349941 -0.00751149032599 -2.62956502081e-05 -2.98351416067e-05
BPM.14R8.B2 23920.65773 0.00709882110767 -0.00696128675218 -2.95386903383e-05 2.66282263736e-05
BPM.15R8.B2 23974.10921 0.00549938678895 -0.0082830863365 2.75036497378e-05 2.87253571174e-05
BPM.16R8.B2 24027.56069 0.00614998499781 -0.00781219935531 2.8415472216e-05 -2.78236894058e-05
BPM.17R8.B2 24081.01218 0.00439453725515 -0.0089185658398 -2.86648291746e-05 -2.75667262606e-05
BPM.18R8.B2 24134.46366 0.00510003472262 -0.00853477710091 -2.72437716343e-05 2.89719457164e-05
BPM.19R8.B2 24187.91515 0.00321754782414 -0.0094074523821 2.97773535525e-05 2.6361069451e-05
BPM.20R8.B2 24241.36663 0.00396633750948 -0.00911706866319 2.60258356948e-05 -3.00707907986e-05
BPM.21R8.B2 24294.81811 0.00198759999919 -0.00974177707388 -3.08391303898e-05 -2.51106519281e-05
BPM.22R8.B2 24348.2696 0.00276739573065 -0.0095495704156 -2.47635212618e-05 3.11185668361e-05
BPM.23R8.B2 24401.72108 0.000725084094644 -0.0099159985563 3.18484859454e-05 2.38174443972e-05
BPM.24R8.B2 24455.17257 0.00149043050886 -0.0098271827023 2.29606307534e-05 5.90176856811e-07
BPM.25R8.B2 24508.62405 -0.000581754376189 -0.00992252310868 -9.99027354483e-08 -2.29680016225e-05
BPM.26R8.B2 24562.07554 0.000220988708158 -0.00993710556504 -2.29654344861e-05 3.57229101956e-07
BPM.27R8.B2 24615.52702 -0.00184633023277 -0.00976657400271 1.04702091428e-06 2.29443409559e-05
BPM.28R8.B2 24668.9785 -0.00108463065294 -0.00988579937177 2.24326928648e-05 3.13994954314e-05
BPM.29R8.B2 24722.42999 -0.00311288108513 -0.00944539169462 3.07113510629e-05 -2.33659289272e-05
BPM.30R8.B2 24775.88147 -0.00234041290991 -0.00966581192976 -2.37085521067e-05 -3.0447633627e-05
BPM.31R8.B2 24829.33296 -0.00429566350265 -0.00896954446437 -2.97216337181e-05 2.4612564789e-05
BPM.32R8.B2 24882.78444 -0.00355766441589 -0.00928700580148 2.49440184099e-05 2.94440112443e-05
BPM.33R8.B2 24936.23592 -0.00540777943618 -0.00834633898159 2.86812703455e-05 -2.58174111486e-05
BPM.34R8.B2 24989.68741 -0.00471652360001 -0.00875556154608 -2.61371370439e-05 -2.83902121351e-05
BPM.33L1.B2 25043.13889 -0.00643109522942 -0.00758593876527 -2.75922108762e-05 2.69782069977e-05
BPM.32L1.B2 25096.59038 -0.00579781126921 -0.00808027458325 2.72856655417e-05 2.72882118533e-05
BPM.31L1.B2 25150.04186 -0.00734867841327 -0.00670092370399 2.64560624691e-05 -2.80932444063e-05
BPM.30L1.B2 25203.49334 -0.00678388424936 -0.00727216386929 -2.83878913364e-05 -2.61396534848e-05
BPM.29L1.B2 25256.94483 -0.00814554169362 -0.00570575177959 -2.52750755923e-05 2.91603247679e-05
BPM.28L1.B2 25310.39631 -0.00765842828838 -0.00634459841662 2.94416836421e-05 2.49467648013e-05
BPM.27L1.B2 25363.8478 -0.00880852348089 -0.00461685682625 2.40508743308e-05 -3.01779559963e-05
BPM.26L1.B2 25417.29928 -0.00843980968686 -0.0053148027928 -3.09440784559e-05 8.99222612508e-06
BPM.25L1.B2 25470.75077 -0.00935913722043 -0.00344732748813 9.91778339488e-06 3.065996771e-05
BPM.24L1.B2 25524.20225 -0.00905035950184 -0.00419148055027 3.05468979847e-05 -1.02607710406e-05
BPM.23L1.B2 25577.65373 -0.00972324535901 -0.00222171465397 -1.11739136535e-05 -3.02248148384e-05
BPM.22L1.B2 25631.10522 -0.00954486001189 -0.00300130973716 -3.05964987844e-05 4.42154813758e-05
BPM.21L1.B2 25684.5567 -0.00995994344729 -0.00095485036685 4.51147866528e-05 2.92542532746e-05
BPM.20L1.B2 25738.00819 -0.00985038104151 -0.00175562128442 2.87466954155e-05 -4.54398831603e-05
BPM.19L1.B2 25791.45967 -0.0100002595929 0.000327140426465 -4.62829820627e-05 -2.73686139647e-05
BPM.18L1.B2 25844.91115 -0.00999403793326 -0.00048105981311 -2.68486095681e-05 4.65865478591e-05
BPM.17L1.B2 25898.36264 -0.00987624234429 0.0016037611878 4.7372192521e-05 2.54367958817e-05
BPM.16L1.B2 25951.81412 -0.00997346376434 0.000801394588611 2.49041681984e-05 -4.76543562275e-05
BPM.15L1.B2 26005.26561 -0.00958993620481 0.00285400356672 -4.83809986063e-05 -2.34613246665e-05
BPM.14L1.B2 26058.71709 -0.00978899836293 0.00207068196474 -2.29180604883e-05 4.86406958289e-05
BPM.13L1.B2 26112.16857 -0.00914602710628 0.00405738844356 4.93073246742e-05 2.14462763999e-05
BPM.12L1.B2 26165.62006 -0.0098038253369 0.00199930525028 2.47975229588e-05 -4.77099373097e-05
BPM.11L1.B2 26219.07154 -0.00994117994437 0.00113364637585 -4.70413001673e-05 -2.60436360996e-05
BPM.10L1.B2 26271.85423 -0.00999354024591 0.000491290261466 -1.78992110656e-05 5.07027956367e-05
BPM.9L1.B2 26310.92122 -0.00964850681242 0.00264925065767 4.97408512529e-05 2.04206474778e-05
BPM.8L1.B2 26351.38621 -0.00866986789428 -0.004994557385 -7.67901813768e-06 -5.32183053443e-05
BPM.7L1.B2 26390.4542 -0.00996913611079 -0.000853544372338 -5.36748428775e-05 3.1885185126e-06
BPMR.6L1.B2 26433.6382 -0.00955832259148 0.00295815516653 2.26135973213e-06 5.37218899781e-05
BPM.5L1.B2 26465.5382 -0.00362711243309 0.00932503448518 5.10699030183e-05 1.68232258294e-05
BPMYA.4L1.B2 26486.6562 -0.00150256845348 0.00989214339092 5.37603289902e-05 -9.90812636778e-07
BPMWB.4L1.B2 26507.7127 -0.000286845997122 0.010001496497 5.25272548898e-05 -1.1490985154e-05
BPMSY.4L1.B2 26600.5687 5.35864812573e-05 0.0100054655681 4.60726037361e-05 -2.77213001488e-05
BPMS.2L1.B2 26627.3542 0.00018648809881 0.0100038709968 4.41563452645e-05 -3.06818255993e-05
BPMSW.1L1.B2 26637.4082 0.000242752352234 0.0100026638485 4.27157497008e-05 -3.26575888713e-05
