BPMSW.1R1.B2 21.475 -0.00846527350929 -0.00529225857238 -1.5696976205e-05 3.04406135366e-05
BPMS.2R1.B2 31.529 -0.00843537297007 -0.00533978967103 -1.42976532571e-05 3.11228532719e-05
BPMSY.4R1.B2 58.3145 -0.00836369630021 -0.0054513706486 -1.22260049298e-05 3.19930479207e-05
BPMWB.4R1.B2 151.1705 -0.0081733693782 -0.00573279083533 -1.32613715405e-06 3.42238568531e-05
BPMYA.4R1.B2 172.227 -0.00741443693005 -0.00668543063994 5.39628662395e-06 3.38217614235e-05
BPMR.5R1.B2 199.635 -0.00510247532002 -0.00858100246881 2.01688263964e-05 2.76812124109e-05
BPM.6R1.B2 231.535 0.00524401531551 -0.00849524343764 3.04310942159e-05 -1.57155720897e-05
BPMRA.7R1.B2 259.259 0.00726550997596 -0.00684698637451 6.30504356634e-06 -3.36641867195e-05
BPM.8R1.B2 300.6960106 0.00735216143954 -0.00675385666988 -3.19724340933e-05 -1.22798351115e-05
BPM.9R1.B2 339.7610212 0.00570300234376 -0.00819418220676 -6.2172371255e-06 3.36805095488e-05
BPM.10R1.B2 380.2240318 0.00220825186399 -0.00973614304751 3.4149164158e-05 -2.62026002591e-06
BPM.11R1.B2 433.0047424 0.00709547578244 -0.00702303931078 -1.3135800715e-05 -3.16303973825e-05
BPM.12R1.B2 487.7282583 0.00453531727124 -0.00889380430395 -3.22673326493e-05 1.14826227976e-05
BPM.13R1.B2 541.1767742 0.00409421883233 -0.00910528582173 8.84544836535e-06 3.30875970337e-05
BPM.14R1.B2 594.6252901 0.00211513513222 -0.00975679563774 3.28078932385e-05 -9.83225796455e-06
BPM.15R1.B2 648.073806 0.00289555823474 -0.0095542974765 -1.01954543603e-05 -3.26968429048e-05
BPM.16R1.B2 701.5223219 0.000849622457059 -0.00994721063505 -3.237708338e-05 1.11694002268e-05
BPM.17R1.B2 754.9708378 0.00164960771234 -0.00984619988164 1.15277870948e-05 3.22512198142e-05
BPM.18R1.B2 808.4193537 -0.000429748077407 -0.00997417537172 3.18917949318e-05 -1.24877623676e-05
BPM.19R1.B2 861.8678696 0.000376513333674 -0.00997632675172 -1.28406527325e-05 -3.17513562343e-05
BPM.20R1.B2 915.3163855 -0.00170215933801 -0.00983725120752 -3.1352866077e-05 1.37850858608e-05
BPM.21R1.B2 968.7649014 -0.000902723798621 -0.0099425322484 1.4131946232e-05 3.11980641292e-05
BPM.22R1.B2 1022.213417 -0.00294650441683 -0.00953870900415 3.07611739792e-05 -1.50592606722e-05
BPM.23R1.B2 1075.661933 -0.00216717507867 -0.00974536864032 -1.53994638861e-05 -3.05922781235e-05
BPM.24R1.B2 1129.110449 -0.00417724686863 -0.00907679007743 -3.00830865908e-05 5.16786871021e-05
BPM.25R1.B2 1182.558965 -0.00343108537995 -0.00938430405458 5.20091605282e-05 2.95080629014e-05
BPM.26R1.B2 1236.007481 -0.00530399105269 -0.00846789161178 2.79382700299e-05 -5.28690042602e-05
BPM.27R1.B2 1289.455997 -0.00460340155229 -0.00886826948269 -5.31755432943e-05 -2.73503252038e-05
BPM.28R1.B2 1342.904513 -0.00637838213647 -0.00771320380078 -2.57124790115e-05 8.93409146799e-05
BPM.29R1.B2 1396.353029 -0.0057350765014 -0.00820281470404 8.96206541301e-05 2.47197950067e-05
BPM.30R1.B2 1449.801545 -0.00731262897813 -0.0068339394872 2.20261782657e-05 -9.0320420054e-05
BPM.31R1.B2 1503.25006 -0.00673734363969 -0.00740172089601 -9.05590411678e-05 -2.10235829796e-05
BPM.32R1.B2 1556.698576 -0.00812676058971 -0.00584234831343 -1.83047435097e-05 9.11474935064e-05
BPM.33R1.B2 1610.147092 -0.00762875230589 -0.00647915193354 9.13449757776e-05 1.7292349107e-05
BPM.34R1.B2 1663.595608 -0.00880733747724 -0.00475479526705 1.45503409582e-05 -9.18216610351e-05
BPM.33L2.B2 1717.044124 -0.00839493630321 -0.00544998311867 -9.19772983928e-05 -1.35316905556e-05
BPM.32L2.B2 1770.49264 -0.00934321682356 -0.00358909055213 -1.07738439424e-05 9.23409729927e-05
BPM.31L2.B2 1823.941156 -0.00902309600538 -0.00433139815739 9.24548335724e-05 9.74854524422e-06
BPM.30L2.B2 1877.389672 -0.00972557078546 -0.00236443321857 6.97665955925e-06 -9.27052079251e-05
BPM.29L2.B2 1930.838188 -0.00950305496264 -0.00314153114709 -9.27768374716e-05 -5.94878839664e-06
BPM.28L2.B2 1984.286704 -0.00994812864696 -0.00110091232443 -3.17041941967e-06 9.29132895118e-05
BPM.27L2.B2 2037.73522 -0.00982683908856 -0.00190013290562 9.29427510077e-05 2.13915118717e-06
BPM.26L2.B2 2091.183735 -0.0100419858459 0.000187316392887 -6.0870658926e-07 -5.75946462715e-05
BPM.25L2.B2 2144.632251 -0.0100243512351 -0.000623658163875 -5.75843571349e-05 1.24710609103e-06
BPM.24L2.B2 2198.080767 -0.00993552433651 0.00147034802606 2.96955340222e-06 5.75212614969e-05
BPM.23L2.B2 2251.529283 -0.0100217747659 0.000663775346958 5.74847720271e-05 -3.60754754172e-06
BPM.22L2.B2 2304.977799 -0.00970057139619 0.00273585022465 -5.29148244158e-06 -2.19802779215e-05
BPM.21L2.B2 2358.426315 -0.00988971167723 0.00194411028295 -2.19202523024e-05 5.53487693739e-06
BPM.20L2.B2 2411.874831 -0.00927090540694 0.00395427297573 6.18835163758e-06 2.17448040714e-05
BPM.19L2.B2 2465.323347 -0.00955977101377 0.00319323347777 2.16748246661e-05 -6.42914963431e-06
BPM.18L2.B2 2518.771863 -0.00868891661553 0.00510770887107 -7.07493932006e-06 -2.14727162952e-05
BPM.17L2.B2 2572.220379 -0.00907276176091 0.00438986968537 -2.13929502665e-05 7.3125899865e-06
BPM.16L2.B2 2625.668894 -0.00796415127205 0.00617723695308 7.94949635715e-06 2.11645397006e-05
BPM.15L2.B2 2679.11741 -0.00843666627134 0.00551440151751 2.1075062427e-05 -8.18375576778e-06
BPM.14L2.B2 2732.565926 -0.0071085418497 0.00714524979029 -8.81079666841e-06 -2.08207125803e-05
BPM.13L2.B2 2786.014442 -0.00766196831966 0.00654829774671 -2.07217395692e-05 9.0411233639e-06
BPM.12L2.B2 2839.462958 -0.00595426703853 0.00813219932554 9.38235773194e-06 2.05694804368e-05
BPM.11L2.B2 2892.911474 -0.00739955117339 0.00684343512647 2.13783203763e-05 -7.35523602199e-06
BPM.10L2.B2 2944.750185 -0.00681980100396 0.00742133923969 -3.2489165372e-06 -2.23735743116e-05
BPM.9L2.B2 2983.815195 -0.00519550989781 0.00863670299709 -2.25667514317e-05 -1.3688591316e-06
BPM.8L2.B2 3024.278206 -0.00144007124631 0.00997557800974 1.50087214183e-05 1.69076996462e-05
BPM.7L2.B2 3063.344216 -0.00956177481395 0.00318722829303 1.47029029293e-05 -1.71743124805e-05
BPM.6L2.B2 3095.450216 -0.00982390840605 0.00225317230706 5.09349439133e-06 -2.2026997261e-05
BPMYB.5L2.B2 3167.649216 -0.00893842757149 0.00465730333696 -2.16889586374e-05 -6.38130575269e-06
BPMYB.4L2.B2 3188.219216 -0.00787109187642 0.00629538517784 -2.13411814542e-05 7.46231518088e-06
BPMWB.4L2.B2 3212.610716 -0.00891186577263 0.004707930573 -6.79661992726e-06 2.15624245408e-05
BPMSX.4L2.B2 3262.843716 -0.00538939895294 0.0085170617419 2.260730967e-05 2.04364737966e-07
BPMS.2L2.B2 3300.755216 -0.00537876583637 0.00852378083895 1.74450960498e-05 -1.43805695307e-05
BPMSW.1L2.B2 3310.689216 -0.00569506422287 0.00831578049654 1.31399298194e-05 -1.83976817896e-05
BPMSW.1R2.B2 3353.879216 -0.00569506098926 0.00831578271313 1.60073691323e-05 1.59654704844e-05
BPMS.2R2.B2 3363.813216 -0.00537876335255 0.00852378238275 1.95872568111e-05 1.12903877338e-05
BPMSX.4R2.B2 3401.724716 -0.00538940331297 0.00851705898664 2.22607775861e-05 -3.94840259068e-06
BPMWB.4R2.B2 3451.881716 -0.00891264938971 0.00470644693034 -1.0212279577e-05 -2.01703146253e-05
BPMYB.4R2.B2 3476.349216 -0.00789874449225 0.00626065470377 -2.22801667661e-05 -3.83754422715e-06
BPM.5R2.B2 3505.883216 -0.0100754411283 0.000267297335432 -1.31680585494e-05 1.83775551233e-05
BPMR.6R2.B2 3579.179216 -0.0100008828874 -0.00125231912177 1.7559871188e-05 1.42402025113e-05
BPM_A.7R2.B2 3592.054216 -0.0100451111664 -0.000825653584649 1.98135875584e-05 1.08882065753e-05
BPM.8R2.B2 3633.493206 -0.00960354787094 0.00305905706479 1.89686166889e-05 -1.23013703696e-05
BPM.9R2.B2 3672.560195 -0.00201716204927 0.00987507058718 -1.87399682564e-05 -1.26469759875e-05
BPM.10R2.B2 3713.025185 -0.00128503348587 0.0099967320057 -1.84685053418e-05 1.30401952665e-05
BPM.11R2.B2 3764.865874 -0.000526338971101 0.0100652336847 1.11895315985e-05 1.96450175482e-05
BPM.12R2.B2 3819.592358 -0.00116144118105 0.0100118437961 1.8580771439e-05 -1.28797227516e-05
BPM.13R2.B2 3873.043842 0.00193620847558 0.00989126172725 -1.48030115854e-05 -1.7088089741e-05
BPM.14R2.B2 3926.495326 0.00113170308847 0.0100152488708 -1.6921310275e-05 1.49933793932e-05
BPM.15R2.B2 3979.94681 0.00318582571224 0.00956224222652 1.54949802414e-05 1.64632178031e-05
BPM.16R2.B2 4033.398294 0.00240364930013 0.00978817816952 1.62885979505e-05 -1.56784520616e-05
BPM.17R2.B2 4086.849779 0.00438289645054 0.00907613246511 -1.61607424389e-05 -1.58102114825e-05
BPM.18R2.B2 4140.301263 0.00363604660293 0.00940027270456 -1.56281406188e-05 1.63368797869e-05
BPM.19R2.B2 4193.752747 0.0055079835609 0.00844085770821 1.67990237569e-05 1.51302669683e-05
BPM.20R2.B2 4247.204231 0.00480873890549 0.0088578773965 1.49411261497e-05 -1.69674717733e-05
BPM.21R2.B2 4300.655715 0.00654252427211 0.0076668988545 -1.74086929838e-05 -1.44246187396e-05
BPM.22R2.B2 4354.107199 0.00590237089713 0.00816994367266 -1.42286400591e-05 1.75692402739e-05
BPM.23R2.B2 4407.558683 0.0074695825494 0.00676692680839 1.79887837895e-05 1.36943793325e-05
BPM.24R2.B2 4461.010167 0.00689078546414 0.00734720514701 1.33658498275e-05 -9.86597565221e-06
BPM.25R2.B2 4514.461651 0.00826568641182 0.00575697627643 -1.02630798849e-05 -1.30634095477e-05
BPM.26R2.B2 4567.913135 0.0077740618066 0.00640533455915 -1.29475939687e-05 1.04088158874e-05
BPM.27R2.B2 4621.36462 0.00893424681158 0.00465226629483 1.07931017398e-05 1.26290219284e-05
BPM.28R2.B2 4674.816104 0.00852134842614 0.00535765667902 1.23811739976e-05 -2.65882848569e-06
BPM.29R2.B2 4728.267588 0.00944779859621 0.0034723141785 -3.02959391856e-06 -1.22957042032e-05
BPM.30R2.B2 4781.719072 0.00913671635133 0.00422353860967 -1.22609899911e-05 3.16717945779e-06
BPM.31R2.B2 4835.170556 0.00981437363331 0.0022351586707 3.53412221808e-06 1.21602890629e-05
BPM.32R2.B2 4888.62204 0.00960195241962 0.00301999565527 1.2119943039e-05 -3.67012374139e-06
BPM.33R2.B2 4942.073524 0.0100196717661 0.000961270920327 -4.03258516742e-06 -1.20042139569e-05
BPM.34R2.B2 4995.525008 0.00990939600048 0.00176684322074 -1.19582749162e-05 4.16684914788e-06
BPM.33L3.B2 5048.976492 0.0100603186404 -0.000328409663632 4.52423328556e-06 1.1827690351e-05
BPM.32L3.B2 5102.427976 0.0100540034413 0.000484643027255 1.17762642994e-05 -4.65645615801e-06
BPM.31L3.B2 5155.87946 0.00993564630918 -0.00161269851008 -5.00814440248e-06 -1.16310483979e-05
BPM.30L3.B2 5209.330945 0.0100333949684 -0.0008055119072 -1.15742057182e-05 5.13815774842e-06
BPM.29L3.B2 5262.782429 0.00964770494131 -0.00287047965048 5.48357113454e-06 1.14146156077e-05
BPM.28L3.B2 5316.233913 0.00984790990305 -0.0020824347711 1.13524605065e-05 -5.61110233743e-06
BPM.27L3.B2 5369.685397 0.00920122239713 -0.00408109917479 -5.94963506435e-06 -1.11787586798e-05
BPM.26L3.B2 5423.136881 0.00949233447395 -0.00332565544068 -1.12374988093e-05 1.43495753599e-05
BPM.25L3.B2 5476.588365 0.00859535536553 -0.00522343412004 1.46807129521e-05 1.08013269364e-05
BPM.24L3.B2 5530.039849 0.00898890272471 -0.00451265172089 1.06361879151e-05 -1.48007880963e-05
BPM.23L3.B2 5583.491333 0.00785650601542 -0.0062801043821 -1.5113662629e-05 -1.01867158304e-05
BPM.22L3.B2 5636.942817 0.00832949515248 -0.00562601638381 -1.01428248772e-05 2.35019125174e-05
BPM.21L3.B2 5690.394301 0.00698038957069 -0.00723233788227 2.37960200834e-05 9.43218546785e-06
BPM.20L3.B2 5743.845786 0.00754134259093 -0.00664535189682 9.16503413016e-06 -2.39001893338e-05
BPM.19L3.B2 5797.29727 0.00599780188259 -0.0080659111345 -2.41647522614e-05 -8.44283565207e-06
BPM.18L3.B2 5850.748754 0.00662925632163 -0.00755549537941 -8.17151764138e-06 2.42578500456e-05
BPM.17L3.B2 5904.200238 0.00491670468137 -0.00876690167289 2.44923897079e-05 7.43906214295e-06
BPM.16L3.B2 5957.651722 0.00560824334541 -0.00834147207751 7.16421965427e-06 -2.45741873158e-05
BPM.15L3.B2 6011.103206 0.00375475188722 -0.00932386122325 -2.47783378891e-05 -6.42267678675e-06
BPM.14L3.B2 6064.55469 0.00449505981025 -0.00899038303892 -6.14462898604e-06 2.48487440759e-05
BPM.13L3.B2 6118.006174 0.00253116685996 -0.00972757648111 2.50221328156e-05 5.39532732806e-06
BPM.12L3.B2 6171.457658 0.00467404657013 -0.0088986425087 7.27576622013e-06 -2.45413877123e-05
BPM.11L3.B2 6224.909142 0.00555495384169 -0.00837705423676 -2.41970421087e-05 -8.3498345276e-06
BPM.10L3.B2 6277.691832 0.00848540251197 -0.00538799535833 -1.0259925062e-05 2.34510331248e-05
BPM.9L3.B2 6316.758821 0.00746010551897 -0.00673642156652 1.12962162298e-05 2.29698094762e-05
BPM.8L3.B2 6357.223811 0.00604816922462 -0.00802821268043 2.52667471504e-05 4.09977559417e-06
BPM.7L3.B2 6396.2898 0.00211811188531 -0.0098257901399 1.5170067783e-05 -2.06176107387e-05
BPMR.6L3.B2 6468.9288 -0.00642289508099 -0.0077316860132 -2.53387920465e-05 -3.6279880351e-06
BPMWE.5L3.B2 6511.9823 -0.00658457296349 -0.00759446829882 -2.26043009383e-05 1.20109213698e-05
BPMW.5L3.B2 6539.5273 -0.00396375964697 -0.00923694534624 -1.49227118185e-05 2.07973408204e-05
BPMWE.4L3.B2 6614.6553 -0.0069110881534 -0.00729858961931 1.55426537737e-05 2.03382051848e-05
BPMW.4L3.B2 6642.2003 -0.0100417352156 0.000442835943764 2.5514669526e-05 -2.05389308628e-06
BPMW.4R3.B2 6687.1653 -0.00970315942754 0.00262321309678 1.88698959635e-05 -1.72957766716e-05
BPMWE.4R3.B2 6714.7103 -0.0100248161741 0.00073185416109 1.1057487263e-05 -2.3085681562e-05
BPMW.5R3.B2 6789.8383 -0.00971099606555 0.00259405189867 -1.5778552107e-05 -2.0155743847e-05
BPMWE.5R3.B2 6817.3833 -0.0078731676692 0.00624866231315 -2.4364590698e-05 -7.84749437852e-06
BPMWC.6R3.B2 6858.3743 -0.00723942595053 0.00697303819921 -2.4204108904e-05 8.32933526974e-06
BPM.6R3.B2 6870.5288 -0.00794656944989 0.00615504539164 -2.17810317364e-05 1.34463121872e-05
BPM_A.7R3.B2 6926.3528 -0.0078068913862 0.00633127133639 2.78354358218e-06 2.54454032817e-05
BPM.8R3.B2 6965.418789 -0.00999101277672 0.00110100569647 2.55739028314e-05 -1.09187290715e-06
BPM.9R3.B2 7004.485779 -0.00629516306977 -0.00783603673822 -5.39495711929e-06 -2.50222141941e-05
BPM.10R3.B2 7044.950768 -0.00715635245445 -0.00705826958066 -2.19057278956e-05 -1.32421991774e-05
BPM.11R3.B2 7097.733458 -0.0090257600594 -0.0044235964115 -1.73664180313e-05 1.88048946301e-05
BPM.12R3.B2 7152.459942 -0.00996338451088 -0.00132797551033 2.21347056064e-05 1.28557967499e-05
BPM.13R3.B2 7205.911426 -0.0096497788524 -0.00281323976574 1.14116323781e-05 -2.29126927402e-05
BPM.14R3.B2 7259.36291 -0.0100235337769 -0.000749213228243 -2.32450810589e-05 -1.07183429249e-05
BPM.15R3.B2 7312.814394 -0.00993036211535 -0.00155578215125 -1.04572934662e-05 2.33636861575e-05
BPM.16R3.B2 7366.265878 -0.0100370209413 0.000539222099655 2.36673191406e-05 9.75062173153e-06
BPM.17R3.B2 7419.717362 -0.0100477964885 -0.000272645504542 9.48478268104e-06 -2.37751110531e-05
BPM.18R3.B2 7473.168846 -0.00988557296938 0.0018187899611 -2.40493168517e-05 -8.76624118614e-06
BPM.19R3.B2 7526.62033 -0.0100001181924 0.00101498078238 -8.49630755551e-06 2.41460029403e-05
BPM.20R3.B2 7580.071814 -0.00957167409879 0.00306848575006 2.43903718418e-05 7.7670119258e-06
BPM.21R3.B2 7633.523299 -0.00978811060078 0.00228592228506 7.49319573834e-06 -2.44758831319e-05
BPM.22R3.B2 7686.974783 -0.00910049445247 0.00426773365723 -2.46899436315e-05 -6.75450574804e-06
BPM.23R3.B2 7740.426267 -0.00941525665563 0.00351930275316 -6.47751094443e-06 2.47640509779e-05
BPM.24R3.B2 7793.877751 -0.00844566274141 0.00539035772626 2.49092073134e-05 -2.89701885241e-05
BPM.25R3.B2 7847.329235 -0.00885318454569 0.00469108718602 -2.92474569933e-05 -2.45830690252e-05
BPM.26R3.B2 7900.780719 -0.00768671374399 0.00642647705314 -2.36933888148e-05 2.99727307857e-05
BPM.27R3.B2 7954.232203 -0.00818031099477 0.00578512640893 3.02363113651e-05 2.33560748475e-05
BPM.28R3.B2 8007.683687 -0.00676733895245 0.00735050067557 2.23986448902e-05 -6.56249216584e-05
BPM.29R3.B2 8061.135171 -0.00733856582854 0.00678027936312 -6.58717129383e-05 -2.16621297047e-05
BPM.30R3.B2 8114.586655 -0.00577143131932 0.00815581493484 -1.96736177126e-05 6.6492698218e-05
BPM.31R3.B2 8168.03814 -0.00641082875518 0.00766342034509 6.67089860413e-05 1.89272728469e-05
BPM.32R3.B2 8221.489624 -0.00468064166002 0.00882713602254 1.69143425899e-05 -6.72475688949e-05
BPM.33R3.B2 8274.941108 -0.00537787319544 0.0084205235393 -6.74328329274e-05 -1.61599444588e-05
BPM.34R3.B2 8328.392592 -0.00351297772852 0.00935338036239 -1.41269138207e-05 6.78878561713e-05
BPM.33L4.B2 8381.844076 -0.00425638813545 0.00903935267753 6.80418846497e-05 1.33653223447e-05
BPM.32L4.B2 8435.29556 -0.00228754672578 0.00972593783122 1.13149700304e-05 -6.84127323772e-05
BPM.31L4.B2 8488.747044 -0.00306513891604 0.00950955625082 -6.85351960161e-05 -1.05478194487e-05
BPM.30L4.B2 8542.198528 -0.00102455898943 0.00993866266608 -8.4840784034e-06 6.88211512744e-05
BPM.29L4.B2 8595.650012 -0.00182332148013 0.00982355513543 6.89118865891e-05 7.71245682756e-06
BPM.28L4.B2 8649.101496 0.000255292000028 0.00998807102061 5.63864270445e-06 -6.91124874909e-05
BPM.27L4.B2 8702.55298 -0.000551754702832 0.00997608658007 -6.917133017e-05 -4.86392335594e-06
BPM.26L4.B2 8756.004465 0.00156498665881 0.00986684264939 -2.8217061234e-06 3.45856824191e-05
BPM.25L4.B2 8809.455949 0.000763542047648 0.00996096233804 3.46151269028e-05 2.43404860448e-06
BPM.24L4.B2 8862.907433 0.00281436538447 0.00958556803961 1.39302841318e-06 -3.4672621297e-05
BPM.23L4.B2 8916.358917 0.00203148858927 0.0097814529221 -3.46860549415e-05 -1.00443429296e-06
BPM.22L4.B2 8969.810401 0.0040515522014 0.00914028231626 -2.49381278461e-11 2.70933654101e-11
BPM.21L4.B2 9023.261885 0.00330060711656 0.00943746940058 3.37284727874e-11 2.39280415078e-11
BPM.20L4.B2 9076.713369 0.00518755087783 0.00854687966248 2.63038613945e-11 -3.43522364713e-11
BPM.19L4.B2 9130.164853 0.00448079355841 0.00893769126166 -3.23023504218e-11 -2.30460592997e-11
BPM.18L4.B2 9183.616337 0.00623830201856 0.00781302911076 -2.30767753095e-11 3.4217633205e-11
BPM.17L4.B2 9237.067821 0.00558734727553 0.00829104254188 3.25206693273e-11 2.09759933897e-11
BPM.16L4.B2 9290.519306 0.00718654239702 0.00695078732187 2.25920417233e-11 -3.09750927995e-11
BPM.15L4.B2 9343.97079 0.00660208670194 0.00750814805394 -3.12461636036e-11 -2.19145458472e-11
BPM.14L4.B2 9397.422274 0.00801668603152 0.00597432682669 -2.12219991349e-11 4.04338979523e-11
BPM.13L4.B2 9450.873758 0.0075083338923 0.00660187535588 2.69496893847e-11 2.4535053864e-11
BPM.12L4.B2 9504.325242 0.00916135177063 0.0040036820293 2.19305359777e-11 -3.36084676304e-11
BPM.11L4.B2 9557.776726 0.00901235662454 0.00432865615308 -2.32551457878e-11 -3.29000123522e-11
BPMC.10L4.B2 9609.617415 0.00947953604894 0.00317777159198 -3.20712384574e-11 2.74159110629e-11
BPMC.9L4.B2 9648.684405 0.00973452700646 0.00228009209665 2.16674728206e-11 3.26777609923e-11
BPMC.8L4.B2 9689.149394 0.00996283733545 -0.000837680277594 8.0838456948e-12 -3.3420616299e-11
BPMC.7L4.B2 9728.215384 0.00706983273825 0.00706946257352 -4.15250733765e-11 -3.2523086329e-12
BPMYA.6L4.B2 9824.819384 0.0080337718017 0.00595133149837 -1.97558443913e-11 3.33551709652e-11
BPMYB.5L4.B2 9861.819384 0.00802303840941 0.00596579338525 -3.89484627279e-12 3.30421238994e-11
BPMWA.B5L4.B2 9964.209884 0.00993824503458 0.00109138519528 3.27613902945e-11 2.65368847036e-11
BPMWA.A5L4.B2 9973.094884 0.00997076965191 0.000737284602064 3.60848696723e-11 2.24894252258e-11
BPMWA.A5R4.B2 10021.14388 0.00999024846866 -0.000393410151902 4.17257934201e-11 2.70398118573e-12
BPMWA.B5R4.B2 10030.02888 0.00998762058723 -0.000455270270838 3.99865638998e-11 1.21805736016e-12
BPMYA.5R4.B2 10132.49538 0.00992940123538 0.00116911347539 -1.38043782179e-11 -2.67309113529e-11
BPMYB.6R4.B2 10164.05938 0.00995568908269 0.00091874347072 -4.98466104344e-11 -4.13752261003e-11
BPMCA.7R4.B2 10260.57538 0.00902134831671 0.00430988521301 -3.43307424664e-11 -1.80040391731e-11
BPMC.8R4.B2 10298.36637 0.00754916578844 0.00655514545256 -1.02992597043e-11 3.46175144541e-11
BPMC.9R4.B2 10337.43336 0.00999758801743 8.98324220125e-05 3.85825926113e-11 1.87499024859e-12
BPMC.10R4.B2 10377.89835 0.00999344317198 -0.000301545384871 1.25130502314e-11 -4.44449312482e-11
BPM.11R4.B2 10429.73904 0.00932884576515 -0.00359617473415 -4.06054742737e-11 -8.48316640424e-12
BPM.12R4.B2 10484.46553 0.00919715238462 -0.00392074279726 -1.05496673343e-11 3.42906738615e-11
BPM.13R4.B2 10537.91701 0.00817268713448 -0.00575908161569 3.12774214973e-11 1.78357922488e-11
BPM.14R4.B2 10591.36849 0.00861084602393 -0.00508066596808 1.03109694292e-11 -3.37208744818e-11
BPM.15R4.B2 10644.81998 0.00736879282733 -0.00675727224903 -3.11919392038e-11 -1.7504988832e-11
BPM.16R4.B2 10698.27146 0.00789014390289 -0.00614047760199 -1.16285707585e-11 3.84729997382e-11
BPM.17R4.B2 10751.72295 0.00644381339263 -0.00764441658797 3.43589082812e-11 1.15937153458e-11
BPM.18R4.B2 10805.17443 0.00703978243821 -0.00709938724433 9.97209155184e-12 -3.91014917821e-11
BPM.19R4.B2 10858.62591 0.00541294121791 -0.00840594452613 -3.60151662223e-11 -9.66099422674e-12
BPM.20R4.B2 10912.0774 0.0060737404252 -0.00794163165159 -1.25059753709e-11 3.15834978277e-11
BPM.21R4.B2 10965.52888 0.00429312237521 -0.00902933753294 4.10964631699e-11 7.94937432018e-12
BPM.22R4.B2 11018.98037 0.00500788733776 -0.00865337508617 5.5633688383e-12 -3.82014048382e-11
BPM.23R4.B2 11072.43185 0.00310275281169 -0.00950435484432 -4.2396805779e-11 -5.52550811747e-12
BPM.24R4.B2 11125.88333 0.00378556810126 -0.00922757613972 -1.1332850337e-06 7.43616448572e-05
BPM.25R4.B2 11179.33482 0.00178793033011 -0.00981233878292 7.4362126084e-05 -1.10114529427e-06
BPM.26R4.B2 11232.7863 0.00257400842442 -0.00963603486044 -1.93410959819e-06 -7.43451254846e-05
BPM.27R4.B2 11286.23779 0.000517860772915 -0.00996044715312 -7.42534511823e-05 4.16691537903e-06
BPM.28R4.B2 11339.68927 0.00124599342781 -0.00989082423497 3.86538760759e-06 0.000148563604411
BPM.29R4.B2 11393.14075 -0.000833945396627 -0.00993405449918 0.000148380420887 -8.32678573749e-06
BPM.30R4.B2 11446.59224 -2.95571314694e-05 -0.00996895330906 -9.98868276207e-06 -0.000148277818158
BPM.31R4.B2 11500.04372 -0.00209815378613 -0.00974569927925 -0.000147910799599 1.44388945186e-05
BPM.32R4.B2 11553.49521 -0.00130458981349 -0.00988326611552 1.6095022997e-05 0.000147739756402
BPM.33R4.B2 11606.94669 -0.00332743673722 -0.00939729048246 0.000147189474687 -2.05266674004e-05
BPM.34R4.B2 11660.39818 -0.00255823408043 -0.00963516175681 -2.21748194853e-05 -0.000146950203758
BPM.33L5.B2 11713.84966 -0.00450245510594 -0.00889431288824 -0.000146217771035 2.65791073313e-05
BPM.32L5.B2 11767.30114 -0.00376977525564 -0.00922874304637 2.82151862966e-05 0.00014591089224
BPM.31L5.B2 11820.75263 -0.00560311575485 -0.00824536218427 0.000144997154873 -3.25869614173e-05
BPM.30L5.B2 11874.20411 -0.00491944304471 -0.00867063918168 -3.42100426304e-05 -0.00014462281323
BPM.29L5.B2 11927.6556 -0.00661201815947 -0.00746070503448 -0.000143530045655 3.85384484554e-05
BPM.28L5.B2 11981.10708 -0.00598819133045 -0.00797009838592 4.01434761543e-05 0.000143089435554
BPM.27L5.B2 12034.55856 -0.00751200880828 -0.00655367281487 0.00014181837446 -4.44255960305e-05
BPM.26L5.B2 12088.01005 -0.00703282565625 -0.00714325808126 -4.71453696137e-05 -6.69505704134e-05
BPM.25L5.B2 12141.46153 -0.00836231197533 -0.00552797533495 -6.55042892139e-05 4.91350531028e-05
BPM.24L5.B2 12194.91302 -0.00788882405613 -0.00618491938624 4.98658467312e-05 6.49496902852e-05
BPM.23L5.B2 12248.3645 -0.00900075598716 -0.00441284087127 6.34218350569e-05 -5.17951268073e-05
BPM.22L5.B2 12301.81598 -0.00868947911344 -0.00512959536082 -5.36361184376e-05 1.1524354472e-05
BPM.21L5.B2 12355.26747 -0.00956492676497 -0.00321433845491 1.31304079606e-05 5.32657165289e-05
BPM.20L5.B2 12408.71895 -0.00927428055929 -0.00397586667666 5.31151863769e-05 -1.37266385232e-05
BPM.19L5.B2 12462.17044 -0.00989753794807 -0.00196431625727 -1.53163643461e-05 -5.26787673068e-05
BPM.18L5.B2 12515.62192 -0.00970670706076 -0.00275674333516 -5.25039451431e-05 1.59053200308e-05
BPM.17L5.B2 12569.07341 -0.0100675047071 -0.000682015189341 1.74754031261e-05 5.20024444922e-05
BPM.16L5.B2 12622.52489 -0.00997961171816 -0.00149236246033 5.18032887333e-05 -1.80572299343e-05
BPM.15L5.B2 12675.97637 -0.0100720344993 0.000611487388444 -1.96055543278e-05 -5.12373560143e-05
BPM.14L5.B2 12729.42786 -0.0100885286593 -0.000203433628523 -5.10145926821e-05 2.01780950281e-05
BPM.13L5.B2 12782.87934 -0.00991105143436 0.00189495521019 2.17015250508e-05 5.03853938051e-05
BPM.12L5.B2 12836.33083 -0.0100867785199 -0.000276938333661 5.17627670542e-05 -1.81730483465e-05
BPM.11L5.B2 12889.78231 -0.0100238414044 -0.00115861955791 -1.68057188122e-05 -5.22227175185e-05
BPM.10L5.B2 12942.565 -0.00992845658981 -0.00180153976367 -4.87212417337e-05 2.52167563486e-05
BPM.9L5.B2 12981.63199 -0.0100827681376 0.000396966567597 2.27402240136e-05 4.99252080846e-05
BPM.8L5.B2 13022.09698 -0.00737442209914 -0.00688750277535 3.14512076642e-05 -4.49495875926e-05
BPM.7L5.B2 13061.16497 -0.00959711138522 -0.00311692940194 -4.21535186495e-05 -3.51101870191e-05
BPMR.6L5.B2 13098.05897 -0.00989228549158 -0.00199059878912 -4.76911749941e-05 2.71144996005e-05
BPMWT.B6L5.B2 13109.36897 -0.00963359044293 0.00300228762692 -2.27335871377e-05 4.99282290397e-05
BPMWT.A6L5.B2 13115.19097 -0.00867637092769 0.00515173595309 -7.29183609653e-06 5.43734621499e-05
BPM.5L5.B2 13129.95897 -0.00634436230037 0.00784658287254 1.95293750008e-05 5.12664379382e-05
BPMYA.4L5.B2 13157.36497 -0.00373701589871 0.00937307356248 4.0681340227e-05 3.6805880884e-05
BPMWB.4L5.B2 13178.42347 -0.00256769387175 0.00975841913034 4.70975207183e-05 2.81330442182e-05
BPMWT.B4L5.B2 13178.89297 -0.00255291051355 0.00976229704827 4.718563458e-05 2.79849979509e-05
BPMWT.A4L5.B2 13180.87497 -0.00249413149529 0.00977747942239 4.75416910614e-05 2.73757559089e-05
BPMSY.4L5.B2 13271.27947 -0.00223420092256 0.00984012916905 5.36300640923e-05 1.15524702326e-05
BPMS.2L5.B2 13298.06497 -0.00210329133536 0.0098689392108 5.42723431596e-05 8.0121227144e-06
BPMSW.1L5.B2 13308.11897 -0.00204774878419 0.00988061339097 5.45800833281e-05 5.53641268921e-06
BPMSW.1R5.B2 13351.06897 -0.00204775111688 0.00988061287528 5.09461904166e-05 2.03504340662e-05
BPMS.2R5.B2 13361.12297 -0.00210329339831 0.00986893877096 5.18185627438e-05 1.80132188541e-05
BPMSY.4R5.B2 13387.90847 -0.00223420142014 0.00984012905554 5.28879597282e-05 1.45776407823e-05
BPMWB.4R5.B2 13480.76447 -0.00256771477265 0.00975841363192 5.47700678211e-05 -3.14381038452e-06
BPMYA.4R5.B2 13501.82097 -0.00373692603961 0.00937310938419 5.30961143937e-05 -1.38002245412e-05
BPMR.5R5.B2 13522.93897 -0.00569430395617 0.00833034802482 4.55565680898e-05 -3.05653833135e-05
BPM.6R5.B2 13554.83897 -0.0100648599538 0.000719992964096 -1.25451883212e-05 -5.3406578379e-05
BPMRA.7R5.B2 13588.85297 -0.00903864214599 -0.00448583814854 -5.46427022668e-05 -4.88052668645e-06
BPM.8R5.B2 13630.28998 -0.00898073753804 -0.00460066833638 -1.46668848666e-05 5.28632959826e-05
BPM.9R5.B2 13669.35499 -0.00976768186569 -0.00253222959911 5.46552247892e-05 4.73822533485e-06
BPM.10R5.B2 13709.818 -0.0100036854799 0.00132139039538 -9.42455811347e-06 -5.40446286262e-05
BPM.11R5.B2 13762.59871 -0.00914588867487 -0.00426292342191 -4.84131762178e-05 2.58032670814e-05
BPM.12R5.B2 13817.32223 -0.0100213491157 -0.00117998208254 2.3265103746e-05 4.96827834371e-05
BPM.13R5.B2 13870.77074 -0.0100671212429 -0.000687652278776 5.13956841226e-05 -1.91866688863e-05
BPM.14R5.B2 13924.21926 -0.00999060516203 0.00141689952049 -2.07172359499e-05 -5.07980361658e-05
BPM.15R5.B2 13977.66777 -0.0100723626247 0.000606058517101 -5.05652823355e-05 2.12790161201e-05
BPM.16R5.B2 14031.11629 -0.00972727557395 0.0026832639923 2.27825931934e-05 4.99058892103e-05
BPM.17R5.B2 14084.56481 -0.00991208523605 0.00188954016944 4.96500364047e-05 -2.33349229783e-05
BPM.18R5.B2 14138.01332 -0.00930412663636 0.00390551191278 -2.48103710646e-05 -4.89294413403e-05
BPM.19R5.B2 14191.46184 -0.00958894982048 0.00314194798045 -4.86514234963e-05 2.53511999033e-05
BPM.20R5.B2 14244.91035 -0.00872808623694 0.00506362581294 2.6795711875e-05 4.78710177981e-05
BPM.21R5.B2 14298.35887 -0.00910824406662 0.00434277397095 4.7570769037e-05 -2.73251939423e-05
BPM.22R5.B2 14351.80738 -0.00800866254422 0.00613849492718 -2.87366104197e-05 -4.67316952606e-05
BPM.23R5.B2 14405.2559 -0.0084779094461 0.00547218853011 -4.6410292526e-05 2.92528585573e-05
BPM.24R5.B2 14458.70442 -0.00712443429562 0.00710620008376 3.05953855511e-05 1.173684186e-05
BPM.25R5.B2 14512.15293 -0.00767466460903 0.00650808473279 1.13967410024e-05 -3.07237016493e-05
BPM.26R5.B2 14565.60145 -0.00615691469236 0.00795914852225 -3.10509840103e-05 -1.04722433325e-05
BPM.27R5.B2 14619.04996 -0.00677911007626 0.00743635060521 -1.01273163423e-05 3.11651886049e-05
BPM.28R5.B2 14672.49848 -0.00505499923397 0.00867501974574 3.14210012292e-05 -2.45869331914e-05
BPM.29R5.B2 14725.947 -0.0057386038158 0.00823877485192 -2.49338832037e-05 -3.11463936398e-05
BPM.30R5.B2 14779.39551 -0.00390380938817 0.00925036524218 -3.03863299409e-05 2.58547400425e-05
BPM.31R5.B2 14832.84403 -0.00463752530392 0.00890518634769 2.61901230113e-05 3.0097742049e-05
BPM.32R5.B2 14886.29254 -0.00268838993221 0.00967375544611 2.93004582649e-05 -2.70791355911e-05
BPM.33R5.B2 14939.74106 -0.00346031818866 0.00942524179601 -2.74024094542e-05 -2.89983495975e-05
BPM.34R5.B2 14993.18958 -0.00142888805743 0.00993817205402 -2.81653452573e-05 2.82579165471e-05
BPM.33L6.B2 15046.63809 -0.00222617359589 0.00979046148107 2.85685203699e-05 2.78502447908e-05
BPM.32L6.B2 15100.08661 -0.00014581769866 0.0100393088436 2.69828248348e-05 -2.93891775591e-05
BPM.31L6.B2 15153.53512 -0.000955541726908 0.00999479488506 -2.96866081846e-05 -2.66552459463e-05
BPM.30L6.B2 15206.98364 0.00113956092185 0.00997548924838 -2.57548968564e-05 3.04710005606e-05
BPM.29L6.B2 15260.43215 0.000330888043761 0.0100349139479 3.07547437554e-05 2.54153995068e-05
BPM.28L6.B2 15313.88067 0.0024062972985 0.00974775452046 2.44836828983e-05 -3.15015221684e-05
BPM.27L6.B2 15367.32919 0.00161177998856 0.00991015388998 -3.17711104942e-05 -2.41328221163e-05
BPM.26L6.B2 15420.7777 0.0036665762981 0.00935355036264 -2.32044536556e-05 -1.2978670979e-06
BPM.25L6.B2 15474.22622 0.00289982077072 0.00961892539186 -1.04044102265e-06 2.32174196672e-05
BPM.24L6.B2 15527.67473 0.00483298430898 0.00880766420988 2.32381576656e-05 3.45200490512e-07
BPM.23L6.B2 15581.12325 0.00410644575314 0.00916895792661 8.7483783432e-08 -2.32405567497e-05
BPM.22L6.B2 15634.57177 0.00595308790232 0.00811077484989 -2.32659689401e-05 -3.31690036642e-05
BPM.21L6.B2 15688.02028 0.00527914169746 0.00856472925145 -3.29088894385e-05 2.36324605205e-05
BPM.20L6.B2 15741.4688 0.00694172736549 0.0072826056782 2.46067245936e-05 3.21869158724e-05
BPM.19L6.B2 15794.91731 0.00633140053302 0.00781903392417 3.19121301069e-05 -2.49620588882e-05
BPM.18L6.B2 15848.36583 0.00781626886327 0.00633481374724 -2.59058665028e-05 -3.11508319908e-05
BPM.17L6.B2 15901.81435 0.00727956587536 0.00694491503682 -3.08615337067e-05 2.62498295301e-05
BPM.16L6.B2 15955.26286 0.00856241305113 0.00528289759342 2.71616446925e-05 3.00621586979e-05
BPM.15L6.B2 16008.71138 0.0081081705137 0.00595663454881 2.97591966701e-05 -2.74932429199e-05
BPM.14L6.B2 16062.15989 0.00916784672198 0.00414421412392 -2.83714974068e-05 -2.89231163764e-05
BPM.13L6.B2 16115.60841 0.00880351476752 0.00487052891379 -2.86065824589e-05 2.86906206428e-05
BPM.12L6.B2 16169.05693 0.00966559599947 0.00279287990458 2.9284477194e-05 2.79983512095e-05
BPM.11L6.B2 16222.50544 0.00904935168862 0.00439694874033 3.00046271306e-05 -2.72251789077e-05
BPM.10L6.B2 16274.34415 0.00967200920712 0.00277058877084 -2.14426293184e-05 -3.43758924622e-05
BPM.9L6.B2 16313.40916 0.0099606762288 0.00141734019797 -3.97026236427e-05 8.07404272863e-06
BPM.8L6.B2 16353.87217 0.00911454639926 -0.0042601605782 2.25149023599e-05 3.36833433897e-05
BPMYB.5L6.B2 16450.96018 0.00883785872794 0.00480792859449 3.10598900945e-06 -4.03960510947e-05
BPMYA.4L6.B2 16487.36018 0.00901968607625 0.00445748646074 -6.33732022348e-06 -4.00165993286e-05
BPMSB.B4L6.B2 16518.13068 0.00845704349282 0.00544998528672 -1.52281666446e-05 -3.75445226353e-05
BPMSB.A4L6.B2 16518.76568 0.00844273472513 0.00547212523728 -1.54238293062e-05 -3.74645651318e-05
BPMSA.4L6.B2 16615.57568 0.00543989195912 0.00846353943174 -3.97203144096e-05 -7.98653990587e-06
BPMSE.4R6.B2 16707.14568 0.00518043704852 0.00862478963317 -2.81697355827e-05 2.91196531978e-05
BPMSA.A4R6.B2 16803.82068 0.0079295401376 0.00619244034769 6.05694558429e-06 4.00599755056e-05
BPMSA.B4R6.B2 16804.40568 0.00794351110144 0.00617450853492 6.23996395969e-06 4.00318760571e-05
BPMYB.4R6.B2 16830.96018 0.00849828837826 0.0053854450966 1.37628216711e-05 3.81060745299e-05
BPMYA.5R6.B2 16867.36018 0.00855143072302 0.00530065628195 2.15890390018e-05 3.42841467639e-05
BPM.8R6.B2 16963.08519 0.0100086837694 0.00102477969839 3.06645170819e-05 -2.64797191493e-05
BPM.9R6.B2 17002.1502 0.00803974437183 -0.0060486721401 -2.9658360931e-05 -2.76019913204e-05
BPM.10R6.B2 17042.61322 0.00666507937805 -0.00753662000991 -3.47028633045e-05 2.09093112734e-05
BPM.11R6.B2 17094.45193 0.00448867430021 -0.00900420608529 2.51879948868e-05 3.17341004603e-05
BPM.12R6.B2 17149.17544 0.00630101864576 -0.00784353798557 2.80238276367e-05 -2.92600923806e-05
BPM.13R6.B2 17202.62396 0.00452322088516 -0.00898690141413 -3.01150424123e-05 -2.71029936002e-05
BPM.14R6.B2 17256.07247 0.00523369701075 -0.00859257469204 -2.67672871132e-05 3.04138195521e-05
BPM.15R6.B2 17309.52099 0.00333650194527 -0.009491663657 3.1201219685e-05 2.58451546621e-05
BPM.16R6.B2 17362.96951 0.0040915729519 -0.00919146097957 2.54976018086e-05 -3.14858747526e-05
BPM.17R6.B2 17416.41802 0.00209487373458 -0.00984049939002 -3.22348180495e-05 -2.45439299612e-05
BPM.18R6.B2 17469.86654 0.00288215869241 -0.00963935088076 -2.41849046056e-05 3.25050595398e-05
BPM.19R6.B2 17523.31505 0.000818923667985 -0.0100276262512 3.32142479084e-05 2.32013409295e-05
BPM.20R6.B2 17576.76357 0.00162545330237 -0.00992883808453 2.28315947676e-05 -3.34694825001e-05
BPM.21R6.B2 17630.21209 -0.00047058710499 -0.0100499986058 -3.41377531421e-05 -2.18197581456e-05
BPM.22R6.B2 17683.6606 0.000341974169413 -0.0100551965612 -2.14398341036e-05 3.43776362974e-05
BPM.23R6.B2 17737.10912 -0.00175225775886 -0.00990724568212 3.50038440425e-05 2.04014546743e-05
BPM.24R6.B2 17790.55763 -0.000957989871877 -0.0100170290845 1.98437219242e-05 -2.42685908716e-05
BPM.25R6.B2 17844.00615 -0.00301607230538 -0.00960010021321 -2.48515592296e-05 -1.91085729602e-05
BPM.26R6.B2 17897.45466 -0.00223152182747 -0.00981218256149 -1.88318175387e-05 2.50619331346e-05
BPM.27R6.B2 17950.90318 -0.0042193001855 -0.00913543224023 2.56142702128e-05 1.80733807718e-05
BPM.28R6.B2 18004.3517 -0.00347926437388 -0.00944682073231 1.76199182399e-05 -1.4853782097e-05
BPM.29R6.B2 18057.80021 -0.0053640990333 -0.00851904595924 -1.53744209384e-05 -1.71675117004e-05
BPM.30R6.B2 18111.24873 -0.00465913592892 -0.00892413328671 -1.69959735501e-05 1.55638429588e-05
BPM.31R6.B2 18164.69724 -0.00640976742669 -0.00776289791474 1.60654919007e-05 1.65225978775e-05
BPM.32R6.B2 18218.14576 -0.0057624103708 -0.0082548367187 1.6343401463e-05 -1.62477600187e-05
BPM.33R6.B2 18271.59428 -0.00735014709018 -0.00687917438891 -1.67295700876e-05 -1.58498475317e-05
BPM.34R6.B2 18325.04279 -0.00677104004815 -0.00744988048116 -1.56633762931e-05 1.69042901424e-05
BPM.33L7.B2 18378.49131 -0.00816973301492 -0.0058824455055 1.73654536821e-05 1.51504862071e-05
BPM.32L7.B2 18431.93982 -0.00766838565319 -0.0065225427513 1.49569337371e-05 -1.75324317522e-05
BPM.31L7.B2 18485.38834 -0.00885510156864 -0.00478903735747 -1.79721833654e-05 -1.44255611575e-05
BPM.30L7.B2 18538.83686 -0.00843975580161 -0.00548800733819 -1.42254097046e-05 1.81310213988e-05
BPM.29L7.B2 18592.28537 -0.00939495982811 -0.00361696452517 1.85486136254e-05 1.36764503766e-05
BPM.28L7.B2 18645.73389 -0.00907243665384 -0.00436332392259 1.34698627218e-05 -1.86991706493e-05
BPM.27L7.B2 18699.1824 -0.00978045854233 -0.00238544191682 -1.90938838698e-05 -1.29042561028e-05
BPM.26L7.B2 18752.63092 -0.0095670025652 -0.00316761937081 -1.28601000947e-05 3.01951909031e-05
BPM.25L7.B2 18806.07943 -0.0100160996223 -0.00111314821138 3.05665276733e-05 1.19506771793e-05
BPM.24L7.B2 18859.52795 -0.009893604033 -0.00191779816507 1.1610860846e-05 -3.06972080393e-05
BPM.23L7.B2 18912.97647 -0.0100762062039 0.00017725447163 -3.10309188051e-05 -1.06870714817e-05
BPM.22L7.B2 18966.42498 -0.0100685912174 -0.00063714267896 -1.05107484229e-05 4.21069164967e-05
BPM.21L7.B2 19019.8735 -0.00998159929194 0.00146634083643 4.24026243808e-05 9.24584845532e-06
BPM.20L7.B2 19073.32201 -0.0100673764816 0.000656056889829 8.77486568193e-06 -4.25025897159e-05
BPM.19L7.B2 19126.77053 -0.00971202588039 0.00273112305865 -4.27461324479e-05 -7.49912793772e-06
BPM.18L7.B2 19180.21905 -0.00990074553681 0.00193848334185 -7.02478525829e-06 4.28266355548e-05
BPM.17L7.B2 19233.66756 -0.00928286504322 0.00395106270024 4.30176983056e-05 5.73989334495e-06
BPM.16L7.B2 19287.11608 -0.00957143718258 0.00318905473086 5.26232726845e-06 -4.30787276873e-05
BPM.15L7.B2 19340.56459 -0.00870119901026 0.00510603717986 -4.3216897541e-05 -3.97092816448e-06
BPM.14L7.B2 19394.01311 -0.00908486063766 0.00438722999868 -3.49156277723e-06 4.32582597065e-05
BPM.13L7.B2 19447.46163 -0.00797653042726 0.0061771710517 4.33433869975e-05 2.19532963016e-06
BPM.12L7.B2 19500.91014 -0.0085641129569 0.00533277125364 2.29686076101e-06 -4.33381189743e-05
BPM.11L7.B2 19554.35866 -0.00710990730409 0.00715763215017 -4.3299022587e-05 -2.94336352253e-06
BPM.10L7.B2 19607.13937 -0.00707280029885 0.00719430161929 -4.87593881687e-06 4.3124168803e-05
BPM.9L7.B2 19646.20438 -0.00377648844762 0.00935524531325 3.82092021871e-05 2.05797346934e-05
BPM.8L7.B2 19686.66739 -0.000284545768736 0.0100847168323 2.48440774644e-05 -3.55842743606e-05
BPM.7L7.B2 19725.7314 0.00612379015912 0.0080175852897 -3.34012023998e-05 -2.7709707799e-05
BPMR.6L7.B2 19760.5494 0.00602452732662 0.0080924378469 -4.32044692381e-05 4.10397453538e-06
BPMWC.6L7.B2 19772.7279 0.00710782372583 0.00715970124036 -4.03227180533e-05 1.60482614262e-05
BPMWE.5L7.B2 19849.7819 0.00257703213634 0.00975404456067 1.78995822827e-05 3.9535722394e-05
BPMW.5L7.B2 19872.9869 -0.000615748236666 0.0100699222439 3.33214939017e-05 2.78055107083e-05
BPMWE.4L7.B2 19908.0719 -0.000599113666682 0.0100709256118 4.16750351678e-05 1.21103342217e-05
BPMW.4L7.B2 19936.1769 0.0034003916842 0.00949841125222 4.18125061054e-05 -1.16268215646e-05
BPMW.4R7.B2 20052.2239 0.00551719539234 0.00844648062273 -3.19860966539e-05 -2.93318664655e-05
BPMWE.4R7.B2 20080.3289 0.00217172528534 0.00985221239919 -4.24121335603e-05 -9.2021437629e-06
BPMW.5R7.B2 20115.4139 0.00262100128269 0.0097423217026 -4.18769093011e-05 1.13926785979e-05
BPMWE.5R7.B2 20138.6189 0.00724447158848 0.00702140379047 -2.53339184693e-05 3.52372075021e-05
BPM.6R7.B2 20217.7584 0.00969425182059 0.00279355715415 4.15920651054e-05 1.23923007134e-05
BPM_A.7R7.B2 20255.7944 0.00820426325589 0.00587133241386 3.74467167156e-05 -2.19365339761e-05
BPM.8R7.B2 20294.85841 0.00815285862875 0.00594250587367 4.23974194354e-06 -4.31913553374e-05
BPM.9R7.B2 20333.92342 0.0100548962647 0.000825554963774 -4.30182247735e-05 -5.73596284076e-06
BPM.10R7.B2 20374.38643 0.00927117262836 -0.00397842154808 -1.02585628677e-05 4.21690651448e-05
BPM.11R7.B2 20427.16714 0.00938781914717 -0.0036947708306 4.03887515026e-05 1.58813514895e-05
BPM.12R7.B2 20481.89066 0.00881372247095 -0.00490925412613 1.55894499991e-05 -4.05023192747e-05
BPM.13R7.B2 20535.33917 0.00922335198048 -0.00408806287653 -4.07859053249e-05 -1.48316744708e-05
BPM.14R7.B2 20588.78769 0.0081741234138 -0.00591322130821 -1.36043746854e-05 4.12115133686e-05
BPM.15R7.B2 20642.23621 0.00862466073174 -0.00523428192075 4.13598366447e-05 1.31465783495e-05
BPM.16R7.B2 20695.68472 0.00735055914417 -0.00691026483525 1.19031161523e-05 -4.17346954715e-05
BPM.17R7.B2 20749.13324 0.00788421539381 -0.00629457127146 -4.18641480451e-05 -1.14394823701e-05
BPM.18R7.B2 20802.58175 0.00640620630989 -0.00779377960795 -1.01814123423e-05 4.21877653273e-05
BPM.19R7.B2 20856.03027 0.00701427635535 -0.00725137277421 4.22980661889e-05 9.7129966936e-06
BPM.20R7.B2 20909.47879 0.00535660740568 -0.00854922434883 8.44294719481e-06 -4.25697707066e-05
BPM.21R7.B2 20962.9273 0.00602901841586 -0.00808909245561 -4.26607955655e-05 -7.97027789117e-06
BPM.22R7.B2 21016.37582 0.00421898102567 -0.00916420640208 -6.68995823674e-06 4.28802175237e-05
BPM.23R7.B2 21069.82433 0.00494478357437 -0.00879383848343 4.29517621257e-05 6.21406182069e-06
BPM.24R7.B2 21123.27285 0.00298288405902 -0.00962302319968 4.95512651401e-06 -1.34115197579e-05
BPM.25R7.B2 21176.72137 0.00374970420986 -0.00935092996154 -1.34656491525e-05 -4.80609296041e-06
BPM.26R7.B2 21230.16988 0.0017274008765 -0.00992553570424 -4.40095406815e-06 1.36034453522e-05
BPM.27R7.B2 21283.6184 0.00252275049215 -0.00975376351959 1.36514154405e-05 4.24982824831e-06
BPM.28R7.B2 21337.06691 0.000414388376825 -0.0100593857929 3.86859490829e-06 1.59344013408e-05
BPM.29R7.B2 21390.51543 0.00122482112703 -0.00999313631647 1.5890520968e-05 -4.04506291225e-06
BPM.30R7.B2 21443.96394 -0.000875813311198 -0.01002975131 -4.5187995842e-06 -1.57623465128e-05
BPM.31R7.B2 21497.41246 -6.3585758016e-05 -0.0100677165794 -1.57112650424e-05 4.69332078461e-06
BPM.32R7.B2 21550.86098 -0.0021516118953 -0.00983532035331 5.16138483649e-06 1.55637788086e-05
BPM.33R7.B2 21604.30949 -0.00135089409407 -0.00997687553317 1.55055870546e-05 -5.33366920477e-06
BPM.34R7.B2 21657.75801 -0.00339207272556 -0.00947928282745 -5.79531423658e-06 -1.53390225454e-05
BPM.33L8.B2 21711.20652 -0.00261605770161 -0.00972209866034 -1.52738148577e-05 5.96505196204e-06
BPM.32L8.B2 21764.65504 -0.00457678199589 -0.0089674983562 6.41945397655e-06 1.50884641096e-05
BPM.31L8.B2 21818.10356 -0.00383818932922 -0.00930759168268 1.50163404926e-05 -6.58639632098e-06
BPM.30L8.B2 21871.55207 -0.00568630808653 -0.00830836088734 -7.03283756184e-06 -1.48125083971e-05
BPM.29L8.B2 21925.00059 -0.00499729859777 -0.00874013540977 -1.47336147296e-05 7.19665682481e-06
BPM.28L8.B2 21978.4491 -0.0067023859858 -0.00751272137017 7.63433748467e-06 1.45116549e-05
BPM.27L8.B2 22031.89762 -0.00607426161071 -0.00802909124127 1.44260867006e-05 -7.79481825139e-06
BPM.26L8.B2 22085.34614 -0.00763752657631 -0.00658807477534 -8.19384692563e-06 1.55205272955e-05
BPM.25L8.B2 22138.79465 -0.0070809621429 -0.00718293231898 1.56104431197e-05 8.02122470457e-06
BPM.24L8.B2 22192.24317 -0.00841751880984 -0.00555697028333 7.55045295333e-06 -1.58435035202e-05
BPM.23L8.B2 22245.69168 -0.00794163712587 -0.00621811396549 -1.59262607765e-05 -7.37429702627e-06
BPM.22L8.B2 22299.1402 -0.00908839582775 -0.00442899106606 -6.86534498517e-06 4.58468381267e-05
BPM.21L8.B2 22352.58871 -0.00870133182175 -0.0051479826358 4.59201772425e-05 6.35636443638e-06
BPM.20L8.B2 22406.03723 -0.00958028299612 -0.00323002760995 4.97914642749e-06 -4.60898464011e-05
BPM.19L8.B2 22459.48575 -0.00928838814193 -0.00399258643212 -4.61422143564e-05 -4.46785936862e-06
BPM.18L8.B2 22512.93426 -0.00991476103711 -0.00197798235801 -3.08517971944e-06 4.62552424952e-05
BPM.17L8.B2 22566.38278 -0.00972280190122 -0.00277164641551 4.62866189208e-05 2.57188032765e-06
BPM.16L8.B2 22619.83129 -0.01008632917 -0.000693443959843 1.18538359182e-06 -4.63428647346e-05
BPM.15L8.B2 22673.27981 -0.0099974752332 -0.00150512113086 -4.63531553065e-05 -6.71541091268e-07
BPM.14L8.B2 22726.72833 -0.0100921703407 0.000602493573563 7.15747309794e-07 4.63524981983e-05
BPM.13L8.B2 22780.17684 -0.0101078756453 -0.000213893928383 4.63417047175e-05 -1.22991568925e-06
BPM.12L8.B2 22833.62536 -0.0097159164205 0.00279568752879 -1.93920100196e-07 -4.63576186423e-05
BPM.11L8.B2 22887.07387 -0.00981888924227 0.00240921455347 -4.58636596002e-05 -6.75210783983e-06
BPM.10L8.B2 22938.91258 -0.0096147119025 0.0031260543385 -1.08143278423e-05 4.50790022814e-05
BPM.9L8.B2 22977.9776 -0.00983395223697 0.00234697337181 4.23061777581e-05 1.89539850973e-05
BPM.8L8.B2 23018.44061 -0.00265744076244 0.009754635271 6.46301227731e-06 -4.59052889599e-05
BPM.7L8.B2 23057.50662 -0.00247352885173 0.00980288507187 -2.56467275453e-05 -3.86174995113e-05
BPM.6L8.B2 23089.97562 -0.00768347008357 0.00657108728549 -4.63038518297e-05 -2.2404789203e-06
BPMR.5L8.B2 23150.39462 -0.00241008848875 0.00981867476547 2.32019489829e-05 -4.01339715942e-05
BPMYB.4L8.B2 23171.16162 -0.00068207250298 0.0100871045292 7.42541934747e-06 -4.57594704945e-05
BPMWB.4L8.B2 23195.62912 -0.00119427585079 0.0100393528612 -2.85893094855e-06 -4.6269782581e-05
BPMSX.4L8.B2 23245.78612 -0.000991796033327 0.0100613737282 -1.61948419195e-05 -4.34372328974e-05
BPMS.2L8.B2 23283.69762 -0.00111599919588 0.0100483554043 -2.37656391922e-05 -3.98027216658e-05
BPMSW.1L8.B2 23293.63162 -0.00122852093277 0.010035219828 -2.71914487374e-05 -3.75458697414e-05
BPMSW.1R8.B2 23336.82162 -0.00122850256445 0.0100352220763 -3.45720280311e-06 -4.62289270244e-05
BPMS.2R8.B2 23346.75562 -0.00111598667774 0.0100483567994 -7.53050993546e-06 -4.57422905651e-05
BPMSX.4R8.B2 23384.66712 -0.000991796530082 0.0100613736781 -1.5659443509e-05 -4.36331050775e-05
BPMWI.4R8.B2 23434.90012 -0.00119363037487 0.0100394296243 -2.76962612059e-05 -3.71750335749e-05
BPMYB.4R8.B2 23459.29162 -0.000681834772847 0.0100871206009 -3.5201893108e-05 -3.01644310752e-05
BPMYB.5R8.B2 23479.86862 -0.00231283116863 0.00984203803437 -4.34570404954e-05 -1.61416153987e-05
BPMR.6R8.B2 23563.97662 -0.00762000224204 0.00664458173658 2.82058250982e-05 -3.67899118772e-05
BPM_A.7R8.B2 23586.21662 -0.00561544350945 0.00840724062307 1.16679774332e-05 -4.48656272248e-05
BPM.8R8.B2 23627.65561 -0.000518431839958 0.0100968375791 -3.4432626986e-05 -3.10396574226e-05
BPM.9R8.B2 23666.7226 0.00573858134233 0.00832367616639 1.62844913922e-08 4.63580186039e-05
BPM.10R8.B2 23707.18758 -0.00263689431361 0.00976020947817 4.19345469592e-05 -1.97625924202e-05
BPM.11R8.B2 23759.02827 -3.97043942847e-05 0.0101100605456 -1.46708251909e-05 -4.39753706507e-05
BPM.12R8.B2 23813.75476 0.000311151639606 0.0101053493432 -4.42276118243e-05 1.38918747726e-05
BPM.13R8.B2 23867.20624 0.00281132721669 0.0097114025779 1.66203460881e-05 4.32762037574e-05
BPM.14R8.B2 23920.65773 0.00201841867494 0.0099066082363 4.30873694445e-05 -1.71039349153e-05
BPM.15R8.B2 23974.10921 0.00403061476618 0.0092719493771 -1.83906680298e-05 -4.25540727656e-05
BPM.16R8.B2 24027.56069 0.00326909258715 0.00956702327489 -4.23453198064e-05 1.88663592608e-05
BPM.17R8.B2 24081.01218 0.00518365161803 0.00868012998813 2.01300836469e-05 4.17593820061e-05
BPM.18R8.B2 24134.46366 0.00446616741995 0.00907018463234 4.15312669418e-05 -2.05965970366e-05
BPM.19R8.B2 24187.91515 0.00625146051918 0.00794569959229 -2.18349949985e-05 -4.08937482201e-05
BPM.20R8.B2 24241.36663 0.00558974264496 0.00842435029155 -4.06464837059e-05 2.22919123391e-05
BPM.21R8.B2 24294.81811 0.00721658267385 0.00708066629218 2.35030488667e-05 3.99583912622e-05
BPM.22R8.B2 24348.2696 0.00662155544695 0.00764001990447 3.96926262523e-05 -2.39491359472e-05
BPM.23R8.B2 24401.72108 0.00806308017579 0.00609931462078 -2.51307825936e-05 -3.89552294351e-05
BPM.24R8.B2 24455.17257 0.00750642954393 0.00672778143299 -3.92519344163e-05 6.36930959126e-05
BPM.25R8.B2 24508.62405 0.00873938837724 0.00502320796532 6.48435531407e-05 3.73207536496e-05
BPM.26R8.B2 24562.07554 0.00830544018483 0.00571219667662 3.65923381557e-05 -6.52573781977e-05
BPM.27R8.B2 24615.52702 0.0093101671969 0.00386397647908 -6.63273503782e-05 -3.46151460055e-05
BPM.28R8.B2 24668.9785 0.00892986500765 0.00460038236463 -3.44499081837e-05 0.000104838198302
BPM.29R8.B2 24722.42999 0.00969025237232 0.00264669904778 0.000105825694858 3.12852109203e-05
BPM.30R8.B2 24775.88147 0.00944501416923 0.00342019214705 3.00986706411e-05 -0.000106169261162
BPM.31R8.B2 24829.33296 0.00994921249217 0.00138534390358 -0.000107025770717 -2.68947561007e-05
BPM.32R8.B2 24882.78444 0.00980494096977 0.00218383596725 -2.56928379137e-05 0.0001073206448
BPM.33R8.B2 24936.23592 0.0100446886521 0.000101177562373 0.000108043956745 2.24576798498e-05
BPM.34R8.B2 24989.68741 0.0100037518051 0.000911568305513 2.124687761e-05 -0.000108288565518
BPM.33L1.B2 25043.13889 0.00997509984372 -0.00118464765715 -0.000108878143041 -1.79831395534e-05
BPM.32L1.B2 25096.59038 0.0100381713072 -0.00037566443045 -1.6761039202e-05 0.000109072963513
BPM.31L1.B2 25150.04186 0.00974160004644 -0.00245096624342 0.000109527181079 1.34773959515e-05
BPM.30L1.B2 25203.49334 0.00990763594749 -0.00165673079854 1.22504733734e-05 -0.000109671183475
BPM.29L1.B2 25256.94483 0.00934799550537 -0.00367708947193 -0.000109989795746 -8.94917015904e-06
BPM.28L1.B2 25310.39631 0.00961429090441 -0.00291056993786 -7.71527984943e-06 0.000110083232306
BPM.27L1.B2 25363.8478 0.00880082640344 -0.00484267091541 0.000110265292195 4.40542135972e-06
BPM.26L1.B2 25417.29928 0.00912489334891 -0.00411896725586 2.58899159012e-06 -7.21802994643e-05
BPM.25L1.B2 25470.75077 0.00807123452229 -0.00592323755161 -7.22255000443e-05 -4.18902876001e-07
BPM.24L1.B2 25524.20225 0.00852299513131 -0.00525243979778 3.90704743318e-07 7.22256613544e-05
BPM.23L1.B2 25577.65373 0.00724722790008 -0.0069070440573 7.21813306376e-05 -2.56006610612e-06
BPM.22L1.B2 25631.10522 0.00774298400221 -0.00630198830079 -3.94969147455e-06 -3.40210431655e-05
BPM.21L1.B2 25684.5567 0.00626632227673 -0.0077718764061 -3.38870072883e-05 4.97009756364e-06
BPM.20L1.B2 25738.00819 0.00687317776386 -0.00724073788709 5.3495145032e-06 3.3829183106e-05
BPM.19L1.B2 25791.45967 0.00522064143328 -0.008509627535 3.36532047257e-05 -6.36337223716e-06
BPM.18L1.B2 25844.91115 0.00589041199414 -0.00806051513983 -6.73997425307e-06 -3.35798147544e-05
BPM.17L1.B2 25898.36264 0.00408909458251 -0.00910758822352 -3.33621463586e-05 7.74584259788e-06
BPM.16L1.B2 25951.81412 0.00481086965775 -0.00874782206746 8.11918791395e-06 3.32732571211e-05
BPM.15L1.B2 26005.26561 0.00289043964168 -0.00955584723841 3.30143203132e-05 -9.11511496729e-06
BPM.14L1.B2 26058.71709 0.00365224648247 -0.00929139135745 -9.48439924154e-06 -3.29101339454e-05
BPM.13L1.B2 26112.16857 0.00164419147272 -0.0098471057754 -3.26103226197e-05 1.04688890103e-05
BPM.12L1.B2 26165.62006 0.00371986375637 -0.00926452758936 8.19358161975e-06 3.32550165985e-05
BPM.11L1.B2 26219.07154 0.00451639090562 -0.0089034302905 3.34589953998e-05 -7.31620865991e-06
BPM.10L1.B2 26271.85423 0.00508019249569 -0.00859421328429 -1.27528935885e-05 -3.17867078833e-05
BPM.9L1.B2 26310.92122 0.00309313899522 -0.00949217303346 -3.23865506838e-05 1.11419258735e-05
BPM.8L1.B2 26351.38621 0.00892267508241 -0.00447825044598 2.60495172081e-05 2.22363177368e-05
BPM.7L1.B2 26390.4542 0.00618701980416 -0.00783515435019 2.43427312162e-05 -2.40927907131e-05
BPMR.6L1.B2 26433.6382 0.00278628920342 -0.00958673303197 -2.36690360598e-05 -2.47549541257e-05
BPM.5L1.B2 26465.5382 -0.00577511843698 -0.0081435167255 -3.15100045864e-05 1.34220168515e-05
BPMYA.4L1.B2 26486.6562 -0.00741450728919 -0.00668535260206 -2.53076458907e-05 2.30771258482e-05
BPMWB.4L1.B2 26507.7127 -0.00817338981718 -0.00573276169544 -2.03029341911e-05 2.75830048051e-05
BPMSY.4L1.B2 26600.5687 -0.00836369584233 -0.00545137134762 -1.03905205192e-05 3.26353906896e-05
BPMS.2L1.B2 26627.3542 -0.00843537085606 -0.00533979183442 -8.22893109798e-06 3.32463408213e-05
BPMSW.1L1.B2 26637.4082 -0.00846527145916 -0.00529226192103 -6.70882065126e-06 3.35860582227e-05
