BPMSW.1R1.B2 21.475 0.00538986071974 -0.00835462940608 -4.93190001736e-05 1.21446051362e-05
BPMS.2R1.B2 31.529 0.00543676782291 -0.00832418080999 -4.87159185853e-05 1.43742231351e-05
BPMSY.4R1.B2 58.3145 0.00554686349445 -0.00825122639616 -4.76687999483e-05 1.75367550148e-05
BPMWB.4R1.B2 151.1705 0.00582440238617 -0.00805771483936 -3.95325777565e-05 3.18908818399e-05
BPMYA.4R1.B2 172.227 0.0067622786535 -0.0072884853687 -3.25280648134e-05 3.90099737555e-05
BPMR.5R1.B2 199.635 0.00861711284105 -0.00495941507111 -1.1261906479e-05 4.9527999954e-05
BPM.6R1.B2 231.535 0.00838516457808 0.00534223236075 4.72336794615e-05 1.86770576117e-05
BPMRA.7R1.B2 259.259 0.00671521508965 0.00733187001042 4.37623968145e-05 -2.57818960485e-05
BPM.8R1.B2 300.6960106 0.00662120991147 0.00741687339287 -1.74562898411e-05 -4.76983443956e-05
BPM.9R1.B2 339.7610212 0.00807883495226 0.00579507181767 -4.3695024849e-05 2.58959173266e-05
BPM.10R1.B2 380.2240318 0.00966382851825 0.00233684615516 3.62274482899e-05 3.56009175779e-05
BPM.11R1.B2 433.0047424 0.00689291803306 0.00716506193265 2.25327909359e-05 -4.55206260699e-05
BPM.12R1.B2 487.7282583 0.00879204666392 0.00464223513033 -4.42945185033e-05 -2.48565611182e-05
BPM.13R1.B2 541.1767742 0.00900890260073 0.0042059607087 -2.83444883883e-05 4.21478812449e-05
BPM.14R1.B2 594.6252901 0.00968571294906 0.0022444144581 4.29777372781e-05 2.7069681112e-05
BPM.15R1.B2 648.073806 0.00947300410085 0.00301871245154 2.65916397281e-05 -4.32751464098e-05
BPM.16R1.B2 701.5223219 0.00989324386808 0.000986994065999 -4.40515770502e-05 -2.52846235702e-05
BPM.17R1.B2 754.9708378 0.00978132915948 0.0017821423826 -2.47943069618e-05 4.43294047586e-05
BPM.18R1.B2 808.4193537 0.00993822219831 -0.000286654985988 4.50514972827e-05 2.34566823135e-05
BPM.19R1.B2 861.8678696 0.0099289422915 0.000516271776037 2.29558684657e-05 -4.53087322586e-05
BPM.20R1.B2 915.3163855 0.00981990535737 -0.00155559966832 -4.59754595337e-05 -2.15895960819e-05
BPM.21R1.B2 968.7649014 0.00991341297694 -0.000758073058045 -2.1078159656e-05 4.62121636987e-05
BPM.22R1.B2 1022.213417 0.00954024356878 -0.00279896126937 4.68222142382e-05 1.96858742788e-05
BPM.23R1.B2 1075.661933 0.00973499797013 -0.00201996189762 1.91656607813e-05 -4.70375442589e-05
BPM.24R1.B2 1129.110449 0.00908667341482 -0.00399309598035 -4.75728397951e-05 -3.0396625568e-07
BPM.25R1.B2 1182.558965 0.0093792785068 -0.00324678056231 2.23802620546e-07 4.75732885985e-05
BPM.26R1.B2 1236.007481 0.00850124529644 -0.00512262409912 4.75452962787e-05 -1.64721093037e-06
BPM.27R1.B2 1289.455997 0.00888689577783 -0.00441990188581 -2.17421644108e-06 -4.75241083325e-05
BPM.28R1.B2 1342.904513 0.00775895726193 -0.00616476721932 -4.74204812402e-05 2.10408945122e-05
BPM.29R1.B2 1396.353029 0.00823115551737 -0.00551850083499 2.15655735695e-05 4.71841868718e-05
BPM.30R1.B2 1449.801545 0.00690665534775 -0.00710660851178 4.65177785663e-05 -2.29677440419e-05
BPM.31R1.B2 1503.25006 0.00745759386254 -0.00652610651799 -2.34821356856e-05 -4.62602419506e-05
BPM.32R1.B2 1556.698576 0.00594079649798 -0.00793175324816 -4.55367083731e-05 2.4856166531e-05
BPM.33R1.B2 1610.147092 0.00656153125403 -0.0074264446533 2.53596904009e-05 4.52582325115e-05
BPM.34R1.B2 1663.595608 0.00487741550412 -0.00862650512216 4.44791358675e-05 -2.67025791407e-05
BPM.33L2.B2 1717.044124 0.00555761051891 -0.00820479968984 -2.71941530154e-05 -4.41802994641e-05
BPM.32L2.B2 1770.49264 0.00373378989581 -0.00917957437038 -4.33466282238e-05 2.85042278193e-05
BPM.31L2.B2 1823.941156 0.00446243280577 -0.00884830300662 2.89832135056e-05 4.30278298803e-05
BPM.30L2.B2 1877.389672 0.00252892983573 -0.00958176844378 4.21412747779e-05 -3.02577948552e-05
BPM.29L2.B2 1930.838188 0.00329386053795 -0.00934645683925 -3.07232429526e-05 -4.18031519285e-05
BPM.28L2.B2 1984.286704 0.00128239530844 -0.00982655763162 -4.08649608761e-05 3.19605353733e-05
BPM.27L2.B2 2037.73522 0.00207125242512 -0.00969101057632 3.24117732872e-05 4.05079988901e-05
BPM.26L2.B2 2091.183735 -2.20795757734e-06 -0.00990659825084 3.9537063123e-05 -1.61642282609e-05
BPM.25L2.B2 2144.632251 0.000797198913935 -0.0098744705012 -1.66016795174e-05 -3.93553821097e-05
BPM.24L2.B2 2198.080767 -0.0012694978307 -0.00982492081737 -3.88409340621e-05 1.77719858891e-05
BPM.23L2.B2 2251.529283 -0.000472461183514 -0.0098953258772 1.82016411251e-05 3.86414551322e-05
BPM.22L2.B2 2304.977799 -0.00253293249655 -0.0095785584095 3.80966007579e-05 -1.90464421188e-06
BPM.21L2.B2 2358.426315 -0.00175173035789 -0.00975171620756 -2.32702584239e-06 -3.80731375659e-05
BPM.20L2.B2 2411.874831 -0.0037374605678 -0.00917583329894 -3.79864481711e-05 3.46532423608e-06
BPM.19L2.B2 2465.323347 -0.00298477035093 -0.0094475221197 3.88635064015e-06 3.79456841515e-05
BPM.18L2.B2 2518.771863 -0.00488047658063 -0.00862238230127 3.78123811245e-05 -5.02021598035e-06
BPM.17L2.B2 2572.220379 -0.00416877645322 -0.00898809385385 -5.43926767541e-06 -3.7754377791e-05
BPM.16L2.B2 2625.668894 -0.00594339240854 -0.00792720725821 -3.75747045512e-05 6.56660737829e-06
BPM.15L2.B2 2679.11741 -0.00528427461102 -0.00838098860951 6.98285404415e-06 3.74995810041e-05
BPM.14L2.B2 2732.565926 -0.00690857647141 -0.00710183774676 3.72737989808e-05 -8.10201261719e-06
BPM.13L2.B2 2786.014442 -0.0063129601821 -0.00763616801755 -8.51492503948e-06 -3.71816465712e-05
BPM.12L2.B2 2839.462958 -0.00789722113867 -0.00598317863876 -3.70358595235e-05 9.12820777139e-06
BPM.11L2.B2 2892.911474 -0.00660724649445 -0.00738300900498 5.51439296172e-06 3.77434819504e-05
BPM.10L2.B2 2944.750185 -0.00718458444876 -0.00682248301725 3.81104134114e-05 1.604803859e-06
BPM.9L2.B2 2983.815195 -0.00840529588025 -0.00524552470307 9.32127287588e-06 -3.69877382274e-05
BPM.8L2.B2 3024.278206 -0.00978166670189 -0.00157592030376 -3.27228498011e-05 1.96008626759e-05
BPM.7L2.B2 3063.344216 -0.00297882391252 -0.00944939872963 2.38803409717e-05 2.97440456529e-05
BPM.6L2.B2 3095.450216 -0.00205653173521 -0.00969201761564 3.49288731112e-05 1.5328160953e-05
BPMYB.5L2.B2 3167.649216 -0.00443378089458 -0.00886036766815 1.73576313779e-05 -3.39660325094e-05
BPMYB.4L2.B2 3188.219216 -0.00606101102599 -0.00783764464429 -5.70370437974e-06 -3.77153385533e-05
BPMWB.4L2.B2 3212.610716 -0.00448399426631 -0.00883506217643 -3.36264825873e-05 -1.8006622554e-05
BPMSX.4L2.B2 3262.843716 -0.00828457136777 -0.00543418858014 -7.40339631731e-06 3.74188272401e-05
BPMS.2L2.B2 3300.755216 -0.00829134257894 -0.00542385162236 1.83914202722e-05 3.34175795638e-05
BPMSW.1L2.B2 3310.689216 -0.00808181253428 -0.00573139025256 2.63970781292e-05 2.75349509007e-05
BPMSW.1R2.B2 3353.879216 -0.00808182805232 -0.0057313683785 -3.14726890109e-05 2.15510586991e-05
BPMS.2R2.B2 3363.813216 -0.00829135298054 -0.00542383574434 -2.48401366203e-05 2.89472860434e-05
BPMSX.4R2.B2 3401.724716 -0.00828456714998 -0.00543419501193 -4.09860352967e-07 3.81419865307e-05
BPMWB.4R2.B2 3451.881716 -0.00448248358883 -0.00883582871719 3.66333963846e-05 -1.06288784058e-05
BPMYB.4R2.B2 3476.349216 -0.00602642167012 -0.00786427174727 1.33248055562e-05 -3.57411297338e-05
BPM.5R2.B2 3505.883216 -0.000100644465418 -0.00990729019109 -2.63550114253e-05 -2.75752082862e-05
BPMR.6R2.B2 3579.179216 0.00139175922077 -0.00980956342096 -2.90973041247e-05 2.46642625758e-05
BPM_A.7R2.B2 3592.054216 0.000973111657238 -0.00985989766495 -2.42440050573e-05 2.94483797944e-05
BPM.8R2.B2 3633.493206 -0.00285217983979 -0.00948839282511 1.44680666922e-05 3.52938215657e-05
BPM.9R2.B2 3672.560195 -0.00967359826387 -0.00214150060948 2.68244969468e-05 -2.71187230648e-05
BPM.10R2.B2 3713.025185 -0.00980495626682 -0.00142385422526 -1.5849465517e-05 -3.46954318682e-05
BPM.11R2.B2 3764.865874 -0.00988448894063 -0.000679269181812 -3.60678340489e-05 1.24133050264e-05
BPM.12R2.B2 3819.592358 -0.00982179355291 -0.00130265101826 1.55481302516e-05 3.4831516091e-05
BPM.13R2.B2 3873.043842 -0.00975311075311 0.00174394921568 3.29576014355e-05 -1.92035270704e-05
BPM.14R2.B2 3926.495326 -0.00986203411792 0.000951215673813 -1.95712762922e-05 -3.27405542058e-05
BPM.15R2.B2 3979.94681 -0.00944983499547 0.00297743963408 -3.21378750708e-05 2.05459499516e-05
BPM.16R2.B2 4033.398294 -0.00965931647609 0.00220502460213 2.09046961202e-05 3.19056834703e-05
BPM.17R2.B2 4086.849779 -0.00899129040175 0.00416187760234 3.1263145065e-05 -2.18539495883e-05
BPM.18R2.B2 4140.301263 -0.00929787371756 0.00342258273851 -2.22028723408e-05 -3.1016302713e-05
BPM.19R2.B2 4193.752747 -0.00838501020126 0.00527789088058 -3.03353485901e-05 2.31245626341e-05
BPM.20R2.B2 4247.204231 -0.00878363168463 0.00458392219423 2.34629689808e-05 3.00743741985e-05
BPM.21R2.B2 4300.655715 -0.00764091556528 0.00630721313995 2.93557985705e-05 -2.43560195231e-05
BPM.22R2.B2 4354.107199 -0.0081250670239 0.00566990424127 -2.46834091513e-05 -2.90810568128e-05
BPM.23R2.B2 4407.558683 -0.00677129491873 0.00723284821697 -2.83264442372e-05 2.55458662584e-05
BPM.24R2.B2 4461.010167 -0.00727010424601 0.00666668376456 2.68214868369e-05 -3.49448224064e-05
BPM.25R2.B2 4514.461651 -0.00572808861235 0.0080304476232 -3.57348346931e-05 -2.57595480746e-05
BPM.26R2.B2 4567.913135 -0.00635754523696 0.00754192990628 -2.53576581593e-05 3.60211317927e-05
BPM.27R2.B2 4621.36462 -0.00465367213533 0.00869726530819 3.6766717416e-05 2.42639876643e-05
BPM.28R2.B2 4674.816104 -0.00527763236762 0.00829721758659 2.48100070828e-05 -0.000100019061061
BPM.29R2.B2 4728.267588 -0.00344063053838 0.00921190993108 -0.000100719213981 -2.17942539958e-05
BPM.30R2.B2 4781.719072 -0.00417286065935 0.00890418199377 -2.06648293375e-05 0.000100956991065
BPM.31R2.B2 4835.170556 -0.00223376492061 0.00957640419798 0.000101532309322 1.76221065692e-05
BPM.32R2.B2 4888.62204 -0.00299946594617 0.00936485061974 1.64831543124e-05 -0.000101723425345
BPM.33R2.B2 4942.073524 -0.000990487362001 0.00978346349056 -0.000102172690356 -1.34198327429e-05
BPM.34R2.B2 4995.525008 -0.00177682705605 0.00967161355364 -1.22744075383e-05 0.000102316611379
BPM.33L3.B2 5048.976492 0.000269376117058 0.0098297843103 0.000102639199256 9.19478014184e-06
BPM.32L3.B2 5102.427976 -0.000524953791341 0.00981945245919 8.04419056303e-06 -0.000102735781813
BPM.31L3.B2 5155.87946 0.00152449944605 0.00971458308524 -0.000102931078604 -4.95408007077e-06
BPM.30L3.B2 5209.330945 0.00073552126132 0.00980592838866 -3.80045331098e-06 0.000102980127127
BPM.29L3.B2 5262.782429 0.00275487797314 0.0094396965248 0.00010304781716 7.04935945366e-07
BPM.28L3.B2 5316.233913 0.00198392164234 0.00963126564926 -4.49484570734e-07 -0.000103049248649
BPM.27L3.B2 5369.685397 0.00393969610311 0.00900977345591 -0.000102989222407 3.54540839021e-06
BPM.26L3.B2 5423.136881 0.00326254759038 0.00930232746993 5.65913852767e-06 3.99603402159e-05
BPM.25L3.B2 5476.588365 0.00512228903864 0.00842256897394 3.9772290029e-05 -6.85707586063e-06
BPM.24L3.B2 5530.039849 0.00442575019701 0.00880853270086 -7.3022093817e-06 -3.96929769319e-05
BPM.23L3.B2 5583.491333 0.00615763524825 0.00769811933407 -3.94556617628e-05 8.49149546555e-06
BPM.22L3.B2 5636.942817 0.00557908478544 0.00817398498392 9.89309928512e-06 -2.3625037891e-05
BPM.21L3.B2 5690.394301 0.00715414965809 0.00683800849231 -2.3911604823e-05 -9.17883975331e-06
BPM.20L3.B2 5743.845786 0.00657890814285 0.00739311742128 -8.91031473883e-06 2.40129555102e-05
BPM.19L3.B2 5797.29727 0.00797014712006 0.00586659802936 2.42698072152e-05 8.18488433488e-06
BPM.18L3.B2 5850.748754 0.00747063698421 0.00649074730841 7.9124985574e-06 -2.43599704554e-05
BPM.17L3.B2 5904.200238 0.00865514656177 0.00479881813336 -2.458670249e-05 -7.17703912052e-06
BPM.16L3.B2 5957.651722 0.00823959209046 0.00548172780786 -6.90107520619e-06 2.46655827621e-05
BPM.15L3.B2 6011.103206 0.00919793589953 0.00365214905735 2.48617699316e-05 6.15695168636e-06
BPM.14L3.B2 6064.55469 0.00887315440456 0.00438261890125 5.87807165819e-06 -2.49291839444e-05
BPM.13L3.B2 6118.006174 0.00958956696505 0.00244549032015 -2.5094536159e-05 -5.12642016391e-06
BPM.12L3.B2 6171.457658 0.00878368859894 0.00455927978321 -7.01303008304e-06 2.46339759973e-05
BPM.11L3.B2 6224.909142 0.00827436611928 0.00542909594896 2.43011012281e-05 8.09147981494e-06
BPM.10L3.B2 6277.691832 0.00534548459547 0.00832862605555 1.0010809861e-05 -2.35753957758e-05
BPM.9L3.B2 6316.758821 0.00666818495026 0.00731269628694 -1.15519721463e-05 -2.28597370712e-05
BPM.8L3.B2 6357.223811 0.00793327719541 0.00591636125129 -2.53252001873e-05 -3.8275008958e-06
BPM.7L3.B2 6396.2898 0.00968428445207 0.00203834545208 -1.49543454994e-05 2.07938319993e-05
BPMR.6L3.B2 6468.9288 0.00758160577442 -0.00636077600887 2.53921611813e-05 3.35464645498e-06
BPMWE.5L3.B2 6511.9823 0.00744573032697 -0.00651930344805 2.24862343944e-05 -1.22631602506e-05
BPMW.5L3.B2 6539.5273 0.00907540013114 -0.00394681264043 1.470495728e-05 -2.0970929736e-05
BPMWE.4L3.B2 6614.6553 0.00715282544583 -0.00683939366465 -1.57721994818e-05 -2.01805203563e-05
BPMW.4L3.B2 6642.2003 -0.000484121081318 -0.00988462666599 -2.55063969286e-05 2.33226577246e-06
BPMW.4R3.B2 6687.1653 -0.00262921573388 -0.00954083026758 -1.86923743833e-05 1.75103051971e-05
BPMWE.4R3.B2 6714.7103 -0.000768587646616 -0.0098665845445 -1.08127748452e-05 2.32185219559e-05
BPMW.5R3.B2 6789.8383 -0.00260052370825 -0.00954869069592 1.60062114796e-05 1.99954209871e-05
BPMWE.5R3.B2 6817.3833 -0.00618993005141 -0.00772172153699 2.44632755764e-05 7.58709129197e-06
BPMWC.6R3.B2 6858.3743 -0.00690009155428 -0.00709429025563 2.41269129494e-05 -8.59694023118e-06
BPM.6R3.B2 6870.5288 -0.00609810871114 -0.00779443953894 2.16468985115e-05 -1.36904156472e-05
BPM_A.7R3.B2 6926.3528 -0.00627094768202 -0.00765607162555 -3.06164085106e-06 -2.54291566102e-05
BPM.8R3.B2 6965.418789 -0.00113188794888 -0.00983153330952 -2.55761155869e-05 1.37035580544e-06
BPM.9R3.B2 7004.485779 0.00768494263953 -0.006235533194 5.66983017002e-06 2.49773600669e-05
BPM.10R3.B2 7044.950768 0.00691506871878 -0.0070796922378 2.20616723506e-05 1.3011462943e-05
BPM.11R3.B2 7097.733458 0.00431210548173 -0.00890763514298 1.71716336282e-05 -1.90039652677e-05
BPM.12R3.B2 7152.459942 0.00125973522416 -0.00981597090078 -2.22865984692e-05 -1.26223335601e-05
BPM.13R3.B2 7205.911426 0.0027235843378 -0.00951432109553 -1.11689713112e-05 2.30492909837e-05
BPM.14R3.B2 7259.36291 0.000689655510606 -0.00987241575347 2.33743381179e-05 1.04716777755e-05
BPM.15R3.B2 7312.814394 0.00148421381491 -0.00978454530957 1.02091389806e-05 -2.34901933387e-05
BPM.16R3.B2 7366.265878 -0.000578994609135 -0.00987952340684 -2.3786304663e-05 -9.4988016265e-06
BPM.17R3.B2 7419.717362 0.000220298566185 -0.00989402274557 -9.23170683584e-06 2.38912401468e-05
BPM.18R3.B2 7473.168846 -0.0018380563563 -0.00972428744926 2.41577990006e-05 8.50976375234e-06
BPM.19R3.B2 7526.62033 -0.00104720885641 -0.00984091312685 8.23856263811e-06 -2.42516362051e-05
BPM.20R3.B2 7580.071814 -0.0030669862615 -0.00940924081957 -2.44882046323e-05 -7.50624300717e-06
BPM.21R3.B2 7633.523299 -0.00229753233282 -0.00962608761294 -7.23141910747e-06 2.4570761362e-05
BPM.22R3.B2 7686.974783 -0.00424544837637 -0.00893959649904 2.47769305353e-05 6.4899604354e-06
BPM.23R3.B2 7740.426267 -0.00351008038355 -0.00925308344622 6.21192816713e-06 -2.48480923528e-05
BPM.24R3.B2 7793.877751 -0.00538803768116 -0.00831657478838 -2.4985709613e-05 2.89961569976e-05
BPM.25R3.B2 7847.329235 -0.00469918232937 -0.00872433674743 2.92742866507e-05 2.4659257361e-05
BPM.26R3.B2 7900.780719 -0.00640765687 -0.00755898800695 2.37685528458e-05 -3.00019807193e-05
BPM.27R3.B2 7954.232203 -0.00577668087887 -0.00805147963292 -3.02663899596e-05 -2.343093198e-05
BPM.28R3.B2 8007.683687 -0.00735586261071 -0.00667070836519 -2.2473521244e-05 6.54155407959e-05
BPM.29R3.B2 8061.135171 -0.0067934239275 -0.00724268294173 6.56632874356e-05 2.17390247229e-05
BPM.30R3.B2 8114.586655 -0.00814877453058 -0.00567490427396 1.97560997357e-05 -6.62868734653e-05
BPM.31R3.B2 8168.03814 -0.0076641852098 -0.00631405812392 -6.65039942239e-05 -1.90123927888e-05
BPM.32R3.B2 8221.489624 -0.00880780025474 -0.00458581721335 -1.70061983518e-05 6.70450657259e-05
BPM.33R3.B2 8274.941108 -0.0084089175523 -0.00528177720258 6.72314589048e-05 1.62537164072e-05
BPM.34R3.B2 8328.392592 -0.00932207746389 -0.00342139395932 1.42261055411e-05 -6.76895174532e-05
BPM.33L4.B2 8381.844076 -0.00901552888236 -0.00416260781418 -6.78446041788e-05 -1.34670884407e-05
BPM.32L4.B2 8435.29556 -0.00968317287782 -0.00220073347974 -1.14231543874e-05 6.82184982708e-05
BPM.31L4.B2 8488.747044 -0.00947395118037 -0.00297511577886 6.83422556831e-05 1.06578122824e-05
BPM.30L4.B2 8542.198528 -0.0098851447393 -0.000943916490374 8.59934931042e-06 -6.86316555271e-05
BPM.29L4.B2 8595.650012 -0.0097767111352 -0.00173867311913 -6.87236546601e-05 -7.83018826863e-06
BPM.28L4.B2 8649.101496 -0.00992467677155 0.000328414178469 -5.76238169624e-06 6.89278404398e-05
BPM.27L4.B2 8702.55298 -0.00991880417348 -0.000473696764015 6.89881036645e-05 4.98940481611e-06
BPM.26L4.B2 8756.004465 -0.00983497969708 0.0016018135442 2.95226909701e-06 -3.46481041629e-05
BPM.25L4.B2 8809.455949 -0.00993217821131 0.000802787807486 -3.46790023602e-05 -2.56397971574e-06
BPM.24L4.B2 8862.907433 -0.00954925712233 0.00284680885895 -1.52104081828e-06 3.47403686082e-05
BPM.23L4.B2 8916.358917 -0.00974787199055 0.00206679071435 3.47552390551e-05 1.13163070051e-06
BPM.22L4.B2 8969.810401 -0.00914047063004 0.00405149941195 1.24819635916e-07 -3.14497871708e-07
BPM.21L4.B2 9023.261885 -0.00943765293829 0.00330053901628 -3.15874812354e-07 -1.21291461484e-07
BPM.20L4.B2 9076.713369 -0.00854707388411 0.00518752145726 -1.11742626908e-07 3.19377536421e-07
BPM.19L4.B2 9130.164853 -0.00893788237803 0.00448074876528 3.20604702294e-07 1.08154834693e-07
BPM.18L4.B2 9183.616337 -0.00781322452999 0.00623829890986 9.84749833209e-08 -3.23712696128e-07
BPM.17L4.B2 9237.067821 -0.00829123717691 0.00558732824616 -3.24797066812e-07 -9.48435568412e-08
BPM.16L4.B2 9290.519306 -0.00695098280735 0.0071865630741 -8.50395442972e-08 3.27500400542e-07
BPM.15L4.B2 9343.97079 -0.00750834446129 0.00660209165729 3.28433471029e-07 8.13681336689e-08
BPM.14L4.B2 9397.422274 -0.00597451647244 0.00801673273476 7.14656154464e-08 -3.30728648307e-07
BPM.13L4.B2 9450.873758 -0.00660206825455 0.0075083650387 -3.31506943448e-07 -6.77554669507e-08
BPM.12L4.B2 9504.325242 -0.00400385813141 0.0091614393465 -7.64725391911e-08 3.29604964467e-07
BPM.11L4.B2 9557.776726 -0.00432883550789 0.00901243773583 3.12561105596e-07 1.29585807119e-07
BPMC.10L4.B2 9609.617415 -0.00317793757962 0.00947963942112 1.71913563922e-07 -2.91431836453e-07
BPMC.9L4.B2 9648.684405 -0.00228024671725 0.0097346456362 -2.54796846975e-07 -2.22639273641e-07
BPMC.8L4.B2 9689.149394 0.000837566711527 0.00996299818488 2.28547627391e-08 3.37583391844e-07
BPMC.7L4.B2 9728.215384 -0.00706965800508 0.00706985053646 3.33506233159e-07 -5.70522789546e-08
BPMYA.6L4.B2 9824.819384 -0.00595152092819 0.00803381910656 3.93316728155e-08 -3.36067719754e-07
BPMYB.5L4.B2 9861.819384 -0.00596598275872 0.00802308548278 -5.25648300976e-08 -3.34261834528e-07
BPMWA.B5L4.B2 9964.209884 -0.00109152457004 0.00993838140442 -3.15380443583e-07 -1.22569412819e-07
BPMWA.A5L4.B2 9973.094884 -0.000737419114909 0.00997091088545 -3.25466450561e-07 -9.25146622438e-08
BPMWA.A5R4.B2 10021.14388 0.000393291856833 0.00999040401305 -3.31939118326e-07 6.5608670745e-08
BPMWA.B5R4.B2 10030.02888 0.000455152813374 0.00998777686709 -3.25558953155e-07 9.21900888696e-08
BPMYA.5R4.B2 10132.49538 -0.00116925617411 0.00992953628592 -1.53928221866e-07 3.01322688403e-07
BPMYB.6R4.B2 10164.05938 -0.000918883024215 0.00995582767772 -8.53252059956e-08 3.27420520103e-07
BPMCA.7R4.B2 10260.57538 -0.00431006415709 0.00902142991879 3.34863677063e-07 4.85110176786e-08
BPMC.8R4.B2 10298.36637 -0.00655533798529 0.00754919827613 2.71090537683e-08 -3.37271656483e-07
BPMC.9R4.B2 10337.43336 -8.99583227697e-05 0.00999773765961 -3.2127031833e-07 1.06192685276e-07
BPMC.10R4.B2 10377.89835 0.000301423361804 0.0099935976899 1.60833076089e-08 3.37979132069e-07
BPM.11R4.B2 10429.73904 0.00359611099331 0.00932903191752 3.38039867082e-07 1.46379514471e-08
BPM.12R4.B2 10484.46553 0.00392068774382 0.00919733974806 3.07338738909e-08 -3.36962763588e-07
BPM.13R4.B2 10537.91701 0.00575906706562 0.00817288182855 -3.37763627682e-07 -2.01350090905e-08
BPM.14R4.B2 10591.36849 0.00508063387609 0.00861104002141 -1.63478540336e-08 3.37967748381e-07
BPM.15R4.B2 10644.81998 0.00675728110111 0.00736898927489 3.38302819692e-07 6.18353787947e-09
BPM.16R4.B2 10698.27146 0.00614047215366 0.00789033919248 2.39319157062e-09 -3.38350635764e-07
BPM.17R4.B2 10751.72295 0.00764445177795 0.00644400556646 -3.38276902462e-07 7.77415147147e-09
BPM.18R4.B2 10805.17443 0.00709940554031 0.00703997811328 1.15579498548e-08 3.38166366791e-07
BPM.19R4.B2 10858.62591 0.00840600306053 0.00541312879633 3.37664443294e-07 -2.17137272418e-08
BPM.20R4.B2 10912.0774 0.00794167580068 0.00607393087526 -2.55000547565e-08 -3.37399057744e-07
BPM.21R4.B2 10965.52888 0.00902942023865 0.00429329953795 -3.3648510481e-07 3.56223934365e-08
BPM.22R4.B2 11018.98037 0.00865344256348 0.00500807174481 3.93882739148e-08 3.36063353331e-07
BPM.23R4.B2 11072.43185 0.00950445913115 0.00310291917636 3.34724522684e-07 -4.9465881195e-08
BPM.24R4.B2 11125.88333 0.00920335471518 0.00385866801991 -3.53251418299e-07 1.93520089591e-05
BPM.25R4.B2 11179.33482 0.00980382845908 0.00186440458529 1.93538930518e-05 -2.28276906073e-07
BPM.26R4.B2 11232.7863 0.00962136352738 0.00264960765805 -4.45074009884e-07 -1.93501172034e-05
BPM.27R4.B2 11286.23779 0.00996178349252 0.000594917236803 -1.93280150739e-05 1.02624719119e-06
BPM.28R4.B2 11339.68927 0.00986160960621 0.00139576414223 9.42782420846e-07 3.90013673116e-05
BPM.29R4.B2 11393.14075 0.00993655272275 -0.000681484840601 3.8955449993e-05 -2.11396338165e-06
BPM.30R4.B2 11446.59224 0.00995913844724 0.00012273148396 -2.55016747463e-06 -3.8929326809e-05
BPM.31R4.B2 11500.04372 0.0097677283446 -0.00194704508614 -3.88351230402e-05 3.7187255179e-06
BPM.32R4.B2 11553.49521 0.00989301106629 -0.00115231663325 4.15370834883e-06 3.87910105466e-05
BPM.33R4.B2 11606.94669 0.00943839882301 -0.00318058630311 3.86487229427e-05 -5.3171030556e-06
BPM.34R4.B2 11660.39818 0.00966431356141 -0.00240843204986 -5.7496934936e-06 -3.85867444849e-05
BPM.33L5.B2 11713.84966 0.00895395677883 -0.00436189861919 -3.83965575258e-05 6.90650801572e-06
BPM.32L5.B2 11767.30114 0.00927680626958 -0.00362496442002 7.33636187915e-06 3.83167451328e-05
BPM.31L5.B2 11820.75263 0.00832240057163 -0.00547148519794 3.80790788641e-05 -8.48408548178e-06
BPM.30L5.B2 11874.20411 0.00873685133416 -0.00478193793229 -8.91010606518e-06 -3.79816457312e-05
BPM.29L5.B2 11927.6556 0.00755404711882 -0.00649121511653 -3.76967836681e-05 1.00473082302e-05
BPM.28L5.B2 11981.10708 0.00805333334986 -0.00586031769935 1.04691014471e-05 3.75818205904e-05
BPM.27L5.B2 12034.55856 0.00666161097766 -0.00740421776551 3.72503656348e-05 -1.15933443103e-05
BPM.26L5.B2 12088.01005 0.00721781850117 -0.00684364235882 -1.23100169734e-05 -1.74319974214e-05
BPM.25L5.B2 12141.46153 0.00564017848831 -0.00819272428558 -1.70542761234e-05 1.28282082013e-05
BPM.24L5.B2 12194.91302 0.0062830409625 -0.00771075488211 1.30184824459e-05 1.69094708994e-05
BPM.23L5.B2 12248.3645 0.00454578835348 -0.00884692900567 1.65107444351e-05 -1.35206034995e-05
BPM.22L5.B2 12301.81598 0.00522534978655 -0.00845241000932 -1.40047949905e-05 3.32786978779e-06
BPM.21L5.B2 12355.26747 0.00335720296619 -0.00935289813588 3.74711993105e-06 1.38984921282e-05
BPM.20L5.B2 12408.71895 0.00410114507997 -0.00905141560055 1.38556394735e-05 -3.902604813e-06
BPM.19L5.B2 12462.17044 0.00213312722541 -0.00970552850398 -4.31710583506e-06 -1.37321384682e-05
BPM.18L5.B2 12515.62192 0.00290950955167 -0.00950169823858 -1.36829108656e-05 4.47069724891e-06
BPM.17L5.B2 12569.07341 0.000874010000017 -0.00989866767976 4.87976017916e-06 1.35424144184e-05
BPM.16L5.B2 12622.52489 0.00167010359202 -0.00979582918098 1.34868946021e-05 -5.03118152418e-06
BPM.15L5.B2 12675.97637 -0.000399483552488 -0.00992914539095 -5.43410355691e-06 -1.33296510794e-05
BPM.14L5.B2 12729.42786 0.000403210422527 -0.00992899474575 -1.3267930832e-05 5.5831049349e-06
BPM.13L5.B2 12782.87934 -0.00166639676965 -0.00979646044017 5.97919304202e-06 1.309420879e-05
BPM.12L5.B2 12836.33083 0.000475567172118 -0.00992579222042 1.34756095203e-05 -5.06133352531e-06
BPM.11L5.B2 12889.78231 0.0013423837447 -0.00984609167121 -4.70522276593e-06 -1.3604042323e-05
BPM.10L5.B2 12942.565 0.00197348044341 -0.00973924484856 -1.26376864553e-05 6.89186909595e-06
BPM.9L5.B2 12981.63199 -0.000188037119337 -0.00993539920472 6.2490670544e-06 1.29675827243e-05
BPM.8L5.B2 13022.09698 0.00692970167043 -0.00712227141576 7.99523648955e-06 -1.197018432e-05
BPM.7L5.B2 13061.16497 0.00326194121195 -0.00938654648102 -1.12574824283e-05 -8.97096211056e-06
BPMR.6L5.B2 13098.05897 0.00215889980129 -0.00969982819032 -1.23566925748e-05 7.38384894589e-06
BPMWT.B6L5.B2 13109.36897 -0.00276226627077 -0.00954554348136 -5.67998506757e-06 1.32267468893e-05
BPMWT.A6L5.B2 13115.19097 -0.00489784381275 -0.00864630795722 -1.60392882597e-06 1.43051191303e-05
BPM.5L5.B2 13129.95897 -0.00759806248839 -0.00640444858953 5.41436384703e-06 1.33376818653e-05
BPMYA.4L5.B2 13157.36497 -0.00915347484674 -0.00386799863617 1.08809525039e-05 9.42412308164e-06
BPMWB.4L5.B2 13178.42347 -0.00955640541741 -0.00272445053292 1.25148309137e-05 7.11254583914e-06
BPMWT.B4L5.B2 13178.89297 -0.00956052098051 -0.00270997303032 1.25371013798e-05 7.07320773044e-06
BPMWT.A4L5.B2 13180.87497 -0.00957665186835 -0.00265240536987 1.26270427086e-05 6.91136025398e-06
BPMSY.4L5.B2 13271.27947 -0.00964356448861 -0.00239774461759 1.41343037921e-05 2.7258531017e-06
BPMS.2L5.B2 13298.06497 -0.00967456423231 -0.00226943236684 1.42825200891e-05 1.79356402475e-06
BPMSW.1L5.B2 13308.11897 -0.00968717621557 -0.00221498034672 1.43490701768e-05 1.14231204226e-06
BPMSW.1R5.B2 13351.06897 -0.00968717620799 -0.00221498023168 1.34799585919e-05 5.04906827674e-06
BPMS.2R5.B2 13361.12297 -0.0096745633825 -0.00226943224589 1.36966197764e-05 4.43094869923e-06
BPMSY.4R5.B2 13387.90847 -0.00964356450369 -0.00239774459754 1.39568064276e-05 3.52369020832e-06
BPMWB.4R5.B2 13480.76447 -0.0095563980446 -0.00272447641689 1.43498753161e-05 -1.13585599013e-06
BPMYA.4R5.B2 13501.82097 -0.0091535084811 -0.00386791905702 1.3850212367e-05 -3.9218135989e-06
BPMR.5R5.B2 13522.93897 -0.00808743969724 -0.00577415228087 1.17771463032e-05 -8.27694112403e-06
BPM.6R5.B2 13554.83897 -0.000506459864417 -0.00992426388775 -3.59428692177e-06 -1.39388003184e-05
BPMRA.7R5.B2 13588.85297 0.00459853196965 -0.00880914406015 -1.43620397616e-05 -9.698884141e-07
BPM.8R5.B2 13630.28998 0.00471042433283 -0.00874982387896 -3.54717572494e-06 1.39508635614e-05
BPM.9R5.B2 13669.35499 0.00268968224338 -0.00956624925352 1.43645237463e-05 9.3247922244e-07
BPM.10R5.B2 13709.818 -0.00109982111543 -0.0098761282313 -2.77928617343e-06 -1.41239031773e-05
BPM.11R5.B2 13762.59871 0.00438120819251 -0.0089192225058 -1.25535424806e-05 7.04397325211e-06
BPM.12R5.B2 13817.32223 0.00136337582594 -0.00984320687895 6.3853840709e-06 1.29010073773e-05
BPM.13R5.B2 13870.77074 0.000879555699579 -0.00989817645149 1.33735507516e-05 -5.32514570481e-06
BPM.14R5.B2 13924.21926 -0.00119412543488 -0.00986517003411 -5.72323884201e-06 -1.32080878803e-05
BPM.15R5.B2 13977.66777 -0.00039413739877 -0.0099293590436 -1.31438078784e-05 5.86935550645e-06
BPM.16R5.B2 14031.11629 -0.00244625439572 -0.0096313734623 6.2600643768e-06 1.29622802735e-05
BPM.17R5.B2 14084.56481 -0.00166103702253 -0.00979737063319 1.28920612443e-05 -6.4034334379e-06
BPM.18R5.B2 14138.01332 -0.00365820636822 -0.00923932039811 -6.78636973588e-06 -1.26946508991e-05
BPM.19R5.B2 14191.46184 -0.00290068520303 -0.00950439586013 -1.26186145109e-05 6.92673165079e-06
BPM.20R5.B2 14244.91035 -0.00481003356902 -0.00869546389788 7.30124876101e-06 1.24056813707e-05
BPM.21R5.B2 14298.35887 -0.00409263486831 -0.00905526670766 1.2323936315e-05 -7.43838433447e-06
BPM.22R5.B2 14351.80738 -0.00588284404463 -0.0080087240741 -7.80386113211e-06 -1.20958113869e-05
BPM.23R5.B2 14405.2559 -0.00521737231007 -0.00845733654841 -1.20085397272e-05 7.93751279081e-06
BPM.24R5.B2 14458.70442 -0.00688601837805 -0.0071852571209 8.32033167094e-06 3.93024950605e-05
BPM.25R5.B2 14512.15293 -0.00628370848735 -0.00771752400054 3.92077826077e-05 -8.75577671455e-06
BPM.26R5.B2 14565.60145 -0.00774858696657 -0.00624536380446 -9.925261442e-06 -3.89281827679e-05
BPM.27R5.B2 14619.04996 -0.00721933839482 -0.00685027898205 -3.88157530072e-05 1.0356243696e-05
BPM.28R5.B2 14672.49848 -0.00851087546462 -0.00519772014274 1.15400215655e-05 6.60254826437e-05
BPM.29R5.B2 14725.947 -0.00806365646106 -0.0058676009031 6.58933891413e-05 -1.2271877581e-05
BPM.30R5.B2 14779.39551 -0.00910584827637 -0.0040663033637 -1.42385568632e-05 -6.5496567477e-05
BPM.31R5.B2 14832.84403 -0.0087480175269 -0.0047878476617 -6.53347206338e-05 1.49636384119e-05
BPM.32R5.B2 14886.29254 -0.00955119682964 -0.00286808908371 1.69118857836e-05 6.48577282052e-05
BPM.33R5.B2 14939.74106 -0.00928859170147 -0.00362951236894 6.46660768923e-05 -1.76305074703e-05
BPM.34R5.B2 14993.18958 -0.00983961501148 -0.0016227360728 -1.95580484893e-05 -6.41094317307e-05
BPM.33L6.B2 15046.63809 -0.00967657478318 -0.00241147181349 -6.38887348828e-05 2.02673809378e-05
BPM.32L6.B2 15100.08661 -0.00996635766667 -0.000350728821318 2.21700065287e-05 6.325367724e-05
BPM.31L6.B2 15153.53512 -0.00990554954932 -0.00115385614947 6.30037711656e-05 -2.28705502928e-05
BPM.30L6.B2 15206.98364 -0.0099293447769 0.000927042709056 -2.4745944146e-05 -6.22910547496e-05
BPM.29L6.B2 15260.43215 -0.00997177167316 0.000122741710562 -6.20129662981e-05 2.54347811109e-05
BPM.28L6.B2 15313.88067 -0.00972918245586 0.00218959004912 2.72790153817e-05 6.12241164758e-05
BPM.27L6.B2 15367.32919 -0.00987414704872 0.00139732456388 6.09176330872e-05 -2.79567291063e-05
BPM.26L6.B2 15420.7777 -0.00939622338818 0.00342131310936 -2.97401937708e-05 -3.25169178408e-05
BPM.25L6.B2 15474.22622 -0.00964167146739 0.00265189906493 -3.21852436906e-05 3.00988163473e-05
BPM.24L6.B2 15527.67473 -0.00888136756443 0.00459518308325 3.10485125875e-05 3.12700932886e-05
BPM.23L6.B2 15581.12325 -0.00922322491956 0.00386348539642 3.09237119201e-05 -3.13935244792e-05
BPM.22L6.B2 15634.57177 -0.00824765615828 0.00569868791017 -3.22778362716e-05 -2.43346368051e-06
BPM.21L6.B2 15688.02028 -0.00868062336951 0.00501454423405 -2.07543425407e-06 3.23028312336e-05
BPM.20L6.B2 15741.4688 -0.00745090328813 0.00670693045888 3.23504737459e-05 1.10774893698e-06
BPM.19L6.B2 15794.91731 -0.00796784942939 0.00608376951777 7.48848279599e-07 -3.23607680228e-05
BPM.18L6.B2 15848.36583 -0.00653177152577 0.0076049218772 -3.23686922911e-05 2.19844867286e-07
BPM.17L6.B2 15901.81435 -0.00712415728652 0.00705303189584 5.78737375908e-07 3.23642614024e-05
BPM.16L6.B2 15955.26286 -0.00550525795012 0.00837800757351 3.23324432831e-05 -1.54706361905e-06
BPM.15L6.B2 16008.71138 -0.00616340993543 0.00790640588154 -1.90557382773e-06 -3.23132911976e-05
BPM.14L6.B2 16062.15989 -0.00438835930155 0.0090133888556 -3.22418027739e-05 2.87167676519e-06
BPM.13L6.B2 16115.60841 -0.00510138845857 0.00862987322406 3.22901124322e-06 3.2207976608e-05
BPM.12L6.B2 16169.05693 -0.00305654421036 0.00954758678914 3.21331355776e-05 -3.90408031914e-06
BPM.11L6.B2 16222.50544 -0.00463671347137 0.00888818115134 -1.61562617376e-06 -3.23290912987e-05
BPM.10L6.B2 16274.34415 -0.00303456201537 0.00955459624393 -3.20995484361e-05 -4.17126505031e-06
BPM.9L6.B2 16313.40916 -0.00169491266853 0.00988059446801 -1.51285225125e-05 2.86165691417e-05
BPM.8L6.B2 16353.87217 0.00398400962586 0.00919926863099 3.22150053691e-05 3.15815396657e-06
BPMYB.5L6.B2 16450.96018 -0.00504004311722 0.0086658433738 -2.33804458602e-05 -2.2386050339e-05
BPMYA.4L6.B2 16487.36018 -0.00469617115125 0.0088569098775 -2.79306196967e-05 -1.63603720728e-05
BPMSB.B4L6.B2 16518.13068 -0.00566870348315 0.00826829346381 -3.0908259582e-05 -9.61560440111e-06
BPMSB.A4L6.B2 16518.76568 -0.00569034803769 0.00825341233635 -3.09580063224e-05 -9.4542227808e-06
BPMSA.4L6.B2 16615.57568 -0.00858441102209 0.0051775248321 -2.50586721797e-05 2.04900779214e-05
BPMSE.4R6.B2 16707.14568 -0.00873763787047 0.00491452545796 3.71537612952e-06 3.2155500772e-05
BPMSA.A4R6.B2 16803.82068 -0.00639317038716 0.00772180344435 2.78152804182e-05 1.65556782547e-05
BPMSA.B4R6.B2 16804.40568 -0.00637570742493 0.00773622846521 2.78906517203e-05 1.642838646e-05
BPMYB.4R6.B2 16830.96018 -0.00560556896437 0.00831122569903 3.05126463406e-05 1.0805506736e-05
BPMYA.5R6.B2 16867.36018 -0.00552263152759 0.00836656541973 3.21170403074e-05 4.03450925094e-06
BPM.8R6.B2 16963.08519 -0.00130528301593 0.00993957304262 -8.20757864636e-07 -3.23590276741e-05
BPM.9R6.B2 17002.1502 0.00579588107462 0.00817964782865 -3.20777090158e-05 4.33599538195e-06
BPM.10R6.B2 17042.61322 0.00731698863172 0.0068527770541 -4.66643585569e-06 3.2031305249e-05
BPM.11R6.B2 17094.45193 0.00884062807452 0.00472675061209 3.23652763281e-05 5.19224887168e-07
BPM.12R6.B2 17149.17544 0.0076330567823 0.00649887067968 -3.8761462009e-06 -3.21365245553e-05
BPM.13R6.B2 17202.62396 0.0088223795518 0.00476072421095 -3.20008557879e-05 4.87091163964e-06
BPM.14R6.B2 17256.07247 0.00840943385031 0.00545713279571 5.225549829e-06 3.19448582179e-05
BPM.15R6.B2 17309.52099 0.00935889755524 0.00359303667785 3.17741901697e-05 -6.17910086946e-06
BPM.16R6.B2 17362.96951 0.00903841850163 0.00433657318594 -6.5310358907e-06 -3.17037176802e-05
BPM.17R6.B2 17416.41802 0.00974162603168 0.00236634702384 -3.14940577511e-05 7.4769660309e-06
BPM.18R6.B2 17469.86654 0.00951889736325 0.00314475261079 7.82582054439e-06 3.14091850735e-05
BPM.19R6.B2 17523.31505 0.00996429708053 0.00110075415824 3.11609510947e-05 -8.76217565257e-06
BPM.20R6.B2 17576.76357 0.00984296998914 0.00190126741253 -9.10714405855e-06 -3.10618799458e-05
BPM.21R6.B2 17630.21209 0.0100232438946 -0.000182914931021 -3.07753894977e-05 1.00327146956e-05
BPM.22R6.B2 17683.6606 0.0100053148802 0.000626538214597 1.03734441698e-05 3.06622230497e-05
BPM.23R6.B2 17737.10912 0.00991750069458 -0.00146357643637 3.0338092492e-05 -1.12862925879e-05
BPM.24R6.B2 17790.55763 0.00995982640533 -0.000661220695076 -1.22899703013e-05 1.32900809925e-05
BPM.25R6.B2 17844.00615 0.0096057449087 -0.00271385696763 1.36519115755e-05 1.1886748556e-05
BPM.26R6.B2 17897.45466 0.00979341947312 -0.00192984192513 1.17346455259e-05 -1.37828746298e-05
BPM.27R6.B2 17950.90318 0.00917967131539 -0.00392033026818 -1.41278752142e-05 -1.13169211938e-05
BPM.28R6.B2 18004.3517 0.00942266559809 -0.00316948596601 -1.18272038532e-05 5.77532556441e-05
BPM.29R6.B2 18057.80021 0.00855973323914 -0.00505600980779 5.80812887409e-05 1.00938032206e-05
BPM.30R6.B2 18111.24873 0.00893981789463 -0.00434878423835 9.44935867493e-06 -5.81896133106e-05
BPM.31R6.B2 18164.69724 0.0078426170671 -0.00610947017315 -5.8446357053e-05 -7.7035318052e-06
BPM.32R6.B2 18218.14576 0.0083100754859 -0.0054566394172 -7.05464187625e-06 5.85282230911e-05
BPM.33R6.B2 18271.59428 0.0069967098412 -0.0070624584713 5.87131095365e-05 5.30018650044e-06
BPM.34R6.B2 18325.04279 0.007543797451 -0.00647482728916 4.64897634053e-06 -5.87682627729e-05
BPM.33L7.B2 18378.49131 0.00603574671546 -0.0078994955454 -5.8881070753e-05 -2.88799276505e-06
BPM.32L7.B2 18431.93982 0.00665356239386 -0.00738663494189 -2.23464293204e-06 5.89094839674e-05
BPM.31L7.B2 18485.38834 0.00497572812864 -0.00860664847105 5.894997304e-05 4.70910761341e-07
BPM.30L7.B2 18538.83686 0.00565400660469 -0.0081770702334 -1.82706883766e-07 -5.895157117e-05
BPM.29L7.B2 18592.28537 0.00383381477655 -0.00917246600171 -5.89196925904e-05 1.94696322708e-06
BPM.28L7.B2 18645.73389 0.00456155157484 -0.00883314867381 2.600375762e-06 5.88944745065e-05
BPM.27L7.B2 18699.1824 0.00262906619021 -0.00958750641597 5.87902892625e-05 -4.36154453487e-06
BPM.26L7.B2 18752.63092 0.00335074831764 -0.0093468201421 -5.68120489477e-06 -1.52375249922e-05
BPM.25L7.B2 18806.07943 0.00133797028935 -0.00983871925108 -1.50606801401e-05 6.13467054334e-06
BPM.24L7.B2 18859.52795 0.00212758904652 -0.00969865587994 6.30131458814e-06 1.49917202043e-05
BPM.23L7.B2 18912.97647 6.843841038e-05 -0.00992904210818 1.47964410758e-05 -6.74712830673e-06
BPM.22L7.B2 18966.42498 0.000826066155933 -0.00989387681533 -7.57876618764e-06 2.87799898972e-05
BPM.21L7.B2 19019.8735 -0.00124524100641 -0.00984990144808 2.89939058615e-05 6.71411041959e-06
BPM.20L7.B2 19073.32201 -0.000446328634714 -0.00991826469034 6.39214886644e-06 -2.90665781739e-05
BPM.19L7.B2 19126.77053 -0.00249504794073 -0.00960967842907 -2.92448489631e-05 -5.51944974894e-06
BPM.18L7.B2 19180.21905 -0.00171141090197 -0.00977968590803 -5.19480820963e-06 2.93042582163e-05
BPM.17L7.B2 19233.66756 -0.00370377549367 -0.00921158134121 2.94465988965e-05 4.31551843161e-06
BPM.16L7.B2 19287.11608 -0.00294835602913 -0.00948042090157 3.98866660995e-06 -2.94926449032e-05
BPM.15L7.B2 19340.56459 -0.00485172395534 -0.00866209895901 -2.95988009986e-05 -3.10430984875e-06
BPM.14L7.B2 19394.01311 -0.00413686999262 -0.00902538034646 -2.77590511966e-06 2.96314014061e-05
BPM.13L7.B2 19447.46163 -0.00591988559089 -0.00797032861976 2.97012032142e-05 1.88788641901e-06
BPM.12L7.B2 19500.91014 -0.00507748705365 -0.00853172367986 1.95752102199e-06 -2.96966955327e-05
BPM.11L7.B2 19554.35866 -0.00690176427522 -0.00713700452747 -2.96641781424e-05 -2.40042941045e-06
BPM.10L7.B2 19607.13937 -0.00693855141804 -0.0071012455245 -3.724023049e-06 2.9527224376e-05
BPM.9L7.B2 19646.20438 -0.00912989673661 -0.0039007908581 2.60184242163e-05 1.44487806278e-05
BPM.8L7.B2 19686.66739 -0.00991671691646 -0.000479488616385 1.73496225518e-05 -2.41809093012e-05
BPM.7L7.B2 19725.7314 -0.00800963760892 0.00586659092389 -2.26586996424e-05 -1.92953081502e-05
BPMR.6L7.B2 19760.5494 -0.00808131911626 0.00576744875224 -2.96615470828e-05 2.43276048474e-06
BPMWC.6L7.B2 19772.7279 -0.00718503333578 0.00685175011797 -2.77909702635e-05 1.06483632846e-05
BPMWE.5L7.B2 19849.7819 -0.00964798245429 0.00234256660092 1.19247322077e-05 2.7267678219e-05
BPMW.5L7.B2 19872.9869 -0.0098956071363 -0.00080507345211 2.26031204026e-05 1.93603762344e-05
BPMWE.4L7.B2 19908.0719 -0.00989692292937 -0.000788733208032 2.84697081073e-05 8.67189852986e-06
BPMW.4L7.B2 19936.1769 -0.00941275831455 0.00315771510145 2.87734639937e-05 -7.60350546374e-06
BPMW.4R7.B2 20052.2239 -0.00841962703649 0.00526127971819 -2.16740464369e-05 -2.03951272027e-05
BPMWE.4R7.B2 20080.3289 -0.00973654352535 0.0019418815132 -2.90007978668e-05 -6.68423244306e-06
BPMW.5R7.B2 20115.4139 -0.00963730926108 0.00238609599185 -2.88155808643e-05 7.44233255236e-06
BPMWE.5R7.B2 20138.6189 -0.00705166793027 0.0069889314757 -1.76825636149e-05 2.3938516289e-05
BPM.6R7.B2 20217.7584 -0.00294034822636 0.00948290757261 2.84103104184e-05 8.86453071368e-06
BPM_A.7R7.B2 20255.7944 -0.00593910593527 0.00795601687319 2.58708148478e-05 -1.47114400766e-05
BPM.8R7.B2 20294.85841 -0.00600811574679 0.0079040324467 3.28828393046e-06 -2.95789228809e-05
BPM.9R7.B2 20333.92342 -0.00101119683748 0.00987667275361 -2.94469838301e-05 -4.31282200869e-06
BPM.10R7.B2 20374.38643 0.003730949891 0.00920060849507 -7.40655031183e-06 2.88247899612e-05
BPM.11R7.B2 20427.16714 0.00344959410263 0.00930975210564 2.75544023411e-05 1.12463500378e-05
BPM.12R7.B2 20481.89066 0.00465586206006 0.0087689299372 1.10471207529e-05 -2.76348838486e-05
BPM.13R7.B2 20535.33917 0.0038397485134 0.00915573673056 -2.78360202777e-05 -1.05300441809e-05
BPM.14R7.B2 20588.78769 0.00565629846087 0.00815950191322 -9.69230768971e-06 2.81386659413e-05
BPM.15R7.B2 20642.23621 0.00497941682209 0.00858933011564 2.82444155512e-05 9.37968290911e-06
BPM.16R7.B2 20695.68472 0.00665359774037 0.00736890906714 8.530296477e-06 -2.8512446813e-05
BPM.17R7.B2 20749.13324 0.0060372229131 0.0078818223294 -2.86053033611e-05 -8.213542291e-06
BPM.18R7.B2 20802.58175 0.00754155648547 0.00645725247488 -7.35376254287e-06 2.88383061293e-05
BPM.19R7.B2 20856.03027 0.00699588663318 0.00704476784127 2.89180698438e-05 7.03353941875e-06
BPM.20R7.B2 20909.47879 0.00830561169498 0.00543948509269 6.16505431697e-06 -2.91155931598e-05
BPM.21R7.B2 20962.9273 0.00783955755453 0.00609200468417 -2.91821812525e-05 -5.8417461237e-06
BPM.22R7.B2 21016.37582 0.00893319137489 0.00433235220334 -4.96575498559e-06 2.93439427651e-05
BPM.23R7.B2 21069.82433 0.0085544509408 0.00503910238544 2.93971934421e-05 4.64008851516e-06
BPM.24R7.B2 21123.27285 0.00941733469871 0.0031533913641 3.75502092158e-06 -3.29225596999e-05
BPM.25R7.B2 21176.72137 0.00913214396986 0.0039030778102 -3.29621877547e-05 -3.38960709404e-06
BPM.26R7.B2 21230.16988 0.0097433469438 0.00192282608949 -2.40158013755e-06 3.30488666762e-05
BPM.27R7.B2 21283.6184 0.00955640360202 0.00270281705728 3.30734588436e-05 2.03500101843e-06
BPM.28R7.B2 21337.06691 0.00991260864615 0.000660027147276 1.04110979669e-06 -3.6519230383e-05
BPM.29R7.B2 21390.51543 0.00982701603651 0.00145780715849 -3.65285277628e-05 -6.3595115431e-07
BPM.30R7.B2 21443.96394 0.00991560252676 -0.000613410520326 4.57590205816e-07 3.65312021973e-05
BPM.31R7.B2 21497.41246 0.00993276476248 0.000188759399034 3.65238786262e-05 -8.62577570797e-07
BPM.32R7.B2 21550.86098 0.00975567408961 -0.00187677089169 -1.95510073422e-06 -3.64817142762e-05
BPM.33R7.B2 21604.30949 0.00987530834369 -0.00108338868069 -3.64577835342e-05 2.35966790406e-06
BPM.34R7.B2 21657.75801 0.00943545177846 -0.0031092918302 3.44972943122e-06 3.63708292594e-05
BPM.33L8.B2 21711.20652 0.00965559413262 -0.0023377227902 3.63303453549e-05 -3.85275858263e-06
BPM.32L8.B2 21764.65504 0.00896019501567 -0.00429072851467 -4.93816312978e-06 -3.61987922329e-05
BPM.31L8.B2 21818.10356 0.00927722264983 -0.00355367216127 -3.61417822886e-05 5.33940804419e-06
BPM.30L8.B2 21871.55207 0.00833771769267 -0.00540165804573 6.41866390874e-06 3.59657941541e-05
BPM.29L8.B2 21925.00059 0.00874643338987 -0.00471119398744 3.58924166845e-05 -6.81701766441e-06
BPM.28L8.B2 21978.4491 0.00757823776778 -0.00642384294953 -7.88801484843e-06 -3.5672357937e-05
BPM.27L8.B2 22031.89762 0.00807190658833 -0.00579135303807 -3.55826589968e-05 8.28322964554e-06
BPM.26L8.B2 22085.34614 0.00669759020075 -0.00734110576852 9.34105654621e-06 3.19191731321e-05
BPM.25L8.B2 22138.79465 0.00726816764104 -0.00677667230501 3.1813642011e-05 -9.69438993935e-06
BPM.24L8.B2 22192.24317 0.00570348599482 -0.0081375546605 -1.06420708637e-05 -3.15092889875e-05
BPM.23L8.B2 22245.69168 0.00634156011407 -0.00765076229253 -3.1389312556e-05 1.09909081563e-05
BPM.22L8.B2 22299.1402 0.00461902837527 -0.00880092053974 1.19220076961e-05 2.76466693052e-05
BPM.21L8.B2 22352.58871 0.00531418967655 -0.0083994650775 2.75127767436e-05 -1.22278342283e-05
BPM.20L8.B2 22406.03723 0.0034552552545 -0.00931948692857 -1.30456963139e-05 -2.71345266264e-05
BPM.19L8.B2 22459.48575 0.00419604194872 -0.00901026400213 -2.6988171093e-05 1.33458424099e-05
BPM.18L8.B2 22512.93426 0.00223474399013 -0.00968491325622 1.41475076835e-05 2.65766942473e-05
BPM.17L8.B2 22566.38278 0.00300901814484 -0.00947298449657 2.64181781889e-05 -1.44413446664e-05
BPM.16L8.B2 22619.83129 0.000977473383947 -0.00989121687504 -1.5225472181e-05 -2.59741746454e-05
BPM.15L8.B2 22673.27981 0.0017724792993 -0.0097800788658 -2.58037224292e-05 1.55125930996e-05
BPM.14L8.B2 22726.72833 -0.000295812718444 -0.00993499473282 1.62778416923e-05 2.53279440696e-05
BPM.13L8.B2 22780.17684 0.000506894241464 -0.00992646380656 2.51458626459e-05 -1.65577194622e-05
BPM.12L8.B2 22833.62536 -0.00246207633342 -0.00962963164231 -1.59915220612e-05 -2.55096797477e-05
BPM.11L8.B2 22887.07387 -0.00207929192221 -0.00971947378141 -2.76172078738e-05 1.19901094463e-05
BPM.10L8.B2 22938.91258 -0.00278967199387 -0.00953988237052 9.48017033e-06 2.85761981427e-05
BPM.9L8.B2 22977.9776 -0.00201763133318 -0.00973246059866 2.98354987677e-05 -4.03926213621e-06
BPM.8L8.B2 23018.44061 -0.00950762034401 -0.00289771995608 -1.21639286717e-05 -2.75410888513e-05
BPM.7L8.B2 23057.50662 -0.00956043977832 -0.00271838494834 -2.73820539508e-05 -1.25178145781e-05
BPM.6L8.B2 23089.97562 -0.00623173632384 -0.00774319621401 -2.63141222452e-05 1.46300541661e-05
BPMR.5L8.B2 23150.39462 -0.00957780663472 -0.00265654763475 -9.51280338642e-07 -3.00926590037e-05
BPMYB.4L8.B2 23171.16162 -0.00989231081253 -0.000966339433657 -1.15829909824e-05 -2.77904230005e-05
BPMWB.4L8.B2 23195.62912 -0.00983035326633 -0.00146825753223 -1.74318560453e-05 -2.45479782316e-05
BPMSX.4L8.B2 23245.78612 -0.00985793711918 -0.00126992177265 -2.3818853017e-05 -1.84156210379e-05
BPMS.2L8.B2 23283.69762 -0.00984149971001 -0.00139158462648 -2.67503521307e-05 -1.38162472088e-05
BPMSW.1L8.B2 23293.63162 -0.00982528967879 -0.00150176819887 -2.78670695543e-05 -1.13972893367e-05
BPMSW.1R8.B2 23336.82162 -0.00982528953972 -0.00150176942405 -1.77479602908e-05 -2.43204464407e-05
BPMS.2R8.B2 23346.75562 -0.00984149963443 -0.0013915854335 -1.98284596852e-05 -2.2656214944e-05
BPMSX.4R8.B2 23384.66712 -0.00985793699553 -0.0012699226859 -2.35905750212e-05 -1.87071471499e-05
BPMWI.4R8.B2 23434.90012 -0.00983045064143 -0.00146760542874 -2.80185480204e-05 -1.10196963601e-05
BPMYB.4R8.B2 23459.29162 -0.00989233696268 -0.00096607211511 -2.97573049801e-05 -4.58003506349e-06
BPMYB.5R8.B2 23479.86862 -0.00960363428754 -0.00256160761246 -2.95067688479e-05 5.98515902506e-06
BPMR.6R8.B2 23563.97662 -0.0063057790943 -0.00768301863936 2.95533051983e-06 -2.99622996427e-05
BPM_A.7R8.B2 23586.21662 -0.00809674581756 -0.00576492265012 -8.93602291261e-06 -2.87510188808e-05
BPM.8R8.B2 23627.65561 -0.00990668126399 -0.00080578646418 -2.96327748694e-05 -5.32649500607e-06
BPM.9R8.B2 23666.7226 -0.00834789368385 0.0053948398066 1.5893642926e-05 2.55707803653e-05
BPM.10R8.B2 23707.18758 -0.00951369161391 -0.00287772434403 1.63640492032e-05 -2.52723275177e-05
BPM.11R8.B2 23759.02827 -0.0099337249747 -0.00033575826182 -2.31624298231e-05 -1.92347271504e-05
BPM.12R8.B2 23813.75476 -0.00993939340346 9.17973593548e-06 -1.96408696833e-05 2.28190509626e-05
BPM.13R8.B2 23867.20624 -0.00962566008336 0.00247755795804 2.39983690162e-05 1.81810603838e-05
BPM.14R8.B2 23920.65773 -0.00979421325907 0.00169263466454 1.79110661033e-05 -2.42005441219e-05
BPM.15R8.B2 23974.10921 -0.00922960594141 0.00368863113949 -2.47277221428e-05 -1.71759267628e-05
BPM.16R8.B2 24027.56069 -0.0094972087138 0.00293166372651 -1.6897880227e-05 2.49185642448e-05
BPM.17R8.B2 24081.01218 -0.00868188876165 0.00483905290751 2.54149856824e-05 1.61415956738e-05
BPM.18R8.B2 24134.46366 -0.00904413390143 0.00412253167288 1.58557588764e-05 -2.55942939068e-05
BPM.19R8.B2 24187.91515 -0.00799152359821 0.00590992182976 -2.60590883986e-05 -1.50796803449e-05
BPM.20R8.B2 24241.36663 -0.00844244745135 0.00524563690504 -1.47868394033e-05 2.62263649746e-05
BPM.21R8.B2 24294.81811 -0.00716980628516 0.00688371290415 2.66587872664e-05 1.39922106126e-05
BPM.22R8.B2 24348.2696 -0.00770201537609 0.00628256195001 1.36925842203e-05 -2.68139093203e-05
BPM.23R8.B2 24401.72108 -0.00623030924504 0.00774434452991 -2.7213167328e-05 -1.28808497132e-05
BPM.24R8.B2 24455.17257 -0.00678682001104 0.00721924403091 -1.18386587404e-05 -2.0961957905e-05
BPM.25R8.B2 24508.62405 -0.00514061663093 0.00847068302272 -2.05968471457e-05 1.24630465922e-05
BPM.26R8.B2 24562.07554 -0.00580751010503 0.00802815275105 1.26930211638e-05 2.0455923361e-05
BPM.27R8.B2 24615.52702 -0.00401472567819 0.00905871889027 2.00653305264e-05 -1.33018874448e-05
BPM.28R8.B2 24668.9785 -0.00468459166554 0.0087081412849 -1.27895201695e-05 -6.82324808258e-05
BPM.29R8.B2 24722.42999 -0.00277517113122 0.00949081392196 -6.78174861317e-05 1.48334781864e-05
BPM.30R8.B2 24775.88147 -0.0035320776048 0.00923588390137 1.5592266402e-05 6.76470587401e-05
BPM.31R8.B2 24829.33296 -0.00153813744437 0.00976786859589 6.71480382255e-05 -1.76177240744e-05
BPM.32R8.B2 24882.78444 -0.00232156462014 0.0096118396464 -1.83690148697e-05 -6.69464195027e-05
BPM.33R8.B2 24936.23592 -0.000276032138305 0.00988437807683 -6.63643574577e-05 2.03719266328e-05
BPM.34R8.B2 24989.68741 -0.00107284723254 0.00982985872226 2.11141555262e-05 6.61319580225e-05
BPM.33L1.B2 25043.13889 0.000990816129473 0.00983846568769 6.54677508615e-05 -2.30914865375e-05
BPM.32L1.B2 25096.59038 0.000193434352988 0.00988633940599 -2.38235426203e-05 -6.52049268126e-05
BPM.31L1.B2 25150.04186 0.00224117990986 0.00963090007823 -6.44597372622e-05 2.57717983783e-05
BPM.30L1.B2 25203.49334 0.00145661221749 0.00978035809936 2.64924032245e-05 6.41669390099e-05
BPM.29L1.B2 25256.94483 0.00345490644646 0.00926502806846 6.33420920416e-05 -2.84081450535e-05
BPM.28L1.B2 25310.39631 0.00269577228418 0.00951367097814 -2.91160126797e-05 -6.30198503796e-05
BPM.27L1.B2 25363.8478 0.00461168464855 0.00874697024087 -6.21165854721e-05 3.09963494746e-05
BPM.26L1.B2 25417.29928 0.0039389184002 0.00909369037192 3.24268510734e-05 1.34479313285e-05
BPM.25L1.B2 25470.75077 0.00574059454605 0.00807810974404 1.246771062e-05 -3.28162167079e-05
BPM.24L1.B2 25524.20225 0.00506984112954 0.00851510385626 -3.2953858509e-05 -1.20992194615e-05
BPM.23L1.B2 25577.65373 0.00672682260027 0.00727737180759 -1.11036444139e-05 3.33025055518e-05
BPM.22L1.B2 25631.10522 0.00616574352452 0.00779961783283 3.41614832007e-05 -3.75878549837e-05
BPM.21L1.B2 25684.5567 0.00765031692597 0.00635004586792 -3.85972037351e-05 -3.30167951521e-05
BPM.20L1.B2 25738.00819 0.0071128350027 0.00694679852775 -3.25821200959e-05 3.89648446847e-05
BPM.19L1.B2 25791.45967 0.00839981863883 0.00531916143436 3.99261251633e-05 3.13967781218e-05
BPM.18L1.B2 25844.91115 0.00794309564053 0.00597977116468 3.09476689775e-05 -4.02752503805e-05
BPM.17L1.B2 25898.36264 0.00901125339634 0.00420092177515 -4.11868528161e-05 -2.97236703319e-05
BPM.16L1.B2 25951.81412 0.00864279114314 0.00491452874859 -2.9260142326e-05 4.1517434185e-05
BPM.15L1.B2 26005.26561 0.00947463077625 0.00301360301741 4.2377743033e-05 2.7999646914e-05
BPM.14L1.B2 26058.71709 0.00920048680919 0.00376848431346 2.75233105752e-05 -4.2688654449e-05
BPM.13L1.B2 26112.16857 0.0097823014061 0.00177679789449 -4.34963035502e-05 -2.62283269667e-05
BPM.12L1.B2 26165.62006 0.00917277690071 0.00383543941643 -2.91672026494e-05 4.15827807846e-05
BPM.11L1.B2 26219.07154 0.00880193567731 0.00462345757585 4.080137556e-05 3.02506353245e-05
BPM.10L1.B2 26271.85423 0.0084860171788 0.0051805351109 2.30808603967e-05 -4.52451834748e-05
BPM.9L1.B2 26310.92122 0.00940833143188 0.003214612134 -4.40301037625e-05 -2.53219986966e-05
BPM.8L1.B2 26351.38621 0.00433297426295 0.00894850633456 5.5605772316e-07 5.07892142143e-05
BPM.7L1.B2 26390.4542 0.00771450144441 0.0062719135082 5.06569127306e-05 3.70549499109e-06
BPMR.6L1.B2 26433.6382 0.00950684649949 0.00291037819203 4.57952927507e-06 -5.05853856527e-05
BPM.5L1.B2 26465.5382 0.00819100989035 -0.00563540491289 -4.57230229878e-05 -2.21191856454e-05
BPMYA.4L1.B2 26486.6562 0.00676220651047 -0.00728855230209 -5.04629927003e-05 -5.77404940557e-06
BPMWB.4L1.B2 26507.7127 0.00582437508908 -0.00805773456681 -5.06173414969e-05 4.21171877484e-06
BPMSY.4L1.B2 26600.5687 0.00554686408699 -0.00825122599505 -4.65966561133e-05 2.02139430869e-05
BPMS.2L1.B2 26627.3542 0.0054367698542 -0.00832417951325 -4.51714032903e-05 2.32249952443e-05
BPMSW.1L1.B2 26637.4082 0.00538986353269 -0.0083546274891 -4.40689581674e-05 2.5254616864e-05
