BPMSW.1R1.B2 21.475 -0.0100579357999 0.000490480203738 1.47603746762e-05 -5.78930665085e-06
BPMS.2R1.B2 31.529 -0.0100605355094 0.000433899783782 1.44818884905e-05 -6.45433958083e-06
BPMSY.4R1.B2 58.3145 -0.0100654114925 0.00030022198977 1.40277432657e-05 -7.38983160654e-06
BPMWB.4R1.B2 151.1705 -0.0100697985182 -4.24250933538e-05 1.09189127363e-05 -1.14962542636e-05
BPMYA.4R1.B2 172.227 -0.00998969170219 -0.00126834615055 8.4582888195e-06 -1.34105807989e-05
BPMR.5R1.B2 199.635 -0.00916621035359 -0.00416932006281 1.44474581863e-06 -1.5789216546e-05
BPM.6R1.B2 231.535 -0.000547730662323 -0.0100549805159 -1.5384709196e-05 -3.83368405972e-06
BPMRA.7R1.B2 259.259 0.00207545927208 -0.00985368514311 -1.24793361114e-05 9.78021475196e-06
BPM.8R1.B2 300.6960106 0.00220087562827 -0.00982643315419 7.36617473244e-06 1.40401567526e-05
BPM.9R1.B2 339.7610212 5.78129058409e-06 -0.0100698862271 1.24538292037e-05 -9.81268267802e-06
BPM.10R1.B2 380.2240318 -0.00377641139112 -0.00933495361941 -1.26761588223e-05 -9.52375907081e-06
BPM.11R1.B2 433.0047424 0.00183329283735 -0.00990159984142 -5.09725129487e-06 1.50134824014e-05
BPM.12R1.B2 487.7282583 -0.00136407950501 -0.00997707017133 1.47298057617e-05 5.86681690014e-06
BPM.13R1.B2 541.1767742 -0.00185119422775 -0.00989826863576 7.03456093632e-06 -1.42092085452e-05
BPM.14R1.B2 594.6252901 -0.00386542226806 -0.00929844894039 -1.44134873514e-05 -6.60590811436e-06
BPM.15R1.B2 648.073806 -0.00310244390839 -0.00958005656795 -6.44565918213e-06 1.44858569057e-05
BPM.16R1.B2 701.5223219 -0.00502310148717 -0.00872760525654 1.46722599763e-05 6.00927098138e-06
BPM.17R1.B2 754.9708378 -0.00430242295205 -0.00910449333046 5.84617821483e-06 -1.47380053116e-05
BPM.18R1.B2 808.4193537 -0.00609828072955 -0.00801333976794 -1.49063540669e-05 -5.40251591907e-06
BPM.19R1.B2 861.8678696 -0.00543172629024 -0.00847932730567 -5.23688894784e-06 1.49653469338e-05
BPM.20R1.B2 915.3163855 -0.00707323035242 -0.00716743011002 1.51153635707e-05 4.78668338905e-06
BPM.21R1.B2 968.7649014 -0.00647176782457 -0.0077148469388 4.61875023337e-06 -1.51675208758e-05
BPM.22R1.B2 1022.213417 -0.00793198462037 -0.00620372968898 -1.52989491894e-05 -4.16278949321e-06
BPM.23R1.B2 1075.661933 -0.00740548295727 -0.0068235961329 -3.99288814277e-06 1.53441685059e-05
BPM.24R1.B2 1129.110449 -0.00863916527473 -0.0051421591978 1.54354939918e-05 -1.80772216668e-05
BPM.25R1.B2 1182.558965 -0.0081960354142 -0.00582254079915 -1.82472797193e-05 -1.52340733074e-05
BPM.26R1.B2 1236.007481 -0.00922597758291 -0.00399478605008 -1.46812308226e-05 1.86949690202e-05
BPM.27R1.B2 1289.455997 -0.00887351105525 -0.00472628601221 1.88566373583e-05 1.44729952834e-05
BPM.28R1.B2 1342.904513 -0.00963995989945 -0.00278583547238 1.38807890764e-05 -4.08903631924e-05
BPM.29R1.B2 1396.353029 -0.00938371361631 -0.00355466241634 -4.10417554081e-05 -1.34265536702e-05
BPM.30R1.B2 1449.801545 -0.00991712678893 -0.00152980469632 -1.21925119188e-05 4.14251240432e-05
BPM.31R1.B2 1503.25006 -0.00976132864903 -0.00232511701925 4.15578126896e-05 1.17322622156e-05
BPM.32R1.B2 1556.698576 -0.0100313449634 -0.000248645084517 1.04831805074e-05 -4.18903466184e-05
BPM.33R1.B2 1610.147092 -0.00997856385661 -0.001057340768 -4.20040018958e-05 -1.00180803064e-05
BPM.34R1.B2 1663.595608 -0.00998073950963 0.00103660259318 -8.75676050243e-06 4.22849436549e-05
BPM.33L2.B2 1717.044124 -0.0100318400423 0.000227797025482 4.23794788196e-05 8.28718959886e-06
BPM.32L2.B2 1770.49264 -0.00976614134037 0.00230481873607 7.0150602604e-06 -4.26085313827e-05
BPM.31L2.B2 1823.941156 -0.00992028536421 0.00150918666461 -4.2683684455e-05 -6.54223275966e-06
BPM.30L2.B2 1877.389672 -0.00939107748228 0.00353516192867 -5.26210549241e-06 4.28603329562e-05
BPM.29L2.B2 1930.838188 -0.00964572708855 0.00276580098678 4.29160628903e-05 4.78635369471e-06
BPM.28L2.B2 1984.286704 -0.00886170863601 0.00470742245289 3.49975562339e-06 -4.30400904761e-05
BPM.27L2.B2 2037.73522 -0.00921269275868 0.00397693326439 -4.30762449502e-05 -3.02236087805e-06
BPM.26L2.B2 2091.183735 -0.00816550722216 0.00579827023909 -1.75318645104e-06 2.15383038438e-05
BPM.25L2.B2 2144.632251 -0.00860678061983 0.00512042706757 2.15564221865e-05 1.51419766796e-06
BPM.24L2.B2 2198.080767 -0.0073567120207 0.00679516255823 8.68394224654e-07 -2.15920868748e-05
BPM.23L2.B2 2251.529283 -0.00788108190188 0.0061793198641 -2.16003917898e-05 -6.28921652718e-07
BPM.22L2.B2 2304.977799 -0.00640581750371 0.0076763397427 -3.47048829126e-09 5.45680128389e-10
BPM.21L2.B2 2358.426315 -0.00700439164406 0.00713436664852 5.82036528441e-10 3.46507364849e-09
BPM.20L2.B2 2411.874831 -0.00537123823415 0.00843270357537 3.44235836043e-09 -6.88214423528e-10
BPM.19L2.B2 2465.323347 -0.00603422290457 0.00797175285872 -7.26145169853e-10 -3.44236349249e-09
BPM.18L2.B2 2518.771863 -0.00424840291847 0.00905051172018 -3.4182530087e-09 8.28328862137e-10
BPM.17L2.B2 2572.220379 -0.00496490642296 0.00867815613505 8.6744120865e-10 3.40316353042e-09
BPM.16L2.B2 2625.668894 -0.00305576432487 0.00951961102909 3.37964429229e-09 -9.67136719309e-10
BPM.15L2.B2 2679.11741 -0.00381401192613 0.00924196964072 -1.00340025048e-09 -3.36176340431e-09
BPM.14L2.B2 2732.565926 -0.00181291514162 0.009832295177 -3.336571945e-09 1.10567595478e-09
BPM.13L2.B2 2786.014442 -0.00260045024409 0.00965392916526 1.14019207546e-09 3.32413463222e-09
BPM.12L2.B2 2839.462958 -0.000315040948785 0.00999306954628 3.30139290937e-09 -1.1967960295e-09
BPM.11L2.B2 2892.911474 -0.00222027360563 0.00974838832248 -8.72643777627e-10 -3.40070805272e-09
BPM.10L2.B2 2944.750185 -0.0014218530875 0.00989641468115 -3.50825757972e-09 2.23531470114e-10
BPM.9L2.B2 2983.815195 0.000588752203408 0.00998068437448 -4.99932048206e-10 3.47947477716e-09
BPM.8L2.B2 3024.278206 0.00441275206049 0.00897152768135 2.79640368003e-09 -2.11822875428e-09
BPM.7L2.B2 3063.344216 -0.00603922629901 0.00796796307137 -2.48410897311e-09 -2.49619190033e-09
BPM.6L2.B2 3095.450216 -0.00677730615477 0.00735042931023 -3.34978020455e-09 -1.06348339353e-09
BPMYB.5L2.B2 3167.649216 -0.00470506277296 0.0088217387205 -1.25918269954e-09 3.28141015835e-09
BPMYB.4L2.B2 3188.219216 -0.00291336304941 0.00956415210555 8.91901468737e-10 3.39939574181e-09
BPMWB.4L2.B2 3212.610716 -0.00465495458567 0.00884828161611 3.25591497029e-09 1.3205909112e-09
BPMSX.4L2.B2 3262.843716 0.000362976240122 0.00999144323903 3.15751014791e-10 -3.49888787159e-09
BPMS.2L2.B2 3300.755216 0.000375449317473 0.00999098231117 -2.04135657047e-09 -2.88262643757e-09
BPMSW.1L2.B2 3310.689216 -1.96090177697e-09 0.0099980342935 -2.68615386116e-09 -2.26601103317e-09
BPMSW.1R2.B2 3353.879216 -2.48028805271e-09 0.0099980342935 2.67226708018e-09 -2.28188024941e-09
BPMS.2R2.B2 3363.813216 0.000375448972662 0.00999098232549 1.9848566813e-09 -2.89321463119e-09
BPMSX.4R2.B2 3401.724716 0.000362971651879 0.0099914434065 -3.33770995266e-10 -3.49814558176e-09
BPMWB.4R2.B2 3451.881716 -0.00465642230401 0.00884750931602 -3.25284285215e-09 1.33220147792e-09
BPMYB.4R2.B2 3476.349216 -0.0029554600634 0.00955122743733 -8.70587237332e-10 3.40405643708e-09
BPM.5R2.B2 3505.883216 -0.00809626513231 0.00586610437782 2.68388734987e-09 2.27644079843e-09
BPMR.6R2.B2 3579.179216 -0.00888699679946 0.00458060888877 2.41859810507e-09 -2.54122288676e-09
BPM_A.7R2.B2 3592.054216 -0.00868404639626 0.00495459666464 1.92073463466e-09 -2.94067256767e-09
BPM.8R2.B2 3633.493206 -0.00614525667465 0.00788647640985 -1.67057852992e-09 -3.09165100752e-09
BPM.9R2.B2 3672.560195 0.00388413090764 0.00921272037861 -2.19826678803e-09 2.74767911228e-09
BPM.10R2.B2 3713.025185 0.00455152076219 0.00890192948225 1.79117076931e-09 3.02323686698e-09
BPM.11R2.B2 3764.865874 0.00521083749635 0.00853275232913 3.18340498315e-09 -1.48659314295e-09
BPM.12R2.B2 3819.592358 0.00466111784288 0.00884503647182 -1.76348816255e-09 -3.03859201544e-09
BPM.13R2.B2 3873.043842 0.00712877386144 0.00701008366452 -2.83107918573e-09 2.0790346332e-09
BPM.14R2.B2 3926.495326 0.00653983688946 0.00756248789655 2.10680084062e-09 2.8089835508e-09
BPM.15R2.B2 3979.94681 0.00796707175772 0.00604040207968 2.74133491866e-09 -2.19545123456e-09
BPM.16R2.B2 4033.398294 0.00745354828668 0.00666373076557 -2.2287984865e-09 -2.71596535266e-09
BPM.17R2.B2 4086.849779 0.00867434006255 0.00497157059607 -2.65291988065e-09 2.3092380317e-09
BPM.18R2.B2 4140.301263 0.00824477649519 0.00565547082538 2.33743619044e-09 2.62394663964e-09
BPM.19R2.B2 4193.752747 0.00923906580818 0.00382104079594 2.55380177831e-09 -2.41547033688e-09
BPM.20R2.B2 4247.204231 0.00890052065489 0.0045542751181 -2.44339415703e-09 -2.52556709034e-09
BPM.21R2.B2 4300.655715 0.00965196727675 0.00260772263968 -2.45548023836e-09 2.52183423893e-09
BPM.22R2.B2 4354.107199 0.00941000426731 0.00337824058858 2.5431475113e-09 2.42373879581e-09
BPM.23R2.B2 4407.558683 0.00990626074281 0.00135155015206 2.34320470379e-09 -2.61724768452e-09
BPM.24R2.B2 4461.010167 0.00973049925841 0.00214451572437 -5.27014534379e-07 3.44059291259e-05
BPM.25R2.B2 4514.461651 0.0099637067683 7.81722450434e-05 3.44062278435e-05 -5.06788999831e-07
BPM.26R2.B2 4567.913135 0.00992489073756 0.000882103915059 -8.92158644613e-07 -3.43983902445e-05
BPM.27R2.B2 4621.36462 0.00989184089927 -0.00119709946035 -3.43560556654e-05 1.92530055278e-06
BPM.28R2.B2 4674.816104 0.00992183155602 -0.000396968964449 1.78600151515e-06 6.8740285536e-05
BPM.29R2.B2 4728.267588 0.009623370525 -0.0024476653111 6.86556193704e-05 -3.84998689677e-06
BPM.30R2.B2 4781.719072 0.00978952681425 -0.00166297641658 -4.61861022244e-06 -6.86082008244e-05
BPM.31R2.B2 4835.170556 0.00923116644683 -0.00365867349734 -6.84384269976e-05 6.67815392479e-06
BPM.32R2.B2 4888.62204 0.00949635385026 -0.00290165286426 7.44484294545e-06 6.83592744493e-05
BPM.33R2.B2 4942.073524 0.00868730015283 -0.00480948456859 6.81048048907e-05 -9.49481997988e-06
BPM.34R2.B2 4995.525008 0.00904712663549 -0.00409265504755 -1.02569877129e-05 -6.79941943017e-05
BPM.33L3.B2 5048.976492 0.00800062503021 -0.00588135400285 -6.76552810581e-05 1.22955216878e-05
BPM.32L3.B2 5102.427976 0.00844923669442 -0.00521639003754 1.30530074584e-05 6.75132178653e-05
BPM.31L3.B2 5155.87946 0.00718255401141 -0.00685647457673 6.70906752106e-05 -1.50750758126e-05
BPM.30L3.B2 5209.330945 0.00771248950955 -0.00625442493966 -1.58255971228e-05 -6.69176149734e-05
BPM.29L3.B2 5262.782429 0.00624635151319 -0.00771902963701 -6.64118599542e-05 1.78292182277e-05
BPM.28L3.B2 5316.233913 0.00684902628205 -0.00718965678289 1.8572353764e-05 6.62078904734e-05
BPM.27L3.B2 5369.685397 0.00520763151757 -0.00845463776421 6.56201126819e-05 -2.05527856266e-05
BPM.26L3.B2 5423.136881 0.00583865200477 -0.00800892263876 -2.18111356001e-05 -3.09775635417e-05
BPM.25L3.B2 5476.588365 0.00404917965012 -0.00904637182987 -3.03082527306e-05 2.27320239459e-05
BPM.24L3.B2 5530.039849 0.00476615067406 -0.00869002340765 2.30701809082e-05 3.00516503111e-05
BPM.23L3.B2 5583.491333 0.0028586795888 -0.00949002898392 2.93450154375e-05 -2.39625713625e-05
BPM.22L3.B2 5636.942817 0.00358094923953 -0.00923051001571 -2.48142967327e-05 5.33333408387e-06
BPM.21L3.B2 5690.394301 0.00158712324113 -0.00977274538671 6.07644125419e-06 2.4642862431e-05
BPM.20L3.B2 5743.845786 0.00237073422913 -0.00961275879907 2.45732371097e-05 -6.35214179551e-06
BPM.19L3.B2 5797.29727 0.000323877419266 -0.0098954846267 -7.0875478971e-06 -2.43713066983e-05
BPM.18L3.B2 5850.748754 0.00112148721467 -0.00983706150019 -2.42903645903e-05 7.36015858044e-06
BPM.17L3.B2 5904.200238 -0.000944670239446 -0.00985561315861 8.08659157035e-06 2.40582823969e-05
BPM.16L3.B2 5957.651722 -0.000146112038 -0.00989970524082 2.39661639779e-05 -8.35563684197e-06
BPM.15L3.B2 6011.103206 -0.00219771779106 -0.00965378418838 -9.07190468007e-06 -2.37043100571e-05
BPM.14L3.B2 6064.55469 -0.00141138717039 -0.00979966830128 -2.36011884368e-05 9.33690354745e-06
BPM.13L3.B2 6118.006174 -0.00341462517126 -0.00929332274091 1.00417291993e-05 2.33100264501e-05
BPM.12L3.B2 6171.457658 -0.00121499450944 -0.00982595038269 2.40038727438e-05 -8.24669268222e-06
BPM.11L3.B2 6224.909142 -0.000209222963952 -0.00989857253907 -7.1812230763e-06 -2.43438662938e-05
BPM.10L3.B2 6277.691832 0.00384078462023 -0.00912545265324 -2.48405917565e-05 5.20949191846e-06
BPM.9L3.B2 6316.758821 0.00225381829771 -0.00964084102343 -1.20479731848e-05 2.23392088244e-05
BPM.8L3.B2 6357.223811 0.000385789032574 -0.00989326434445 1.12286673804e-05 2.27620471727e-05
BPM.7L3.B2 6396.2898 -0.00380401921501 -0.00914083969862 2.53780403737e-05 3.85840534062e-07
BPMR.6L3.B2 6468.9288 -0.00953963541947 -0.00264969217295 -1.1651140827e-05 -2.25487194044e-05
BPMWE.5L3.B2 6511.9823 -0.00959341096511 -0.00244785184963 -2.27060419809e-05 -1.13414926368e-05
BPMW.5L3.B2 6539.5273 -0.00839497046646 -0.00524880781125 -2.53808372444e-05 -8.2661313195e-08
BPMWE.4L3.B2 6614.6553 -0.0096914786617 -0.0020250318316 -7.47942609311e-06 2.42539051436e-05
BPMW.4L3.B2 6642.2003 -0.00787737894701 0.00599770068308 1.6340399135e-05 1.94212564372e-05
BPMW.4R3.B2 6687.1653 -0.00637890949316 0.00757198958278 2.48246419508e-05 5.28497761096e-06
BPMWE.4R3.B2 6714.7103 -0.00770137316598 0.00622208678182 2.50045140427e-05 -4.35522459997e-06
BPMW.5R3.B2 6789.8383 -0.00640163012767 0.00755279049683 7.19632928638e-06 -2.43394029261e-05
BPMWE.5R3.B2 6817.3833 -0.00286201158341 0.00947810119516 -7.68325509477e-06 -2.41901088751e-05
BPMWC.6R3.B2 6858.3743 -0.00194237630166 0.00970838230037 -2.06537179691e-05 -1.47518689525e-05
BPM.6R3.B2 6870.5288 -0.00297399943028 0.00944356077021 -2.33913744861e-05 -9.85076252733e-06
BPM_A.7R3.B2 6926.3528 -0.00276201060946 0.00950772369965 -1.89454210578e-05 1.68897812771e-05
BPM.8R3.B2 6965.418789 -0.00746671162345 0.0065018251369 1.55976515009e-05 2.00226634689e-05
BPM.9R3.B2 7004.485779 -0.00949487492083 -0.00280586222359 1.71010195379e-05 -1.87549605895e-05
BPM.10R3.B2 7044.950768 -0.00975498883175 -0.0016928394788 -1.91216492038e-06 -2.53088381059e-05
BPM.11R3.B2 7097.733458 -0.0097881671464 0.0014890589132 -2.51781225528e-05 -3.20245041374e-06
BPM.12R3.B2 7152.459942 -0.00880844876186 0.00452070160081 2.35588956334e-06 2.52714016103e-05
BPM.13R3.B2 7205.911426 -0.00938877661404 0.0031426718245 2.50686140178e-05 -3.96971606352e-06
BPM.14R3.B2 7259.36291 -0.00853209812204 0.00502282929937 -4.72087539938e-06 -2.49380660967e-05
BPM.15R3.B2 7312.814394 -0.00890966613144 0.00431779597218 -2.48836198382e-05 4.99993666495e-06
BPM.16R3.B2 7366.265878 -0.00781943836513 0.00607304669908 5.74522833561e-06 2.47221811897e-05
BPM.17R3.B2 7419.717362 -0.00828408818106 0.00542212094747 2.46562477809e-05 -6.02190124446e-06
BPM.18R3.B2 7473.168846 -0.00697828939749 0.00702345995176 -6.75996704177e-06 -2.44641936146e-05
BPM.19R3.B2 7526.62033 -0.00752240392849 0.00643730935133 -2.438692797e-05 7.03359628723e-06
BPM.20R3.B2 7580.071814 -0.00602245824843 0.0078584673578 7.76307553431e-06 2.416461169e-05
BPM.21R3.B2 7633.523299 -0.00663707216385 0.00734675341025 2.40761072281e-05 -8.03336199455e-06
BPM.22R3.B2 7686.974783 -0.00496767542297 0.00856432796306 -8.75307711339e-06 -2.38238840359e-05
BPM.23R3.B2 7740.426267 -0.00564271786337 0.0081354316232 -2.37243311998e-05 9.01941956495e-06
BPM.24R3.B2 7793.877751 -0.00378452278238 0.00912051637985 9.67577861216e-06 -2.41445344266e-05
BPM.25R3.B2 7847.329235 -0.00450832781275 0.00878529521702 -2.4251424285e-05 -9.40466227842e-06
BPM.26R3.B2 7900.780719 -0.00258668161704 0.0095297172014 -8.67184203533e-06 2.45230150469e-05
BPM.27R3.B2 7954.232203 -0.00334737952676 0.00928985909836 2.46186327917e-05 8.39653455749e-06
BPM.28R3.B2 8007.683687 -0.00129960191282 0.00977338860701 7.60074504666e-06 -7.24467592096e-05
BPM.29R3.B2 8061.135171 -0.00208424680754 0.00963659718074 -7.25273619544e-05 -6.78862244626e-06
BPM.30R3.B2 8114.586655 -3.86546234602e-05 0.00985934053594 -4.60661058829e-06 7.26985760394e-05
BPM.31R3.B2 8168.03814 -0.000834233211165 0.00982405949313 7.27456256902e-05 3.79180110246e-06
BPM.32R3.B2 8221.489624 0.00122294132451 0.00978327677725 1.60460932207e-06 -7.28267071216e-05
BPM.33R3.B2 8274.941108 0.000429270145319 0.00985006685952 -7.28401125301e-05 -7.88510485411e-07
BPM.34R3.B2 8328.392592 0.00246443637672 0.00954644663274 1.40030479179e-06 7.28309225787e-05
BPM.33L4.B2 8381.844076 0.00168594007585 0.00971420074179 7.28106641528e-05 -2.21611273272e-06
BPM.32L4.B2 8435.29556 0.00366542998502 0.00915274347225 -4.4024426301e-06 -7.27112282461e-05
BPM.31L4.B2 8488.747044 0.00291469049353 0.00941874032492 -7.26573239597e-05 5.21698572064e-06
BPM.30L4.B2 8542.198528 0.00480620163213 0.00860863031123 7.39768974648e-06 7.24677776516e-05
BPM.29L4.B2 8595.650012 0.00409574638319 0.00896844198055 7.23803668463e-05 -8.20893431122e-06
BPM.28L4.B2 8649.101496 0.00586797738203 0.00792306326023 -1.03795637766e-05 -7.21011018251e-05
BPM.27L4.B2 8702.55298 0.00520931496275 0.00837084987408 -7.19802383622e-05 1.11870043529e-05
BPM.26L4.B2 8756.004465 0.00688007313045 0.00709838622135 1.32922264727e-05 2.40247027261e-05
BPM.25L4.B2 8809.455949 0.00628470980042 0.00763052527248 2.38742934793e-05 -1.35605214583e-05
BPM.24L4.B2 8862.907433 0.00773160874197 0.0061599285368 -1.42716436008e-05 -2.34561244534e-05
BPM.23L4.B2 8916.358917 0.00720920250837 0.00676386667998 -2.32947238155e-05 1.45336089733e-05
BPM.22L4.B2 8969.810401 0.00850285131694 0.0051113278629 1.51746890203e-05 -2.47396601092e-05
BPM.21L4.B2 9023.261885 0.00806255697684 0.00578094525905 -2.4908135897e-05 -1.48965375237e-05
BPM.20L4.B2 9076.713369 0.00908686016552 0.00398159834389 -1.41414156995e-05 2.53444785413e-05
BPM.19L4.B2 9130.164853 0.00873585933426 0.00470201178108 2.55013110334e-05 1.38565952631e-05
BPM.18L4.B2 9183.616337 0.00952155419279 0.00278642401333 1.30842647557e-05 -2.59060637223e-05
BPM.17L4.B2 9237.067821 0.00926558972154 0.00354584266047 -2.60510530609e-05 -1.27931594295e-05
BPM.16L4.B2 9290.519306 0.0097997790156 0.00154547221694 -1.20046428027e-05 2.64236690641e-05
BPM.15L4.B2 9343.97079 0.00964307094975 0.00233138064667 2.65565034688e-05 1.17078742909e-05
BPM.14L4.B2 9397.422274 0.00991696760098 0.000279117693325 1.09048311869e-05 -2.68962206253e-05
BPM.13L4.B2 9450.873758 0.00986208516729 0.00107862376474 -2.70167308237e-05 -1.06027617587e-05
BPM.12L4.B2 9504.325242 0.00972254371116 -0.00197390396502 -1.13115046734e-05 2.67277401321e-05
BPM.11L4.B2 9557.776726 0.00978689947658 -0.00162503898019 2.4505918946e-05 1.55493461248e-05
BPMC.10L4.B2 9609.617415 0.00950987752879 -0.00282601883705 1.8815277713e-05 -2.20976762897e-05
BPMC.9L4.B2 9648.684405 0.00920496058085 -0.00370038561964 -1.82556526908e-05 -2.25622097244e-05
BPMC.8L4.B2 9689.149394 0.00761221131549 -0.00636226311681 -3.03468151876e-06 2.88636921642e-05
BPMC.7L4.B2 9728.215384 0.00977269350836 0.00170839535195 2.90226621742e-05 8.61263163534e-08
BPMYA.6L4.B2 9824.819384 0.0099177266701 0.000250700644434 8.26796898202e-06 -2.7820187847e-05
BPMYB.5L4.B2 9861.819384 0.00991725895458 0.000268565211293 4.7687818164e-07 -2.9018866088e-05
BPMWA.B5L4.B2 9964.209884 0.00869243030996 -0.00478182061091 -2.48473730037e-05 -1.49976796927e-05
BPMWA.A5L4.B2 9973.094884 0.00851688740005 -0.00508790546862 -2.61418990939e-05 -1.26064799293e-05
BPMWA.A5R4.B2 10021.14388 0.00788783816864 -0.00601715564737 -2.90152724349e-05 6.60503208696e-07
BPMWA.B5R4.B2 10030.02888 0.00785042392701 -0.00606588799839 -2.88672713024e-05 3.00048344691e-06
BPMYA.5R4.B2 10132.49538 0.00872958238111 -0.0047136550587 -1.74404007197e-05 2.31981792072e-05
BPMYB.6R4.B2 10164.05938 0.00860813723308 -0.00493194945841 -1.2028613723e-05 2.64128034828e-05
BPMCA.7R4.B2 10260.57538 0.00978349535923 -0.00164540925805 2.75835359275e-05 9.02610916157e-06
BPMC.8R4.B2 10298.36637 0.0098685902651 0.00101738845253 7.25241316893e-06 -2.81020468108e-05
BPMC.9R4.B2 10337.43336 0.00816940469064 -0.00562894129246 -2.87103505543e-05 4.24711665627e-06
BPMC.10R4.B2 10377.89835 0.00794283467426 -0.00594436963937 -3.61351373109e-06 2.87969587702e-05
BPM.11R4.B2 10429.73904 0.00552417997801 -0.00824060608456 2.83505333108e-05 6.21042411799e-06
BPM.12R4.B2 10484.46553 0.00523211956054 -0.00842906151324 7.55466808527e-06 -2.80222970334e-05
BPM.13R4.B2 10537.91701 0.00335176434408 -0.00933754940331 -2.82458467984e-05 -6.6704179449e-06
BPM.14R4.B2 10591.36849 0.00409449181046 -0.00903655298493 -6.35350565379e-06 2.83188149791e-05
BPM.15R4.B2 10644.81998 0.00212974301004 -0.00968959998033 2.84969112032e-05 5.4998673058e-06
BPM.16R4.B2 10698.27146 0.00290483961933 -0.0094860982432 5.1802675369e-06 -2.85567325701e-05
BPM.17R4.B2 10751.72295 0.000872638883265 -0.00988244172494 -2.86994765797e-05 -4.3199678945e-06
BPM.18R4.B2 10805.17443 0.00166744041875 -0.0097797645947 -3.99814108794e-06 2.87460770302e-05
BPM.19R4.B2 10858.62591 -0.000398713602343 -0.00991287952732 2.8853218611e-05 3.13271152133e-06
BPM.20R4.B2 10912.0774 0.000402650299993 -0.0099127204033 2.8092458232e-06 -2.88865081192e-05
BPM.21R4.B2 10965.52888 -0.00166360619175 -0.00978041755114 -2.8957871217e-05 -1.94013432576e-06
BPM.22R4.B2 11018.98037 -0.000868762942342 -0.00988278321213 -1.61556782646e-06 2.89777864851e-05
BPM.23R4.B2 11072.43185 -0.00290107160364 -0.00948725127179 2.90132379957e-05 7.44243337219e-07
BPM.24R4.B2 11125.88333 -0.00216986766003 -0.00969323550002 -2.52817610704e-07 1.50642698922e-05
BPM.25R4.B2 11179.33482 -0.00413451143415 -0.00903177475709 1.5065065394e-05 -1.99880505328e-07
BPM.26R4.B2 11232.7863 -0.00339206296629 -0.00933600819131 -3.6865981864e-07 -1.50618808087e-05
BPM.27R4.B2 11286.23779 -0.00525596404074 -0.00842864058494 -1.50440057082e-05 8.20996502629e-07
BPM.28R4.B2 11339.68927 -0.00460249766697 -0.00882816506461 3.174246233e-07 5.91180973283e-05
BPM.29R4.B2 11393.14075 -0.00633459542702 -0.00768064996754 5.90818709717e-05 -2.09351148982e-06
BPM.30R4.B2 11446.59224 -0.00569404180938 -0.00816684584579 -2.75548406516e-06 -5.9054699319e-05
BPM.31R4.B2 11500.04372 -0.00726515550123 -0.00680712852078 -5.89452671856e-05 4.5282800989e-06
BPM.32R4.B2 11553.49521 -0.00669201246431 -0.00737132636311 5.188249222e-06 5.88908505485e-05
BPM.33R4.B2 11606.94669 -0.00807624149077 -0.00582183876145 5.87083707745e-05 -6.95538960319e-06
BPM.34R4.B2 11660.39818 -0.00758002289037 -0.00645466777994 -7.61290191152e-06 -5.86267328157e-05
BPM.33L5.B2 11713.84966 -0.00875467689063 -0.00474079272908 -5.83715878067e-05 9.37057465094e-06
BPM.32L5.B2 11767.30114 -0.00834346287496 -0.00543195273332 1.00237970873e-05 5.82629660553e-05
BPM.31L5.B2 11820.75263 -0.00928920532475 -0.00358191955294 5.79354650692e-05 -1.17699455798e-05
BPM.30L5.B2 11874.20411 -0.00896980598021 -0.00431996109983 -1.24185075101e-05 -5.77999214185e-05
BPM.29L5.B2 11927.6556 -0.0096711118389 -0.0023641232963 -5.74008058051e-05 1.41491111508e-05
BPM.28L5.B2 11981.10708 -0.0094487426259 -0.00313699633171 1.47911616688e-05 5.72387270094e-05
BPM.27L5.B2 12034.55856 -0.00989408307196 -0.00110752126598 5.67684246666e-05 -1.6504445207e-05
BPM.26L5.B2 12088.01005 -0.00981643344062 -0.00190525387195 -1.78114152941e-05 -1.24958205519e-05
BPM.25L5.B2 12141.46153 -0.00999810890135 0.000173713055388 -1.1955100968e-05 1.81787715635e-05
BPM.24L5.B2 12194.91302 -0.0099795105329 -0.000633819634676 1.83115787067e-05 1.17506620878e-05
BPM.23L5.B2 12248.3645 -0.00989373800626 0.00145131184955 1.11951797681e-05 -1.86563704775e-05
BPM.22L5.B2 12301.81598 -0.010022616783 0.000645262821366 -1.94527561683e-05 3.30990794261e-05
BPM.21L5.B2 12355.26747 -0.00967041994989 0.00271149209085 3.36685860421e-05 1.8449522114e-05
BPM.20L5.B2 12408.71895 -0.00985772032699 0.00192212415721 1.80710024688e-05 -3.38732585624e-05
BPM.19L5.B2 12462.17044 -0.00924409922093 0.00392630117452 -3.44008575646e-05 -1.70452281482e-05
BPM.18L5.B2 12515.62192 -0.00953083580218 0.00316739328098 -1.66588644163e-05 3.45896045288e-05
BPM.17L5.B2 12569.07341 -0.00866585356711 0.00507663207823 3.50745076509e-05 1.56120989652e-05
BPM.16L5.B2 12622.52489 -0.00904732924128 0.00436062437594 1.52180199163e-05 -3.52472709589e-05
BPM.15L5.B2 12675.97637 -0.00794523462024 0.00614348908546 -3.56885425402e-05 -1.4152262096e-05
BPM.14L5.B2 12729.42786 -0.00841515688032 0.00548218441172 -1.37516328186e-05 3.58448195901e-05
BPM.13L5.B2 12782.87934 -0.00709400866473 0.00710944810996 3.62418060519e-05 1.26684704491e-05
BPM.12L5.B2 12836.33083 -0.00845487293947 0.00542073195769 1.51391495317e-05 -3.52812175704e-05
BPM.11L5.B2 12889.78231 -0.0088968373812 0.00465998883683 -3.48708935168e-05 -1.60617418034e-05
BPM.10L5.B2 12942.565 -0.00917838448825 0.00407755679727 -1.00690682967e-05 3.70482362766e-05
BPM.9L5.B2 12981.63199 -0.00807418045521 0.00597300772623 3.64963659067e-05 1.19152790541e-05
BPM.8L5.B2 13022.09698 -0.00992496769231 -0.00153760450477 -8.27688144079e-06 -3.7489354018e-05
BPM.7L5.B2 13061.16497 -0.0096423609174 0.00280964184241 -3.80514502541e-05 5.10348523803e-06
BPMR.6L5.B2 13098.05897 -0.00925449453377 0.00390173579748 -8.6033464828e-06 3.74157875246e-05
BPMWT.B6L5.B2 13109.36897 -0.00624559588302 0.00786522367099 1.4969934158e-05 3.53533540767e-05
BPMWT.A6L5.B2 13115.19097 -0.00425425966076 0.00909782864506 2.45713196102e-05 2.94993021705e-05
BPM.5L5.B2 13129.95897 -0.000826280216637 0.010009319273 3.56675433256e-05 1.42050889673e-05
BPMYA.4L5.B2 13157.36497 0.00217396435208 0.00980525829902 3.8228416247e-05 -3.54213938044e-06
BPMWB.4L5.B2 13178.42347 0.00335191382891 0.00946751736317 3.6796081142e-05 -1.09547738574e-05
BPMWT.B4L5.B2 13178.89297 0.00336624967588 0.00946242962675 3.67614951205e-05 -1.10702774697e-05
BPMWT.A4L5.B2 13180.87497 0.00342311702361 0.00944200620493 3.66160667874e-05 -1.15422037851e-05
BPMSY.4L5.B2 13271.27947 0.00367207352449 0.00934799910757 3.13433224147e-05 -2.21710390681e-05
BPMS.2L5.B2 13298.06497 0.00379592248718 0.00929839668606 2.98223197399e-05 -2.41780234769e-05
BPMSW.1L5.B2 13308.11897 0.00384816220486 0.00927689923264 2.86925397547e-05 -2.5508792546e-05
BPMSW.1R5.B2 13351.06897 0.00384816642551 0.00927689748345 3.46070477361e-05 -1.66226811244e-05
BPMS.2R5.B2 13361.12297 0.00379592543738 0.00929839558321 3.38153650954e-05 -1.81788519676e-05
BPMSY.4R5.B2 13387.90847 0.00367207438403 0.00934799877465 3.25511080823e-05 -2.03564069192e-05
BPMWB.4R5.B2 13480.76447 0.00335187933801 0.00946752957343 2.43087714911e-05 -2.9716034038e-05
BPMYA.4R5.B2 13501.82097 0.00217403441288 0.0098052427661 1.80241256203e-05 -3.38982200468e-05
BPMR.5R5.B2 13522.93897 -2.051914442e-05 0.010043345575 5.81428388452e-06 -3.79493468107e-05
BPM.6R5.B2 13554.83897 -0.00787856778471 0.00622875436907 -3.34640261981e-05 -1.88180116644e-05
BPMRA.7R5.B2 13588.85297 -0.00994941866854 0.00137050337101 -2.8384135511e-05 2.58514915109e-05
BPM.8R5.B2 13630.28998 -0.00996607506866 0.00124360728279 2.03014907018e-05 3.25853971799e-05
BPM.9R5.B2 13669.35499 -0.00945527010943 0.00338630750245 2.83166032463e-05 -2.59254403464e-05
BPM.10R5.B2 13709.818 -0.00749144907156 0.00668934990286 -3.23155059412e-05 -2.07283992025e-05
BPM.11R5.B2 13762.59871 -0.00991283267864 0.00161398871381 -9.62095572082e-06 3.7167130361e-05
BPM.12R5.B2 13817.32223 -0.00890673708853 0.00464103929647 3.66199093178e-05 1.15299921548e-05
BPM.13R5.B2 13870.77074 -0.00866869794477 0.00507177359067 1.44429593815e-05 -3.55718886763e-05
BPM.14R5.B2 13924.21926 -0.00742720137334 0.00676061321512 -3.59884114661e-05 -1.33713410431e-05
BPM.15R5.B2 13977.66777 -0.00794853735545 0.0061392153586 -1.29715225184e-05 3.61344427986e-05
BPM.16R5.B2 14031.11629 -0.0065013364599 0.00765518357267 3.65064656514e-05 1.18842963062e-05
BPM.17R5.B2 14084.56481 -0.00709790419251 0.00710555890846 1.14786163084e-05 -3.66360469057e-05
BPM.18R5.B2 14138.01332 -0.00546871840779 0.00842391419119 -3.69631310088e-05 -1.03771699268e-05
BPM.19R5.B2 14191.46184 -0.00613065991401 0.00795513798443 -9.96670327517e-06 3.70759135491e-05
BPM.20R5.B2 14244.91035 -0.00434615978921 0.0090542866318 3.73575873052e-05 8.85265216377e-06
BPM.21R5.B2 14298.35887 -0.00506266868937 0.00867401851037 8.43774992693e-06 -3.74534780922e-05
BPM.22R5.B2 14351.80738 -0.0031522880544 0.00953584245601 -3.7689198376e-05 -7.3131915649e-06
BPM.23R5.B2 14405.2559 -0.00391150767667 0.0092503685905 -6.89482720773e-06 3.77679785962e-05
BPM.24R5.B2 14458.70442 -0.00186040795427 0.00985192876865 3.79111170742e-05 -4.12092789125e-05
BPM.25R5.B2 14512.15293 -0.0026494336781 0.00966964939674 -4.16271831804e-05 -3.74517716289e-05
BPM.26R5.B2 14565.60145 -0.000584929270971 0.0100089697757 -3.61893125129e-05 4.27292789584e-05
BPM.27R5.B2 14619.04996 -0.00139066176004 0.00992913279813 4.31279748016e-05 3.57132398223e-05
BPM.28R5.B2 14672.49848 0.000746375174754 0.00999275272419 3.43604287486e-05 -9.11480415707e-05
BPM.29R5.B2 14725.947 -6.25574248951e-05 0.0100203926806 -9.15235120825e-05 -3.33474441446e-05
BPM.30R5.B2 14779.39551 0.00201846055505 0.00981519229892 -3.05934493029e-05 9.24805150699e-05
BPM.31R5.B2 14832.84403 0.00121990924301 0.00994605471206 9.28140678287e-05 2.95660966549e-05
BPM.32R5.B2 14886.29254 0.00325747472867 0.00947634113215 2.67755720156e-05 -9.36572083844e-05
BPM.33R5.B2 14939.74106 0.00248203651837 0.00970833032155 -9.39484387313e-05 -2.57350922839e-05
BPM.34R5.B2 14993.18958 0.00444288877329 0.00898181063678 -2.29117001248e-05 9.46765981096e-05
BPM.33L6.B2 15046.63809 0.00370366625853 0.00931101708482 9.49248001192e-05 2.18606200619e-05
BPM.32L6.B2 15100.08661 0.00555536167629 0.00833967263097 1.90105931886e-05 -9.55363945222e-05
BPM.31L6.B2 15153.53512 0.00486417702108 0.00876081987128 -9.57414059322e-05 -1.79495905889e-05
BPM.30L6.B2 15206.98364 0.00657651203447 0.00756053386715 -1.5075847998e-05 9.62357648718e-05
BPM.29L6.B2 15260.43215 0.00594500124541 0.0080665446811 9.63969788682e-05 1.40081207519e-05
BPM.28L6.B2 15313.88067 0.00748963295873 0.00665714511104 1.11177153744e-05 -9.67729367821e-05
BPM.27L6.B2 15367.32919 0.0069279418971 0.00723987596233 -9.68903307738e-05 -1.00433163625e-05
BPM.26L6.B2 15420.7777 0.00832580900396 0.00563561164831 -7.18527328545e-06 5.01770549136e-05
BPM.25L6.B2 15474.22622 0.00784389067892 0.00628908524778 5.02536329492e-05 6.62853329752e-06
BPM.24L6.B2 15527.67473 0.0089783158823 0.00452427430711 5.12187813587e-06 -5.0429469657e-05
BPM.23L6.B2 15581.12325 0.00858392126676 0.00523407202081 -5.04831927439e-05 -4.56213671718e-06
BPM.22L6.B2 15634.57177 0.00952944370444 0.00332982078505 -3.09552335984e-06 3.62627048082e-06
BPM.21L6.B2 15688.02028 0.00922965537351 0.00408796593314 3.66037538761e-06 3.0551188874e-06
BPM.20L6.B2 15741.4688 0.0098771044834 0.00208346125733 2.94421141806e-06 -3.75015957038e-06
BPM.19L6.B2 15794.91731 0.00967675929981 0.00287373158742 -3.78257666558e-06 -2.90244727025e-06
BPM.18L6.B2 15848.36583 0.0100624748837 0.000802871742423 -2.78794077446e-06 3.86774720056e-06
BPM.17L6.B2 15901.81435 0.00996486709118 0.00161227406197 3.89842321025e-06 2.74488266409e-06
BPM.16L6.B2 15955.26286 0.010082510072 -0.000490911840331 2.62699281638e-06 -3.97882357262e-06
BPM.15L6.B2 16008.71138 0.0100892425093 0.000324329075042 -4.00771109986e-06 -2.58269987992e-06
BPM.14L6.B2 16062.15989 0.00993688062312 -0.0017766280547 -2.46161361947e-06 4.08321180369e-06
BPM.13L6.B2 16115.60841 0.0100478428515 -0.000968946745858 4.1102501114e-06 2.41617893266e-06
BPM.12L6.B2 16169.05693 0.00958144573319 -0.00317709009386 2.32941050686e-06 -4.1600367374e-06
BPM.11L6.B2 16222.50544 0.00998234548162 -0.00150026079151 -3.98438587599e-06 -2.61854550164e-06
BPM.10L6.B2 16274.34415 0.00957409254414 -0.00319918047817 -3.28664238946e-06 3.45398165723e-06
BPM.9L6.B2 16313.40916 0.00904460429884 -0.00448253687719 2.08725820342e-06 4.28666100698e-06
BPM.8L6.B2 16353.87217 0.00512132729045 -0.00869885110366 3.17621703847e-06 -3.55579333986e-06
BPMYB.5L6.B2 16450.96018 0.0100407148399 -0.00104021601232 -4.69435578446e-06 8.33719333497e-07
BPMYA.4L6.B2 16487.36018 0.00999217235179 -0.0014333512835 -4.37346794751e-06 1.89859390823e-06
BPMSB.B4L6.B2 16518.13068 0.0100902043346 -0.000292882749485 -3.83040963363e-06 2.83902438504e-06
BPMSB.A4L6.B2 16518.76568 0.0100909370895 -0.000266444077451 -3.81554981391e-06 2.85896879265e-06
BPMSA.4L6.B2 16615.57568 0.00930518700759 0.00391299099707 2.57713101636e-07 4.76084875255e-06
BPMSE.4R6.B2 16707.14568 0.00918209976067 0.00419369142861 4.14629904541e-06 2.3537832361e-06
BPMSA.A4R6.B2 16803.82068 0.010075346771 0.000620798870874 4.38668545852e-06 -1.8679128914e-06
BPMSA.B4R6.B2 16804.40568 0.0100767236828 0.00059803314198 4.37810322381e-06 -1.88793584236e-06
BPMYB.4R6.B2 16830.96018 0.0100876826175 -0.000369679913237 3.93749769169e-06 -2.68853573382e-06
BPMYA.5R6.B2 16867.36018 0.0100835070738 -0.000469988476921 3.271923262e-06 -3.46795275425e-06
BPM.8R6.B2 16963.08519 0.00886145120293 -0.00483453062612 -3.91883939869e-06 -2.71565908402e-06
BPM.9R6.B2 17002.1502 0.00321682071411 -0.00956817998901 -2.27323830434e-06 4.19099950504e-06
BPM.10R6.B2 17042.61322 0.00123488378237 -0.0100186359282 3.40282298384e-06 3.33959820358e-06
BPM.11R6.B2 17094.45193 -0.00139877865857 -0.0099970706761 2.87552262179e-06 -3.8030827658e-06
BPM.12R6.B2 17149.17544 0.000759425229973 -0.0100658470649 -4.15801736177e-06 -2.33301830695e-06
BPM.13R6.B2 17202.62396 -0.00136033803438 -0.0100023739316 -2.20295331021e-06 4.22836890281e-06
BPM.14R6.B2 17256.07247 -0.000548726136925 -0.010079528928 4.25253813062e-06 2.15592881274e-06
BPM.15R6.B2 17309.52099 -0.00262866098722 -0.00974618618784 2.0277024097e-06 -4.31515025218e-06
BPM.16R6.B2 17362.96951 -0.00183359464476 -0.00992652680815 -4.33736941351e-06 -1.9797239621e-06
BPM.17R6.B2 17416.41802 -0.00385379450645 -0.00932985914756 -1.84903767897e-06 4.39467366832e-06
BPM.18R6.B2 17469.86654 -0.00308831929183 -0.0096104259919 4.41490776265e-06 1.80018611866e-06
BPM.19R6.B2 17523.31505 -0.00501560336435 -0.0087602355386 1.66726068748e-06 -4.46680346673e-06
BPM.20R6.B2 17576.76357 -0.00429231568347 -0.0091364123086 -4.48502117281e-06 -1.61762249557e-06
BPM.21R6.B2 17630.21209 -0.00609500398014 -0.00804667199953 -1.4826812926e-06 4.5314186262e-06
BPM.22R6.B2 17683.6606 -0.00542577108182 -0.00851228594194 4.54758601092e-06 1.43233662612e-06
BPM.23R6.B2 17737.10912 -0.00707425636443 -0.00720089581994 1.29560549725e-06 -4.58841489556e-06
BPM.24R6.B2 17790.55763 -0.00647268081607 -0.00774845225996 -4.6423826823e-06 1.35268952011e-06
BPM.25R6.B2 17844.00615 -0.00793984248278 -0.00623642612133 1.49100599351e-06 4.59981908677e-06
BPM.26R6.B2 17897.45466 -0.00741067838996 -0.00685681815665 4.58299931728e-06 -1.54192962161e-06
BPM.27R6.B2 17950.90318 -0.00867237463273 -0.00516952875851 -1.67838792647e-06 -4.53480663639e-06
BPM.28R6.B2 18004.3517 -0.00822951317869 -0.00585267628063 -4.55579678239e-06 4.32590384184e-06
BPM.29R6.B2 18057.80021 -0.0092649801691 -0.00401731866782 4.46030222107e-06 4.4243041953e-06
BPM.30R6.B2 18111.24873 -0.00891057309251 -0.00475188320172 4.37456085968e-06 -4.50909808625e-06
BPM.31R6.B2 18164.69724 -0.00970275836174 -0.00279914040238 -4.63799046025e-06 -4.23766351189e-06
BPM.32R6.B2 18218.14576 -0.00944522874443 -0.00357300444169 -4.18597268798e-06 4.68469393765e-06
BPM.33R6.B2 18271.59428 -0.00998111027041 -0.00153497379907 4.80786688211e-06 4.04390682939e-06
BPM.34R6.B2 18325.04279 -0.00982468820674 -0.00233542467592 3.99033597427e-06 -4.85242101413e-06
BPM.33L7.B2 18378.49131 -0.0100954640917 -0.000245584125114 -4.9696619323e-06 -3.8433334732e-06
BPM.32L7.B2 18431.93982 -0.0100427206008 -0.00105946673129 -3.78799135353e-06 5.01197905524e-06
BPM.31L7.B2 18485.38834 -0.0100439402769 0.00104784089546 5.12308913508e-06 3.63630510781e-06
BPM.30L7.B2 18538.83686 -0.0100957416556 0.000233895814188 3.57926399641e-06 -5.16310030026e-06
BPM.29L7.B2 18592.28537 -0.00982738598549 0.00232404636279 -5.26790563551e-06 -3.4231491058e-06
BPM.28L7.B2 18645.73389 -0.00998288072254 0.0015234169677 -3.36452389869e-06 5.30553903119e-06
BPM.27L7.B2 18699.1824 -0.00944935762132 0.00356207065846 5.40385214654e-06 3.2042386674e-06
BPM.26L7.B2 18752.63092 -0.00970858534044 0.00278774402938 3.1042314944e-06 -2.84172658767e-06
BPM.25L7.B2 18806.07943 -0.00891864084409 0.00474193963814 -2.93334609274e-06 -3.0178052924e-06
BPM.24L7.B2 18859.52795 -0.00927221848439 0.00400675809888 -2.98509064612e-06 2.9666388049e-06
BPM.23L7.B2 18912.97647 -0.0082387815873 0.00584385351893 3.0546346755e-06 2.89497227005e-06
BPM.22L7.B2 18966.42498 -0.00868609247106 0.00515977733038 2.82103558394e-06 -4.89226473101e-07
BPM.21L7.B2 19019.8735 -0.00742612531752 0.00685012169863 -5.73427564171e-07 -2.80513262548e-06
BPM.20L7.B2 19073.32201 -0.00795469736817 0.00622850658969 -2.79860390887e-06 6.04500527098e-07
BPM.19L7.B2 19126.77053 -0.00648885063574 0.0077437924785 6.8797970973e-07 2.77925763797e-06
BPM.18L7.B2 19180.21905 -0.00709259679548 0.00719489924293 2.77146302752e-06 -7.18760516633e-07
BPM.17L7.B2 19233.66756 -0.00544496179209 0.00851022300629 -8.01378695314e-07 -2.74870540256e-06
BPM.16L7.B2 19287.11608 -0.00611396226571 0.00804306968329 -2.73964634899e-06 8.31812756451e-07
BPM.15L7.B2 19340.56459 -0.00431160298929 0.00913682571731 9.13419527186e-07 2.71353036301e-06
BPM.14L7.B2 19394.01311 -0.00503486509938 0.00875908887877 2.70323294546e-06 -9.43458158262e-07
BPM.13L7.B2 19447.46163 -0.00310740600008 0.00961329977058 -1.02393363033e-06 -2.6737876801e-06
BPM.12L7.B2 19500.91014 -0.00407019891584 0.00924689057701 -2.67618248973e-06 1.01765899913e-06
BPM.11L7.B2 19554.35866 -0.00183694756603 0.00993464283106 9.77617985112e-07 2.69107035704e-06
BPM.10L7.B2 19607.13937 -0.00178557313071 0.00994400488218 2.73207620482e-06 -8.56351705507e-07
BPM.9L7.B2 19646.20438 0.00216077088919 0.00986927422321 2.22306995608e-07 -2.85449705885e-06
BPM.8L7.B2 19686.66739 0.00546044870537 0.00850029437577 -2.80988609231e-06 -5.49641444454e-07
BPM.7L7.B2 19725.7314 0.00959235714721 0.00317146477516 -7.8078980165e-07 2.75462825776e-06
BPMR.6L7.B2 19760.5494 0.009552550608 0.00328941961705 1.40030539905e-06 2.49734770677e-06
BPMWC.6L7.B2 19772.7279 0.00992157688763 0.00190625721378 2.04410590423e-06 2.00479625155e-06
BPMWE.5L7.B2 19849.7819 0.00764008394948 0.00661064458217 1.90791911967e-06 -2.13481593496e-06
BPMW.5L7.B2 19872.9869 0.00517819976144 0.00867512258011 7.88697985446e-07 -2.75236879462e-06
BPMWE.4L7.B2 19908.0719 0.00519251610011 0.00866656108852 -3.81183103369e-07 -2.83765437185e-06
BPMW.4L7.B2 19936.1769 0.00817657167927 0.00593423795232 -1.81707991001e-06 -2.21265159123e-06
BPMW.4R7.B2 20052.2239 0.00933297096411 0.00386874108159 -9.16414808839e-07 2.71251881928e-06
BPMWE.4R7.B2 20080.3289 0.00736039093865 0.00692070442592 5.76316315774e-07 2.80454474513e-06
BPMW.5R7.B2 20115.4139 0.00766985384863 0.00657608139232 1.80467311255e-06 2.22277821986e-06
BPMWE.5R7.B2 20138.6189 0.00995646683089 0.00171472236866 2.80201625603e-06 5.88464279513e-07
BPM.6R7.B2 20217.7584 0.00959446066328 -0.00316509543365 -3.61949730723e-07 -2.84017018784e-06
BPM_A.7R7.B2 20255.7944 0.0101006132936 0.000221620525914 -2.32265721799e-06 -1.67416727031e-06
BPM.8R7.B2 20294.85841 0.0100983026888 0.000309495315988 -2.71915613199e-06 8.96527300756e-07
BPM.9R7.B2 20333.92342 0.00878117901971 -0.00499623854143 8.01626181247e-07 2.74863274237e-06
BPM.10R7.B2 20374.38643 0.00541983135374 -0.00852624962169 2.81806310474e-06 -5.06080328224e-07
BPM.11R7.B2 20427.16714 0.00567648344679 -0.00835757381935 -1.19324749762e-07 -2.86065391209e-06
BPM.12R7.B2 20481.89066 0.00451580700466 -0.00903764303459 -2.85971735117e-06 1.39977427768e-07
BPM.13R7.B2 20535.33917 0.00531837063965 -0.00858990327083 1.9326162024e-07 2.85661867572e-06
BPM.14R7.B2 20588.78769 0.00341986797052 -0.00950662966519 2.84955435427e-06 -2.78656849075e-07
BPM.15R7.B2 20642.23621 0.00417587803179 -0.00919964929847 -3.10242198678e-07 -2.84628656673e-06
BPM.16R7.B2 20695.68472 0.00217568443036 -0.00986599725258 -2.83572143976e-06 3.95279117042e-07
BPM.17R7.B2 20749.13324 0.00296475892046 -0.00965824565526 4.2670630284e-07 2.83116683655e-06
BPM.18R7.B2 20802.58175 0.000895761454805 -0.0100632557324 2.81713039678e-06 -5.11237531297e-07
BPM.19R7.B2 20856.03027 0.00170492164263 -0.00995814976557 -5.42443103111e-07 -2.81128802914e-06
BPM.20R7.B2 20909.47879 -0.000398889106896 -0.0100951667645 -2.79379655425e-06 6.26334433366e-07
BPM.21R7.B2 20962.9273 0.000417076125223 -0.0100944317339 6.57277533956e-07 2.78667686941e-06
BPM.22R7.B2 21016.37582 -0.00168697603365 -0.00996120556757 2.76575807945e-06 -7.40380272223e-07
BPM.23R7.B2 21069.82433 -0.000877627975567 -0.0100648533847 -7.71004055505e-07 -2.75738036932e-06
BPM.24R7.B2 21123.27285 -0.00298590952456 -0.00965621493881 -2.69448680946e-06 4.01358531649e-05
BPM.25R7.B2 21176.72137 -0.00219689899804 -0.00986568687096 4.01632739546e-05 2.24918487163e-06
BPM.26R7.B2 21230.16988 -0.00419659416662 -0.0091949301317 1.04619798571e-06 -4.02125881835e-05
BPM.27R7.B2 21283.6184 -0.00344092508963 -0.00950358759465 -4.02217182423e-05 -6.00243269757e-07
BPM.28R7.B2 21337.06691 -0.00537689235369 -0.0085752164439 6.4205040982e-07 7.95044836365e-05
BPM.29R7.B2 21390.51543 -0.00466730082355 -0.00898118096245 7.94924714601e-05 -1.52398027834e-06
BPM.30R7.B2 21443.96394 -0.0064296580648 -0.00781695628611 -3.90249400182e-06 -7.94112465152e-05
BPM.31R7.B2 21497.41246 -0.00577791784913 -0.00831029324365 -7.9363109003e-05 4.78256565738e-06
BPM.32R7.B2 21550.86098 -0.00737677265092 -0.00693026217197 7.15508260997e-06 7.91844708209e-05
BPM.33R7.B2 21604.30949 -0.00679342169187 -0.00750298142221 7.9100211891e-05 -8.03319461502e-06
BPM.34R7.B2 21657.75801 -0.00820268981192 -0.00592968703729 -1.03971138564e-05 -7.88243353094e-05
BPM.33L8.B2 21711.20652 -0.00769744794678 -0.00657226015874 -7.87042451216e-05 1.12701493992e-05
BPM.32L8.B2 21764.65504 -0.00889381902024 -0.00483169656866 1.36200138842e-05 7.83318004326e-05
BPM.31L8.B2 21818.10356 -0.00847488718216 -0.00553367831608 7.81758398871e-05 -1.44883792168e-05
BPM.30L8.B2 21871.55207 -0.00943882405623 -0.00365430005766 -1.68217513149e-05 -7.77071653729e-05
BPM.29L8.B2 21925.00059 -0.00911315563039 -0.00440405528109 -7.75159671996e-05 1.76819159521e-05
BPM.28L8.B2 21978.4491 -0.00982873417373 -0.00241687671446 1.9993358818e-05 7.69521958564e-05
BPM.27L8.B2 22031.89762 -0.00960163596253 -0.00320217040364 7.67255844931e-05 -2.08461126777e-05
BPM.26L8.B2 22085.34614 -0.0100957530909 -0.00113237254703 -2.30943311149e-05 -3.67847692379e-05
BPM.25L8.B2 22138.79465 -0.00997144736094 -0.00194338249678 -3.652651064e-05 2.35006655407e-05
BPM.24L8.B2 22192.24317 -0.0101576645235 0.000168372869799 2.45831898994e-05 3.5806901074e-05
BPM.23L8.B2 22245.69168 -0.0101381233943 -0.000651883460843 3.55319528366e-05 -2.49789465689e-05
BPM.22L8.B2 22299.1402 -0.010091279527 0.00147371755751 -2.5992515736e-05 4.51436541773e-06
BPM.21L8.B2 22352.58871 -0.0101772936278 0.00065456879139 4.80229803498e-06 2.59408626515e-05
BPM.20L8.B2 22406.03723 -0.00981985543359 0.0027524907257 2.57855219688e-05 -5.57651515618e-06
BPM.19L8.B2 22459.48575 -0.0100099510343 0.00195106285148 -5.86216429299e-06 -2.57220804559e-05
BPM.18L8.B2 22512.93426 -0.00938708931757 0.00398601556021 -2.55351467556e-05 6.62923199611e-06
BPM.17L8.B2 22566.38278 -0.00967813449144 0.00321550597018 6.9119713277e-06 2.54600706097e-05
BPM.16L8.B2 22619.83129 -0.00880007138925 0.0051540769729 2.52417966624e-05 -7.67084404473e-06
BPM.15L8.B2 22673.27981 -0.0091873009978 0.00442710587253 -7.9503425742e-06 -2.51551665152e-05
BPM.14L8.B2 22726.72833 -0.00806848224074 0.00623741615515 -2.49059958623e-05 8.6995020649e-06
BPM.13L8.B2 22780.17684 -0.00854550558384 0.00556597702367 8.97514717577e-06 2.48080051897e-05
BPM.12L8.B2 22833.62536 -0.0065085126133 0.00785143486935 2.50024052533e-05 -8.41843673499e-06
BPM.11L8.B2 22887.07387 -0.00681397085007 0.00758785656426 -4.57848412189e-06 -2.59812912451e-05
BPM.10L8.B2 22938.91258 -0.00623644938201 0.00806922952036 -2.62860332588e-05 2.24388355964e-06
BPM.9L8.B2 22977.9776 -0.00686190430892 0.00754453678385 -2.64962009568e-06 2.62482363868e-05
BPM.8L8.B2 23018.44061 0.00332877743409 0.00963976175596 2.59519454448e-05 -4.74203781762e-06
BPM.7L8.B2 23057.50662 0.00350948650468 0.00957545144688 1.62573717938e-05 -2.07771136282e-05
BPM.6L8.B2 23089.97562 -0.0026691265405 0.00984284153517 -7.09408646345e-06 -2.54099252025e-05
BPMR.5L8.B2 23150.39462 0.00357130259283 0.00955256844367 2.58368981079e-05 5.33345895518e-06
BPMYB.4L8.B2 23171.16162 0.00516399541245 0.00879425480071 2.60457980558e-05 -4.19612562226e-06
BPMWB.4L8.B2 23195.62912 0.00470999276031 0.00904553669606 2.44770099654e-05 -9.84207658755e-06
BPMSX.4L8.B2 23245.78612 0.00489126128263 0.00894881718461 2.05555361079e-05 -1.65366421651e-05
BPMS.2L8.B2 23283.69762 0.00478035487485 0.00900855001376 1.72348203861e-05 -1.9973772473e-05
BPMSW.1L8.B2 23293.63162 0.00467911538948 0.00906154762838 1.54015933025e-05 -2.14192147078e-05
BPMSW.1R8.B2 23336.82162 0.00467912091952 0.00906154474261 2.43476270002e-05 -1.01578804081e-05
BPMS.2R8.B2 23346.75562 0.00478035852409 0.00900854803345 2.33541927896e-05 -1.22705185766e-05
BPMSX.4R8.B2 23384.66712 0.00489126059161 0.00894881755998 2.07573388527e-05 -1.62826042929e-05
BPMWI.4R8.B2 23434.90012 0.00471058579965 0.00904522787557 1.51107363256e-05 -2.16253500721e-05
BPMYB.4R8.B2 23459.29162 0.0051642223618 0.00879412152022 9.97834261303e-06 -2.44217653408e-05
BPMYB.5R8.B2 23479.86862 0.00366566462869 0.00951675727216 9.24333961077e-07 -2.63654286938e-05
BPMR.6R8.B2 23563.97662 -0.00257447543898 0.00986802118989 2.49281965832e-05 8.63575277123e-06
BPM_A.7R8.B2 23586.21662 9.78484909895e-05 0.0101978523032 2.6323884967e-05 -1.7444242892e-06
BPM.8R8.B2 23627.65561 0.00530592481669 0.00870935863187 1.05890045143e-05 -2.41632639207e-05
BPM.9R8.B2 23666.7226 0.00951284428602 0.00367580731489 -2.50344691606e-05 8.32262429183e-06
BPM.10R8.B2 23707.18758 0.00334903690238 0.00963274196473 1.81940735851e-05 1.91040840358e-05
BPM.11R8.B2 23759.02827 0.00571240492895 0.00844832503183 2.11194814996e-05 -1.58100531547e-05
BPM.12R8.B2 23813.75476 0.00600213152431 0.00824500958736 -1.54345864653e-05 -2.13954166564e-05
BPM.13R8.B2 23867.20624 0.00786187772985 0.00649589443118 -2.03922292585e-05 1.6737606431e-05
BPM.14R8.B2 23920.65773 0.00731199533964 0.00710918350121 1.69649434906e-05 2.02034904787e-05
BPM.15R8.B2 23974.10921 0.00862832732965 0.00543670244065 1.9684732698e-05 -1.75642178464e-05
BPM.16R8.B2 24027.56069 0.00816136193906 0.00611538528723 -1.77836565386e-05 -1.94867134254e-05
BPM.17R8.B2 24081.01218 0.00925292685812 0.00428825261267 -1.89435837241e-05 1.83611295185e-05
BPM.18R8.B2 24134.46366 0.0088766339898 0.00502106910014 1.85722248133e-05 1.8736671887e-05
BPM.19R8.B2 24187.91515 0.00972548721562 0.00306931008079 1.81702991911e-05 -1.91267027372e-05
BPM.20R8.B2 24241.36663 0.00944602487196 0.00384426586799 -1.93290825346e-05 -1.79548578082e-05
BPM.21R8.B2 24294.81811 0.0100382244667 0.0017999487508 -1.73659841245e-05 1.98598278704e-05
BPM.22R8.B2 24348.2696 0.00986019950874 0.00260427178691 2.00531526642e-05 1.71423884198e-05
BPM.23R8.B2 24401.72108 0.0101860084004 0.000500997772308 1.65322476069e-05 -2.05590631836e-05
BPM.24R8.B2 24455.17257 0.0100641465893 0.00131844734993 -2.14784879525e-05 3.19632372898e-05
BPM.25R8.B2 24508.62405 0.0101186312218 -0.000799157131357 3.25940707007e-05 2.05085381107e-05
BPM.26R8.B2 24562.07554 0.0101501204109 2.0139634306e-05 2.01422063726e-05 -3.28217198453e-05
BPM.27R8.B2 24615.52702 0.00993325725037 -0.0020870434513 -3.34120672693e-05 -1.91469981014e-05
BPM.28R8.B2 24668.9785 0.0100211073132 -0.0012815344877 -1.95064103941e-05 8.18880933407e-05
BPM.29R8.B2 24722.42999 0.00953689072108 -0.00333356232698 8.24370785555e-05 1.70378465966e-05
BPM.30R8.B2 24775.88147 0.00977482911612 -0.00255296653705 1.61137921406e-05 -8.26226687729e-05
BPM.31R8.B2 24829.33296 0.00903205597868 -0.00452624427403 -8.30695648476e-05 -1.36237932035e-05
BPM.32R8.B2 24882.78444 0.00936791931466 -0.00378246085255 -1.26916331379e-05 8.32170768525e-05
BPM.33R8.B2 24936.23592 0.00837885605832 -0.00564443916901 8.35607589426e-05 1.01862452199e-05
BPM.34R8.B2 24989.68741 0.00880707509445 -0.0049497828909 9.24994033614e-06 -8.3669573805e-05
BPM.33L1.B2 25043.13889 0.00758788135713 -0.0066700059211 -8.3909751197e-05 -6.73158141858e-06
BPM.32L1.B2 25096.59038 0.00810149832142 -0.00603578059843 -5.79054864096e-06 8.39799325587e-05
BPM.31L1.B2 25150.04186 0.00667233743933 -0.00758583123495 8.41159761309e-05 3.265342116e-06
BPM.30L1.B2 25203.49334 0.00726279878157 -0.00702258330722 2.32312936362e-06 -8.41472642634e-05
BPM.29L1.B2 25256.94483 0.00564699291487 -0.00837713515779 -8.41790726624e-05 2.06406531073e-07
BPM.28L1.B2 25310.39631 0.00630474711767 -0.00789399051446 1.14989009602e-06 8.41714769883e-05
BPM.27L1.B2 25363.8478 0.00452904174494 -0.00903065353639 8.40989505844e-05 -3.67779310005e-06
BPM.26L1.B2 25417.29928 0.00519494047398 -0.00863869526824 -5.35540948385e-06 -3.57887399515e-05
BPM.25L1.B2 25470.75077 0.00328875610044 -0.00952882709367 -3.56116787661e-05 6.428265787e-06
BPM.24L1.B2 25524.20225 0.00404714382135 -0.00923228516549 6.82688712237e-06 3.55374102649e-05
BPM.23L1.B2 25577.65373 0.00204279754783 -0.00987124311593 3.53162817514e-05 -7.89142388837e-06
BPM.22L1.B2 25631.10522 0.00278468524839 -0.00967719846609 -9.02225649773e-06 1.30378472977e-05
BPM.21L1.B2 25684.5567 0.000715480283852 -0.0100444377655 1.33030146387e-05 8.62648390054e-06
BPM.20L1.B2 25738.00819 0.00152384574075 -0.00995392064806 8.47690322384e-06 -1.3398835621e-05
BPM.19L1.B2 25791.45967 -0.000575371706259 -0.0100534366963 -1.36474637097e-05 -8.0705281789e-06
BPM.18L1.B2 25844.91115 0.000237938781131 -0.0100670763975 -7.91710954535e-06 1.37370295702e-05
BPM.17L1.B2 25898.36264 -0.00185672746401 -0.00989723220086 1.39686838037e-05 7.50083605264e-06
BPM.16L1.B2 25951.81412 -0.00105185248268 -0.0100148014671 7.34385594629e-06 -1.40518489872e-05
BPM.15L1.B2 26005.26561 -0.00310761314754 -0.00957838099781 -1.42661349184e-05 -6.91837453412e-06
BPM.14L1.B2 26058.71709 -0.00232438294214 -0.00979795315248 -6.75811242659e-06 1.4342755434e-05
BPM.13L1.B2 26112.16857 -0.00430739262274 -0.00910214319957 1.45393155403e-05 6.32415006064e-06
BPM.12L1.B2 26165.62006 -0.00225291923824 -0.00981463177956 7.31240489058e-06 -1.40682392862e-05
BPM.11L1.B2 26219.07154 -0.0013853643419 -0.00997413693897 -1.38710767413e-05 -7.67982681767e-06
BPM.10L1.B2 26271.85423 -0.000740352526175 -0.0100426351222 -5.27818617597e-06 1.49508318152e-05
BPM.9L1.B2 26310.92122 -0.00290300749848 -0.00964236431582 1.46671518753e-05 6.02172624089e-06
BPM.8L1.B2 26351.38621 0.00481167896827 -0.00884592491073 -2.26401457159e-06 -1.5692698313e-05
BPM.7L1.B2 26390.4542 0.000613312958212 -0.0100511934268 -1.58272873367e-05 9.39954405579e-07
BPMR.6L1.B2 26433.6382 -0.00321160133244 -0.00954401691859 6.66615815153e-07 1.58411559252e-05
BPM.5L1.B2 26465.5382 -0.00947142105083 -0.00341976977869 1.50590662673e-05 4.96096097049e-06
BPMYA.4L1.B2 26486.6562 -0.00998970281545 -0.00126825853713 1.5852487029e-05 -2.91898792058e-07
BPMWB.4L1.B2 26507.7127 -0.0100697986284 -4.2398210566e-05 1.54889386502e-05 -3.38813592073e-06
BPMSY.4L1.B2 26600.5687 -0.0100654114883 0.000300221959725 1.35857215307e-05 -8.17403383256e-06
BPMS.2L1.B2 26627.3542 -0.0100605362468 0.000433899642254 1.30198377739e-05 -9.04715652909e-06
BPMSW.1L1.B2 26637.4082 -0.0100579356935 0.000490480025751 1.25959358109e-05 -9.6296670405e-06
