BPMSW.1R1.B2 21.475 -0.0040084094945 0.00921171073931 5.66461370638e-05 2.26273817537e-05
BPMS.2R1.B2 31.529 -0.0040601585708 0.00918901925302 5.7616029236e-05 2.00287269633e-05
BPMSY.4R1.B2 58.3145 -0.00418186207505 0.0091342756032 5.8805333464e-05 1.62087030446e-05
BPMWB.4R1.B2 151.1705 -0.00449023151674 0.00898670029516 6.08980387462e-05 -3.4955321234e-06
BPMYA.4R1.B2 172.227 -0.00555116163482 0.00837302608521 5.90368003304e-05 -1.53442604654e-05
BPMR.5R1.B2 199.635 -0.00778142737031 0.00635392393585 4.5627297134e-05 -4.0483819714e-05
BPM.6R1.B2 231.535 -0.00923436258333 -0.00395594603208 -3.30589881556e-05 -5.12629817654e-05
BPMRA.7R1.B2 259.259 -0.00789452201282 -0.00621284825904 -6.07564279371e-05 -5.42660805535e-06
BPM.8R1.B2 300.6960106 -0.00781469535633 -0.00631296267588 -1.63079121036e-05 5.87779045463e-05
BPM.9R1.B2 339.7610212 -0.00900295585693 -0.00445754945093 6.07703417339e-05 5.26839179856e-06
BPM.10R1.B2 380.2240318 -0.0100179933042 -0.000750180971063 -1.04790361825e-05 -6.00914356239e-05
BPM.11R1.B2 433.0047424 -0.00804444635451 -0.00601746159862 -5.38299196168e-05 2.86902587849e-05
BPM.12R1.B2 487.7282583 -0.00952563711322 -0.00319142584296 2.58680903076e-05 5.5241585774e-05
BPM.13R1.B2 541.1767742 -0.00967053701165 -0.002720969532 5.71461117799e-05 -2.13333530643e-05
BPM.14R1.B2 594.6252901 -0.010024703047 -0.000654438748304 -2.30351959104e-05 -5.64815920129e-05
BPM.15R1.B2 648.073806 -0.00993919763815 -0.00146127052865 -5.62228088702e-05 2.36597898999e-05
BPM.16R1.B2 701.5223219 -0.010026060784 0.000633298054128 2.5331574434e-05 5.54896527593e-05
BPM.17R1.B2 754.9708378 -0.0100444675578 -0.000177856017039 5.52051481025e-05 -2.59457421266e-05
BPM.18R1.B2 808.4193537 -0.00986268307753 0.00191061346111 -2.75863089318e-05 -5.44039161202e-05
BPM.19R1.B2 861.8678696 -0.00998469940692 0.00110848500957 -5.40948254035e-05 2.81875863552e-05
BPM.20R1.B2 915.3163855 -0.00953724673494 0.00315656237355 2.97936977077e-05 5.32271185091e-05
BPM.21R1.B2 968.7649014 -0.00976087045637 0.00237662979769 5.28932417005e-05 -3.03824829176e-05
BPM.22R1.B2 1022.213417 -0.00905511827316 0.00435060850063 -3.19518314645e-05 -5.19602808379e-05
BPM.23R1.B2 1075.661933 -0.00937667186446 0.00360568801618 -5.16029532613e-05 3.25257820619e-05
BPM.24R1.B2 1129.110449 -0.00840069975404 0.00546872419788 3.40319520445e-05 2.67034714164e-05
BPM.25R1.B2 1182.558965 -0.00881462075257 0.00477296152578 2.63242770052e-05 -3.43261057016e-05
BPM.26R1.B2 1236.007481 -0.00763215194852 0.00649838113558 -3.50984925854e-05 -2.52852723515e-05
BPM.27R1.B2 1289.455997 -0.00813166181182 0.00586129481818 -2.48946185005e-05 3.5376648315e-05
BPM.28R1.B2 1342.904513 -0.00671467322307 0.00741682787628 3.60822689475e-05 -7.81445638448e-08
BPM.29R1.B2 1396.353029 -0.00729131410142 0.00685075987334 -4.78356386951e-07 -3.60791862773e-05
BPM.30R1.B2 1449.801545 -0.00571079194075 0.00821480539086 -3.60487143857e-05 1.55777346203e-06
BPM.31R1.B2 1503.25006 -0.00635506474179 0.00772718087749 1.95739124274e-06 3.60292263492e-05
BPM.32R1.B2 1556.698576 -0.00461299528802 0.00887786273056 3.59545072834e-05 -3.03478103659e-06
BPM.33R1.B2 1610.147092 -0.00531440196755 0.00847663281178 -3.43336482071e-06 -3.59186344861e-05
BPM.34R1.B2 1663.595608 -0.00343949702336 0.00939500039491 -3.579980791e-05 4.50667810408e-06
BPM.33L2.B2 1717.044124 -0.00418640875498 0.00908681208913 4.90338144434e-06 3.57476334475e-05
BPM.32L2.B2 1770.49264 -0.00220938125912 0.00975780747092 3.55848779085e-05 -5.97099746884e-06
BPM.31L2.B2 1823.941156 -0.00298964398802 0.00954768039744 -6.36528052895e-06 -3.55164679912e-05
BPM.30L2.B2 1877.389672 -0.000943073118213 0.00996026030197 -3.5310075712e-05 7.42527561364e-06
BPM.29L2.B2 1930.838188 -0.00174373665646 0.00985167775806 7.81639112487e-06 3.52255656123e-05
BPM.28L2.B2 1984.286704 0.000338842866757 0.00999906784107 3.49758710223e-05 -8.86704774759e-06
BPM.27L2.B2 2037.73522 -0.000469203306829 0.00999379909974 -9.25438125006e-06 -3.48753872585e-05
BPM.26L2.B2 2091.183735 0.00163854008662 0.00986910535176 -3.46063233899e-05 -1.3608877956e-05
BPM.25L2.B2 2144.632251 0.000836795001099 0.00996914380572 -1.32242465791e-05 3.47551234402e-05
BPM.24L2.B2 2198.080767 0.00288758139029 0.00957840946097 3.51352978695e-05 1.21782589472e-05
BPM.23L2.B2 2251.529283 0.00210518791653 0.00978019621094 1.17878970327e-05 -3.5268183232e-05
BPM.22L2.B2 2304.977799 0.00411253906376 0.00912588868031 -3.56286544593e-05 -3.46300103134e-05
BPM.21L2.B2 2358.426315 0.00336268410713 0.00942799964778 -3.42326896869e-05 3.60105735113e-05
BPM.20L2.B2 2411.874831 0.00524617461629 0.00852481517055 3.70188901036e-05 3.31397020263e-05
BPM.19L2.B2 2465.323347 0.00454112810842 0.00892036867353 3.27272405132e-05 -3.73840397672e-05
BPM.18L2.B2 2518.771863 0.00629352791755 0.007783721998 -3.8346689436e-05 -3.15938284621e-05
BPM.17L2.B2 2572.220379 0.0056448721259 0.00826621076806 -3.11664977592e-05 3.86948042213e-05
BPM.16L2.B2 2625.668894 0.00723754416622 0.00691467831496 3.96101452057e-05 2.99945701242e-05
BPM.15L2.B2 2679.11741 0.00665593677299 0.00747618401569 2.95536149165e-05 -3.99402344588e-05
BPM.14L2.B2 2732.565926 0.0080625832982 0.00593207993316 -4.08067790626e-05 -2.83451093776e-05
BPM.13L2.B2 2786.014442 0.00755758210961 0.00656336609174 -2.78906521136e-05 4.11187311442e-05
BPM.12L2.B2 2839.462958 0.00886236390383 0.00465331363298 4.15740675037e-05 2.72072644628e-05
BPM.11L2.B2 2892.911474 0.00780891311969 0.00626224382387 3.10894768331e-05 -3.87567156053e-05
BPM.10L2.B2 2944.750185 0.00829133173413 0.00560790868533 -3.22950341638e-05 -3.77580318262e-05
BPM.9L2.B2 2983.815195 0.0092463914301 0.00383393626401 -4.35364427857e-05 2.3941955421e-05
BPM.8L2.B2 3024.278206 0.0100096045206 -5.13717533567e-05 4.77303985914e-05 1.38002623255e-05
BPM.7L2.B2 3063.344216 0.00453551069314 0.0089232261247 7.1622458706e-06 -4.91664620512e-05
BPM.6L2.B2 3095.450216 0.0036565872631 0.00931794995421 -1.63877320327e-05 -4.69050170154e-05
BPMYB.5L2.B2 3167.649216 0.00588779962647 0.00809497605631 -4.77883230139e-05 1.35983473751e-05
BPMYB.4L2.B2 3188.219216 0.00733989900226 0.00680593156122 -3.08945811785e-05 3.89122531116e-05
BPMWB.4L2.B2 3212.610716 0.00593364712994 0.00806142999162 1.26783426465e-05 4.80405884146e-05
BPMSX.4L2.B2 3262.843716 0.00915736942415 0.00404195584078 4.2245180207e-05 -2.61530754752e-05
BPMS.2L2.B2 3300.755216 0.00916240511808 0.00403052787393 1.55362880106e-05 -4.71938678192e-05
BPMSW.1L2.B2 3310.689216 0.00900458420735 0.00437175995521 2.82243733415e-06 -4.96051648962e-05
BPMSW.1R2.B2 3353.879216 0.00900459014467 0.00437174770328 4.84800822797e-05 1.08774904364e-05
BPMS.2R2.B2 3363.813216 0.0091624087525 0.0040305195127 4.96446903304e-05 -2.01035870931e-06
BPMSX.4R2.B2 3401.724716 0.00915736694074 0.00404196146697 3.67274854799e-05 -3.34623740494e-05
BPMWB.4R2.B2 3451.881716 0.00593228162155 0.00806243490064 -4.26474686535e-05 -2.54918017044e-05
BPMYB.4R2.B2 3476.349216 0.00730984569272 0.00683819989217 -4.59013043664e-05 1.90186426112e-05
BPM.5R2.B2 3505.883216 0.0017430300862 0.0098568081995 -2.89800848065e-06 4.96008069127e-05
BPMR.6R2.B2 3579.179216 0.000239552787365 0.0100068694531 4.93398337999e-05 5.84983824872e-06
BPM_A.7R2.B2 3592.054216 0.000665121912028 0.0099876140618 4.95933348192e-05 -3.02335585889e-06
BPM.8R2.B2 3633.493206 0.00441576680345 0.00898308551168 2.08071665209e-05 -4.51187362807e-05
BPM.9R2.B2 3672.560195 0.00999568515836 0.000530188704489 -4.9662603436e-05 -1.50461388633e-06
BPM.10R2.B2 3713.025185 0.0100076002262 -0.000206783704096 -1.90105309752e-05 4.59046614365e-05
BPM.11R2.B2 3764.865874 0.0099634007667 -0.000962011924502 4.38468355016e-05 2.33686411998e-05
BPM.12R2.B2 3819.592358 0.0100042829291 -0.000330370797567 1.94077969814e-05 -4.57381258715e-05
BPM.13R2.B2 3873.043842 0.00943066710669 -0.00335519592287 -4.75598664978e-05 -1.43769738069e-05
BPM.14R2.B2 3926.495326 0.00967066652016 -0.00258322100725 -1.38434648436e-05 4.77178876419e-05
BPM.15R2.B2 3979.94681 0.00892390625008 -0.00453417236039 4.81122234065e-05 1.24037348153e-05
BPM.16R2.B2 4033.398294 0.0092607461463 -0.00379913181481 1.18641261401e-05 -4.8248116061e-05
BPM.17R2.B2 4086.849779 0.00827051915836 -0.00563855784633 -4.85828025649e-05 -1.04091091056e-05
BPM.18R2.B2 4140.301263 0.00869864395298 -0.0049526170043 -9.86392286008e-06 4.86964203197e-05
BPM.19R2.B2 4193.752747 0.00748127507074 -0.00665021391421 4.89707612804e-05 8.39660404849e-06
BPM.20R2.B2 4247.204231 0.00799360224213 -0.00602471118878 7.84758809497e-06 -4.9061736995e-05
BPM.21R2.B2 4300.655715 0.00656902295183 -0.0075526657023 -4.92753721577e-05 -6.3699396468e-06
BPM.22R2.B2 4354.107199 0.00715719948516 -0.00699780803749 -5.81729322933e-06 4.9343670584e-05
BPM.23R2.B2 4407.558683 0.00554891352604 -0.00833092914714 4.94961516419e-05 4.33234049047e-06
BPM.24R2.B2 4461.010167 0.00616385776761 -0.00785836977218 3.17668520055e-06 -1.01233412233e-05
BPM.25R2.B2 4514.461651 0.00439855195412 -0.00896659683657 -1.02142058565e-05 -2.87111353986e-06
BPM.26R2.B2 4567.913135 0.00510791633418 -0.00858232537685 -2.75648852981e-06 1.02457359891e-05
BPM.27R2.B2 4621.36462 0.00321535823128 -0.00945561153824 1.03239288742e-05 2.44742573433e-06
BPM.28R2.B2 4674.816104 0.00392871958983 -0.0091677173021 1.73079207316e-06 2.90673596482e-05
BPM.29R2.B2 4728.267588 0.00194035249065 -0.00978350194373 2.90022424844e-05 -2.60325986483e-06
BPM.30R2.B2 4781.719072 0.00272364157623 -0.00959498069899 -2.92802423732e-06 -2.89712579741e-05
BPM.31R2.B2 4835.170556 0.000672792528722 -0.00995134303879 -2.88702122055e-05 3.79712372609e-06
BPM.32R2.B2 4888.62204 0.00147381194397 -0.0098645707694 4.12035235236e-06 2.88258546414e-05
BPM.33R2.B2 4942.073524 -0.000605733486649 -0.00995564990315 2.86890601951e-05 -4.98449976454e-06
BPM.34R2.B2 4995.525008 0.000199753008334 -0.00997205980758 -5.30562821476e-06 -2.86314104653e-05
BPM.33L3.B2 5048.976492 -0.00187439476196 -0.00979635249867 -2.84590826746e-05 6.16341864308e-06
BPM.32L3.B2 5102.427976 -0.00107757287785 -0.00991568024698 6.4818746487e-06 2.83882451573e-05
BPM.31L3.B2 5155.87946 -0.00311216915481 -0.0094760899777 2.818068961e-05 -7.3318354941e-06
BPM.30L3.B2 5209.330945 -0.00233721134633 -0.00969635607729 -7.64713216337e-06 -2.80967722651e-05
BPM.29L3.B2 5262.782429 -0.00429888078352 -0.00900008345171 -2.7854352394e-05 8.48778306962e-06
BPM.28L3.B2 5316.233913 -0.00355841923296 -0.00931769985671 8.79930472819e-06 2.77575132242e-05
BPM.27L3.B2 5369.685397 -0.00541487994601 -0.00837621353859 2.74806127106e-05 -9.62928916865e-06
BPM.26L3.B2 5423.136881 -0.00476050372936 -0.00878842258835 -1.05374282392e-05 1.20470692996e-05
BPM.25L3.B2 5476.588365 -0.0064809271471 -0.00760896514521 1.23582144487e-05 1.01707317026e-05
BPM.24L3.B2 5530.039849 -0.00584565151893 -0.00810722675508 1.00316224703e-05 -1.24713966585e-05
BPM.23L3.B2 5583.491333 -0.00740107850515 -0.006717350985 -1.27671493505e-05 -9.65241765517e-06
BPM.22L3.B2 5636.942817 -0.00687410036084 -0.0072952973417 -1.01097780088e-05 5.22927891768e-05
BPM.21L3.B2 5690.394301 -0.00823857958827 -0.00570967822844 5.25729320021e-05 8.53403490531e-06
BPM.20L3.B2 5743.845786 -0.00775087603515 -0.00635598456365 7.94428325432e-06 -5.26652773645e-05
BPM.19L3.B2 5797.29727 -0.00890133007315 -0.00460878965484 -5.28801589255e-05 -6.35859940845e-06
BPM.18L3.B2 5850.748754 -0.00850029767023 -0.00531220844733 -5.76594203612e-06 5.29480613367e-05
BPM.17L3.B2 5904.200238 -0.0094177684745 -0.0034322377607 5.30974050019e-05 4.17242088107e-06
BPM.16L3.B2 5957.651722 -0.00911002680223 -0.0041811518485 3.57704321845e-06 -5.31408292104e-05
BPM.15L3.B2 6011.103206 -0.00977946947974 -0.0021992261748 -5.32242989015e-05 -1.97909590348e-06
BPM.14L3.B2 6064.55469 -0.00957005817551 -0.0029813764697 -1.38286645552e-06 5.32431274511e-05
BPM.13L3.B2 6118.006174 -0.0099804560168 -0.000930116569299 5.32606378023e-05 -2.17574980785e-07
BPM.12L3.B2 6171.457658 -0.00950848937093 -0.00317226244159 3.81837948008e-06 -5.31240402027e-05
BPM.11L3.B2 6224.909142 -0.00913649648127 -0.0041229905626 -5.29042238858e-05 -6.1551790533e-06
BPM.10L3.B2 6277.691832 -0.00666485262109 -0.00748694588256 -1.03704779635e-05 5.22417077971e-05
BPM.9L3.B2 6316.758821 -0.0078274686867 -0.00626141781298 3.3220584394e-05 4.16309488513e-05
BPM.8L3.B2 6357.223811 -0.00887230465657 -0.00466442163514 5.3178780278e-05 -2.95970075987e-06
BPM.7L3.B2 6396.2898 -0.0100108312052 -0.000507816598784 2.1614565841e-05 -4.86780603309e-05
BPMR.6L3.B2 6468.9288 -0.00657906211966 0.00756244409787 -5.31143561989e-05 3.9506570668e-06
BPMWE.5L3.B2 6511.9823 -0.00641805423375 0.00769955835935 -4.05686878205e-05 3.45097783062e-05
BPMW.5L3.B2 6539.5273 -0.00845522462299 0.00538366006344 -2.10319085603e-05 4.89326313984e-05
BPMWE.4L3.B2 6614.6553 -0.00607438236092 0.00797348719885 4.06742303899e-05 3.43853206597e-05
BPMW.4L3.B2 6642.2003 0.00204744925897 0.0098123682451 5.09326536517e-05 -1.55758574576e-05
BPMW.4R3.B2 6687.1653 0.00413910006562 0.00912920969402 3.06180698723e-05 -4.35806844179e-05
BPMWE.4R3.B2 6714.7103 0.00232916823852 0.00974933815307 1.21544538466e-05 -5.18556859439e-05
BPMW.5R3.B2 6789.8383 0.0041116142255 0.00914162171501 -4.10720377333e-05 -3.39091589038e-05
BPMWE.5R3.B2 6817.3833 0.00741368270695 0.00674625287 -5.3020223403e-05 -5.05955545764e-06
BPMWC.6R3.B2 6858.3743 0.0080249386471 0.00600624499093 -4.54649252212e-05 2.7743163899e-05
BPM.6R3.B2 6870.5288 0.00733332411565 0.00683351860273 -3.82540740026e-05 3.70589938406e-05
BPM_A.7R3.B2 6926.3528 0.0074843680314 0.00666774731871 1.70279348239e-05 5.04657555579e-05
BPM.8R3.B2 6965.418789 0.00268710184702 0.00965681639035 5.14829496051e-05 -1.3647314786e-05
BPM.9R3.B2 7004.485779 -0.00670224408009 0.00745349202308 -2.21455477182e-05 -4.84388090276e-05
BPM.10R3.B2 7044.950768 -0.00579855243508 0.00817627108169 -5.04341373886e-05 -1.71213483174e-05
BPM.11R3.B2 7097.733458 -0.00290538699002 0.00959340114547 -2.68882170306e-05 4.59757198461e-05
BPM.12R3.B2 7152.459942 0.000291980606825 0.0100194494079 5.07268013185e-05 1.62337365842e-05
BPM.13R3.B2 7205.911426 -0.00122022841954 0.00994915381949 1.29513695252e-05 -5.16624156489e-05
BPM.14R3.B2 7259.36291 0.000871188453835 0.00998577236969 -5.20280843166e-05 -1.13939157725e-05
BPM.15R3.B2 7312.814394 6.24114483116e-05 0.0100235085637 -1.08102875678e-05 5.21524761141e-05
BPM.16R3.B2 7366.265878 0.00214155937489 0.00979225931772 5.24537148313e-05 9.23857503995e-06
BPM.17R3.B2 7419.717362 0.00134418901007 0.00993316540793 8.65031918647e-06 -5.25539256721e-05
BPM.18R3.B2 7473.168846 0.00337657900668 0.00943786698991 -5.27900895361e-05 -7.06749171691e-06
BPM.19R3.B2 7526.62033 0.00260385098736 0.00967959602208 -6.47554293183e-06 5.2865966259e-05
BPM.20R3.B2 7580.071814 0.00455626194744 0.00892833109874 5.3036645507e-05 4.88439556889e-06
BPM.21R3.B2 7633.523299 0.0038207446837 0.00926695900308 4.28994714112e-06 -5.30880348297e-05
BPM.22R3.B2 7686.974783 0.00566093726523 0.0082721465426 -5.31929613885e-05 -2.69298840356e-06
BPM.23R3.B2 7740.426267 0.00497483925177 0.00870204536545 -2.09674212217e-06 5.32197978004e-05
BPM.24R3.B2 7793.877751 0.00669796920959 0.00747513758206 5.32306031728e-05 -2.52330173423e-05
BPM.25R3.B2 7847.329235 0.00607274778129 0.00799138335244 -2.58277850449e-05 -5.29445805921e-05
BPM.26R3.B2 7900.780719 0.0075991662989 0.00655691581893 -5.21446153003e-05 2.74069771574e-05
BPM.27R3.B2 7954.232203 0.00704518559325 0.0071488344157 2.79895349879e-05 5.18342441151e-05
BPM.28R3.B2 8007.683687 0.00840083470434 0.00552605069508 5.09420696535e-05 -5.52640489782e-05
BPM.29R3.B2 8061.135171 0.00792737914705 0.00618610701215 -5.58313823411e-05 -5.03196509916e-05
BPM.30R3.B2 8114.586655 0.00903872129783 0.00440599335329 -4.86191596705e-05 5.73183022863e-05
BPM.31R3.B2 8168.03814 0.00865363857769 0.00512111310245 5.785938935e-05 4.79739673118e-05
BPM.32R3.B2 8221.489624 0.00952811075535 0.00321346628145 4.62144861416e-05 -5.92742074771e-05
BPM.33R3.B2 8274.941108 0.00923764860234 0.00397204083296 -5.97883312101e-05 -4.55474032418e-05
BPM.34R3.B2 8328.392592 0.00986090807379 0.00196818497759 -4.37300983157e-05 6.11300967086e-05
BPM.33L4.B2 8381.844076 0.00966988721749 0.00275763327435 6.16161411703e-05 4.30425554679e-05
BPM.32L4.B2 8435.29556 0.0100316715666 0.000690525685048 4.11724886246e-05 -6.28811264036e-05
BPM.31L4.B2 8488.747044 0.00994320808672 0.00149795629419 -6.33385598722e-05 -4.04652616745e-05
BPM.30L4.B2 8542.198528 0.0100375845075 -0.000598462468209 -3.85435565945e-05 6.4526002353e-05
BPM.29L4.B2 8595.650012 0.0100531397222 0.00021363949967 6.49537127309e-05 3.78183301245e-05
BPM.28L4.B2 8649.101496 0.00987855290055 -0.00187761888769 3.58503708487e-05 -6.60602895428e-05
BPM.27L4.B2 8702.55298 0.00999786870903 -0.00107418868706 -6.64578930027e-05 -3.5107819347e-05
BPM.26L4.B2 8756.004465 0.00958246894957 -0.00313076349982 -3.31234164583e-05 4.17528347569e-05
BPM.25L4.B2 8809.455949 0.00980389858495 -0.00234711818834 4.21213021791e-05 3.26535536995e-05
BPM.24L4.B2 8862.907433 0.00910323328571 -0.00433088154971 3.13735956521e-05 -4.30831375572e-05
BPM.23L4.B2 8916.358917 0.00942307873735 -0.00358203550005 -4.34319652514e-05 -3.08888908986e-05
BPM.22L4.B2 8969.810401 0.00849966908319 -0.00546469882872 -2.95983405202e-05 1.8610301329e-05
BPM.21L4.B2 9023.261885 0.00891301237944 -0.00476083165723 1.89407753838e-05 2.93879518522e-05
BPM.20L4.B2 9076.713369 0.00773076616276 -0.00650711628577 2.88057060323e-05 -1.98150427949e-05
BPM.19L4.B2 9130.164853 0.00823073133395 -0.00586194246709 -2.01365202752e-05 -2.8581913878e-05
BPM.18L4.B2 9183.616337 0.00683479249709 -0.00744264195694 -2.79639742904e-05 2.09862111475e-05
BPM.17L4.B2 9237.067821 0.00741321988038 -0.00686669344086 2.12982228753e-05 2.77270763477e-05
BPM.16L4.B2 9290.519306 0.00582654690144 -0.00825582576007 2.70747499422e-05 -2.21215475688e-05
BPM.15L4.B2 9343.97079 0.00647385586867 -0.00775864021199 -2.24234878872e-05 -2.68252094718e-05
BPM.14L4.B2 9397.422274 0.00472250310729 -0.00893337966211 -2.61393718408e-05 2.32193490852e-05
BPM.13L4.B2 9450.873758 0.00542815158756 -0.00852305568431 2.3510772064e-05 2.58775676481e-05
BPM.12L4.B2 9504.325242 0.00257682443098 -0.00977073608426 2.6488652078e-05 -2.28200804492e-05
BPM.11L4.B2 9557.776726 0.00292446517942 -0.00967237360926 -1.81576619063e-05 -2.98781561969e-05
BPMC.10L4.B2 9609.617415 0.00170256644628 -0.00996035015808 -3.21185728996e-05 1.38131075111e-05
BPMC.9L4.B2 9648.684405 0.000766513529554 -0.0100757017028 7.66334310397e-06 3.41127268158e-05
BPMC.8L4.B2 9689.149394 -0.00238262472161 -0.00981989853559 1.86918796525e-05 -2.95468858671e-05
BPMC.7L4.B2 9728.215384 0.00596314967117 -0.00815770518427 -3.12932543534e-05 -1.55928596926e-05
BPMYA.6L4.B2 9824.819384 0.00469688762836 -0.00894687400254 -2.37854738514e-05 2.56253066286e-05
BPMYB.5L4.B2 9861.819384 0.00471300105256 -0.00893839632346 -1.60126722656e-05 3.10805264303e-05
BPMWA.B5L4.B2 9964.209884 -0.000452252760455 -0.0100946904456 1.88210842197e-05 2.94647566526e-05
BPMWA.A5L4.B2 9973.094884 -0.000810938215588 -0.0100722235369 2.14959770577e-05 2.75740446202e-05
BPMWA.A5R4.B2 10021.14388 -0.00194317808371 -0.0099162173608 3.1684033055e-05 1.4782654283e-05
BPMWA.B5R4.B2 10030.02888 -0.00200454906679 -0.00990399367905 3.27739092553e-05 1.217686044e-05
BPMYA.5R4.B2 10132.49538 -0.000373241217925 -0.0100979205186 3.12217101025e-05 -1.57356322101e-05
BPMYB.6R4.B2 10164.05938 -0.000627368164119 -0.0100853218571 2.70947216526e-05 -2.20970746028e-05
BPMCA.7R4.B2 10260.57538 0.00290431829406 -0.00967844218026 -2.49647581291e-05 -2.4477864812e-05
BPMC.8R4.B2 10298.36637 0.00537512062308 -0.00855659897601 -2.28393806282e-05 2.64720161362e-05
BPMC.9R4.B2 10337.43336 -0.00146170075778 -0.00999853682845 3.32702419238e-05 1.07469182626e-05
BPMC.10R4.B2 10377.89835 -0.00185193553512 -0.00993366209148 1.92812731603e-05 -2.91656867541e-05
BPM.11R4.B2 10429.73904 -0.00503918082521 -0.00875865083451 -2.72967653737e-05 -2.18470030824e-05
BPM.12R4.B2 10484.46553 -0.00534289063696 -0.00857676089308 -2.31232598269e-05 2.62244141905e-05
BPM.13R4.B2 10537.91701 -0.00701983630284 -0.00726837024673 2.69380273109e-05 2.22878361064e-05
BPM.14R4.B2 10591.36849 -0.00641029438428 -0.00781123765349 2.19845647862e-05 -2.71860960496e-05
BPM.15R4.B2 10644.81998 -0.00789199797944 -0.0063106002694 -2.78343138042e-05 -2.11578817117e-05
BPM.16R4.B2 10698.27146 -0.00735691096416 -0.00692698843609 -2.08447810568e-05 2.80695622271e-05
BPM.17R4.B2 10751.72295 -0.00863443573625 -0.00524917396454 2.86831431195e-05 1.99920490888e-05
BPM.18R4.B2 10805.17443 -0.00818259679741 -0.00592894741476 1.96693448076e-05 -2.89053953843e-05
BPM.19R4.B2 10858.62591 -0.00923501067812 -0.00410144920534 -2.94832715613e-05 -1.87920695511e-05
BPM.20R4.B2 10912.0774 -0.00887384649158 -0.00483344144425 -1.84606599579e-05 2.9691908995e-05
BPM.21R4.B2 10965.52888 -0.00968381267393 -0.00288636101368 3.02331320323e-05 1.75602533389e-05
BPM.22R4.B2 11018.98037 -0.00941925617805 -0.00365854080652 1.72203122829e-05 -3.0428040548e-05
BPM.23R4.B2 11072.43185 -0.00997349150157 -0.00162381499629 -3.09316524119e-05 -1.629840615e-05
BPM.24R4.B2 11125.88333 -0.00980833021062 -0.00242339402976 -1.59270794687e-05 2.95476747124e-05
BPM.25R4.B2 11179.33482 -0.0100977259516 -0.000334829421623 3.00128581775e-05 1.50321415006e-05
BPM.26R4.B2 11232.7863 -0.0100377571367 -0.00114874358362 1.46948329508e-05 -3.01794390471e-05
BPM.27R4.B2 11286.23779 -0.0100575928109 0.000959691080714 -3.06072833399e-05 -1.37815484577e-05
BPM.28R4.B2 11339.68927 -0.0101006757483 0.000144897836476 -1.34140072056e-05 2.91951469077e-05
BPM.29R4.B2 11393.14075 -0.00985063546724 0.00223821955805 2.95849826256e-05 1.25307994059e-05
BPM.30R4.B2 11446.59224 -0.00999914887294 0.00143585089127 1.21984398242e-05 -2.97235669644e-05
BPM.31R4.B2 11500.04372 -0.00948337465683 0.00347997859742 -3.00766122586e-05 -1.12999779815e-05
BPM.32R4.B2 11553.49521 -0.00973330786778 0.00270321361521 -1.09623883894e-05 3.02012915435e-05
BPM.33R4.B2 11606.94669 -0.00896026489969 0.0046645791737 3.05170230263e-05 1.00500425119e-05
BPM.34R4.B2 11660.39818 -0.00930752153917 0.00392615445316 9.70740612872e-06 -3.06277302904e-05
BPM.33L5.B2 11713.84966 -0.00828993261106 0.00577249194298 -3.09055410682e-05 -8.78291236719e-06
BPM.32L5.B2 11767.30114 -0.00872878798748 0.00508457531842 -8.43618258933e-06 3.10019790228e-05
BPM.31L5.B2 11820.75263 -0.00748334353225 0.00678558880665 3.12414448696e-05 7.50092918237e-06
BPM.30L5.B2 11874.20411 -0.00800661373383 0.00615944660132 7.15034074788e-06 -3.1323553401e-05
BPM.29L5.B2 11927.6556 -0.00655382467932 0.00768713393142 -3.15242193248e-05 -6.2061001157e-06
BPM.28L5.B2 11981.10708 -0.00715287227288 0.007133096397 -5.85258435653e-06 3.15917646426e-05
BPM.27L5.B2 12034.55856 -0.00551655325004 0.00846240427939 3.17533400799e-05 4.90077163106e-06
BPM.26L5.B2 12088.01005 -0.00618002388341 0.00798963172716 4.56847809849e-06 -3.33708370961e-05
BPM.25L5.B2 12141.46153 -0.00438715082725 0.00909834149507 -3.3493019761e-05 -3.56389039585e-06
BPM.24L5.B2 12194.91302 -0.00510716058691 0.00871457520731 -3.1884707887e-06 3.35308397079e-05
BPM.23L5.B2 12248.3645 -0.00318713698198 0.00958483532421 3.36115033487e-05 2.17961266132e-06
BPM.22L5.B2 12301.81598 -0.00394880849939 0.0092964141344 1.82668116516e-06 -3.51983881652e-05
BPM.21L5.B2 12355.26747 -0.00193329698524 0.00991356479905 -3.52373765873e-05 -7.68420179096e-07
BPM.20L5.B2 12408.71895 -0.00272710323223 0.00972518957313 -3.73613393307e-07 3.52437754313e-05
BPM.19L5.B2 12462.17044 -0.000649146850603 0.0100794351339 3.52390903924e-05 -6.85425672307e-07
BPM.18L5.B2 12515.62192 -0.0014605854362 0.00999415300971 -1.08022564408e-06 -3.52292017406e-05
BPM.17L5.B2 12569.07341 0.000645560943425 0.0100796654393 -3.51808389536e-05 2.13813058376e-06
BPM.16L5.B2 12622.52489 -0.000170061468243 0.0100988852532 2.53214530463e-06 3.51546805833e-05
BPM.15L5.B2 12675.97637 0.00192977071029 0.00991425182504 3.50627402576e-05 -3.58716835775e-06
BPM.14L5.B2 12729.42786 0.00112324881016 0.0100376648861 -3.97979331478e-06 -3.50203464224e-05
BPM.13L5.B2 12782.87934 0.00318216161485 0.00958594031087 -3.48849764509e-05 5.03013724156e-06
BPM.12L5.B2 12836.33083 0.00105008662952 0.0100455822299 2.61078150649e-06 3.51489285357e-05
BPM.11L5.B2 12889.78231 0.000166944726285 0.0100989372567 3.52054270742e-05 -1.68557074982e-06
BPM.10L5.B2 12942.565 -0.000483602011185 0.0100887329912 -7.48900872969e-06 -3.44409361528e-05
BPM.9L5.B2 12981.63199 0.00171824881814 0.00995309124101 -3.47733234137e-05 5.75144030476e-06
BPM.8L5.B2 13022.09698 -0.00586588243929 0.00822239791478 2.26187784352e-05 2.70306159692e-05
BPM.7L5.B2 13061.16497 -0.00183237124668 0.00993271462751 2.88323132891e-05 -2.02721706995e-05
BPMR.6L5.B2 13098.05897 -0.000675959861577 0.0100776724756 -8.83853325216e-06 -3.41195475948e-05
BPMWT.B6L5.B2 13109.36897 0.0042445502497 0.00916516216113 -2.71659304714e-05 -2.24560793415e-05
BPMWT.A6L5.B2 13115.19097 0.00625173707283 0.00793298101806 -3.25071833871e-05 -1.36215403594e-05
BPM.5L5.B2 13129.95897 0.00861955146524 0.00526495363517 -3.50680054766e-05 3.53530268877e-06
BPMYA.4L5.B2 13157.36497 0.00979183553667 0.00247716797922 -2.96376880794e-05 1.90754029604e-05
BPMWB.4L5.B2 13178.42347 0.0100206323539 0.00126622727385 -2.53316548618e-05 2.45065471178e-05
BPMWT.B4L5.B2 13178.89297 0.0100225387268 0.00125104828993 -2.52545636002e-05 2.45859779875e-05
BPMWT.A4L5.B2 13180.87497 0.0100298839819 0.00119072732044 -2.49362430984e-05 2.49087728132e-05
BPMSY.4L5.B2 13271.27947 0.0100579110167 0.000924570232586 -1.61399969317e-05 3.13331178506e-05
BPMS.2L5.B2 13298.06497 0.0100693043874 0.000790883582497 -1.40521373693e-05 3.23235041495e-05
BPMSW.1L5.B2 13308.11897 0.0100735945678 0.00073423467995 -1.25670662351e-05 3.29291012807e-05
BPMSW.1R5.B2 13351.06897 0.010073594553 0.00073423530895 -2.11479379604e-05 2.81961215216e-05
BPMS.2R5.B2 13361.12297 0.0100693063526 0.000790884234974 -1.98432076054e-05 2.91284406604e-05
BPMSY.4R5.B2 13387.90847 0.010057911007 0.000924570398872 -1.78922987706e-05 3.03665813611e-05
BPMWB.4R5.B2 13480.76447 0.0100206292401 0.0012662518665 -7.21479389802e-06 3.44994275298e-05
BPMYA.4R5.B2 13501.82097 0.0097918588513 0.00247707577793 -3.24621672863e-07 3.52442625901e-05
BPMR.5R5.B2 13522.93897 0.00901421531005 0.00455635014729 1.13362284379e-05 3.33729433404e-05
BPM.6R5.B2 13554.83897 0.00203649921249 0.00989288002642 3.5226817368e-05 1.15529734473e-06
BPMRA.7R5.B2 13588.85297 -0.00326413008368 0.00955833976335 1.21709690877e-05 -3.30776544663e-05
BPM.8R5.B2 13630.28998 -0.00338570068032 0.00951595687021 -3.03363753535e-05 -1.79434696886e-05
BPM.9R5.B2 13669.35499 -0.00122977572558 0.0100251711164 -1.20848140557e-05 3.31092220033e-05
BPM.10R5.B2 13709.818 0.00262523586414 0.00975318106571 3.51003947237e-05 3.19776271311e-06
BPM.11R5.B2 13762.59871 -0.00302885515557 0.00963547823388 -7.90439305824e-06 -3.43479804039e-05
BPM.12R5.B2 13817.32223 0.000145362785746 0.0100992709628 -3.47107822676e-05 6.11757909243e-06
BPM.13R5.B2 13870.77074 0.00063995163925 0.010080023123 3.30093361326e-06 3.50908414423e-05
BPM.14R5.B2 13924.21926 0.00271829356972 0.00972765564439 3.4976260919e-05 -4.35025169543e-06
BPM.15R5.B2 13977.66777 0.00192439500127 0.00991529667398 -4.73786196689e-06 -3.49258664775e-05
BPM.16R5.B2 14031.11629 0.00394026922516 0.00930003670216 -3.47684402062e-05 5.78094816889e-06
BPM.17R5.B2 14084.56481 0.00317695222098 0.00958766806039 6.16618213457e-06 3.47021826992e-05
BPM.18R5.B2 14138.01332 0.00509759815524 0.00871956978834 3.45021202922e-05 -7.20187632628e-06
BPM.19R5.B2 14191.46184 0.00437729384061 0.00910251080176 -7.58404014815e-06 -3.44201351067e-05
BPM.20R5.B2 14244.91035 0.00617108456843 0.00799588140769 -3.41777504321e-05 8.61074132161e-06
BPM.21R5.B2 14298.35887 0.00550572941456 0.0084677829369 8.98926830604e-06 3.40801470171e-05
BPM.22R5.B2 14351.80738 0.00714324614134 0.00714075898021 3.37958901311e-05 -1.00050531053e-05
BPM.23R5.B2 14405.2559 0.00654368393747 0.00769393298533 -1.03791961518e-05 -3.36828685825e-05
BPM.24R5.B2 14458.70442 0.00800465432055 0.00616709427084 -3.3363857951e-05 4.58667484054e-06
BPM.25R5.B2 14512.15293 0.00748088842153 0.00679292654468 4.95642847811e-06 3.33109361014e-05
BPM.26R5.B2 14565.60145 0.00872780090184 0.00509244872212 3.31476983041e-05 -5.95099657747e-06
BPM.27R5.B2 14619.04996 0.00828837546284 0.00578017082608 -6.3181794854e-06 -3.30796796475e-05
BPM.28R5.B2 14672.49848 0.00931418716623 0.0039329106661 -3.28824732572e-05 5.09425276039e-07
BPM.29R5.B2 14725.947 0.00896643685128 0.00467171051774 8.74117070733e-07 3.28748022651e-05
BPM.30R5.B2 14779.39551 0.0097407687615 0.00270911292174 3.28339187126e-05 -1.8574590975e-06
BPM.31R5.B2 14832.84403 0.00949037690788 0.00348634694699 -2.22139391366e-06 -3.28113084654e-05
BPM.32R5.B2 14886.29254 0.0100072901644 0.00144083743267 -3.27301223819e-05 3.20239183359e-06
BPM.33R5.B2 14939.74106 0.00985838080621 0.00224370158355 3.56523686216e-06 3.26925956112e-05
BPM.34R5.B2 14993.18958 0.010109387148 0.000148863616467 3.25712622927e-05 -4.54190238037e-06
BPM.33L6.B2 15046.63809 0.0100644030814 0.000964188527502 -4.90276527729e-06 -3.25189086293e-05
BPM.32L6.B2 15100.08661 0.010045376872 -0.00114554460028 -3.23576109545e-05 5.87382606076e-06
BPM.31L6.B2 15153.53512 0.0101050580814 -0.000331164744477 6.23236947747e-06 3.22904624715e-05
BPM.30L6.B2 15206.98364 0.00981631306423 -0.00242112923023 3.20895061124e-05 -7.19579287942e-06
BPM.29L6.B2 15260.43215 0.00997967769298 -0.00162108051241 -7.55116191211e-06 -3.20077561216e-05
BPM.28L6.B2 15313.88067 0.00942595430514 -0.00365694604395 -3.17674240798e-05 8.50574274132e-06
BPM.27L6.B2 15367.32919 0.0096903235177 -0.00288435418905 8.8575694112e-06 3.16711186469e-05
BPM.26L6.B2 15420.7777 0.00888740585733 -0.00483392897504 3.13852539134e-05 -1.65972314657e-05
BPM.25L6.B2 15474.22622 0.00924850287556 -0.00410098119991 -1.69442254205e-05 -3.11992868121e-05
BPM.24L6.B2 15527.67473 0.00819602528428 -0.00593110628815 -3.06781763854e-05 1.78704100945e-05
BPM.23L6.B2 15581.12325 0.00864793385277 -0.00525034212221 1.82095611184e-05 3.04780862593e-05
BPM.22L6.B2 15634.57177 0.00737668034521 -0.00693207010078 2.99129176254e-05 -2.59093387839e-05
BPM.21L6.B2 15688.02028 0.00791200942965 -0.00631419952295 -2.62394609672e-05 -2.9623769425e-05
BPM.20L6.B2 15741.4688 0.00642930716416 -0.00781876065389 -2.88251705818e-05 2.71143217725e-05
BPM.19L6.B2 15794.91731 0.00703932032774 -0.00727440568559 2.7432330192e-05 2.85226941243e-05
BPM.18L6.B2 15848.36583 0.00537634378193 -0.0085769421308 2.76890626026e-05 -2.82735309218e-05
BPM.17L6.B2 15901.81435 0.00605092350295 -0.00811512991422 -2.85788511251e-05 -2.73738217143e-05
BPM.16L6.B2 15955.26286 0.00423498445578 -0.00919423272728 -2.65062461063e-05 2.93853018781e-05
BPM.15L6.B2 16008.71138 0.00496316291978 -0.00882247258973 2.96774464257e-05 2.617872573e-05
BPM.14L6.B2 16062.15989 0.00302410529973 -0.00966042421028 2.52789407856e-05 -3.04475300511e-05
BPM.13L6.B2 16115.60841 0.00379378197273 -0.00938489356229 -3.07259905764e-05 -2.49397392621e-05
BPM.12L6.B2 16169.05693 0.00161389827284 -0.00999321475527 -2.42895606595e-05 3.12425041315e-05
BPM.11L6.B2 16222.50544 0.00329095867844 -0.00957280522117 2.94414156409e-05 2.64439009851e-05
BPM.10L6.B2 16274.34415 0.0015908881191 -0.00999690370943 3.1267104003e-05 -2.42578886307e-05
BPM.9L6.B2 16313.40916 0.000204183826368 -0.0101206382087 -1.17982543865e-05 -3.77740413892e-05
BPM.8L6.B2 16353.87217 -0.00536335249136 -0.00858507185774 -3.04875569854e-05 2.52306486521e-05
BPMYB.5L6.B2 16450.96018 0.00372714431325 -0.00941155694131 3.95609533393e-05 -1.0041252905e-06
BPMYA.4L6.B2 16487.36018 0.00335502224128 -0.00955054105997 3.8252011356e-05 -1.01420419522e-05
BPMSB.B4L6.B2 16518.13068 0.00441470179098 -0.00910930386505 3.49647349499e-05 -1.85349485737e-05
BPMSB.A4L6.B2 16518.76568 0.00443855410752 -0.00909770554818 3.48675596979e-05 -1.87171080067e-05
BPMSA.4L6.B2 16615.57568 0.00779140144493 -0.00646243547614 3.80565391235e-06 -3.93902770744e-05
BPMSE.4R6.B2 16707.14568 0.0079840001336 -0.00622292139403 -3.10993786515e-05 -2.4472545081e-05
BPMSA.A4R6.B2 16803.82068 0.00522034835007 -0.00867277187032 -3.83221116722e-05 9.87382986933e-06
BPMSA.B4R6.B2 16804.40568 0.00520073982786 -0.00868454455065 -3.82765883235e-05 1.00488644759e-05
BPMYB.4R6.B2 16830.96018 0.00434519160709 -0.00914266474876 -3.56563463732e-05 1.71668832428e-05
BPMYA.5R6.B2 16867.36018 0.0042540513543 -0.00918542627768 -3.11634544569e-05 2.43908894013e-05
BPM.8R6.B2 16963.08519 -0.000193684224134 -0.0101208445896 2.87827572233e-05 2.71593404656e-05
BPM.9R6.B2 17002.1502 -0.00701887445715 -0.0072941353269 2.38670419147e-05 -3.15664577828e-05
BPM.10R6.B2 17042.61322 -0.00833780459935 -0.00574021108295 -2.37721942643e-05 -3.16379480965e-05
BPM.11R6.B2 17094.45193 -0.00953889190155 -0.00338800090121 -2.8327392455e-05 2.76339609187e-05
BPM.12R6.B2 17149.17544 -0.00860007116423 -0.00533926818379 3.12213871626e-05 2.43167018468e-05
BPM.13R6.B2 17202.62396 -0.00952578997975 -0.00342466553628 2.33367136903e-05 -3.19605231071e-05
BPM.14R6.B2 17256.07247 -0.00921836773234 -0.00418218904199 -3.22173295013e-05 -2.2980874314e-05
BPM.15R6.B2 17309.52099 -0.0098856166342 -0.00217797899205 -2.20065780729e-05 3.28905271892e-05
BPM.16R6.B2 17362.96951 -0.00967761265165 -0.00296863977798 3.31325774813e-05 2.16404508474e-05
BPM.17R6.B2 17416.41802 -0.0100830069559 -0.000895533107098 2.06390886109e-05 -3.37654419754e-05
BPM.18R6.B2 17469.86654 -0.00997785591843 -0.0017062825232 -3.39922207931e-05 -2.02634122757e-05
BPM.19R6.B2 17523.31505 -0.0101147264621 0.000401643351218 -1.92372295335e-05 3.45833170209e-05
BPM.20R6.B2 17576.76357 -0.0101141499062 -0.000415909245689 3.47945453106e-05 1.88524886811e-05
BPM.21R6.B2 17630.21209 -0.00998025180724 0.00169221236184 1.78026296892e-05 -3.53432155807e-05
BPM.22R6.B2 17683.6606 -0.010084260538 0.000881304823764 -3.55384511252e-05 -1.74096379019e-05
BPM.23R6.B2 17737.10912 -0.0096817929804 0.00295497774875 -1.63384697828e-05 3.60434616967e-05
BPM.24R6.B2 17790.55763 -0.00985027205337 0.0021664577137 3.68128924276e-05 -2.25255471634e-05
BPM.25R6.B2 17844.00615 -0.00918618837131 0.00416357318972 -2.36171509111e-05 -3.6122285471e-05
BPM.26R6.B2 17897.45466 -0.00949222021275 0.00340868801165 -3.58582655125e-05 2.40161294637e-05
BPM.27R6.B2 17950.90318 -0.00857810527305 0.00530448004064 2.50784420128e-05 3.51235124804e-05
BPM.28R6.B2 18004.3517 -0.00893979465595 0.0045973465029 3.54333591943e-05 -6.39294632632e-05
BPM.29R6.B2 18057.80021 -0.00779105760511 0.00635255419514 -6.49611236439e-05 -3.35045009575e-05
BPM.30R6.B2 18111.24873 -0.00827827439198 0.00570313040473 -3.27824495385e-05 6.53284734812e-05
BPM.31R6.B2 18164.69724 -0.00691437986012 0.007297045603 6.6280340775e-05 3.08125921129e-05
BPM.32R6.B2 18218.14576 -0.00748070404134 0.00671525059267 3.0075279052e-05 -6.66181394821e-05
BPM.33R6.B2 18271.59428 -0.0059242105408 0.00812153020346 -6.74882639958e-05 -2.80683738214e-05
BPM.34R6.B2 18325.04279 -0.00656025805964 0.00761699005904 -2.73185445312e-05 6.77952553981e-05
BPM.33L7.B2 18378.49131 -0.00483655450889 0.00881267631586 6.85824792405e-05 2.5277317969e-05
BPM.32L7.B2 18431.93982 -0.00553197551754 0.00839361484803 2.45149225833e-05 -6.88586806062e-05
BPM.31L7.B2 18485.38834 -0.00366960320832 0.00935892812563 -6.95614219848e-05 -2.24434321411e-05
BPM.30L7.B2 18538.83686 -0.00441284752167 0.00903229207299 -2.16708410874e-05 6.98059730908e-05
BPM.29L7.B2 18592.28537 -0.00244216005688 0.00975148079157 7.04232598168e-05 1.95720075438e-05
BPM.28L7.B2 18645.73389 -0.00322116139039 0.00952258592472 1.87896659991e-05 -7.06360237843e-05
BPM.27L7.B2 18699.1824 -0.00117480509295 0.00998375462335 -7.11666553447e-05 -1.66675022945e-05
BPM.26L7.B2 18752.63092 -0.00193823634818 0.00985881452369 -1.52866664952e-05 3.28841926326e-05
BPM.25L7.B2 18806.07943 0.000150075965934 0.0100464153348 3.33269324156e-05 1.42957209166e-05
BPM.24L7.B2 18859.52795 -0.000661156595926 0.0100257596146 1.39252477927e-05 -3.34834240556e-05
BPM.23L7.B2 18912.97647 0.00143392140299 0.00994468970653 -3.3885150366e-05 -1.29169902415e-05
BPM.22L7.B2 18966.42498 0.000665106127899 0.0100303979206 -1.19498059793e-05 -4.43656538138e-06
BPM.21L7.B2 19019.8735 0.00273231338644 0.00967397086142 -4.07696921227e-06 1.20772178222e-05
BPM.20L7.B2 19073.32201 0.00194274370381 0.00986291009254 1.21216920413e-05 3.9427862463e-06
BPM.19L7.B2 19126.77053 0.00394736111317 0.00924497641308 3.57827388259e-06 -1.22342496683e-05
BPM.18L7.B2 19180.21905 0.00318842384054 0.00953337306488 -1.22731846197e-05 -3.44237260637e-06
BPM.17L7.B2 19233.66756 0.00509754020513 0.00866408289772 -3.07353961254e-06 1.23707032016e-05
BPM.16L7.B2 19287.11608 0.00438175086266 0.00904718232254 1.24040271793e-05 2.93616728207e-06
BPM.15L7.B2 19340.56459 0.00616397017213 0.00794082617412 2.56365660045e-06 -1.2486337536e-05
BPM.14L7.B2 19394.01311 0.0055030483634 0.008412354445 -1.25140008137e-05 -2.42502029831e-06
BPM.13L7.B2 19447.46163 0.00712911452028 0.00708709917594 -2.04943804408e-06 1.25809695186e-05
BPM.12L7.B2 19500.91014 0.00637036510989 0.00777622639684 1.25761218301e-05 2.07895167222e-06
BPM.11L7.B2 19554.35866 0.00798647535358 0.00610470802586 2.26637531384e-06 -1.25437028234e-05
BPM.10L7.B2 19607.13937 0.0080179167537 0.00606335382451 -1.24298720342e-05 -2.82477859486e-06
BPM.9L7.B2 19646.20438 0.0097292232271 0.00252853002019 -7.24913862439e-06 1.04847890387e-05
BPM.8L7.B2 19686.66739 0.0100009939285 -0.0010155634173 9.57995882583e-06 8.40864858674e-06
BPM.7L7.B2 19725.7314 0.00713450029171 -0.00708167735694 9.17419900287e-06 -8.84957343291e-06
BPMR.6L7.B2 19760.5494 0.00722121618883 -0.00699323139375 2.0612009478e-07 -1.2745139199e-05
BPMWC.6L7.B2 19772.7279 0.00616031233374 -0.0079436641786 -3.37416327732e-06 -1.22921100882e-05
BPMWE.5L7.B2 19849.7819 0.00930631662625 -0.00380048937295 -1.21225395338e-05 3.94017578276e-06
BPMW.5L7.B2 19872.9869 0.0100289632431 -0.000686399941746 -9.19957257247e-06 8.82319796256e-06
BPMWE.4L7.B2 19908.0719 0.0100278161628 -0.000702959282943 -4.88948059076e-06 1.17717413106e-05
BPMW.4L7.B2 19936.1769 0.00894787213224 -0.00458113882895 2.03513042067e-06 1.25832850677e-05
BPMW.4R7.B2 20052.2239 0.00763627779329 -0.00653746969822 9.60173605489e-06 -8.38377530673e-06
BPMWE.4R7.B2 20080.3289 0.00945541325525 -0.00341268354831 4.06455457853e-06 -1.20814101609e-05
BPMW.5R7.B2 20115.4139 0.00928906257775 -0.00384246863167 -1.96464543891e-06 -1.25944829957e-05
BPMWE.5R7.B2 20138.6189 0.00600609828903 -0.00806089523018 -9.46270186373e-06 -8.5403812345e-06
BPM.6R7.B2 20217.7584 0.00151371047898 -0.00993780303645 -4.96912315927e-06 1.17383469198e-05
BPM_A.7R7.B2 20255.7944 0.00474636884703 -0.0088613334974 5.18651225449e-06 1.16439235448e-05
BPM.8R7.B2 20294.85841 0.00482329287125 -0.00881969922757 1.2470154337e-05 2.64125119782e-06
BPM.9R7.B2 20333.92342 -0.000477193656503 -0.0100410923118 3.07242289221e-06 -1.23709795159e-05
BPM.10R7.B2 20374.38643 -0.00512308874354 -0.00864900053664 -1.19761100482e-05 -4.36504739135e-06
BPM.11R7.B2 20427.16714 -0.0048578282359 -0.00880072459632 -5.94850678298e-06 1.127369489e-05
BPM.12R7.B2 20481.89066 -0.0059839855843 -0.00807732413171 1.13163526908e-05 5.86694144606e-06
BPM.13R7.B2 20535.33917 -0.00522525184291 -0.00858766509421 5.65497254127e-06 -1.14237560484e-05
BPM.14R7.B2 20588.78769 -0.0068937388927 -0.00731625673474 -1.1587859304e-05 -5.31059508272e-06
BPM.15R7.B2 20642.23621 -0.0062808446738 -0.00784870936974 -5.18176974619e-06 1.16460414743e-05
BPM.16R7.B2 20695.68472 -0.00777298611972 -0.0063743184159 1.17958984424e-05 4.83091765619e-06
BPM.17R7.B2 20749.13324 -0.00723324287299 -0.00698079122166 4.69980112887e-06 -1.18487412052e-05
BPM.18R7.B2 20802.58175 -0.00852453458514 -0.00532762224215 -1.19840857378e-05 -4.34311632716e-06
BPM.19R7.B2 20856.03027 -0.00806680146133 -0.0059981632842 -4.2099566962e-06 1.20315050943e-05
BPM.20R7.B2 20909.47879 -0.00913600332133 -0.00419341053757 1.21521059229e-05 3.8480236021e-06
BPM.21R7.B2 20962.9273 -0.00876780872486 -0.00491698878721 3.71300635262e-06 -1.21940359223e-05
BPM.22R7.B2 21016.37582 -0.00959736915925 -0.00299027654604 -1.2299690661e-05 -3.34642991419e-06
BPM.23R7.B2 21069.82433 -0.00932475751845 -0.00375501608834 -3.20983451617e-06 1.23360392143e-05
BPM.24R7.B2 21123.27285 -0.00988396180326 -0.00174128094338 1.24094508433e-05 -1.45373342021e-05
BPM.25R7.B2 21176.72137 -0.0097112096928 -0.00253321268904 -1.46740526469e-05 -1.22474769679e-05
BPM.26R7.B2 21230.16988 -0.0100255047416 -0.000462617503194 -1.18028927078e-05 1.50339718505e-05
BPM.27R7.B2 21283.6184 -0.00995547470483 -0.00127015102373 1.51639396084e-05 1.16354355442e-05
BPM.28R7.B2 21337.06691 -0.00998524363885 0.000820378318533 1.11592244461e-05 -3.28818550209e-05
BPM.29R7.B2 21390.51543 -0.010018880633 1.19137300559e-05 -3.3003563273e-05 -1.07939533348e-05
BPM.30R7.B2 21443.96394 -0.00979826750857 0.00209094833459 -9.80156329709e-06 3.3311773331e-05
BPM.31R7.B2 21497.41246 -0.00993504642493 0.00129343095727 3.34184381613e-05 9.43147429949e-06
BPM.32R7.B2 21550.86098 -0.00945029763346 0.00332715881053 8.42706891032e-06 -3.36857456347e-05
BPM.33R7.B2 21604.30949 -0.00968797350849 0.00255367977711 -3.3777108404e-05 -8.05304935326e-06
BPM.34R7.B2 21657.75801 -0.00894705066024 0.00450870220526 -7.03873290482e-06 3.40029555613e-05
BPM.33L8.B2 21711.20652 -0.00928171013478 0.00377199789267 3.40789348842e-05 6.66114526101e-06
BPM.32L8.B2 21764.65504 -0.00829679556733 0.00561616367501 5.6382263505e-06 -3.42630276767e-05
BPM.31L8.B2 21818.10356 -0.00872295683542 0.00492829941918 -3.43234366548e-05 -5.25796781047e-06
BPM.30L8.B2 21871.55207 -0.00751021689092 0.00663134627214 -4.22854297236e-06 3.44654019439e-05
BPM.29L8.B2 21925.00059 -0.00802084972534 0.00600367227717 3.45101844096e-05 3.84600904184e-06
BPM.28L8.B2 21978.4491 -0.00660023895013 0.00753756969177 2.81146324245e-06 -3.46098293363e-05
BPM.27L8.B2 22031.89762 -0.00718699354242 0.00698034632857 -3.46388745252e-05 -2.42753130701e-06
BPM.26L8.B2 22085.34614 -0.00556474895184 0.00831667675243 -1.40694621098e-06 1.73194837433e-05
BPM.25L8.B2 22138.79465 -0.00621773192548 0.00784049442694 1.73340232814e-05 1.21478461155e-06
BPM.24L8.B2 22192.24317 -0.00445516891722 0.0089601904572 6.95482464675e-07 -1.73626126943e-05
BPM.23L8.B2 22245.69168 -0.00516371808177 0.00857143853934 -1.73692555971e-05 -5.02900988884e-07
BPM.22L8.B2 22299.1402 -0.00325532410622 0.00945321622522 3.04947644245e-11 5.47803077098e-11
BPM.21L8.B2 22352.58871 -0.00400756475063 0.00915968650459 5.25215017669e-11 -2.91190107931e-11
BPM.20L8.B2 22406.03723 -0.00201933208697 0.00979197273129 -3.23274723925e-11 -5.40922487838e-11
BPM.19L8.B2 22459.48575 -0.00280293838173 0.00959708124932 -5.588032617e-11 3.25255828036e-11
BPM.18L8.B2 22512.93426 -0.000750155958182 0.00996983942124 3.45908246394e-11 5.19687250894e-11
BPM.17L8.B2 22566.38278 -0.00155225703414 0.00987678743818 5.09384508617e-11 -3.82086398819e-11
BPM.16L8.B2 22619.83129 0.000531342275197 0.00998389240135 -3.45406032495e-11 -5.33263381919e-11
BPM.15L8.B2 22673.27981 -0.000276070924006 0.00999420916774 -5.06104753329e-11 3.76336780697e-11
BPM.14L8.B2 22726.72833 0.00180411252881 0.00983390106131 4.10463119995e-11 4.72411650805e-11
BPM.13L8.B2 22780.17684 0.00100465158258 0.00994741711413 5.47499752271e-11 -3.72522074228e-11
BPM.12L8.B2 22833.62536 0.00391170347126 0.00920103298554 -3.71696931257e-11 -4.80481729457e-11
BPM.11L8.B2 22887.07387 0.00354472685901 0.00934854766941 -5.83662129215e-11 3.03778552508e-11
BPM.10L8.B2 22938.91258 0.0042238240313 0.0090619944073 2.74278353941e-11 5.8088398287e-11
BPM.9L8.B2 22977.9776 0.00348542999584 0.00937081692392 6.35351321607e-11 -1.45156518475e-11
BPM.8L8.B2 23018.44061 0.00989430898372 0.00143634320338 -2.85170719264e-11 -5.93891515423e-11
BPM.7L8.B2 23057.50662 0.00991957348722 0.00124999756523 -5.72945648385e-11 -1.95301738729e-11
BPM.6L8.B2 23089.97562 0.00737335664714 0.00675233615217 -7.34436816665e-11 3.61991825314e-11
BPMR.5L8.B2 23150.39462 0.00992744476075 0.00118586390367 2.35735948285e-11 -6.41720289384e-11
BPMYB.4L8.B2 23171.16162 0.00998328727643 -0.00054259378403 8.0112271975e-12 -5.6038506213e-11
BPMWB.4L8.B2 23195.62912 0.0099979632732 -3.40937447313e-05 -4.33207014431e-11 -4.56427814559e-11
BPMSX.4L8.B2 23245.78612 0.0099952474451 -0.000235500534648 -5.62509823501e-11 -3.40274548691e-11
BPMS.2L8.B2 23283.69762 0.00999739384619 -0.000112025988882 1.64323607142e-11 -2.89988528176e-11
BPMSW.1L8.B2 23293.63162 0.00999802147599 -7.16005005219e-10 8.16271867286e-12 -3.30400481868e-11
BPMSW.1R8.B2 23336.82162 0.00999802146523 -1.45130986886e-09 1.6389507199e-11 -3.34111628942e-11
BPMS.2R8.B2 23346.75562 0.00999739371391 -0.000112026461333 -9.64319564133e-11 -4.01791177911e-13
BPMSX.4R8.B2 23384.66712 0.00999524746706 -0.000235499648628 -5.38881906655e-11 -3.43406397929e-11
BPMWI.4R8.B2 23434.90012 0.00999796099793 -3.47549137567e-05 -6.13522392062e-11 -1.71195839487e-11
BPMYB.4R8.B2 23459.29162 0.0099832727052 -0.000542860772038 -7.59400123733e-11 -4.14310703935e-12
BPMYB.5R8.B2 23479.86862 0.00993869621342 0.00108754277033 -7.93686137648e-11 2.24478070556e-11
BPMR.6R8.B2 23563.97662 0.00743784855847 0.0066812305161 1.90729787472e-11 -5.6064941763e-11
BPM_A.7R8.B2 23586.21662 0.00892717353923 0.0045017778454 -6.75458576463e-11 -6.48181524929e-11
BPM.8R8.B2 23627.65561 0.00997317515016 -0.000704421367274 -5.98769231937e-11 -4.75924150705e-12
BPM.9R8.B2 23666.7226 0.00748080580787 -0.00663309705428 3.81973601065e-11 5.15441731539e-11
BPM.10R8.B2 23707.18758 0.0098973076987 0.00141553255153 3.25920987269e-11 -5.64574439122e-11
BPM.11R8.B2 23759.02827 0.00992862912063 -0.00117590639229 -5.02679289734e-11 -3.60424195106e-11
BPM.12R8.B2 23813.75476 0.00988184094713 -0.00151975376207 -3.6759106957e-11 5.11158216318e-11
BPM.13R8.B2 23867.20624 0.0091947292372 -0.00392649796913 5.10883047543e-11 3.64423296119e-11
BPM.14R8.B2 23920.65773 0.00948162323497 -0.00317163252279 3.2959770207e-11 -5.09093654928e-11
BPM.15R8.B2 23974.10921 0.00861684159597 -0.00507054957053 -5.23030913177e-11 -3.4067912804e-11
BPM.16R8.B2 24027.56069 0.00899798299875 -0.0043585242825 -3.37467635101e-11 5.61251086639e-11
BPM.17R8.B2 24081.01218 0.00789738560441 -0.00613120972323 5.22319652596e-11 2.94481798819e-11
BPM.18R8.B2 24134.46366 0.00836647845828 -0.00547379851857 2.6047048837e-11 -5.73000465863e-11
BPM.19R8.B2 24187.91515 0.00704814895036 -0.00709112321579 -5.50437695796e-11 -2.59135241319e-11
BPM.20R8.B2 24241.36663 0.00759749261451 -0.00649911824882 -2.4293037466e-11 5.69589517132e-11
BPM.21R8.B2 24294.81811 0.00608309669527 -0.00793450481352 5.84842277726e-11 2.40234773416e-11
BPM.22R8.B2 24348.2696 0.00670365520536 -0.00741764375594 2.1436626426e-11 -5.74829204716e-11
BPM.23R8.B2 24401.72108 0.00501807717649 -0.00864750446643 -5.81300109791e-11 -2.19885050254e-11
BPM.24R8.B2 24455.17257 0.00561717104295 -0.00821944032566 -1.2599848689e-06 8.26818975039e-05
BPM.25R8.B2 24508.62405 0.00378889129539 -0.00920630830231 8.26824303597e-05 -1.22433553644e-06
BPM.26R8.B2 24562.07554 0.00451952870435 -0.00887049435744 -2.15038032251e-06 -8.26635395613e-05
BPM.27R8.B2 24615.52702 0.00257990484121 -0.00961539914939 -8.25615995558e-05 4.6331370422e-06
BPM.28R8.B2 24668.9785 0.00326515652132 -0.00938096107375 4.29832770228e-06 0.000165185866827
BPM.29R8.B2 24722.42999 0.00124708273947 -0.00985436260662 0.000164982207995 -9.25841434202e-06
BPM.30R8.B2 24775.88147 0.00203823905276 -0.0097215872869 -1.11058235534e-05 -0.00016486815266
BPM.31R8.B2 24829.33296 -2.40622174987e-05 -0.00993293001878 -0.000164460028074 1.60544318916e-05
BPM.32R8.B2 24882.78444 0.00077786474377 -0.00990245445219 1.78962458726e-05 0.00016426981169
BPM.33R8.B2 24936.23592 -0.00129429422708 -0.00984827295442 0.000163658008518 -2.28232754888e-05
BPM.34R8.B2 24989.68741 -0.000495350462789 -0.00992060006523 -2.46554926026e-05 -0.000163392022469
BPM.33L1.B2 25043.13889 -0.0025437640696 -0.0096017155823 -0.000162577574898 2.95529892612e-05
BPM.32L1.B2 25096.59038 -0.00176034707364 -0.00977572789689 3.13724118839e-05 0.000162236302188
BPM.31L1.B2 25150.04186 -0.00375095371806 -0.00919750096234 0.000161220408265 -3.62329447401e-05
BPM.30L1.B2 25203.49334 -0.00299651194972 -0.00947019502831 -3.80373991225e-05 -0.000160804237824
BPM.29L1.B2 25256.94483 -0.00489694158149 -0.00864196973561 -0.000159589119616 4.28504233941e-05
BPM.28L1.B2 25310.39631 -0.00418332804145 -0.0090090756598 4.46352212117e-05 0.000159099160116
BPM.27L1.B2 25363.8478 -0.00596207630775 -0.00794464120047 0.000157685965648 -4.93961818445e-05
BPM.26L1.B2 25417.29928 -0.00538400752848 -0.0084051148449 -5.24202167374e-05 -7.44414301607e-05
BPM.25L1.B2 25470.75077 -0.00701131244088 -0.00710457532027 -7.28332847555e-05 5.46325750841e-05
BPM.24L1.B2 25524.20225 -0.00641495733517 -0.00764734038713 5.54451410896e-05 7.22166314491e-05
BPM.23L1.B2 25577.65373 -0.00786252126544 -0.00614932939502 7.05178527404e-05 -5.7590258534e-05
BPM.22L1.B2 25631.10522 -0.00742311229754 -0.00676907416408 -5.96372289908e-05 1.28137449327e-05
BPM.21L1.B2 25684.5567 -0.00866641400151 -0.00508096738915 1.45994720403e-05 5.92253751642e-05
BPM.20L1.B2 25738.00819 -0.0082280331876 -0.00576389027978 5.90580148311e-05 -1.52624330183e-05
BPM.19L1.B2 25791.45967 -0.00924520190691 -0.00393054741444 -1.70300259203e-05 -5.8572764227e-05
BPM.18L1.B2 25844.91115 -0.00889780711144 -0.00466390285947 -5.83783859991e-05 1.7684877357e-05
BPM.17L1.B2 25898.36264 -0.00967206080316 -0.00271554802184 1.94305988654e-05 5.78207676221e-05
BPM.16L1.B2 25951.81412 -0.00942132434041 -0.00348734984823 5.75993329236e-05 -2.00775544521e-05
BPM.15L1.B2 26005.26561 -0.00993998301455 -0.00145591859885 -2.1799131275e-05 -5.69700636742e-05
BPM.14L1.B2 26058.71709 -0.00979004649097 -0.0022534309383 -5.67223914357e-05 2.24356942115e-05
BPM.13L1.B2 26112.16857 -0.0100445633059 -0.000172363736982 2.4129554505e-05 5.60228056761e-05
BPM.12L1.B2 26165.62006 -0.00977336263152 -0.00232472453093 5.75542791431e-05 -2.02063352061e-05
BPM.11L1.B2 26219.07154 -0.00953242008035 -0.00317110842597 -1.8686020129e-05 -5.80656759407e-05
BPM.10L1.B2 26271.85423 -0.00930849529535 -0.0037782107685 -5.41724524415e-05 2.80381155257e-05
BPM.9L1.B2 26310.92122 -0.00990674082895 -0.00166716749439 2.52844723885e-05 5.55111342596e-05
BPM.8L1.B2 26351.38621 -0.0057834362244 -0.00821430622196 3.49701754942e-05 -4.99787623803e-05
BPM.7L1.B2 26390.4542 -0.00871762757761 -0.00499258757341 -4.68698612309e-05 -3.9038526713e-05
BPMR.6L1.B2 26433.6382 -0.00995523148291 -0.00134771192286 -3.98420176581e-05 4.61887865673e-05
BPM.5L1.B2 26465.5382 -0.00724605059145 0.00695828370277 2.91769655395e-05 5.35676717865e-05
BPMYA.4L1.B2 26486.6562 -0.00555109449792 0.0083730705927 4.52339738875e-05 4.09228174572e-05
BPMWB.4L1.B2 26507.7127 -0.00449021255049 0.00898670977358 5.23670077293e-05 3.12807750931e-05
BPMSY.4L1.B2 26600.5687 -0.00418186156099 0.00913427583782 5.96304934235e-05 1.28450662038e-05
BPMS.2L1.B2 26627.3542 -0.00406015660021 0.00918902005522 6.03442303299e-05 8.90852005075e-06
BPMSW.1L1.B2 26637.4082 -0.00400840698368 0.00921171185269 6.06868200068e-05 6.15589673676e-06
