BPMSW.1R1.B2 21.475 -0.000394094280609 -0.0100040325822 -6.29298277127e-05 -3.74592229403e-05
BPMS.2R1.B2 31.529 -0.0003378200513 -0.0100060909365 -6.45677795556e-05 -3.45594975104e-05
BPMSY.4R1.B2 58.3145 -0.000204875760731 -0.0100096955065 -6.66943079172e-05 -3.02526287341e-05
BPMWB.4R1.B2 151.1705 0.000135815199785 -0.0100108707133 -7.28723000747e-05 -7.27877313021e-06
BPMYA.4R1.B2 172.227 0.0013538651633 -0.00991983000363 -7.28878614209e-05 7.12128071463e-06
BPMR.5R1.B2 199.635 0.00423033183856 -0.00907415399343 -6.17020850711e-05 3.94487758143e-05
BPM.6R1.B2 231.535 0.0100016299185 -0.000450973585121 2.95869384658e-05 6.69922917007e-05
BPMRA.7R1.B2 259.259 0.00977709649917 0.00215507823247 7.10306538547e-05 1.78325268787e-05
BPM.8R1.B2 300.6960106 0.00974883856326 0.00227950100854 3.03652554115e-05 -6.66431125386e-05
BPM.9R1.B2 339.7610212 0.0100112981748 9.9433603836e-05 -7.10768144879e-05 -1.76476685638e-05
BPM.10R1.B2 380.2240318 0.00931583370555 -0.00366759056433 1.15405798138e-06 7.32258197924e-05
BPM.11R1.B2 433.0047424 0.00982698690639 0.00191476016611 6.92168138286e-05 -2.392458338e-05
BPM.12R1.B2 487.7282583 0.00993176554059 -0.00126333346631 -2.03129837662e-05 -7.03614689529e-05
BPM.13R1.B2 541.1767742 0.00985795374425 -0.00174834956652 -7.17692776423e-05 1.4578191536e-05
BPM.14R1.B2 594.6252901 0.00928037179192 -0.00375641818863 1.67210931256e-05 7.13004866832e-05
BPM.15R1.B2 648.073806 0.00955324313674 -0.00299525021583 7.11107814225e-05 -1.75103179931e-05
BPM.16R1.B2 701.5223219 0.00872360144694 -0.00491271370541 -1.96302689114e-05 -7.0554990435e-05
BPM.17R1.B2 754.9708378 0.00909159131535 -0.00419272531808 -7.03328198303e-05 2.04119457097e-05
BPM.18R1.B2 808.4193537 0.00802351528591 -0.00598825355929 2.25077828528e-05 6.96904151836e-05
BPM.19R1.B2 861.8678696 0.0084805962524 -0.0053212278086 6.94366545707e-05 -2.32788476331e-05
BPM.20R1.B2 915.3163855 0.00719156359201 -0.00696544264976 -2.53462050223e-05 -6.8708977049e-05
BPM.21R1.B2 968.7649014 0.00773019537645 -0.00636239401337 -6.84235271166e-05 2.61069896349e-05
BPM.22R1.B2 1022.213417 0.00624149379394 -0.00782813729043 2.81430565151e-05 6.7611553112e-05
BPM.23R1.B2 1075.661933 0.00685286713291 -0.00729891705622 6.72954299737e-05 -2.88908008071e-05
BPM.24R1.B2 1129.110449 0.00516283842872 -0.00855728143934 -3.08657026905e-05 -3.99505764373e-05
BPM.25R1.B2 1182.558965 0.00583655468244 -0.00811274279747 -3.96057307962e-05 3.13069670401e-05
BPM.26R1.B2 1236.007481 0.00402582410528 -0.00914738796341 3.24781787325e-05 3.86511044674e-05
BPM.27R1.B2 1289.455997 0.004750871647 -0.00879267791421 3.82886280035e-05 -3.29047273561e-05
BPM.28R1.B2 1342.904513 0.00279660657465 -0.00958226362378 -3.40097972161e-05 -1.08367345179e-05
BPM.29R1.B2 1396.353029 0.0035607746178 -0.00932532404806 -1.04588662934e-05 3.41278935204e-05
BPM.30R1.B2 1449.801545 0.00154792721811 -0.00986127303234 3.44255910054e-05 9.43289803203e-06
BPM.31R1.B2 1503.25006 0.00233864351249 -0.00970420172065 9.05056248622e-06 -3.45280828447e-05
BPM.32R1.B2 1556.698576 0.000273704998924 -0.00997826989276 -3.47834604723e-05 -8.01321994857e-06
BPM.33R1.B2 1610.147092 0.00107806202026 -0.00992363676865 -7.62697472416e-06 3.48701921291e-05
BPM.34R1.B2 1663.595608 -0.00100490291472 -0.00993131182967 3.50828136744e-05 6.58004057066e-06
BPM.33L2.B2 1717.044124 -0.000200211339059 -0.00998001502488 6.19056179893e-06 -3.51536324727e-05
BPM.32L2.B2 1770.49264 -0.00226710965226 -0.00972116239318 -3.53231418931e-05 -5.13580264369e-06
BPM.31L2.B2 1823.941156 -0.00147521309853 -0.00987241261236 -4.74377875366e-06 3.53779249771e-05
BPM.30L2.B2 1877.389672 -0.00349196040169 -0.00935130991219 3.55040382829e-05 3.68291595317e-06
BPM.29L2.B2 1930.838188 -0.00272596182199 -0.00960259947251 3.28892434356e-06 -3.55427070301e-05
BPM.28L2.B2 1984.286704 -0.00465953220763 -0.00882777118887 -3.562521219e-05 -2.22383967942e-06
BPM.27L2.B2 2037.73522 -0.00393193037001 -0.00917500452614 -1.82867475098e-06 3.5647677747e-05
BPM.26L2.B2 2091.183735 -0.00577642526003 -0.0081542832322 3.57124621871e-05 2.72110484809e-05
BPM.25L2.B2 2144.632251 -0.00509955422411 -0.00859383328565 2.6813233531e-05 -3.60121065237e-05
BPM.24L2.B2 2198.080767 -0.00677209301967 -0.00734834538557 -3.67983745619e-05 -2.57235478552e-05
BPM.23L2.B2 2251.529283 -0.00615700599556 -0.00787087676016 -2.53139942688e-05 3.70813012312e-05
BPM.22L2.B2 2304.977799 -0.00768240421938 -0.006416778907 3.78482242128e-05 5.06430962632e-05
BPM.21L2.B2 2358.426315 -0.00713951956638 -0.00701581403686 5.022005669e-05 -3.84077796457e-05
BPM.20L2.B2 2411.874831 -0.00844013959095 -0.00538130373606 -3.98934962434e-05 -4.90481355752e-05
BPM.19L2.B2 2465.323347 -0.0079783572936 -0.00604484914277 -4.86029480727e-05 4.04346928754e-05
BPM.18L2.B2 2518.771863 -0.009059161323 -0.00425746195237 4.18710441468e-05 4.73711550203e-05
BPM.17L2.B2 2572.220379 -0.00868604324661 -0.00497463957783 4.69036386832e-05 -4.23941003297e-05
BPM.16L2.B2 2625.668894 -0.00952935566538 -0.00306361989707 -4.3778763873e-05 -4.56139365715e-05
BPM.15L2.B2 2679.11741 -0.00925105062454 -0.00382262325538 -4.51259286928e-05 4.42816153107e-05
BPM.14L2.B2 2732.565926 -0.00984296172303 -0.00181947538999 4.56122195985e-05 4.3780551531e-05
BPM.13L2.B2 2786.014442 -0.009664030244 -0.00260785460881 4.32717093772e-05 -4.60952299269e-05
BPM.12L2.B2 2839.462958 -0.0100046008837 -0.00031991769764 -4.68041101279e-05 -4.25039563458e-05
BPM.11L2.B2 2892.911474 -0.00975877637865 -0.00222725611449 -4.68193153082e-05 4.24872152953e-05
BPM.10L2.B2 2944.750185 -0.00990733329867 -0.00142798216245 3.30334712705e-05 5.39073402433e-05
BPM.9L2.B2 2983.815195 -0.00999260897174 0.000584937752506 5.94984297479e-05 -2.13810068733e-05
BPM.8L2.B2 3024.278206 -0.00898400808381 0.00441384015979 -5.7221536872e-05 -2.68869295685e-05
BPM.7L2.B2 3063.344216 -0.00797455213223 -0.00604986813858 -1.88325041659e-05 6.03535179686e-05
BPM.6L2.B2 3095.450216 -0.00735595407373 -0.00678854372132 1.12141400409e-05 6.22210082295e-05
BPMYB.5L2.B2 3167.649216 -0.00882990922816 -0.00471456140566 6.27732039176e-05 -7.53230892785e-06
BPMYB.4L2.B2 3188.219216 -0.0095740062524 -0.0029210940416 4.66054241914e-05 -4.27217222953e-05
BPMWB.4L2.B2 3212.610716 -0.00885651781706 -0.00466438402767 -6.32586696204e-06 -6.29062347794e-05
BPMSX.4L2.B2 3262.843716 -0.0100032786078 0.000358891621206 -5.83179029099e-05 2.44178879281e-05
BPMS.2L2.B2 3300.755216 -0.0100028227057 0.000371380979153 -2.89612803126e-05 5.62001362371e-05
BPMSW.1L2.B2 3310.689216 -0.0100097135631 -4.51125546294e-06 -1.34665000065e-05 6.17726707755e-05
BPMSW.1R2.B2 3353.879216 -0.0100097135725 -4.51390712417e-06 -5.87480968907e-05 -2.33639005835e-05
BPMS.2R2.B2 3363.813216 -0.0100028228064 0.00037137797583 -6.27887904049e-05 -7.4010438276e-06
BPMSX.4R2.B2 3401.724716 -0.0100032787624 0.000358887446619 -5.28456634602e-05 3.47065801254e-05
BPMWB.4R2.B2 3451.881716 -0.00885573518501 -0.00466586975123 4.84959283066e-05 4.05629874217e-05
BPMYB.4R2.B2 3476.349216 -0.00956104652018 -0.00296323737197 6.14857525879e-05 -1.4721157384e-05
BPM.5R2.B2 3505.883216 -0.0058692959394 -0.00810837538441 1.35603942984e-05 -6.17521405776e-05
BPMR.6R2.B2 3579.179216 -0.00458198859665 -0.0088994250734 -6.08338657038e-05 -1.72177612713e-05
BPM_A.7R2.B2 3592.054216 -0.0049565044205 -0.00869640443932 -6.29268036871e-05 -6.11784418823e-06
BPM.8R2.B2 3633.493206 -0.00789292761829 -0.00615597919299 -3.51701601579e-05 5.25382842581e-05
BPM.9R2.B2 3672.560195 -0.00922522751987 0.00388452872379 6.21084029882e-05 1.1821903053e-05
BPM.10R2.B2 3713.025185 -0.00891437760912 0.00455282967657 3.30694533582e-05 -5.38852680651e-05
BPM.11R2.B2 3764.865874 -0.00854508261458 0.00521305565782 -5.04278038986e-05 -3.81345982588e-05
BPM.12R2.B2 3819.592358 -0.00885747696231 0.0046625623947 -3.35353931492e-05 5.35965309717e-05
BPM.13R2.B2 3873.043842 -0.00702146576739 0.00713396135909 5.68918604565e-05 2.75776508019e-05
BPM.14R2.B2 3926.495326 -0.00757426513334 0.00654407318699 2.69387912726e-05 -5.71971398828e-05
BPM.15R2.B2 3979.94681 -0.00605108304788 0.00797363029978 -5.79806001747e-05 -2.52083546721e-05
BPM.16R2.B2 4033.398294 -0.00667488784598 0.00745923980148 -2.45574142034e-05 5.82592840067e-05
BPM.17R2.B2 4086.849779 -0.00498125641219 0.00868225032854 5.89708193991e-05 2.27959091759e-05
BPM.18R2.B2 4140.301263 -0.00566578697946 0.00825186307349 2.21335454693e-05 -5.92226032948e-05
BPM.19R2.B2 4193.752747 -0.00382971460904 0.00924811722536 -5.98607998073e-05 -2.03444187813e-05
BPM.20R2.B2 4247.204231 -0.00456362252946 0.00890885714322 -1.96726406573e-05 6.00849240261e-05
BPM.21R2.B2 4300.655715 -0.00261507852957 0.00966207795879 6.06488585957e-05 1.7858512121e-05
BPM.22R2.B2 4354.107199 -0.00338642206606 0.00941947619558 1.71777395447e-05 -6.08451836605e-05
BPM.23R2.B2 4407.558683 -0.00135764757242 0.00991721630726 -6.13337755932e-05 -1.5342071421e-05
BPM.24R2.B2 4461.010167 -0.00215157737284 0.00977541993783 -1.46228563116e-05 5.94579776959e-05
BPM.25R2.B2 4514.461651 -7.5698115405e-05 0.0100091153435 5.98704678788e-05 1.28298912119e-05
BPM.26R2.B2 4567.913135 -0.000883341918519 0.00997034739801 1.21582568253e-05 -6.00104618086e-05
BPM.27R2.B2 4621.36462 0.00120526316208 0.0099365718846 -6.03486485501e-05 -1.03498672908e-05
BPM.28R2.B2 4674.816104 0.000401412818849 0.0100015599033 -9.64191782573e-06 5.84170040167e-05
BPM.29R2.B2 4728.267588 0.00246862504848 0.00970042386347 5.86803128163e-05 7.88253861207e-06
BPM.30R2.B2 4781.719072 0.00167759476349 0.00986802961821 7.22462525803e-06 -5.87649363175e-05
BPM.31R2.B2 4835.170556 0.00368920311527 0.00930495100236 -5.89554623868e-05 -5.45582028887e-06
BPM.32R2.B2 4888.62204 0.00292618740427 0.00957234349625 -4.79487052947e-06 5.90128992146e-05
BPM.33R2.B2 4942.073524 0.004849318333 0.00875650868685 5.91303071829e-05 3.01984466312e-06
BPM.34R2.B2 4995.525008 0.00412670947635 0.00911935313662 2.35725713781e-06 -5.91604284832e-05
BPM.33L3.B2 5048.976492 0.0059296022464 0.00806425135725 -5.92045456209e-05 -5.78696800586e-07
BPM.32L3.B2 5102.427976 0.00525940993809 0.00851650983877 8.48041921596e-08 5.92073107199e-05
BPM.31L3.B2 5155.87946 0.00691256895131 0.0072393869413 5.9178046747e-05 -1.86338776074e-06
BPM.30L3.B2 5209.330945 0.00630568660041 0.00777371527873 -2.52614772901e-06 -5.91534577718e-05
BPM.29L3.B2 5262.782429 0.00778184339119 0.00629565295733 -5.90508451628e-05 4.3023800692e-06
BPM.28L3.B2 5316.233913 0.00724834443395 0.0069031757728 4.96388391973e-06 5.89989225971e-05
BPM.27L3.B2 5369.685397 0.00852331663604 0.00524837177504 5.88231842606e-05 -6.73393586022e-06
BPM.26L3.B2 5423.136881 0.00807392843146 0.00591933181068 -7.3612219847e-06 -6.07878967094e-05
BPM.25L3.B2 5476.588365 0.00912669673463 0.00411463437973 -6.05392611353e-05 9.18445237004e-06
BPM.24L3.B2 5530.039849 0.00876483300974 0.0048378209687 9.86235380779e-06 6.0432527851e-05
BPM.23L3.B2 5583.491333 0.00957809070292 0.00291324354079 6.01090107195e-05 -1.16732019506e-05
BPM.22L3.B2 5636.942817 0.00931374380236 0.00367694775734 -1.2314552087e-05 -6.20183205238e-05
BPM.21L3.B2 5690.394301 0.00987409423345 0.0016637402206 -6.16202742453e-05 1.41725832185e-05
BPM.20L3.B2 5743.845786 0.00970759929761 0.00245525646664 1.48623082528e-05 6.14575591411e-05
BPM.19L3.B2 5797.29727 0.0100058023033 0.000386896267584 6.09834120004e-05 -1.6701615242e-05
BPM.18L3.B2 5850.748754 0.00994193091952 0.0011932217091 -1.73836230964e-05 -6.07925189389e-05
BPM.17L3.B2 5904.200238 0.00997308521381 -0.000896292252615 -6.0242687259e-05 1.92025649806e-05
BPM.16L3.B2 5957.651722 0.0100128892172 -8.84191642527e-05 1.98765124344e-05 6.00236981945e-05
BPM.15L3.B2 6011.103206 0.00977648513538 -0.00216474175596 5.93995862821e-05 -2.16704708431e-05
BPM.14L3.B2 6064.55469 0.00991930737366 -0.00136861596959 -2.23344494192e-05 -5.91531251931e-05
BPM.13L3.B2 6118.006174 0.00941922158196 -0.0033976511338 -5.84552650664e-05 2.41018968972e-05
BPM.12L3.B2 6171.457658 0.00994470599596 -0.00116986798991 1.96036686556e-05 6.01133659949e-05
BPM.11L3.B2 6224.909142 0.0100121223636 -0.000152230715645 6.09187241468e-05 -1.69360318122e-05
BPM.10L3.B2 6277.691832 0.00920593584617 0.00393910061495 -1.200505886e-05 -6.2078968943e-05
BPM.9L3.B2 6316.758821 0.00973669152966 0.00233722197127 -5.51735962426e-05 -3.08835633577e-05
BPM.8L3.B2 6357.223811 0.0100031858415 0.00044949024722 -5.71367052632e-05 2.70798303192e-05
BPM.7L3.B2 6396.2898 0.00926734458127 -0.00379237298404 -1.95276225045e-06 6.31989468815e-05
BPMR.6L3.B2 6468.9288 0.00273700395334 -0.00963195607467 5.66219606065e-05 -2.81402570276e-05
BPMWE.5L3.B2 6511.9823 0.00253317794391 -0.00968755789472 2.91381161096e-05 -5.61149763675e-05
BPMW.5L3.B2 6539.5273 0.00535870594624 -0.00845872562027 1.19816532479e-06 -6.3217752961e-05
BPMWE.4L3.B2 6614.6553 0.00210607950665 -0.00978928994246 -6.01215958267e-05 -1.95784195562e-05
BPMW.4L3.B2 6642.2003 -0.00601852138979 -0.00800269758492 -4.90150382793e-05 3.99430389952e-05
BPMW.4R3.B2 6687.1653 -0.00761963236447 -0.00649668924375 -1.41348837055e-05 6.1628939576e-05
BPMWE.4R3.B2 6714.7103 -0.00624647483469 -0.00782606673877 9.8708396024e-06 6.24538796589e-05
BPMW.5R3.B2 6789.8383 -0.00760005967007 -0.00651957525289 6.03455649973e-05 1.88767985939e-05
BPMWE.5R3.B2 6817.3833 -0.00956845984519 -0.00295132929493 6.05553164269e-05 -1.81927050921e-05
BPMWC.6R3.B2 6858.3743 -0.00980687298105 -0.0020226247323 3.75524683491e-05 -5.08697587874e-05
BPM.6R3.B2 6870.5288 -0.00953286189365 -0.0030643616885 2.5451288297e-05 -5.78805008166e-05
BPM_A.7R3.B2 6926.3528 -0.00959902780199 -0.00285033922268 -4.13303260502e-05 -4.78510676566e-05
BPM.8R3.B2 6965.418789 -0.00653082600545 -0.00759039393238 -5.04840571352e-05 3.80694079445e-05
BPM.9R3.B2 7004.485779 0.00289466425781 -0.00958575439497 4.60481982545e-05 4.33299469415e-05
BPM.10R3.B2 7044.950768 0.00177059298322 -0.0098554943528 6.31163983393e-05 -3.77360631649e-06
BPM.11R3.B2 7097.733458 -0.00144724873156 -0.0099081400653 8.96109713202e-06 -6.25908875348e-05
BPM.12R3.B2 7152.459942 -0.00451920316161 -0.00893546704234 -6.3040467692e-05 4.88057474005e-06
BPM.13R3.B2 7205.911426 -0.00312200765448 -0.00951413877683 8.90814753387e-06 6.25984449936e-05
BPM.14R3.B2 7259.36291 -0.00502860833386 -0.00865903382023 6.23026343658e-05 -1.07843568133e-05
BPM.15R3.B2 7312.814394 -0.00431336379063 -0.00903662886604 -1.14818089404e-05 -6.21778775684e-05
BPM.16R3.B2 7366.265878 -0.00609507970138 -0.00794454352759 -6.18048981574e-05 1.33444767446e-05
BPM.17R3.B2 7419.717362 -0.0054339367133 -0.00841059452397 1.40360006953e-05 6.16515298499e-05
BPM.18R3.B2 7473.168846 -0.00706126691322 -0.00709959703554 6.12019503886e-05 -1.58821048196e-05
BPM.19R3.B2 7526.62033 -0.00646524334367 -0.00764633225537 -1.65669321477e-05 -6.10201375285e-05
BPM.20R3.B2 7580.071814 -0.00791151794999 -0.00613788662393 -6.04949462652e-05 1.83924445152e-05
BPM.21R3.B2 7633.523299 -0.00739028091692 -0.00675644259134 1.90689474328e-05 6.02851182095e-05
BPM.22R3.B2 7686.974783 -0.0086316856821 -0.0050754084235 5.96849110932e-05 -2.08718080939e-05
BPM.23R3.B2 7740.426267 -0.00819389967897 -0.00575549967541 -2.15393347122e-05 -5.94472659024e-05
BPM.24R3.B2 7793.877751 -0.00923804011726 -0.00392411520956 -5.87424728589e-05 5.17940847928e-05
BPM.25R3.B2 7847.329235 -0.00889116155941 -0.00465696376493 5.24489845588e-05 5.8158486364e-05
BPM.26R3.B2 7900.780719 -0.00966412717126 -0.00271011280687 5.65560477538e-05 -5.41730430484e-05
BPM.27R3.B2 7954.232203 -0.00941386983733 -0.00348125265665 -5.48032897241e-05 -5.59455552625e-05
BPM.28R3.B2 8007.683687 -0.00995940550308 -0.00144619008219 -5.42435003685e-05 8.4937881814e-05
BPM.29R3.B2 8061.135171 -0.00981018357001 -0.00224533340279 8.5540449651e-05 5.32882186058e-05
BPM.30R3.B2 8114.586655 -0.0100625814626 -0.000160243755947 5.06932787096e-05 -8.71033446949e-05
BPM.31R3.B2 8168.03814 -0.010016819477 -0.000971880286905 -8.76656966319e-05 -4.97144633393e-05
BPM.32R3.B2 8221.489624 -0.0100004027828 0.00112834742763 -4.70592314024e-05 8.91192040015e-05
BPM.33R3.B2 8274.941108 -0.0100588470005 0.000317522897734 8.96410145291e-05 4.60574759827e-05
BPM.34R3.B2 8328.392592 -0.00977388783987 0.0023984036816 4.33425899121e-05 -9.09847347483e-05
BPM.33L4.B2 8381.844076 -0.00993558257576 0.0016016936759 -9.14644769297e-05 -4.23208223963e-05
BPM.32L4.B2 8435.29556 -0.00938676710862 0.00362902562394 -3.95547663119e-05 9.2694254321e-05
BPM.31L4.B2 8488.747044 -0.00964903838602 0.00285959472967 9.3131750976e-05 3.85133679504e-05
BPM.30L4.B2 8542.198528 -0.00884538248951 0.00480004503754 3.56970922208e-05 -9.42471253988e-05
BPM.29L4.B2 8595.650012 -0.00920396129575 0.00407042015452 -9.46410203777e-05 -3.46392805897e-05
BPM.28L4.B2 8649.101496 -0.00815866496982 0.00589214813215 -3.17811478245e-05 9.56387034954e-05
BPM.27L4.B2 8702.55298 -0.00860758453852 0.00521447142358 9.59888944941e-05 3.07072335828e-05
BPM.26L4.B2 8756.004465 -0.00736582135273 0.00689282385377 2.78404426412e-05 -6.83895324772e-05
BPM.25L4.B2 8809.455949 -0.00789815136997 0.00627579077152 -6.86971091794e-05 -2.70726058441e-05
BPM.24L4.B2 8862.907433 -0.00642354438156 0.00777845887479 -2.49968559826e-05 6.94793202393e-05
BPM.23L4.B2 8916.358917 -0.00703036089517 0.00723466450529 6.97550717325e-05 2.4216698907e-05
BPM.22L4.B2 8969.810401 -0.00540363394532 0.00854166305621 2.21412698385e-05 -4.19722694631e-05
BPM.21L4.B2 9023.261885 -0.00607544850889 0.00807763535994 -4.22176947927e-05 -2.16696443617e-05
BPM.20L4.B2 9076.713369 -0.00426655181446 0.00916273993987 -2.03916075535e-05 4.28496159437e-05
BPM.19L4.B2 9130.164853 -0.00499213434077 0.00878850739746 4.3075402531e-05 1.99102224736e-05
BPM.18L4.B2 9183.616337 -0.00305931148619 0.00963326947725 1.86070215594e-05 -4.36541621134e-05
BPM.17L4.B2 9237.067821 -0.00382688928197 0.00935490171263 -4.3859889548e-05 -1.81167583241e-05
BPM.16L4.B2 9290.519306 -0.00180184623953 0.00994548227675 -1.67909450395e-05 4.43843604337e-05
BPM.15L4.B2 9343.97079 -0.00259863911206 0.00976761702507 4.45697020649e-05 1.62926075271e-05
BPM.14L4.B2 9397.422274 -0.000514724614718 0.0100942719483 1.49462052512e-05 -4.50390741525e-05
BPM.13L4.B2 9450.873758 -0.00132781680559 0.0100197889262 -4.52037119558e-05 -1.44406313492e-05
BPM.12L4.B2 9504.325242 0.00178454568436 0.00994860112104 -1.56277461659e-05 4.48071537178e-05
BPM.11L4.B2 9557.776726 0.00142776956389 0.0100060352612 4.16304381657e-05 2.27774937448e-05
BPMC.10L4.B2 9609.617415 0.00265743313734 0.00975178531174 2.83611225417e-05 -3.80467350987e-05
BPMC.9L4.B2 9648.684405 0.00355503673803 0.00946155280006 -3.21744772062e-05 -3.48813736362e-05
BPMC.8L4.B2 9689.149394 0.0063032832493 0.00790113206071 -1.89681839839e-06 4.74163351266e-05
BPMC.7L4.B2 9728.215384 -0.00196711666199 0.00991411719014 4.7363655004e-05 -2.9309692131e-06
BPMYA.6L4.B2 9824.819384 -0.000485802014989 0.0100957052247 1.05459990854e-05 -4.62675836983e-05
BPMYB.5L4.B2 9861.819384 -0.000503996946789 0.0100948132583 -2.29308383564e-06 -4.73988271001e-05
BPMWA.B5L4.B2 9964.209884 0.00466841636145 0.0089646615235 -4.21292091473e-05 -2.18411771308e-05
BPMWA.A5L4.B2 9973.094884 0.00498425204729 0.00879298010338 -4.39883464899e-05 -1.78025987528e-05
BPMWA.A5R4.B2 10021.14388 0.00594534106442 0.00817387222697 -4.72725898003e-05 4.14843934386e-06
BPMWA.B5R4.B2 10030.02888 0.00599584644438 0.00813689701186 -4.67834606791e-05 7.95078564283e-06
BPMYA.5R4.B2 10132.49538 0.00459813680981 0.00900091136829 -2.60013356569e-05 3.9696826259e-05
BPMYB.6R4.B2 10164.05938 0.00482330672901 0.00888228460378 -1.68309966377e-05 4.43691877605e-05
BPMCA.7R4.B2 10260.57538 0.00144860015036 0.0100030407978 4.59616526405e-05 1.18082077095e-05
BPMC.8R4.B2 10298.36637 -0.0012655589785 0.0100278426426 8.8591230671e-06 -4.661998863e-05
BPMC.9R4.B2 10337.43336 0.00554338836848 0.0084516337463 -4.63954875003e-05 9.96823803637e-06
BPMC.10R4.B2 10377.89835 0.00586996147451 0.00822817232978 -2.84832724842e-06 4.73687059267e-05
BPM.11R4.B2 10429.73904 0.00826498396842 0.0058180157817 4.69151402334e-05 7.13281042267e-06
BPM.12R4.B2 10484.46553 0.00846370090577 0.00552494656838 9.36095895763e-06 -4.65218174632e-05
BPM.13R4.B2 10537.91701 0.00943270185025 0.00363089566264 -4.67930063949e-05 -7.89444556943e-06
BPM.14R4.B2 10591.36849 0.00910887693057 0.00438036855247 -7.3695075921e-06 4.68785314752e-05
BPM.15R4.B2 10644.81998 0.00981969376944 0.00239434371165 4.70787624485e-05 5.95793821723e-06
BPM.16R4.B2 10698.27146 0.009594403997 0.00317910042461 5.43027279297e-06 -4.71425429106e-05
BPM.17R4.B2 10751.72295 0.0100453106881 0.00111848146251 -4.72844200001e-05 -4.01134710498e-06
BPM.18R4.B2 10805.17443 0.00992226352203 0.00192560488382 -3.48113542253e-06 4.73264052734e-05
BPM.19R4.B2 10858.62591 0.0101058582165 -0.000175776227345 4.74096248859e-05 2.05788244136e-06
BPM.20R4.B2 10912.0774 0.0100870751856 0.000640454368339 1.52676213608e-06 -4.74297013416e-05
BPM.21R4.B2 10965.52888 0.0100003372277 -0.00146714788459 -4.74541568888e-05 -1.00950508897e-07
BPM.22R4.B2 11018.98037 0.0100861274889 -0.000655209774867 4.30910987217e-07 4.74523053482e-05
BPM.23R4.B2 11072.43185 0.00973048715523 -0.00273438975085 4.74179547273e-05 -1.85616555001e-06
BPM.24R4.B2 11125.88333 0.00988691321289 -0.00194216225994 -2.88378309991e-06 -1.4821713848e-05
BPM.25R4.B2 11179.33482 0.00926849179605 -0.00395197507445 -1.47283844236e-05 3.32779191299e-06
BPM.26R4.B2 11232.7863 0.00955722597004 -0.00319099967381 3.49260930054e-06 1.46901699801e-05
BPM.27R4.B2 11286.23779 0.00868677918675 -0.00510518506032 1.45786138804e-05 -3.93235580115e-06
BPM.28R4.B2 11339.68927 0.0090379665013 -0.00438944996963 -4.59189793328e-06 1.80385895978e-05
BPM.29R4.B2 11393.14075 0.00793008797918 -0.00616974993014 1.81683940976e-05 4.04790755558e-06
BPM.30R4.B2 11446.59224 0.00840218316569 -0.00550957599618 3.84412235405e-06 -1.82126030356e-05
BPM.31R4.B2 11500.04372 0.00707563918065 -0.00713354328061 -1.83198726087e-05 -3.29519499651e-06
BPM.32R4.B2 11553.49521 0.00762832025706 -0.00653917729277 -3.08970819229e-06 1.83556446773e-05
BPM.33R4.B2 11606.94669 0.00610495177984 -0.00798007978163 1.84401850501e-05 2.53687038659e-06
BPM.34R4.B2 11660.39818 0.00672911205629 -0.00746131091472 2.33012929471e-06 -1.84674492456e-05
BPM.33L5.B2 11713.84966 0.00503390090627 -0.00869551328129 -1.85291130591e-05 -1.77423012499e-06
BPM.32L5.B2 11767.30114 0.00571931684898 -0.0082608428313 -1.56650871016e-06 1.85478313407e-05
BPM.31L5.B2 11820.75263 0.00388017900758 -0.00926802678227 1.85865281641e-05 1.00857703358e-06
BPM.30L5.B2 11874.20411 0.00461554528291 -0.00892462050975 8.00277253638e-07 -1.85966515202e-05
BPM.29L5.B2 11927.6556 0.00266263853394 -0.00968826432321 -1.86123055976e-05 -2.41193869677e-07
BPM.28L5.B2 11981.10708 0.00343592174599 -0.0094417451409 -3.26434699696e-08 1.86138388447e-05
BPM.27L5.B2 12034.55856 0.00140140482726 -0.00994928007782 1.86064175261e-05 -5.26581060025e-07
BPM.26L5.B2 12088.01005 0.00216735255716 -0.00980576032269 -1.23148466253e-06 1.39728147707e-05
BPM.25L5.B2 12141.46153 8.49008198189e-05 -0.0100420687354 1.40035031668e-05 8.11140918867e-07
BPM.24L5.B2 12194.91302 0.000895126259482 -0.0100024547792 6.54196611335e-07 -1.4011713498e-05
BPM.23L5.B2 12248.3645 -0.00120046622445 -0.00997041791804 -1.40250411622e-05 -2.32948785187e-07
BPM.22L5.B2 12301.81598 -0.000424296817527 -0.010036837235 -5.72265271093e-07 4.65989370409e-05
BPM.21L5.B2 12355.26747 -0.00249824674255 -0.00973020517183 4.65950950536e-05 -8.27992036544e-07
BPM.20L5.B2 12408.71895 -0.00170479079737 -0.00990009180779 -1.35000071109e-06 -4.65828942798e-05
BPM.19L5.B2 12462.17044 -0.00372253886536 -0.00933063951957 -4.65213109773e-05 2.74886199734e-06
BPM.18L5.B2 12515.62192 -0.00295726858019 -0.00960066101973 3.2698855073e-06 4.64875939307e-05
BPM.17L5.B2 12569.07341 -0.00488553369335 -0.0087777952848 4.63683615606e-05 -4.66511393815e-06
BPM.16L5.B2 12622.52489 -0.00416115622598 -0.00914346260078 -5.18437546932e-06 -4.63131812318e-05
BPM.15L5.B2 12675.97637 -0.00596835760051 -0.00808064583253 -4.61365313945e-05 6.57336555023e-06
BPM.14L5.B2 12729.42786 -0.00529665517143 -0.00853601625301 7.08980673763e-06 4.60599947529e-05
BPM.13L5.B2 12782.87934 -0.00695300923796 -0.0072507787175 4.58261816077e-05 -8.47050863245e-06
BPM.12L5.B2 12836.33083 -0.00523432374585 -0.00857437953459 -5.28796965444e-06 -4.63014682545e-05
BPM.11L5.B2 12889.78231 -0.00446388157971 -0.00899954947024 -4.64245177121e-05 4.06847145853e-06
BPM.10L5.B2 12942.565 -0.00387519547705 -0.00926827866973 1.16958091393e-05 4.51109362891e-05
BPM.9L5.B2 12981.63199 -0.00579495535946 -0.0082058894665 4.5640948115e-05 -9.41763231443e-06
BPM.8L5.B2 13022.09698 0.00175639396762 -0.00989106716711 -3.12974218903e-05 -3.4529123648e-05
BPM.7L5.B2 13061.16497 -0.00259709305249 -0.00970428962711 -3.70322884817e-05 2.82913125305e-05
BPMR.6L5.B2 13098.05897 -0.0036976946746 -0.00934051302526 1.34619639963e-05 4.46157375812e-05
BPMWT.B6L5.B2 13109.36897 -0.00772750534916 -0.00641901788033 3.70656845721e-05 2.82475418638e-05
BPMWT.A6L5.B2 13115.19097 -0.00900401547047 -0.00445486642963 4.3660336787e-05 1.62961233544e-05
BPM.5L5.B2 13129.95897 -0.00999109335848 -0.00104698757883 4.61461999854e-05 -6.50513363468e-06
BPMYA.4L5.B2 13157.36497 -0.00985318703862 0.00195776267627 3.81588881553e-05 -2.67523402613e-05
BPMWB.4L5.B2 13178.42347 -0.00954141806905 0.00314316253961 3.21857461432e-05 -3.37026182252e-05
BPMWT.B4L5.B2 13178.89297 -0.00953664640826 0.00315761060604 3.20797470687e-05 -3.38035238814e-05
BPMWT.A4L5.B2 13180.87497 -0.00951747679754 0.00321492843849 3.16422948708e-05 -3.42133585607e-05
BPMSY.4L5.B2 13271.27947 -0.00942895833713 0.00346595932387 1.96848164368e-05 -4.22409276376e-05
BPMS.2L5.B2 13298.06497 -0.00938208711398 0.00359090302164 1.6872847485e-05 -4.34402668687e-05
BPMSW.1L5.B2 13308.11897 -0.00936174101842 0.00364361672535 1.48806821617e-05 -4.41626475212e-05
BPMSW.1R5.B2 13351.06897 -0.00936173968467 0.00364361962078 2.64653739411e-05 -3.83583361537e-05
BPMS.2R5.B2 13361.12297 -0.00938208693875 0.00359090482016 2.46931098908e-05 -3.95219221959e-05
BPMSY.4R5.B2 13387.90847 -0.00942895811629 0.00346595988432 2.20504933884e-05 -4.10556523361e-05
BPMWB.4R5.B2 13480.76447 -0.00954142820306 0.0031431317498 7.72739576303e-06 -4.5957324363e-05
BPMYA.4R5.B2 13501.82097 -0.00985317089158 0.00195784395573 -1.41474068108e-06 -4.65809712767e-05
BPMR.5R5.B2 13522.93897 -0.0100428875864 -0.000241947187047 -1.6722923455e-05 -4.34986459376e-05
BPM.6R5.B2 13554.83897 -0.00605509168419 -0.00801585891645 -4.66013788503e-05 3.16301857165e-07
BPMRA.7R5.B2 13588.85297 -0.00115116377479 -0.00997962681801 -1.434984079e-05 4.43381391123e-05
BPM.8R5.B2 13630.28998 -0.00102385210446 -0.00999349069817 4.10183694719e-05 2.21197254165e-05
BPM.9R5.B2 13669.35499 -0.00317782994478 -0.00952992792566 1.42342687934e-05 -4.43753790315e-05
BPM.10R5.B2 13709.818 -0.00652421936547 -0.00763889332501 -4.65411868932e-05 -2.38875690339e-06
BPM.11R5.B2 13762.59871 -0.00139543291014 -0.00994841175601 1.22397409087e-05 4.49664007786e-05
BPM.12R5.B2 13817.32223 -0.00444462982022 -0.00900907293699 4.55391707332e-05 -9.89810451183e-06
BPM.13R5.B2 13870.77074 -0.00488065265217 -0.00878051018823 -6.19674448654e-06 -4.61886239569e-05
BPM.14R5.B2 13924.21926 -0.00659690004867 -0.00757621536468 -4.59823608735e-05 7.57700814907e-06
BPM.15R5.B2 13977.66777 -0.00596397318004 -0.00808388232029 8.08640867399e-06 4.58955183084e-05
BPM.16R5.B2 14031.11629 -0.0075118139236 -0.0066701410094 4.56329430858e-05 -9.45636727769e-06
BPM.17R5.B2 14084.56481 -0.00694906847276 -0.00725455559185 -9.96192167355e-06 -4.55252534405e-05
BPM.18R5.B2 14138.01332 -0.00830336832382 -0.00565439686727 -4.52067778199e-05 1.13197008042e-05
BPM.19R5.B2 14191.46184 -0.00781997256229 -0.00630604143455 1.18202551184e-05 4.50784916846e-05
BPM.20R5.B2 14244.91035 -0.00895844239367 -0.0045458155996 4.47045115491e-05 -1.31641359726e-05
BPM.21R5.B2 14298.35887 -0.008562398075 -0.00525390033101 -1.36591777935e-05 -4.45557547504e-05
BPM.22R5.B2 14351.80738 -0.00946635369043 -0.00336248083608 -4.41271029039e-05 1.49862627884e-05
BPM.23R5.B2 14405.2559 -0.00916412737979 -0.00411544637017 1.54746150119e-05 4.39582139439e-05
BPM.24R5.B2 14458.70442 -0.00981182910957 -0.00212525746665 4.34684340605e-05 -2.3781756425e-05
BPM.25R5.B2 14512.15293 -0.00960832845697 -0.00291010894896 -2.42624016792e-05 -4.32019917496e-05
BPM.26R5.B2 14565.60145 -0.0100030836561 -0.000852658884625 -4.24566953504e-05 2.55441732734e-05
BPM.27R5.B2 14619.04996 -0.0099016504336 -0.00165711452121 2.60133907885e-05 4.21708411051e-05
BPM.28R5.B2 14672.49848 -0.0100230987818 0.000432617748249 4.13663872546e-05 -3.42623419356e-05
BPM.29R5.B2 14725.947 -0.0100253208174 -0.000377637201177 -3.47190048419e-05 -4.09838573859e-05
BPM.30R5.B2 14779.39551 -0.00988541465589 0.00171121138856 -3.99267238645e-05 3.59296960874e-05
BPM.31R5.B2 14832.84403 -0.00999126513765 0.000907903254184 3.63702488468e-05 3.95258251511e-05
BPM.32R5.B2 14886.29254 -0.00958530144498 0.00296169943131 3.84194880389e-05 -3.75370289727e-05
BPM.33R5.B2 14939.74106 -0.00979304633597 0.00217851114698 -3.79607975425e-05 -3.8000838516e-05
BPM.34R5.B2 14993.18958 -0.0091277015172 0.00416350001068 -3.68480365688e-05 3.90807911628e-05
BPM.33L6.B2 15046.63809 -0.00943391159104 0.00341335309382 3.94870305864e-05 3.64123660093e-05
BPM.32L6.B2 15100.08661 -0.0085201088934 0.00529692474807 3.52141638228e-05 -4.05592050053e-05
BPM.31L6.B2 15153.53512 -0.00891978565115 0.00459206829084 -4.09472185705e-05 -3.47622066491e-05
BPM.30L6.B2 15206.98364 -0.00777254941202 0.00634327541472 -3.35214642488e-05 4.19690017241e-05
BPM.29L6.B2 15260.43215 -0.00825907075071 0.00569538564881 4.23381766156e-05 3.30539699109e-05
BPM.28L6.B2 15313.88067 -0.00689724350228 0.00728544434792 3.17719626476e-05 -4.33085280389e-05
BPM.27L6.B2 15367.32919 -0.00746269646454 0.00670505994748 -4.36582069364e-05 -3.12897351217e-05
BPM.26L6.B2 15420.7777 -0.00590178389819 0.00810654693908 -2.99762245168e-05 3.75765079369e-05
BPM.25L6.B2 15474.22622 -0.00653668810806 0.00760387170946 3.79066271557e-05 2.95576605749e-05
BPM.24L6.B2 15527.67473 -0.00481628159038 0.0087949183104 2.84099161136e-05 -3.87742765329e-05
BPM.23L6.B2 15581.12325 -0.00551034319213 0.0083775458451 -3.90869550072e-05 -2.79781713738e-05
BPM.22L6.B2 15634.57177 -0.00364483581473 0.00933743150591 -2.68028790719e-05 3.29082659631e-05
BPM.21L6.B2 15688.02028 -0.0043864237705 0.00901286534673 3.32034781331e-05 2.64362988208e-05
BPM.20L6.B2 15741.4688 -0.00242041638909 0.00972697485131 2.54307469642e-05 -3.39797770513e-05
BPM.19L6.B2 15794.91731 -0.00319751189324 0.00949991436673 -3.42597142528e-05 -2.5052347076e-05
BPM.18L6.B2 15848.36583 -0.00115629832836 0.00995667762972 -2.4015916342e-05 3.49940573695e-05
BPM.17L6.B2 15901.81435 -0.0019559676966 0.00983090258746 3.52582290909e-05 2.36263788463e-05
BPM.16L6.B2 15955.26286 0.000126890257514 0.0100227917329 2.25606429785e-05 -3.59494897235e-05
BPM.15L6.B2 16008.71138 -0.000682388911183 0.0100003400261 -3.61974893312e-05 -2.21605653497e-05
BPM.14L6.B2 16062.15989 0.00140792447855 0.00992422309102 -2.10673953699e-05 3.68444437476e-05
BPM.13L6.B2 16115.60841 0.000602512196777 0.010005470219 3.70758056416e-05 2.06575234548e-05
BPM.12L6.B2 16169.05693 0.00281038721023 0.00962154763996 1.98751374832e-05 -3.75010312684e-05
BPM.11L6.B2 16222.50544 0.00113203896454 0.0099594649977 -3.59972337718e-05 -2.24843883657e-05
BPM.10L6.B2 16274.34415 0.00283253462922 0.0096150508507 -2.85391507431e-05 3.14144093823e-05
BPM.9L6.B2 16313.40916 0.00412501144879 0.00913546582362 1.94568893032e-05 3.77197281179e-05
BPM.8L6.B2 16353.87217 0.00844920243698 0.00539290584247 2.75356213916e-05 -3.2297644281e-05
BPMYB.5L6.B2 16450.96018 0.000673429299695 0.0100009473663 -4.16057922784e-05 8.38489039086e-06
BPMYA.4L6.B2 16487.36018 0.00106528900103 0.00996682570517 -3.85312735491e-05 1.77957432314e-05
BPMSB.B4L6.B2 16518.13068 -6.99392054574e-05 0.0100233509254 -3.35048167794e-05 2.60533234355e-05
BPMSB.A4L6.B2 16518.76568 -9.62013430324e-05 0.010023133268 -3.33684369259e-05 2.62277660761e-05
BPMSA.4L6.B2 16615.57568 -0.00421550529438 0.0090940623691 3.27233555024e-06 4.23159579121e-05
BPMSE.4R6.B2 16707.14568 -0.00448963784123 0.00896189752813 3.7383749722e-05 2.0094861346e-05
BPMSA.A4R6.B2 16803.82068 -0.000976034252311 0.00997596172805 3.86550111701e-05 -1.75253638989e-05
BPMSA.B4R6.B2 16804.40568 -0.000953492200444 0.00997814150406 3.85745149749e-05 -1.77018411278e-05
BPMYB.4R6.B2 16830.96018 6.41158402265e-06 0.010023592876 3.44887355847e-05 -2.47361194385e-05
BPMYA.5R6.B2 16867.36018 0.000106096089546 0.0100230334182 2.84051041963e-05 -3.15356720997e-05
BPM.8R6.B2 16963.08519 0.00448081628572 0.00896631143026 -3.54338886129e-05 -2.33621057822e-05
BPM.9R6.B2 17002.1502 0.00937991195215 0.00353407795475 -1.93687384243e-05 3.77650702424e-05
BPM.10R6.B2 17042.61322 0.00989774068707 0.00158340914612 3.09699669867e-05 2.90208479897e-05
BPM.11R6.B2 17094.45193 0.0099704476873 -0.00103083857813 2.48086985676e-05 -3.44365738961e-05
BPM.12R6.B2 17149.17544 0.0099615776528 0.00111329506967 -3.74837671267e-05 -1.99076779037e-05
BPM.13R6.B2 17202.62396 0.00997433721437 -0.000992498048419 -1.87355675085e-05 3.80831609644e-05
BPM.14R6.B2 17256.07247 0.0100218994502 -0.000184354698279 3.82885555596e-05 1.83121440847e-05
BPM.15R6.B2 17309.52099 0.00976543302618 -0.00226025951717 1.71582867964e-05 -3.88193417803e-05
BPM.16R6.B2 17362.96951 0.00991598190069 -0.00146484065888 -3.90072707295e-05 -1.67266632665e-05
BPM.17R6.B2 17416.41802 0.00939607359467 -0.00349088187642 -1.55516877061e-05 3.94904204908e-05
BPM.18R6.B2 17469.86654 0.00964713918591 -0.00272124251119 3.96604330146e-05 1.51128563593e-05
BPM.19R6.B2 17523.31505 0.00887233088383 -0.00466413978744 1.39193749413e-05 -4.00948820137e-05
BPM.20R6.B2 17576.76357 0.00921977602715 -0.00393296138812 -4.02467988633e-05 -1.34738105649e-05
BPM.21R6.B2 17630.21209 0.00820280274066 -0.00576077099418 -1.22631976321e-05 4.06320354241e-05
BPM.22R6.B2 17683.6606 0.00864094263448 -0.00508001630375 4.07655127414e-05 1.18119099967e-05
BPM.23R6.B2 17737.10912 0.00739850289527 -0.00676273688276 1.05868163177e-05 -4.11007034704e-05
BPM.24R6.B2 17790.55763 0.00786236357104 -0.0061472655359 -4.21035388718e-05 4.77184884258e-05
BPM.25R6.B2 17844.00615 0.00641542839205 -0.0076451234804 4.89570675797e-05 4.06567007387e-05
BPM.26R6.B2 17897.45466 0.00701144435417 -0.00710248425903 4.01115137375e-05 -4.94047476635e-05
BPM.27R6.B2 17950.90318 0.0053847059739 -0.00840300994094 -5.05830220205e-05 -3.8615018701e-05
BPM.28R6.B2 18004.3517 0.00598754319922 -0.00794467460168 -3.89391728031e-05 0.000108856576831
BPM.29R6.B2 18057.80021 0.00420845326818 -0.00901429138781 0.000109972975671 3.5664519149e-05
BPM.30R6.B2 18111.24873 0.00492211332926 -0.00864530673168 3.44433576645e-05 -0.000110361534734
BPM.31R6.B2 18164.69724 0.0030206179535 -0.00947862834606 -0.000111342957043 -3.11248955875e-05
BPM.32R6.B2 18218.14576 0.00377573316635 -0.00920393216078 -2.98877487503e-05 0.000111681400197
BPM.33R6.B2 18271.59428 0.0017834714105 -0.00978712204214 0.000112525725188 2.65325018477e-05
BPM.34R6.B2 18325.04279 0.00256738864492 -0.0096112977127 2.52832925798e-05 -0.000112812979725
BPM.33L7.B2 18378.49131 0.000516677114369 -0.00993486652606 -0.000113519118037 -2.18957185178e-05
BPM.32L7.B2 18431.93982 0.00131679110182 -0.00986076007921 -2.06353197951e-05 0.000113754983157
BPM.31L7.B2 18485.38834 -0.000758250424647 -0.00991935403199 0.000114321552261 1.7221965891e-05
BPM.30L7.B2 18538.83686 4.46163861838e-05 -0.00994819267652 1.5953105092e-05 -0.000114505509745
BPM.29L7.B2 18592.28537 -0.00202107598953 -0.00974083055817 -0.000114931633439 -1.25192927682e-05
BPM.28L7.B2 18645.73389 -0.00122833779305 -0.00987216867763 -1.12440943707e-05 0.000115063389401
BPM.27L7.B2 18699.1824 -0.0032503482585 -0.009402327603 0.000115348352213 7.79554223532e-06
BPM.26L7.B2 18752.63092 -0.00253877761396 -0.00963760310464 5.62752140815e-06 -5.75794986586e-05
BPM.25L7.B2 18806.07943 -0.00448370419343 -0.00890085288181 -5.77221083563e-05 -3.90196020778e-06
BPM.24L7.B2 18859.52795 -0.00375076360539 -0.00923366437308 -3.26168954765e-06 5.77618300263e-05
BPM.23L7.B2 18912.97647 -0.00558539588617 -0.00825421941788 5.78335697798e-05 1.53154370126e-06
BPM.22L7.B2 18966.42498 -0.00495882621878 -0.00868168737597 1.79475924724e-09 1.47907947064e-09
BPM.21L7.B2 19019.8735 -0.00665263309607 -0.00746351968591 1.41754996048e-09 -1.84403923013e-09
BPM.20L7.B2 19073.32201 -0.00602864492931 -0.00797603243958 -1.85605273421e-09 -1.40430374037e-09
BPM.19L7.B2 19126.77053 -0.00755270845351 -0.00655120204083 -1.34617631835e-09 1.89941686598e-09
BPM.18L7.B2 19180.21905 -0.00699940612061 -0.00713932539283 1.91369067151e-09 1.32879156687e-09
BPM.17L7.B2 19233.66756 -0.00832868617075 -0.00553124215926 1.26801352733e-09 -1.95257029097e-09
BPM.16L7.B2 19287.11608 -0.00785516295947 -0.00618531067095 -1.96676859415e-09 -1.24859428511e-09
BPM.15L7.B2 19340.56459 -0.00896781591174 -0.00442039941559 -1.190456179e-09 2.0050500727e-09
BPM.14L7.B2 19394.01311 -0.00858184995441 -0.00512966904431 2.0200120517e-09 1.16083812336e-09
BPM.13L7.B2 19447.46163 -0.00945959675879 -0.00323692483576 1.0979411273e-09 -2.05058643568e-09
BPM.12L7.B2 19500.91014 -0.00908079789784 -0.00418339129116 -2.04270084177e-09 -1.11404115794e-09
BPM.11L7.B2 19554.35866 -0.00979899659412 -0.00198527552198 -1.13818551543e-09 2.03621092387e-09
BPM.10L7.B2 19607.13937 -0.00980912674229 -0.00193460220907 1.97890882835e-09 1.23021363455e-09
BPM.9L7.B2 19646.20438 -0.0098017895141 0.00197143993212 1.88566555236e-09 -1.38296434989e-09
BPM.8L7.B2 19686.66739 -0.00850291800224 0.00525947133015 -1.15611135772e-09 -2.01650498516e-09
BPM.7L7.B2 19725.7314 -0.00329995639108 0.00943779322598 -2.11355211498e-09 9.81329718444e-10
BPMR.6L7.B2 19760.5494 -0.00341599904882 0.00939641440504 -7.9374008435e-10 2.19035300488e-09
BPMWC.6L7.B2 19772.7279 -0.00205363418847 0.00978489855743 -1.46746858196e-10 2.32445940323e-09
BPMWE.5L7.B2 19849.7819 -0.00666996389908 0.00744803562551 2.3306179563e-09 4.23277941999e-11
BPMW.5L7.B2 19872.9869 -0.00867114398527 0.00497723970357 2.11814117769e-09 -9.80691112386e-10
BPMWE.4L7.B2 19908.0719 -0.00866291331941 0.00499155144948 1.55046573402e-09 -1.74057611442e-09
BPMW.4L7.B2 19936.1769 -0.0060097325831 0.00799029207293 3.9665370468e-10 -2.29627260875e-09
BPMW.4R7.B2 20052.2239 -0.00398551022094 0.00916937083369 -2.1581871465e-09 8.73923456743e-10
BPMWE.4R7.B2 20080.3289 -0.00697203595069 0.00716605664097 -1.41342542438e-09 1.84406842678e-09
BPMW.5R7.B2 20115.4139 -0.0066362672243 0.00747807532139 -4.07535603324e-10 2.29293175219e-09
BPMWE.5R7.B2 20138.6189 -0.00186470627209 0.00982265359637 1.12806343661e-09 2.03915164625e-09
BPM.6R7.B2 20217.7584 0.00296982367742 0.00954682148474 1.55499423763e-09 -1.73309862374e-09
BPM_A.7R7.B2 20255.7944 -0.000389760990695 0.00999048244642 -2.02033383301e-10 -2.31943899334e-09
BPM.8R7.B2 20294.85841 -0.00047667068978 0.009986713084 -1.99503731961e-09 -1.19973916047e-09
BPM.9R7.B2 20333.92342 0.00479540666301 0.00877301134748 -1.26938736789e-09 1.95449764749e-09
BPM.10R7.B2 20374.38643 0.00834496900682 0.00550664557046 1.81201220032e-09 1.47374461668e-09
BPM.11R7.B2 20427.16714 0.00817373612301 0.00575775051109 1.7039055348e-09 -1.59748129255e-09
BPM.12R7.B2 20481.89066 0.00886623053265 0.00462078015615 -1.60974375041e-09 -1.68973487941e-09
BPM.13R7.B2 20535.33917 0.00840966337536 0.00540732975601 -1.6558059256e-09 1.63776670376e-09
BPM.14R7.B2 20588.78769 0.00934877728454 0.00354429350501 1.68614045024e-09 1.60695900947e-09
BPM.15R7.B2 20642.23621 0.00903226883024 0.00428716373765 1.58779633908e-09 -1.70287143549e-09
BPM.16R7.B2 20695.68472 0.00972535637131 0.00231928795068 -1.75178827243e-09 -1.53610505201e-09
BPM.17R7.B2 20749.13324 0.00950647651404 0.00309653959298 -1.51504395992e-09 1.76363645919e-09
BPM.18R7.B2 20802.58175 0.00994214079193 0.00105616742423 1.81258889581e-09 1.46428282665e-09
BPM.19R7.B2 20856.03027 0.00982448437808 0.00185503635824 1.44075171503e-09 -1.82460115734e-09
BPM.20R7.B2 20909.47879 0.00999556617156 -0.000224299067341 -1.87351946547e-09 -1.38382254622e-09
BPM.21R7.B2 20962.9273 0.0099810671865 0.000583053117653 -1.37040823932e-09 1.88565865501e-09
BPM.22R7.B2 21016.37582 0.00988475525765 -0.00150108849054 1.92587498312e-09 1.31184967631e-09
BPM.23R7.B2 21069.82433 0.0099736521535 -0.000698509766743 1.29080702725e-09 -1.94230020566e-09
BPM.24R7.B2 21123.27285 0.00956906015143 -0.00274509120869 4.06617893927e-08 4.3220052926e-05
BPM.25R7.B2 21176.72137 0.00975937592906 -0.00196392958305 4.32169495307e-05 -5.19807955584e-07
BPM.26R7.B2 21230.16988 0.00913929332239 -0.00394661316771 -1.81274401577e-06 -4.31820494004e-05
BPM.27R7.B2 21283.6184 0.00942796792566 -0.00319622570031 -4.31592738959e-05 2.2916621066e-06
BPM.28R7.B2 21337.06691 0.00851690237001 -0.00507515398979 3.62519934281e-06 8.6292208362e-05
BPM.29R7.B2 21390.51543 0.00889869176108 -0.00437128115551 8.62467315506e-05 -4.58139448899e-06
BPM.30R7.B2 21443.96394 0.00779771526092 -0.0061229446094 -7.15990850329e-06 -8.6071044739e-05
BPM.31R7.B2 21497.41246 0.0082663762936 -0.0054737406813 -8.59862921653e-05 8.11449245799e-06
BPM.32R7.B2 21550.86098 0.00695041931177 -0.00707011212173 1.06844490219e-05 8.57049029191e-05
BPM.33R7.B2 21604.30949 0.00749831876352 -0.00648614136708 8.55812151321e-05 -1.16337718719e-05
BPM.34R7.B2 21657.75801 0.00598889819175 -0.00790113361974 -1.41893543869e-05 -8.51947772059e-05
BPM.33L8.B2 21711.20652 0.00660694343743 -0.00739209796974 -8.50321080591e-05 1.51336946546e-05
BPM.32L8.B2 21764.65504 0.00492900909151 -0.00860230686516 1.76718010194e-05 8.4541087092e-05
BPM.31L8.B2 21818.10356 0.00560715643056 -0.00817646688804 8.43399904256e-05 -1.86079057059e-05
BPM.30L8.B2 21871.55207 0.00378808374087 -0.00916216325962 -2.11233617229e-05 -8.37453972954e-05
BPM.29L8.B2 21925.00059 0.00451506155916 -0.0088266093775 -8.35059219999e-05 2.20510623611e-05
BPM.28L8.B2 21978.4491 0.00258497935529 -0.00957145212409 2.45402652268e-05 8.28085935685e-05
BPM.27L8.B2 22031.89762 0.00334898465267 -0.00933161914187 8.25314174743e-05 -2.54568935297e-05
BPM.26L8.B2 22085.34614 0.00129690145201 -0.0098153775927 -2.787281265e-05 -3.85114864873e-05
BPM.25L8.B2 22138.79465 0.00208474771875 -0.0096787094994 -3.81999933634e-05 2.82982142268e-05
BPM.24L8.B2 22192.24317 3.07157105729e-05 -0.00990063872663 2.94287008108e-05 3.73360345044e-05
BPM.23L8.B2 22245.69168 0.000829582645204 -0.00986586961596 3.70073880652e-05 -2.98409343142e-05
BPM.22L8.B2 22299.1402 -0.00127849068836 -0.00981512063875 -3.08925529483e-05 7.12321447659e-06
BPM.21L8.B2 22352.58871 -0.000482229148798 -0.00988628274876 7.46536844196e-06 3.08116606437e-05
BPM.20L8.B2 22406.03723 -0.00252348540424 -0.00957095360657 3.05744460901e-05 -8.3841065031e-06
BPM.19L8.B2 22459.48575 -0.00174292768084 -0.00974337388371 -8.72266300523e-06 -3.04795869571e-05
BPM.18L8.B2 22512.93426 -0.00372710853227 -0.00916950344937 -3.02049081017e-05 9.63085381157e-06
BPM.17L8.B2 22566.38278 -0.00297496362195 -0.00944037726901 9.965214683e-06 3.00962554698e-05
BPM.16L8.B2 22619.83129 -0.00486940927634 -0.00861742332927 2.97845422432e-05 -1.08614493351e-05
BPM.15L8.B2 22673.27981 -0.00415814414664 -0.00898225855657 -1.11911001928e-05 -2.96622522833e-05
BPM.14L8.B2 22726.72833 -0.00593177303642 -0.00792371126382 -2.93140872972e-05 1.20737048216e-05
BPM.13L8.B2 22780.17684 -0.00527297692743 -0.00837656527873 1.23980307696e-05 2.91783960792e-05
BPM.12L8.B2 22833.62536 -0.00752148424474 -0.0064341593379 2.94482016106e-05 -1.1742788821e-05
BPM.11L8.B2 22887.07387 -0.00726112964128 -0.0067265985401 -7.19942832269e-06 -3.08748823072e-05
BPM.10L8.B2 22938.91258 -0.0077369700276 -0.00617336426807 -3.13938019166e-05 4.41807452168e-06
BPM.9L8.B2 22977.9776 -0.00721836838353 -0.00677246553415 -1.45621862264e-06 3.16696941616e-05
BPM.8L8.B2 23018.44061 -0.00940484205179 0.00308546228785 3.08289256731e-05 -7.39375747053e-06
BPM.7L8.B2 23057.50662 -0.00934514847177 0.00326179882644 1.81434943987e-05 -2.59981486242e-05
BPM.6L8.B2 23089.97562 -0.00951175749011 -0.00273817476047 -1.01804727477e-05 -3.00241144387e-05
BPMR.5L8.B2 23150.39462 -0.00932387153806 0.00332213050529 3.13522865534e-05 4.70362168301e-06
BPMYB.4L8.B2 23171.16162 -0.00861191457629 0.00487914527854 3.09773756748e-05 -6.74485398537e-06
BPMWB.4L8.B2 23195.62912 -0.00884894448544 0.0044347844408 2.87243030611e-05 -1.34165753606e-05
BPMSX.4L8.B2 23245.78612 -0.00875780865853 0.00461214906843 2.35793418441e-05 -2.11920889616e-05
BPMS.2L8.B2 23283.69762 -0.00881410840699 0.00450362331564 1.93691989152e-05 -2.50983892176e-05
BPMSW.1L8.B2 23293.63162 -0.00886401755408 0.00440457987709 1.70744697802e-05 -2.6712434935e-05
BPMSW.1R8.B2 23336.82162 -0.0088640152784 0.00440458451452 2.85483571046e-05 -1.37870165124e-05
BPMS.2R8.B2 23346.75562 -0.00881410692715 0.00450362653806 2.72176771481e-05 -1.62568119068e-05
BPMSX.4R8.B2 23384.66712 -0.00875780901949 0.00461214838268 2.38381720311e-05 -2.09005175854e-05
BPMWI.4R8.B2 23434.90012 -0.00884865328012 0.00443536544722 1.67119477207e-05 -2.69406942576e-05
BPMYB.4R8.B2 23459.29162 -0.00861178837288 0.00487936804377 1.03698989079e-05 -2.99592286659e-05
BPMYB.5R8.B2 23479.86862 -0.00929053529019 0.0034142474097 -6.21792116439e-07 -3.16970607878e-05
BPMR.6R8.B2 23563.97662 -0.00953760747094 -0.00264672918346 3.04787046216e-05 8.72572290898e-06
BPM_A.7R8.B2 23586.21662 -0.00989786472014 -5.83561911741e-05 3.14720231389e-05 -3.82127657173e-06
BPM.8R8.B2 23627.65561 -0.0085316611938 0.00501815591902 1.11196035867e-05 -2.96891304032e-05
BPM.9R8.B2 23666.7226 -0.00371015677979 0.00917637554865 -2.94929846554e-05 1.16298810896e-05
BPM.10R8.B2 23707.18758 -0.00939833271381 0.00310523327845 2.30854945497e-05 2.1729010397e-05
BPM.11R8.B2 23759.02827 -0.00828445394163 0.00541654450603 2.43037427151e-05 -2.03572628867e-05
BPM.12R8.B2 23813.75476 -0.00809150305697 0.00570076396817 -1.99248711705e-05 -2.4659473918e-05
BPM.13R8.B2 23867.20624 -0.00642205104047 0.0075318252749 -2.33702863482e-05 2.14224135303e-05
BPM.14R8.B2 23920.65773 -0.00700893825016 0.00698898533969 2.1682802825e-05 2.31289060438e-05
BPM.15R8.B2 23974.10921 -0.00540568197439 0.00829154593168 2.24669932335e-05 -2.23679310531e-05
BPM.16R8.B2 24027.56069 -0.00605729501863 0.0078281740255 -2.26182509102e-05 -2.22149624053e-05
BPM.17R8.B2 24081.01218 -0.00430058451236 0.00891493715021 -2.1525455308e-05 2.32754181336e-05
BPM.18R8.B2 24134.46366 -0.00500606406793 0.0085387618581 2.35151205807e-05 2.12633253534e-05
BPM.19R8.B2 24187.91515 -0.00312475928159 0.00939185875992 2.05472213187e-05 -2.41433555347e-05
BPM.20R8.B2 24241.36663 -0.00387262940485 0.0091089995663 -2.43720570102e-05 -2.02754217034e-05
BPM.21R8.B2 24294.81811 -0.00189764614705 0.00971442590341 -1.95340763866e-05 2.49701821979e-05
BPM.22R8.B2 24348.2696 -0.00267548754691 0.00952958015409 2.51874678916e-05 1.92530896473e-05
BPM.23R8.B2 24401.72108 -0.000639287785061 0.00987737023035 1.84876712886e-05 -2.57545329961e-05
BPM.24R8.B2 24455.17257 -0.00137663702908 0.00979718887582 -2.50764826156e-05 -7.61700725115e-05
BPM.25R8.B2 24508.62405 0.000686787166438 0.00986956750227 -7.53823281633e-05 2.73535262637e-05
BPM.26R8.B2 24562.07554 -0.000111959829333 0.00989280063107 2.81963538184e-05 7.50711397268e-05
BPM.27R8.B2 24615.52702 0.00194384185134 0.00970059370084 7.41901541003e-05 -3.04389775106e-05
BPM.28R8.B2 24668.9785 0.00121228762478 0.00982951027314 -3.03846038768e-05 -0.000131816781268
BPM.29R8.B2 24722.42999 0.00322600998783 0.00936385460758 -0.000130844347698 3.43313896342e-05
BPM.30R8.B2 24775.88147 0.00245983490117 0.00959365028321 3.57953962533e-05 0.000130451437705
BPM.31R8.B2 24829.33296 0.00439756243312 0.00887413985457 0.000129317296205 -3.96979229304e-05
BPM.32R8.B2 24882.78444 0.00366685521488 0.00920016773426 -4.11440420792e-05 -0.000128864487443
BPM.33R8.B2 24936.23592 0.00549652335129 0.00823875867478 -0.000127569955512 4.49977250889e-05
BPM.34R8.B2 24989.68741 0.00481372915003 0.00865545638166 4.64245247968e-05 0.000127057669871
BPM.33L1.B2 25043.13889 0.00650544101785 0.00746780761886 0.000125605942286 -5.02198662188e-05
BPM.32L1.B2 25096.59038 0.0058813906683 0.00796857310305 -5.1623628828e-05 -0.000125035550319
BPM.31L1.B2 25150.04186 0.00740722815947 0.00657433529499 -0.000123427649353 5.53579464719e-05
BPM.30L1.B2 25203.49334 0.0068525074435 0.00715066816769 5.67377483489e-05 0.000122799494548
BPM.29L1.B2 25256.94483 0.00818746953097 0.00557263458201 0.000121040118015 -6.04001471696e-05
BPM.28L1.B2 25310.39631 0.00771092771332 0.00621534449852 -6.17521042863e-05 -0.000120355997486
BPM.27L1.B2 25363.8478 0.00883304238301 0.00447953967605 -0.000118445637723 6.53415630319e-05
BPM.26L1.B2 25417.29928 0.00850058081827 0.00518147685525 6.75482570195e-05 5.97343029062e-05
BPM.25L1.B2 25470.75077 0.00939091461316 0.003304284993 5.76785908198e-05 -6.93118583538e-05
BPM.24L1.B2 25524.20225 0.00909356630393 0.00405149706666 -6.99538122972e-05 -5.68983155662e-05
BPM.23L1.B2 25577.65373 0.00973645577225 0.00207581444814 -5.47702898502e-05 7.1632179378e-05
BPM.22L1.B2 25631.10522 0.00959503900107 0.0028585319238 7.31251732854e-05 -4.00789190452e-06
BPM.21L1.B2 25684.5567 0.00997939505046 0.000804768662704 -6.20262011702e-06 -7.29717819509e-05
BPM.20L1.B2 25738.00819 0.00988188119858 0.00160760759423 -7.2897663412e-05 7.02027276585e-06
BPM.19L1.B2 25791.45967 0.0100003522046 -0.000478470421265 9.20756202192e-06 7.26538015854e-05
BPM.18L1.B2 25844.91115 0.010006344285 0.000330230622277 7.25461408173e-05 -1.00205236407e-05
BPM.17L1.B2 25898.36264 0.00985697494891 -0.001753859478 -1.21951844442e-05 -7.22124029336e-05
BPM.16L1.B2 25951.81412 0.00996637328158 -0.000952565937441 -7.20711440869e-05 1.30039652011e-05
BPM.15L1.B2 26005.26561 0.00955162383208 -0.00300041003432 1.51636791475e-05 7.16478607178e-05
BPM.14L1.B2 26058.71709 0.00976263098407 -0.00221968791183 7.14735810761e-05 -1.59649857839e-05
BPM.13L1.B2 26112.16857 0.00908930485141 -0.00419767977715 -1.81048080075e-05 -7.09617503237e-05
BPM.12L1.B2 26165.62006 0.00977853976787 -0.00214852001576 -7.20418789726e-05 1.31651303806e-05
BPM.11L1.B2 26219.07154 0.00992905127418 -0.00128449173127 1.12664607579e-05 7.2363115879e-05
BPM.10L1.B2 26271.85423 0.00999114835136 -0.000642598503254 6.95006790765e-05 -2.30870073816e-05
BPM.9L1.B2 26310.92122 0.00961332140959 -0.00279643159724 -1.95703502692e-05 -7.05716330701e-05
BPM.8L1.B2 26351.38621 0.00874972358181 0.00486603693484 -5.08452819595e-05 5.27077775294e-05
BPM.7L1.B2 26390.4542 0.00998706025128 0.000703282146204 4.82578961922e-05 5.50865645346e-05
BPMR.6L1.B2 26433.6382 0.00951842591007 -0.00310411765587 5.59116999923e-05 -4.72994225266e-05
BPM.5L1.B2 26465.5382 0.00348799673266 -0.00938455417042 -2.45510262875e-05 -6.89971044133e-05
BPMYA.4L1.B2 26486.6562 0.00135379798882 -0.0099198391752 -4.59644593218e-05 -5.70142250249e-05
BPMWB.4L1.B2 26507.7127 0.000135801508602 -0.0100108708983 -5.62319949066e-05 -4.69181921956e-05
BPMSY.4L1.B2 26600.5687 -0.000204877028857 -0.0100096954808 -6.83038112291e-05 -2.64186134344e-05
BPMS.2L1.B2 26627.3542 -0.000337824111013 -0.0100060907959 -6.9888618406e-05 -2.18843446863e-05
BPMSW.1L1.B2 26637.4082 -0.000394100436893 -0.0100040323382 -7.08113806936e-05 -1.868434799e-05
