BPMSW.1R1.B2 21.475 -4.73649247047e-10 0.00999852997045 -1.06223006174e-10 -9.93960462959e-11
BPMS.2R1.B2 31.529 -5.62390374016e-05 0.00999837180507 1.84593562352e-11 -9.39459114346e-11
BPMSY.4R1.B2 58.3145 -0.000189048268592 0.00999674258607 -8.03546978784e-11 -9.04756000267e-11
BPMWB.4R1.B2 151.1705 -0.00052907782102 0.00998452193268 -1.14196341594e-10 -5.390517738e-11
BPMYA.4R1.B2 172.227 -0.00174099340015 0.00984578811037 -1.25901119021e-10 -2.81181684246e-11
BPMR.5R1.B2 199.635 -0.00457816904919 0.00888881149225 -1.30279170708e-10 3.2779880835e-11
BPM.6R1.B2 231.535 -0.00999836806046 5.6900409633e-05 1.69864478876e-11 1.34668552255e-10
BPMRA.7R1.B2 259.259 -0.00967186885918 -0.0025348677225 1.06754945363e-10 7.25250903146e-11
BPM.8R1.B2 300.6960106 -0.00963878184927 -0.00265791009139 8.53785244502e-11 -9.19476997208e-11
BPM.9R1.B2 339.7610212 -0.0099863817576 -0.000492728079142 -1.10279608292e-10 -7.51343734423e-11
BPM.10R1.B2 380.2240318 -0.00944044522581 0.00329372061601 -4.32579782954e-11 1.30958361465e-10
BPM.11R1.B2 433.0047424 -0.00973110146969 -0.00229701235537 1.37101826392e-10 -4.51233770365e-12
BPM.12R1.B2 487.7282583 -0.009960580765 0.000870305922287 7.17156775626e-12 -1.36707900805e-10
BPM.13R1.B2 541.1767742 -0.00990598962507 0.00135719237055 -1.28911194075e-10 -1.01237888922e-11
BPM.14R1.B2 594.6252901 -0.00940854756463 0.0033837603814 -1.04168398474e-11 1.32517179941e-10
BPM.15R1.B2 648.073806 -0.00965092268926 0.00261348289034 1.30730508821e-10 1.65260292065e-11
BPM.16R1.B2 701.5223219 -0.00889839563238 0.00455951277279 6.87312551156e-12 -1.32755692167e-10
BPM.17R1.B2 754.9708378 -0.00923732259782 0.00382654842107 -1.31959445155e-10 -3.83498106562e-12
BPM.18R1.B2 808.4193537 -0.00824205041287 0.00566031859489 3.54372301296e-12 1.30219072788e-10
BPM.19R1.B2 861.8678696 -0.00867194031385 0.00497675122967 1.30241241003e-10 -3.75638880733e-12
BPM.20R1.B2 915.3163855 -0.00745026166141 0.00666814837799 -7.86186366258e-12 -1.31466516042e-10
BPM.21R1.B2 968.7649014 -0.00796407797077 0.00604516862714 -1.33852450908e-10 1.34415873089e-11
BPM.22R1.B2 1022.213417 -0.00653608105882 0.00756638923178 1.53337405383e-11 1.28566171939e-10
BPM.23R1.B2 1075.661933 -0.00712534764876 0.00701427276995 1.31103062477e-10 -1.23883588972e-11
BPM.24R1.B2 1129.110449 -0.00560482509136 0.00835763575677 9.0076472701e-08 9.20053132362e-05
BPM.25R1.B2 1182.558965 -0.006260955919 0.00787810705172 9.1998653851e-05 -1.11074736854e-06
BPM.26R1.B2 1236.007481 -0.00448969081255 0.00900593227574 -3.86369236705e-06 -9.19241948155e-05
BPM.27R1.B2 1289.455997 -0.00520184950357 0.00861422669183 -9.18757108516e-05 4.88258531449e-06
BPM.28R1.B2 1342.904513 -0.00339106870701 0.00952356640215 7.7194600768e-06 0.000183694941904
BPM.29R1.B2 1396.353029 -0.00414843595053 0.00921890140389 0.000183597996886 -9.75699930565e-06
BPM.30R1.B2 1449.801545 -0.00214498983751 0.00987910332963 -1.52475226737e-05 -0.000183223728048
BPM.31R1.B2 1503.25006 -0.00293533086435 0.00967375298282 -0.000183043423541 1.72779466428e-05
BPM.32R1.B2 1556.698576 -0.000863596377897 0.0100723316715 2.27477029871e-05 0.000182444412861
BPM.33R1.B2 1610.147092 -0.00167348393403 0.00996981020774 0.000182180896333 -2.47697779119e-05
BPM.34R1.B2 1663.595608 0.000431894157731 0.0101000560108 -3.02105590462e-05 -0.000181358056216
BPM.33L2.B2 1717.044124 -0.000384680320583 0.0101019644149 -0.000181011843282 3.22200906445e-05
BPM.32L2.B2 1770.49264 0.00172040078212 0.0099618213803 3.76229142924e-05 0.000179966489421
BPM.31L2.B2 1823.941156 0.000910994534128 0.0100681553893 0.000179538316348 -3.96158378181e-05
BPM.30L2.B2 1877.389672 0.00298051150391 0.00965992832095 -4.4970412849e-05 -0.000178272496263
BPM.29L2.B2 1930.838188 0.00219115845804 0.00986896593424 -0.000177762580304 4.6945592217e-05
BPM.28L2.B2 1984.286704 0.00419178769164 0.00919927062062 5.22449613352e-05 0.000176277862421
BPM.27L2.B2 2037.73522 0.00343583618432 0.00950750722846 0.000175688041134 -5.41953201686e-05
BPM.26L2.B2 2091.183735 0.00524372751468 0.00860473209194 -5.93380462434e-05 -8.19813075069e-05
BPM.25L2.B2 2144.632251 0.00453222990994 0.00899983248099 -8.13178699471e-05 6.02440304119e-05
BPM.24L2.B2 2198.080767 0.00630142199457 0.00786321648368 6.2650604674e-05 7.94785623944e-05
BPM.23L2.B2 2251.529283 0.00564633148262 0.00834607892547 7.87793325976e-05 -6.35276034953e-05
BPM.22L2.B2 2304.977799 0.007165115851 0.00700979027478 -6.57660055031e-05 1.51628827052e-05
BPM.21L2.B2 2358.426315 0.00657610790427 0.00756510738588 1.58914580775e-05 6.55937607279e-05
BPM.20L2.B2 2411.874831 0.0080029769583 0.00603559481322 6.50889274559e-05 -1.7846901374e-05
BPM.19L2.B2 2465.323347 0.00748978737683 0.0066617662775 -1.85674505571e-05 -6.48870541496e-05
BPM.18L2.B2 2518.771863 0.00870927551021 0.00496231448569 -6.43022035958e-05 2.05013692491e-05
BPM.17L2.B2 2572.220379 0.00828044075602 0.00564892430773 2.12133710052e-05 6.40708440928e-05
BPM.16L2.B2 2625.668894 0.00927251470307 0.00380742905938 6.34074889789e-05 -2.31207828614e-05
BPM.15L2.B2 2679.11741 0.00893500997007 0.00454330735753 -2.38223842062e-05 -6.31472399333e-05
BPM.14L2.B2 2732.565926 0.00968337603966 0.00259003346429 -6.24058551006e-05 2.57019490759e-05
BPM.13L2.B2 2786.014442 0.00944278885829 0.00336300216236 2.63925645192e-05 6.21169228994e-05
BPM.12L2.B2 2839.462958 0.00996260299032 0.00110570639024 6.16724491899e-05 -2.74151271985e-05
BPM.11L2.B2 2892.911474 0.00956727774509 0.00299052528949 -2.13403956659e-05 -6.40286482156e-05
BPM.10L2.B2 2944.750185 0.00977840869557 0.00220426140094 -6.68812353904e-05 9.05429436282e-06
BPM.9L2.B2 2983.815195 0.0100217498694 0.000201431190494 -4.73551052948e-06 6.73249963684e-05
BPM.8L2.B2 3024.278206 0.00931578609668 -0.00370029381923 5.09037042391e-05 -4.43158374294e-05
BPM.7L2.B2 3063.344216 0.00748559384465 0.00666647806223 -5.08438377351e-05 -4.43845031062e-05
BPM.6L2.B2 3095.450216 0.00680998217636 0.00735528297423 -6.56064536033e-05 -1.58389687471e-05
BPMYB.5L2.B2 3167.649216 0.0084444983223 0.00540060116952 -1.96730689061e-05 6.45604375567e-05
BPMYB.4L2.B2 3188.219216 0.00932829821733 0.00366863699449 2.16618297173e-05 6.39206145839e-05
BPMWB.4L2.B2 3212.610716 0.00847500771447 0.00535259648961 6.41707183916e-05 2.09093005406e-05
BPMSX.4L2.B2 3262.843716 0.0100146350554 0.000427936536852 1.26129308729e-06 -6.74795449633e-05
BPMS.2L2.B2 3300.755216 0.0100151616164 0.000415430771754 -4.24251943143e-05 -5.24898282359e-05
BPMSW.1L2.B2 3310.689216 0.00999249693555 0.000791233170165 -5.45407730289e-05 -3.97540544597e-05
BPMSW.1R2.B2 3353.879216 0.00999249661532 0.000791236986521 4.81197932351e-05 -4.73240398732e-05
BPMS.2R2.B2 3363.813216 0.0100151614059 0.000415436111327 3.42673345172e-05 -5.81449348074e-05
BPMSX.4R2.B2 3401.724716 0.0100146348899 0.000427940342349 -1.11451942264e-05 -6.65647424232e-05
BPMWB.4R2.B2 3451.881716 0.00847409445234 0.00535404222479 -6.05046896914e-05 2.99042222405e-05
BPMYB.4R2.B2 3476.349216 0.00931204643211 0.00370969491364 -1.20965864019e-05 6.63984379794e-05
BPM.5R2.B2 3505.883216 0.0052221627285 0.00855599563882 5.44801567783e-05 3.98370739046e-05
BPMR.6R2.B2 3579.179216 0.00387479209503 0.00924456766794 4.30142790305e-05 -5.20082028695e-05
BPM_A.7R2.B2 3592.054216 0.00426462544178 0.00907132926645 3.307311585e-05 -5.88323712845e-05
BPM.8R2.B2 3633.493206 0.00739576502467 0.00676599620487 -3.61746511089e-05 -5.69778429498e-05
BPM.9R2.B2 3672.560195 0.0095149991381 -0.00315290919014 -3.82919560984e-05 5.55770318362e-05
BPM.10R2.B2 3713.025185 0.0092572077631 -0.0038444959881 3.83950046424e-05 5.55058939039e-05
BPM.11R2.B2 3764.865874 0.00894041826608 -0.00453265552932 5.89648878964e-05 -3.28363021296e-05
BPM.12R2.B2 3819.592358 0.00920900572435 -0.00395856773395 -3.79123242073e-05 -5.5836688935e-05
BPM.13R2.B2 3873.043842 0.00757034306921 -0.00657007996715 -5.14359744682e-05 4.36969284948e-05
BPM.14R2.B2 3926.495326 0.00807587116063 -0.00593770577961 4.42699383919e-05 5.09436158945e-05
BPM.15R2.B2 3979.94681 0.00666758536127 -0.00748460756858 4.95908530844e-05 -4.57801989972e-05
BPM.16R2.B2 4033.398294 0.00724988104774 -0.00692208565031 -4.63329601929e-05 -4.90748062476e-05
BPM.17R2.B2 4086.849779 0.00565526575007 -0.00827611105643 -4.76604351762e-05 4.77866382395e-05
BPM.18R2.B2 4140.301263 0.00630485035254 -0.00779261874557 4.8317603734e-05 4.71220645591e-05
BPM.19R2.B2 4193.752747 0.00455012276206 -0.00893154117553 4.56493454604e-05 -4.97113363104e-05
BPM.20R2.B2 4247.204231 0.00525609181424 -0.00853519442026 -5.02196934999e-05 -4.50894949258e-05
BPM.21R2.B2 4300.655715 0.00337009200654 -0.0094402608437 -4.35602408029e-05 5.1551774169e-05
BPM.22R2.B2 4354.107199 0.00412110870928 -0.00913742348419 5.20365698614e-05 4.29799419132e-05
BPM.23R2.B2 4407.558683 0.00213480141891 -0.00979380762737 4.13972651727e-05 -5.33042839656e-05
BPM.24R2.B2 4461.010167 0.00278807605224 -0.00959776198625 -5.57534366403e-05 8.96967425422e-05
BPM.25R2.B2 4514.461651 0.000735394764268 -0.00996742683952 9.13311318122e-05 5.30337181063e-05
BPM.26R2.B2 4567.913135 0.00153745730358 -0.00987555711413 5.20072712939e-05 -9.19194999755e-05
BPM.27R2.B2 4621.36462 -0.000545902105428 -0.00997959889659 -9.34405987069e-05 -4.92219985053e-05
BPM.28R2.B2 4674.816104 0.000131233299385 -0.00999932748735 -5.01609406475e-05 0.000224480207396
BPM.29R2.B2 4728.267588 -0.00194683822715 -0.00980885280087 0.000225885779892 4.33946675692e-05
BPM.30R2.B2 4781.719072 -0.00114893967391 -0.00993396748527 4.08605618604e-05 -0.000226357898864
BPM.31R2.B2 4835.170556 -0.00318599960726 -0.00947909166955 -0.000227483314703 -3.404152625e-05
BPM.32R2.B2 4888.62204 -0.0024103887052 -0.00970534897214 -3.14918397416e-05 0.000227850275789
BPM.33R2.B2 4942.073524 -0.00437213675607 -0.00899378633178 0.000228693595992 2.46317500451e-05
BPM.34R2.B2 4995.525008 -0.00363210911168 -0.00931727190646 2.20661780502e-05 -0.000228955384888
BPM.33L3.B2 5048.976492 -0.00548703854323 -0.00836039355264 -0.000229514903418 -1.51786814565e-05
BPM.32L3.B2 5102.427976 -0.00479422561189 -0.00877605681188 -1.2608490266e-05 0.000229670437658
BPM.31L3.B2 5155.87946 -0.00651123813676 -0.00758996377731 0.000229945609567 5.70105507401e-06
BPM.30L3.B2 5209.330945 -0.00587751276641 -0.00809064991566 3.12172600327e-06 -0.000229995083736
BPM.29L3.B2 5262.782429 -0.00742888671942 -0.00669443160692 -0.000229985090838 3.78724727311e-06
BPM.28L3.B2 5316.233913 -0.00686423362301 -0.00727228087889 6.36075781799e-06 0.000229928302724
BPM.27L3.B2 5369.685397 -0.00822410553198 -0.00568927592971 0.000229633245327 -1.32685673124e-05
BPM.26L3.B2 5423.136881 -0.0078684061501 -0.00634270139633 -1.7830285845e-05 -9.8977331371e-05
BPM.25L3.B2 5476.588365 -0.00901354822165 -0.00457139199632 -9.83971031512e-05 2.07952217551e-05
BPM.24L3.B2 5530.039849 -0.00861514722553 -0.00528402446712 2.18957729428e-05 9.8158069326e-05
BPM.23L3.B2 5583.491333 -0.00952426553405 -0.00338083456869 9.74557469476e-05 -2.48356253174e-05
BPM.22L3.B2 5636.942817 -0.00935062306043 -0.00414676093065 -2.79153247215e-05 3.33247210662e-05
BPM.21L3.B2 5690.394301 -0.0100076832051 -0.00211566885992 3.41483829615e-05 2.69014970813e-05
BPM.20L3.B2 5743.845786 -0.00980426982245 -0.00291651694053 2.65170710145e-05 -3.44477544957e-05
BPM.19L3.B2 5797.29727 -0.0101961061352 -0.000818044938095 -3.52288343899e-05 -2.54702143903e-05
BPM.18L3.B2 5850.748754 -0.0100968181133 -0.00163830455103 -2.50740663113e-05 3.55118899848e-05
BPM.17L3.B2 5904.200238 -0.0102169800621 0.000493047909033 3.62491982615e-05 2.39957913858e-05
BPM.16L3.B2 5957.651722 -0.0102234412215 -0.000333207794323 2.35880076559e-05 -3.65158705453e-05
BPM.15L3.B2 6011.103206 -0.010069963309 0.00179600021042 -3.72080187219e-05 -2.24803460581e-05
BPM.14L3.B2 6064.55469 -0.0101820662241 0.000977397177801 -2.20622075463e-05 3.74574627324e-05
BPM.13L3.B2 6118.006174 -0.00975745947345 0.00306948895328 3.8103413601e-05 2.09268407661e-05
BPM.12L3.B2 6171.457658 -0.0101995848062 0.000773464698014 2.37536277118e-05 -3.6408345099e-05
BPM.11L3.B2 6224.909142 -0.0102253570992 -0.00026804852077 -3.53265262604e-05 -2.53345478102e-05
BPM.10L3.B2 6277.691832 -0.0092295024677 -0.00440976892788 -2.80811992333e-05 3.3185062808e-05
BPM.9L3.B2 6316.758821 -0.00983896317351 -0.00279724534223 7.23401910755e-06 4.28657430887e-05
BPM.8L3.B2 6357.223811 -0.0101907900674 -0.000881802453018 3.91304060467e-05 1.89371168877e-05
BPM.7L3.B2 6396.2898 -0.00961913712766 0.00347878983874 3.46966668209e-05 -2.61905246636e-05
BPMR.6L3.B2 6468.9288 -0.00320085991071 0.00971515690304 -3.94767090904e-05 -1.82041866543e-05
BPMWE.5L3.B2 6511.9823 -0.0029951938931 0.00978052101638 -4.26177786427e-05 8.57483782731e-06
BPMW.5L3.B2 6539.5273 -0.00582712231397 0.00840680815221 -3.43813931545e-05 2.66030512279e-05
BPMWE.4L3.B2 6614.6553 -0.00256360125236 0.0099024101332 1.54225047865e-05 4.06441770837e-05
BPMW.4L3.B2 6642.2003 0.00580438699801 0.00842252155714 4.25209774743e-05 9.04263325292e-06
BPMW.4R3.B2 6687.1653 0.00750227350396 0.00695310505745 3.91056111407e-05 -1.89882433281e-05
BPMWE.4R3.B2 6714.7103 0.0060445459821 0.00825186292001 2.92018494817e-05 -3.22033328e-05
BPMW.5R3.B2 6789.8383 0.00748134295246 0.0069756207916 -1.58948520577e-05 -4.04617907878e-05
BPMWE.5R3.B2 6817.3833 0.00964128593302 0.00341692601151 -3.58429635434e-05 -2.4598472341e-05
BPMWC.6R3.B2 6858.3743 0.00992389436399 0.00247913261486 -4.34343007703e-05 1.80661977338e-06
BPM.6R3.B2 6870.5288 0.00960016714915 0.00353080281872 -4.19746955782e-05 1.13105112683e-05
BPM_A.7R3.B2 6926.3528 0.0096767450462 0.00331517467684 -7.82130843658e-06 4.27624832674e-05
BPM.8R3.B2 6965.418789 0.00634470906077 0.00802336867099 4.21504043096e-05 1.06370272872e-05
BPM.9R3.B2 7004.485779 -0.00335980662861 0.00966133930551 3.36614262389e-06 -4.33413422345e-05
BPM.10R3.B2 7044.950768 -0.00222392983417 0.00998418318658 -2.92226410374e-05 -3.21844708959e-05
BPM.11R3.B2 7097.733458 0.00105810735454 0.0101739956082 -3.73912147907e-05 2.21743073699e-05
BPM.12R3.B2 7152.459942 0.00423463651751 0.00931115628298 2.97828943592e-05 3.16667271615e-05
BPM.13R3.B2 7205.911426 0.00278416079191 0.00984267374779 2.96942031189e-05 -3.17499085894e-05
BPM.14R3.B2 7259.36291 0.00476630383239 0.00905053178159 -3.26274671051e-05 -2.872717961e-05
BPM.15R3.B2 7312.814394 0.00402027053846 0.00940570053834 -2.83597557562e-05 3.29473346476e-05
BPM.16R3.B2 7366.265878 0.00588497476091 0.0083664120079 3.37844462114e-05 2.73571565954e-05
BPM.17R3.B2 7419.717362 0.0051905090296 0.00881410198662 2.69769981924e-05 -3.4088768602e-05
BPM.18R3.B2 7473.168846 0.00690688845331 0.00754484391584 -3.4883900142e-05 -2.59406198462e-05
BPM.19R3.B2 7526.62033 0.00627539609928 0.00807769655292 -2.55480599916e-05 3.51724217745e-05
BPM.20R3.B2 7580.071814 0.00781534199748 0.00659925808057 3.5924049358e-05 2.4479895102e-05
BPM.21R3.B2 7633.523299 0.00725721021491 0.00720851425493 2.40759658206e-05 -3.61959952656e-05
BPM.22R3.B2 7686.974783 0.00859533998115 0.00554526000231 -3.69030235247e-05 -2.29775874219e-05
BPM.23R3.B2 7740.426267 0.00811972709982 0.00622091710183 -2.25625576108e-05 3.71582162335e-05
BPM.24R3.B2 7793.877751 0.00905876622271 0.00443348823115 3.8017458188e-05 0.00019993056082
BPM.25R3.B2 7847.329235 0.00867141947428 0.00515010171309 0.000199492747908 -4.02517494027e-05
BPM.26R3.B2 7900.780719 0.00955149524533 0.00323820969198 -4.62247089758e-05 -0.000198193929571
BPM.27R3.B2 7954.232203 0.00925894643968 0.0039986215417 -0.000197662714695 4.84459697659e-05
BPM.28R3.B2 8007.683687 0.00971189308556 0.002023121114 5.45678698743e-05 0.000374604292421
BPM.29R3.B2 8061.135171 0.00951694327004 0.00280029947675 0.000373971388793 -5.87488358188e-05
BPM.30R3.B2 8114.586655 0.00989090810171 0.000764083310626 -6.99482832418e-05 -0.000372039336346
BPM.31R3.B2 8168.03814 0.00979695993601 0.0015599558903 -0.000371229642103 7.41254067745e-05
BPM.32R3.B2 8221.489624 0.00990738807895 -0.000507491658551 8.52537384169e-05 0.000368833060714
BPM.33R3.B2 8274.941108 0.0099160263738 0.000293781095867 0.00036785799384 -8.93673439589e-05
BPM.34R3.B2 8328.392592 0.00976105753207 -0.00177077448179 -0.000100370657158 -0.000365009262543
BPM.33L4.B2 8381.844076 0.00987213390497 -0.000977168633426 -0.000363857929579 0.000104467394442
BPM.32L4.B2 8435.29556 0.00945434426913 -0.00300487284237 0.000115358872039 0.000360552848017
BPM.31L4.B2 8488.747044 0.00966603329278 -0.00223196926512 0.000359242121753 -0.000119378074288
BPM.30L4.B2 8542.198528 0.00899222464024 -0.00418972342948 -0.000130110913838 -0.00035549567425
BPM.29L4.B2 8595.650012 0.0093010316838 -0.00345031823692 -0.000354010807117 0.000134098382949
BPM.28L4.B2 8649.101496 0.00838242503734 -0.00530554774591 0.000144678594359 0.000349820140448
BPM.27L4.B2 8702.55298 0.00878332364861 -0.00461162792397 0.000348182277324 -0.000148577016091
BPM.26L4.B2 8756.004465 0.00745940634764 -0.00630083665115 -0.000158773152362 -0.000165066750441
BPM.25L4.B2 8809.455949 0.00794362841925 -0.00567820862118 -0.000163274041295 0.000160616104633
BPM.24L4.B2 8862.907433 0.00659220543129 -0.00720320158883 0.000165448831429 0.000158374966139
BPM.23L4.B2 8916.358917 0.00715206863377 -0.00664764618906 0.00015651456536 -0.000167209863927
BPM.22L4.B2 8969.810401 0.00544111587541 -0.00795388482586 -0.000171639351509 2.70694756573e-05
BPM.21L4.B2 9023.261885 0.00606543369779 -0.00748869413971 2.89923955355e-05 0.000171325022507
BPM.20L4.B2 9076.713369 0.00437910026026 -0.00858449222232 0.000170376950462 -3.41250497889e-05
BPM.19L4.B2 9130.164853 0.00505756343925 -0.00820311391069 -3.60305115194e-05 -0.000169984188361
BPM.18L4.B2 9183.616337 0.00324470256758 -0.00907424548058 -0.000168824697444 4.11223221077e-05
BPM.17L4.B2 9237.067821 0.00396665054705 -0.00878269373717 4.30122845528e-05 0.000168353104105
BPM.16L4.B2 9290.519306 0.00205745261681 -0.00941471797433 0.000166985130042 -4.80498893923e-05
BPM.15L4.B2 9343.97079 0.0028104658387 -0.00921798825861 -4.99170034091e-05 -0.000166436523682
BPM.14L4.B2 9397.422274 0.000835894040124 -0.00960058888573 -0.000164861541374 5.48953223005e-05
BPM.13L4.B2 9450.873758 0.0016082087041 -0.0095017730204 5.67395226664e-05 0.000164235960807
BPM.12L4.B2 9504.325242 -0.00135968587163 -0.00954050732837 0.000165675270092 -5.23882707119e-05
BPM.11L4.B2 9557.776726 -0.0010178632019 -0.009583004764 -2.44547339329e-05 -0.000172031364877
BPMC.10L4.B2 9609.617415 -0.00219836823809 -0.00938281423117 -0.000173760681211 2.22019733919e-07
BPMC.9L4.B2 9648.684405 -0.0030635241235 -0.00913700420053 -3.17750429905e-05 0.000170830824297
BPMC.8L4.B2 9689.149394 -0.00573544218107 -0.00774433527537 0.000143227549248 -9.83803432933e-05
BPMC.7L4.B2 9728.215384 0.00221369751067 -0.00937920941101 -0.000112423732632 -0.000132490484544
BPMYA.6L4.B2 9824.819384 0.000808384895291 -0.00960294432273 -0.000158818834035 7.04939750921e-05
BPMYB.5L4.B2 9861.819384 0.000825698204754 -0.00960147115423 -0.000133991683701 0.000110630246771
BPMWA.B5L4.B2 9964.209884 -0.0041413684555 -0.00870167185749 2.82930829941e-05 0.000171441900768
BPMWA.A5L4.B2 9973.094884 -0.00444817662625 -0.00854890346723 4.42134724575e-05 0.000168041640308
BPMWA.A5R4.B2 10021.14388 -0.00538509344345 -0.00799192057016 0.000115794458609 0.000129554883863
BPMWA.B5R4.B2 10030.02888 -0.00543447676584 -0.00795842246219 0.000125874399198 0.000119785055672
BPMYA.5R4.B2 10132.49538 -0.00407304752618 -0.00873385995158 0.000173427340903 -1.0760268315e-05
BPMYB.6R4.B2 10164.05938 -0.00429165684509 -0.00862854027808 0.000167028450626 -4.7899075724e-05
BPMCA.7R4.B2 10260.57538 -0.00103784335557 -0.0095808614937 -6.61216877554e-05 -0.000160688351383
BPMC.8R4.B2 10298.36637 0.00154904599023 -0.00951159725409 -0.000156154561542 7.62140203422e-05
BPMC.9R4.B2 10337.43336 -0.00499257686408 -0.00824282731047 0.00013094109416 0.000114224569098
BPMC.10R4.B2 10377.89835 -0.00531135500735 -0.00804111520665 0.000145173723595 -9.54851393515e-05
BPM.11R4.B2 10429.73904 -0.00767601514735 -0.00582656136217 -8.19258516532e-05 -0.000153235049549
BPM.12R4.B2 10484.46553 -0.00787543083802 -0.00555406292037 -0.000156966791076 7.4526841184e-05
BPM.13R4.B2 10537.91701 -0.00886353233615 -0.00378256795364 7.94210111706e-05 0.000154548132832
BPM.14R4.B2 10591.36849 -0.00852929554663 -0.00448565973999 0.000153647229947 -8.11501870923e-05
BPM.15R4.B2 10644.81998 -0.00927460290031 -0.00261758798573 -8.57306737153e-05 -0.000151139262088
BPM.16R4.B2 10698.27146 -0.0090330888254 -0.00335757830051 -0.000150170832452 8.74159318235e-05
BPM.17R4.B2 10751.72295 -0.0095332582241 -0.00140961464852 9.18871718415e-05 0.000147477357753
BPM.18R4.B2 10805.17443 -0.00938837634241 -0.00217449200775 0.000146436834239 -9.35365035748e-05
BPM.19R4.B2 10858.62591 -0.00963525658482 -0.000178483554038 -9.7894556452e-05 -0.000143560020626
BPM.20R4.B2 10912.0774 -0.00958941826247 -0.000955553850131 -0.000142456113735 9.94941033041e-05
BPM.21R4.B2 10965.52888 -0.00957891952677 0.00105561666466 0.000103728376813 0.000139403184815
BPM.22R4.B2 11018.98037 -0.00963286934471 0.000279023281588 0.000138230221908 -0.000105286416831
BPM.23R4.B2 11072.43185 -0.00936518430753 0.00227230030912 -0.000109392335981 -0.000135004226805
BPM.24R4.B2 11125.88333 -0.00958676006946 0.00150469752904 -0.000134824054622 0.00017973216092
BPM.25R4.B2 11179.33482 -0.00906565029362 0.00346180126829 0.000183701891481 0.000129363020457
BPM.26R4.B2 11232.7863 -0.00931549000157 0.00271877348881 0.000127292363604 -0.000185142733773
BPM.27R4.B2 11286.23779 -0.00854836722276 0.00459298390006 -0.000188883057479 -0.000121673200438
BPM.28R4.B2 11339.68927 -0.00895989081411 0.00388377201478 -0.000120605798401 0.000259069514974
BPM.29R4.B2 11393.14075 -0.00795857108127 0.00565901711746 0.000262576985499 0.000112765678535
BPM.30R4.B2 11446.59224 -0.00838939391699 0.00499813946553 0.000109810148105 -0.00026382665754
BPM.31R4.B2 11500.04372 -0.0071694171865 0.00663044384825 -0.000267005675741 -0.000101836838353
BPM.32R4.B2 11553.49521 -0.00768112402698 0.00603022903197 -9.88448860479e-05 0.000268127699384
BPM.33R4.B2 11606.94669 -0.00626206902161 0.00749331835739 0.000270977149819 9.07422455174e-05
BPM.34R4.B2 11660.39818 -0.00684651426389 0.00696337352524 8.76952446016e-05 -0.000271978521491
BPM.33L5.B2 11713.84966 -0.00525230379127 0.00823265651611 -0.000274489688166 -7.94870054407e-05
BPM.32L5.B2 11767.30114 -0.0058995400193 0.00778195065455 -7.64111260574e-05 0.000275361784424
BPM.31L5.B2 11820.75263 -0.00415564068675 0.00883707977235 0.000277533698983 6.81015197584e-05
BPM.30L5.B2 11874.20411 -0.00485545982984 0.00847277040621 6.49841172315e-05 -0.000278280137719
BPM.29L5.B2 11927.6556 -0.00299136838112 0.009295969214 -0.000280106453387 -5.65963242167e-05
BPM.28L5.B2 11981.10708 -0.00373175889883 0.00902426196048 -5.3457194654e-05 0.000280722461372
BPM.27L5.B2 12034.55856 -0.00177718521225 0.00960234039943 0.00028220202659 4.49976274231e-05
BPM.26L5.B2 12088.01005 -0.0026152302844 0.00942320796174 4.07827607406e-05 -0.000213851908185
BPM.25L5.B2 12141.46153 -0.00060261467861 0.00976079573129 -0.000214980551194 -3.43399759312e-05
BPM.24L5.B2 12194.91302 -0.00138833571391 0.00968033066338 -3.19296658673e-05 0.000215351733696
BPM.23L5.B2 12248.3645 0.000651321564229 0.00975766662539 0.000216213812262 2.54452350947e-05
BPM.22L5.B2 12301.81598 -0.000207146630857 0.009774059331 2.19719969122e-05 -0.00014764801853
BPM.21L5.B2 12355.26747 0.00182591657703 0.00960422688917 -0.000148241510903 -1.75260251488e-05
BPM.20L5.B2 12408.71895 0.00104486505354 0.00972025732879 -1.58637159264e-05 0.000148428597585
BPM.19L5.B2 12462.17044 0.00303974697184 0.00929166744227 0.000148838163958 1.13976528468e-05
BPM.18L5.B2 12515.62192 0.00227980757246 0.0095067146245 9.72989807737e-06 -0.000148956487059
BPM.17L5.B2 12569.07341 0.00420324815208 0.00882654238539 -0.000149181590601 -5.24976066427e-06
BPM.16L5.B2 12622.52489 0.0034772019259 0.00913696953459 -3.57725640365e-06 0.000149231061289
BPM.15L5.B2 12675.97637 0.00529801692322 0.00821621337593 0.000149271171844 -9.06980841404e-07
BPM.14L5.B2 12729.42786 0.00461752398576 0.00861705389148 -2.57842792486e-06 -0.000149251659173
BPM.13L5.B2 12782.87934 0.00630543370898 0.00747105422605 -0.000149106771996 7.06228595636e-06
BPM.12L5.B2 12836.33083 0.00455458611579 0.00865048500565 -3.24328748989e-06 0.000149238691174
BPM.11L5.B2 12889.78231 0.00378017039342 0.00901584479251 0.000149101747456 7.16760645133e-06
BPM.10L5.B2 12942.565 0.00319180261601 0.0092405379488 -1.76076260145e-05 -0.000148231836171
BPM.9L5.B2 12981.63199 0.00512177936786 0.00832721571371 -0.000148928560183 1.01484467565e-05
BPM.8L5.B2 13022.09698 -0.00231606094629 0.00949794753016 8.43964807969e-05 0.000123125702986
BPM.7L5.B2 13061.16497 0.00192365562047 0.0095851288243 0.000129770004255 -7.3772977205e-05
BPMR.6L5.B2 13098.05897 0.00301495256509 0.00929974228434 -2.34272507306e-05 -0.000147424115636
BPMWT.B6L5.B2 13109.36897 0.00710897741585 0.00671100481417 -0.00010542041493 -0.000105684634846
BPMWT.A6L5.B2 13115.19097 0.00846992618993 0.00488216098331 -0.000131520104776 -7.0605723341e-05
BPM.5L5.B2 13129.95897 0.00963885560665 0.00163328138179 -0.000149272355109 6.85960716276e-07
BPMYA.4L5.B2 13157.36497 0.00969030597014 -0.00129348973896 -0.000132679719275 6.84017453702e-05
BPMWB.4L5.B2 13178.42347 0.009460646715 -0.00246400268773 -0.000116728240226 9.30442022906e-05
BPMWT.B4L5.B2 13178.89297 0.0094569038108 -0.00247832923995 -0.000116435464473 9.3410329328e-05
BPMWT.A4L5.B2 13180.87497 0.00944182234459 -0.00253517972373 -0.000115224331079 9.49002586094e-05
BPMSY.4L5.B2 13271.27947 0.00937134169101 -0.00278443892368 -8.07455912193e-05 0.000125550195793
BPMS.2L5.B2 13298.06497 0.00933352717865 -0.00290867627815 -7.23428521845e-05 0.000130573042321
BPMSW.1L5.B2 13308.11897 0.00931702035789 -0.0029611265357 -6.63310507602e-05 0.000133727178039
BPMSW.1R5.B2 13351.06897 0.00931701721148 -0.00296113700026 -0.000100587426049 0.000110294648739
BPMS.2R5.B2 13361.12297 0.00933352690637 -0.00290868312933 -9.54679660284e-05 0.000114753729877
BPMSY.4R5.B2 13387.90847 0.00937134106947 -0.00278444099228 -8.77411257874e-05 0.000120765107092
BPMWB.4R5.B2 13480.76447 0.00946065854372 -0.00246395727319 -4.44023151524e-05 0.000142517158598
BPMYA.4R5.B2 13501.82097 0.00969029783871 -0.00129355067117 -1.56566422026e-05 0.000148450582727
BPMR.5R5.B2 13522.93897 0.00973882785685 0.000854621283949 3.42617200388e-05 0.000145288823089
BPM.6R5.B2 13554.83897 0.00538624790205 0.00815864443687 0.000148040140516 1.91526131386e-05
BPMRA.7R5.B2 13588.85297 0.000502344238314 0.00976333937771 6.47214169529e-05 -0.000134513360705
BPM.8R5.B2 13630.28998 0.000377743174425 0.00976895366088 -0.000120616433816 -8.79453375491e-05
BPM.9R5.B2 13669.35499 0.00249831436162 0.00945164381803 -6.43700927224e-05 0.000134681838763
BPM.10R5.B2 13709.818 0.00586512212975 0.00782147607504 0.000146679112702 2.77118578363e-05
BPM.11R5.B2 13762.59871 0.000741466254783 0.00974809588175 -1.93967789213e-05 -0.000148008348873
BPM.12R5.B2 13817.32223 0.00376076328691 0.00902395728078 -0.000148813334942 1.17174128502e-05
BPM.13R5.B2 13870.77074 0.00419837985182 0.00882885905032 -3.10240900767e-07 0.000149273607828
BPM.14R5.B2 13924.21926 0.00593958067219 0.00776508383446 0.000149215978724 -4.15902611672e-06
BPM.15R5.B2 13977.66777 0.00529352417364 0.00821910867097 -5.81251967082e-06 -0.000149160719809
BPM.16R5.B2 14031.11629 0.00688398097588 0.0069416101415 -0.000148919897776 1.02747981082e-05
BPM.17R5.B2 14084.56481 0.00630140216312 0.00747445491568 1.19268128005e-05 0.000148796696137
BPM.18R5.B2 14138.01332 0.00771547468731 0.00600388173091 0.000148373276836 -1.63730382127e-05
BPM.19R5.B2 14191.46184 0.0072057741164 0.00660696336664 -1.80162055257e-05 -0.00014818273133
BPM.20R5.B2 14244.91035 0.0084200467512 0.00496769144435 -0.000147576985723 2.24441147462e-05
BPM.21R5.B2 14298.35887 0.00799172655517 0.0056309370605 2.40806576512e-05 0.000147318796616
BPM.22R5.B2 14351.80738 0.00898636996461 0.00384971432626 0.000146532497937 -2.84768820319e-05
BPM.23R5.B2 14405.2559 0.00864638355184 0.00456236747439 -3.00987916453e-05 -0.000146207967393
BPM.24R5.B2 14458.70442 0.00950272651473 0.00264999464731 -0.000145340363789 -6.50256727302e-05
BPM.25R5.B2 14512.15293 0.00925788097914 0.00340821399002 -6.34074262061e-05 0.000146053610932
BPM.26R5.B2 14565.60145 0.009763647878 0.00141260854745 0.000147885417536 5.90090064582e-05
BPM.27R5.B2 14619.04996 0.00961781350774 0.002195893017 5.73679157988e-05 -0.000148529735417
BPM.28R5.B2 14672.49848 0.0099618967323 0.000133404297834 -0.000150278101031 -0.000152386834196
BPM.29R5.B2 14725.947 0.0099186385713 0.000936905585362 -0.000150707089144 0.000151962591195
BPM.30R5.B2 14779.39551 0.00989712310584 -0.00114198834818 0.000156404734652 0.000146091795639
BPM.31R5.B2 14832.84403 0.00995699981469 -0.000339614315367 0.000144352300806 -0.000158011600461
BPM.32R5.B2 14886.29254 0.00966971797022 -0.00239869497537 -0.000162260706618 -0.000139559013596
BPM.33R5.B2 14939.74106 0.00983175594058 -0.00161051491512 -0.000137746917725 0.000163801837361
BPM.34R5.B2 14993.18958 0.00928346880733 -0.00361585260931 0.000167850525893 0.000132783488463
BPM.33L6.B2 15046.63809 0.00954497465859 -0.00285493291249 0.0001309179816 -0.000169309585895
BPM.32L6.B2 15100.08661 0.00874460502222 -0.00477378950474 -0.000173151857583 -0.000125792245303
BPM.31L6.B2 15153.53512 0.00910133595205 -0.0040525136819 -0.000123860273728 0.000174539066121
BPM.30L6.B2 15206.98364 0.00806219400234 -0.0058530514355 0.00017816717236 0.000118582091706
BPM.29L6.B2 15260.43215 0.00850820728877 -0.00518339579013 0.000116602815731 -0.000179468762377
BPM.28L6.B2 15313.88067 0.0072471117893 -0.00683641381769 -0.00018287822555 -0.000111179169726
BPM.27L6.B2 15367.32919 0.00777519336526 -0.00622924966368 -0.000109140629852 0.000184102082305
BPM.26L6.B2 15420.7777 0.00641093541768 -0.00772587225574 0.000187188484395 4.09577068342e-06
BPM.25L6.B2 15474.22622 0.00701340560733 -0.00718340704854 2.02190607466e-06 -0.000187222377899
BPM.24L6.B2 15527.67473 0.00536976976854 -0.00848261561599 -0.000187198995779 3.58336348077e-06
BPM.23L6.B2 15581.12325 0.00603689203053 -0.00802154160087 5.66108609986e-06 0.000187147690299
BPM.22L6.B2 15634.57177 0.00433847850417 -0.00911842096811 0.000186798215008 -0.000110747142218
BPM.21L6.B2 15688.02028 0.00505998312713 -0.0087386822457 -0.000112810959366 -0.000185559124059
BPM.20L6.B2 15741.4688 0.00313614814653 -0.00959857132504 -0.000182099101088 0.000118314918485
BPM.19L6.B2 15794.91731 0.0039007136104 -0.00931409845137 0.000120327812863 0.00018077532841
BPM.18L6.B2 15848.36583 0.00188281515228 -0.00992083684895 0.000177094104626 -0.000125682851665
BPM.17L6.B2 15901.81435 0.0026770423303 -0.00973660315451 -0.00012763849596 -0.000175689827434
BPM.16L6.B2 15955.26286 0.000597999308362 -0.010080198089 -0.000171791142086 0.000132839401398
BPM.15L6.B2 16008.71138 0.00140973606204 -0.00999903200145 0.000134736808262 0.000170307059167
BPM.14L6.B2 16062.15989 -0.000696095044602 -0.0100738993607 0.000166198566463 -0.000139773167694
BPM.13L6.B2 16115.60841 0.000118882584012 -0.0100972205892 -0.000141607316209 -0.000164638598874
BPM.12L6.B2 16169.05693 -0.00212744396015 -0.00987127037741 -0.00016163196252 0.000145029687311
BPM.11L6.B2 16222.50544 -0.000416381360849 -0.0100893321506 0.000133203242501 0.000171509178966
BPM.10L6.B2 16274.34415 -0.00214993491882 -0.00986639633083 0.000192500342086 -0.000100509303895
BPM.9L6.B2 16313.40916 -0.00348346676069 -0.00947805127735 -2.68814066239e-05 -0.000215489889288
BPM.8L6.B2 16353.87217 -0.00809945798978 -0.00603048728188 -0.000189240115239 0.000106520789828
BPMYB.5L6.B2 16450.96018 4.75028461165e-05 -0.0100978086817 0.000214614602483 3.31523296297e-05
BPMYA.4L6.B2 16487.36018 -0.000348706759317 -0.0100918977543 0.000216456211673 -1.74703005985e-05
BPMSB.B4L6.B2 16518.13068 0.000796073536109 -0.0100664921209 0.000206888050903 -6.59987538277e-05
BPMSB.A4L6.B2 16518.76568 0.000822446094318 -0.0100643717702 0.00020654091823 -6.70771890706e-05
BPMSA.4L6.B2 16615.57568 0.00489420851721 -0.008832594164 5.8960462283e-05 -0.000209002791664
BPMSE.4R6.B2 16707.14568 0.00515998762709 -0.0086800071639 -0.000144078267534 -0.000162480628192
BPMSA.A4R6.B2 16803.82068 0.00170282362402 -0.0099533104228 -0.000216573321185 1.59530035898e-05
BPMSA.B4R6.B2 16804.40568 0.00168033083051 -0.0099571323674 -0.000216498151388 1.69426057905e-05
BPMYB.4R6.B2 16830.96018 0.000719098895198 -0.0100722834292 -0.000209289098167 5.79359519574e-05
BPMYA.5R6.B2 16867.36018 0.000618901127044 -0.0100789363567 -0.000192070877665 0.00010132760495
BPM.8R6.B2 16963.08519 -0.00385318532345 -0.00933386091288 0.000128948060852 0.00017473093493
BPM.9R6.B2 17002.1502 -0.00916915654999 -0.00423019677862 0.00015966429518 -0.000147193121131
BPM.10R6.B2 17042.61322 -0.0098307170786 -0.00230759581097 -9.75268034093e-05 -0.000194028410284
BPM.11R6.B2 17094.45193 -0.0100930385937 0.000313956380119 -0.000179918448712 0.000121605318132
BPM.12R6.B2 17149.17544 -0.00992889662051 -0.00183983927112 0.000144888018283 0.000161758971743
BPM.13R6.B2 17202.62396 -0.0100941706145 0.000275165910834 0.000157184674911 -0.000149838175648
BPM.14R6.B2 17256.07247 -0.0100834540638 -0.000540324723134 -0.000151572373645 -0.000155513080404
BPM.15R6.B2 17309.52099 -0.00997604700139 0.00156412369134 -0.000150911166055 0.000156154809724
BPM.16R6.B2 17362.96951 -0.01006972944 0.000754019695005 0.000157818604822 0.000149170332389
BPM.17R6.B2 17416.41802 -0.00969399228103 0.00282745651656 0.000144376943134 -0.000162215292674
BPM.18R6.B2 17469.86654 -0.00989056141189 0.00203587614321 -0.000163806499412 -0.000142569047545
BPM.19R6.B2 17523.31505 -0.00925269666637 0.00404420586711 -0.000137606828737 0.00016799660817
BPM.20R6.B2 17576.76357 -0.00954884642486 0.00328443733972 0.000169512320509 0.000135735314173
BPM.21R6.B2 17630.21209 -0.00865929708472 0.00519466752502 0.000130598136907 -0.000173501102371
BPM.22R6.B2 17683.6606 -0.00905031167259 0.00447882298274 -0.00017493866831 -0.000128666093774
BPM.23R6.B2 17737.10912 -0.00792373097002 0.00625959137393 -0.000123376660342 0.000178708433269
BPM.24R6.B2 17790.55763 -0.00838223806715 0.00560116695848 0.000180384273773 0.000100644155831
BPM.25R6.B2 17844.00615 -0.00703730324099 0.00721881911685 9.51980830211e-05 -0.000183316818903
BPM.26R6.B2 17897.45466 -0.0075970007557 0.00662725930265 -0.000184361065619 -9.31597002048e-05
BPM.27R6.B2 17950.90318 -0.00605615248285 0.00805965281331 -8.76032779712e-05 0.00018706522314
BPM.28R6.B2 18004.3517 -0.00666597169601 0.00754605724686 0.000188343833473 6.47802608762e-05
BPM.29R6.B2 18057.80021 -0.00495480754777 0.00876516062803 5.91130473222e-05 -0.000190198656502
BPM.30R6.B2 18111.24873 -0.00564612098351 0.00833663460627 -0.000190842372488 -5.70006277211e-05
BPM.31R6.B2 18164.69724 -0.00379294573214 0.00932693525942 -5.12653630763e-05 0.000192462316405
BPM.32R6.B2 18218.14576 -0.00453308210442 0.00899051307131 0.000193019089353 4.91275316602e-05
BPM.33R6.B2 18271.59428 -0.00256861107402 0.00973552236932 4.33283402592e-05 -0.000194403026496
BPM.34R6.B2 18325.04279 -0.003346042935 0.00949642855451 -0.00019487155186 -4.11698874535e-05
BPM.33L7.B2 18378.49131 -0.00130221670965 0.0099841068854 -3.53201840435e-05 0.000196016238742
BPM.32L7.B2 18431.93982 -0.00210348988552 0.0098464962805 0.000196395848614 3.31443834972e-05
BPM.31L7.B2 18485.38834 -1.42942358111e-05 0.0100686619933 2.72522439354e-05 -0.000197299764693
BPM.30L7.B2 18538.83686 -0.000826947570047 0.0100346557673 -0.000197589906493 -2.50621097279e-05
BPM.29L7.B2 18592.28537 0.00127375020351 0.00998777848678 -1.9137355174e-05 0.000198251462413
BPM.28L7.B2 18645.73389 0.000463774449363 0.0100579854806 0.000198451437798 1.69383776172e-05
BPM.27L7.B2 18699.1824 0.00254095678496 0.00974277667231 1.09928521805e-05 -0.000198869398892
BPM.26L7.B2 18752.63092 0.00176697265665 0.00991739285164 -0.000198660761843 -2.95280948761e-05
BPM.25L7.B2 18806.07943 0.00378684054068 0.00933470471255 -2.35684427524e-05 0.000199455601232
BPM.24L7.B2 18859.52795 0.00302135916833 0.00960980031619 0.000199704556022 2.13564455199e-05
BPM.23L7.B2 18912.97647 0.0049498642487 0.00877358064379 1.53722493776e-05 -0.000200254092094
BPM.22L7.B2 18966.42498 0.0042462601045 0.00914579390977 -0.000200094089785 -3.38913893622e-05
BPM.21L7.B2 19019.8735 0.00605198381263 0.00806534333435 -2.7886052451e-05 0.000201018992186
BPM.20L7.B2 19073.32201 0.00538151920133 0.0085273396901 0.000201315649577 2.56569468761e-05
BPM.19L7.B2 19126.77053 0.00703401800373 0.00722487798926 1.96233973296e-05 -0.000201993050787
BPM.18L7.B2 19180.21905 0.00642793775614 0.00776903387166 -0.000202198433262 -1.73799389131e-05
BPM.17L7.B2 19233.66756 0.00790040607051 0.00626576851469 -1.131844899e-05 0.000202628135211
BPM.16L7.B2 19287.11608 0.00736908495538 0.00688279434945 0.000202741084942 9.07313694406e-06
BPM.15L7.B2 19340.56459 0.00863703243991 0.00520364696533 3.00477855714e-06 -0.000202921757682
BPM.14L7.B2 19394.01311 0.00818888184811 0.00588374754633 -0.000202942613824 -7.51467027868e-07
BPM.13L7.B2 19447.46163 0.00923171232499 0.00405607674845 5.32511986485e-06 0.000202874131281
BPM.12L7.B2 19500.91014 0.00877072137447 0.00497500931631 0.000202886137678 -4.84622048319e-06
BPM.11L7.B2 19554.35866 0.00967906464862 0.00282700877171 -1.81537608973e-06 -0.000202935890645
BPM.10L7.B2 19607.13937 0.0096935348124 0.00277698648449 -0.000202814298402 -7.25452405199e-06
BPM.9L7.B2 19646.20438 0.0100177776753 -0.00114908725845 -8.22344060172e-05 0.000185536450104
BPM.8L7.B2 19686.66739 0.00899163840288 -0.00456362903594 0.000174828134627 0.000103060139883
BPM.7L7.B2 19725.7314 0.00411764010891 -0.0092044180176 0.000117206421475 -0.000165677167873
BPMR.6L7.B2 19760.5494 0.00423064448848 -0.00915302782186 -3.46411868542e-05 -0.000199965642529
BPMWC.6L7.B2 19772.7279 0.002894461969 -0.00965910767148 -8.92967579108e-05 -0.000182242580296
BPMWE.5L7.B2 19849.7819 0.00733528977335 -0.00691880011852 -0.000177907988517 9.76474110075e-05
BPMW.5L7.B2 19872.9869 0.00913668811085 -0.00426581778692 -0.000117679492356 0.000165341492267
BPMWE.4L7.B2 19908.0719 0.00912964434922 -0.00428087200683 -4.15022549263e-05 0.000198655061401
BPMW.4L7.B2 19936.1769 0.00671792102558 -0.00751969468713 6.92195680724e-05 0.000190774526547
BPMW.4R7.B2 20052.2239 0.0047838056338 -0.00887645620684 0.000125277632998 -0.000159661460224
BPMWE.4R7.B2 20080.3289 0.00761499987753 -0.00660969348159 2.7683228866e-05 -0.000201047027919
BPMW.5R7.B2 20115.4139 0.00730401796547 -0.00695180497515 -6.81470286481e-05 -0.000191160278259
BPMWE.5R7.B2 20138.6189 0.00270773761233 -0.00971310599769 -0.000173384499305 -0.000105470781137
BPM.6R7.B2 20217.7584 -0.00217410827269 -0.00984629495373 -4.28503774416e-05 0.000198368633771
BPM_A.7R7.B2 20255.7944 0.00123993148747 -0.0100069396406 0.000115719565903 0.000166719077209
BPM.8R7.B2 20294.85841 0.00132702577049 -0.00999576278679 0.000202899214425 4.26363049731e-06
BPM.9R7.B2 20333.92342 -0.00407437913246 -0.00922364926694 1.1301108361e-05 -0.000202629104612
BPM.10R7.B2 20374.38643 -0.00791892220872 -0.00624235068621 -0.000200293210018 -3.26939957015e-05
BPM.11R7.B2 20427.16714 -0.00772549597433 -0.00648019930537 -5.95513416069e-05 0.00019401007386
BPM.12R7.B2 20481.89066 -0.00851788789701 -0.0053964670746 0.00019443549296 5.81472969631e-05
BPM.13R7.B2 20535.33917 -0.00799229403277 -0.00614813038196 5.4509523383e-05 -0.000195486524193
BPM.14R7.B2 20588.78769 -0.00909427622501 -0.00435550352817 -0.000197029728383 -4.86369698135e-05
BPM.15R7.B2 20642.23621 -0.00871312328003 -0.00507520973091 -4.64523868338e-05 0.000197556187198
BPM.16R7.B2 20695.68472 -0.00957668838061 -0.00315647124919 0.000198858233027 4.0517558963e-05
BPM.17R7.B2 20749.13324 -0.00929073888441 -0.0039189848276 3.83061949148e-05 -0.000199296024469
BPM.18R7.B2 20802.58175 -0.00990179601196 -0.00190544136254 -0.000200352742638 -3.23271701247e-05
BPM.19R7.B2 20856.03027 -0.00971573673945 -0.00269828291872 -3.01069536223e-05 0.00020069838135
BPM.20R7.B2 20909.47879 -0.0100641904624 -0.000623170456201 0.000201509767249 2.40849196009e-05
BPM.21R7.B2 20962.9273 -0.00998107628954 -0.00143331336521 2.18450875934e-05 -0.000201764868786
BPM.22R7.B2 21016.37582 -0.01006122581 0.000669332729709 -0.000202328021981 -1.57999730471e-05
BPM.23R7.B2 21069.82433 -0.010082426362 -0.000144740407067 -1.35588087428e-05 0.000202490565483
BPM.24R7.B2 21123.27285 -0.00975693220158 0.00192495217438 0.00020266515222 -0.000130916021625
BPM.25R7.B2 21176.72137 -0.00988045778389 0.00113124744564 -0.000133156730164 -0.000201200041249
BPM.26R7.B2 21230.16988 -0.0094305668165 0.00315714687032 -0.000197128540707 0.000139113293481
BPM.27R7.B2 21283.6184 -0.0096545632799 0.00238591172486 0.000141289849341 0.000195574412521
BPM.28R7.B2 21337.06691 -0.00881319212682 0.00431167491903 0.000191111800212 -0.000285485118149
BPM.29R7.B2 21390.51543 -0.00913245137719 0.00358625542429 -0.000287585859799 -0.000187935758615
BPM.30R7.B2 21443.96394 -0.00818932606749 0.00540350207195 -0.00017925466345 0.000293075483756
BPM.31R7.B2 21497.41246 -0.00859857346337 0.00472519104973 0.000295046512819 0.000175991570373
BPM.32R7.B2 21550.86098 -0.00743072063461 0.00640681566121 0.000167074601141 -0.000300185870444
BPM.33R7.B2 21604.30949 -0.00792364146737 0.00578608693548 -0.000302019110763 -0.000163737388908
BPM.34R7.B2 21657.75801 -0.00655025461537 0.00730459174319 -0.00015463356444 0.000306779948413
BPM.33L8.B2 21711.20652 -0.00711817705036 0.00675236636754 0.000308476971579 0.000151219822563
BPM.32L8.B2 21764.65504 -0.00556188589814 0.00808259372485 0.000141914057917 -0.000312867180698
BPM.31L8.B2 21818.10356 -0.0061962183489 0.00760721856027 -0.000314420861389 -0.000138437707969
BPM.30L8.B2 21871.55207 -0.00448243773754 0.00872757973364 -0.000128971706896 0.0003184207541
BPM.29L8.B2 21925.00059 -0.00517185854619 0.00833755211689 0.000319832130781 0.000125430786743
BPM.28L8.B2 21978.4491 -0.00332901574565 0.00922933097394 0.000115799406992 -0.000323443925298
BPM.27L8.B2 22031.89762 -0.00406323583361 0.00893045410817 -0.000324707755052 -0.000112206727331
BPM.26L8.B2 22085.34614 -0.00198536344372 0.00955331982456 -0.000102576313211 0.000189517058477
BPM.25L8.B2 22138.79465 -0.00274961168281 0.00936200957662 0.000190642991392 0.000100468229045
BPM.24L8.B2 22192.24317 -0.000746842761545 0.00972881357496 9.47175850373e-05 -0.00019356444353
BPM.23L8.B2 22245.69168 -0.00152972226605 0.00963678045447 -0.000194602981642 -9.25650918102e-05
BPM.22L8.B2 22299.1402 0.000639495193592 0.00971847287879 -8.68360354602e-05 5.88851385248e-05
BPM.21L8.B2 22352.58871 -0.000146738356189 0.00973838472572 5.98444459679e-05 8.61777086168e-05
BPM.20L8.B2 22406.03723 0.0018775555197 0.0095568014814 8.43482934561e-05 -6.23964861976e-05
BPM.19L8.B2 22459.48575 0.0011001043224 0.00967716072521 -6.3328096425e-05 -8.36511109256e-05
BPM.18L8.B2 22512.93426 0.00308451118231 0.00923815241284 -8.17183121936e-05 6.58032905168e-05
BPM.17L8.B2 22566.38278 0.00232905707974 0.00945691082467 6.67054552929e-05 8.09835643014e-05
BPM.16L8.B2 22619.83129 0.00424101675337 0.00876763629351 7.89513756037e-05 -6.90987443999e-05
BPM.15L8.B2 22673.27981 0.00351955588343 0.00908132124776 -6.99700775701e-05 -7.81801988378e-05
BPM.14L8.B2 22726.72833 0.00532763670074 0.00815315622006 -7.60508547022e-05 7.22787940333e-05
BPM.13L8.B2 22780.17684 0.00465240335472 0.00855644857684 7.31177035288e-05 7.5244652574e-05
BPM.12L8.B2 22833.62536 0.00698226232819 0.0067901164902 7.68607197725e-05 -7.1416980811e-05
BPM.11L8.B2 22887.07387 0.00670818648864 0.00706101290282 -5.90985812764e-05 -8.66909084258e-05
BPM.10L8.B2 22938.91258 0.00721014662703 0.0065476297186 -9.16141387843e-05 5.11351562084e-05
BPM.9L8.B2 22977.9776 0.00666335104617 0.00710333879628 3.33351503194e-05 9.9482277887e-05
BPM.8L8.B2 23018.44061 0.00942896923293 -0.00243971482696 8.63168276985e-05 -5.9643613855e-05
BPM.7L8.B2 23057.50662 0.00938141142783 -0.00261663693518 2.49435708417e-05 -0.000101910621377
BPM.6L8.B2 23089.97562 0.00916853443607 0.00328567278795 -6.72827695883e-05 -8.05045790521e-05
BPMR.5L8.B2 23150.39462 0.00936431063199 -0.00267719173991 0.000102381892496 -2.29325767804e-05
BPMYB.4L8.B2 23171.16162 0.00876289060003 -0.00425081378829 8.7550033957e-05 -5.78182492801e-05
BPMWB.4L8.B2 23195.62912 0.00896776081314 -0.00379959671741 7.26273273513e-05 -7.57180776297e-05
BPMSX.4L8.B2 23245.78612 0.00888939289275 -0.00397949283344 4.74608749569e-05 -9.3570406976e-05
BPMS.2L8.B2 23283.69762 0.00893786491307 -0.00386939788131 2.98008700853e-05 -0.000100597512189
BPMSW.1L8.B2 23293.63162 0.00898065811953 -0.00376901162356 2.07909045681e-05 -0.000102838192069
BPMSW.1R8.B2 23336.82162 0.00898066472278 -0.00376899594249 7.16418114972e-05 -7.66512115418e-05
BPMS.2R8.B2 23346.75562 0.00893786969364 -0.00386938691811 6.45850503805e-05 -8.26845147586e-05
BPMSX.4R8.B2 23384.66712 0.00888939341747 -0.00397949166283 4.8607987021e-05 -9.29796735663e-05
BPMWI.4R8.B2 23434.90012 0.00896750223394 -0.00380020695587 1.93994667551e-05 -0.000103109728324
BPMYB.4R8.B2 23459.29162 0.00876276148853 -0.0042510798782 -3.77974819773e-06 -0.000104850698393
BPMYB.5R8.B2 23479.86862 0.00933734199266 -0.00276978578564 -3.9779611397e-05 -9.70852154434e-05
BPMR.6R8.B2 23563.97662 0.00919967089555 0.00319745604349 0.000104490069932 -9.47563864496e-06
BPM_A.7R8.B2 23586.21662 0.00971583761376 0.00067835686622 9.25687704474e-05 -4.93859770976e-05
BPM.8R8.B2 23627.65561 0.00869278735965 -0.00439239310125 -1.14326536141e-06 -0.000104912576173
BPM.9R8.B2 23666.7226 0.00421901155726 -0.00877824644771 -7.71332692423e-05 7.11225397102e-05
BPM.10R8.B2 23707.18758 0.00942381869497 -0.00245953456787 9.72044658651e-05 3.94873006354e-05
BPM.11R8.B2 23759.02827 0.00847504645517 -0.00479908916264 5.06937272595e-05 -9.18591335916e-05
BPM.12R8.B2 23813.75476 0.00830336501409 -0.00509036330873 -9.09496332626e-05 -5.23079326519e-05
BPM.13R8.B2 23867.20624 0.0067788870583 -0.00699316519254 -4.65392407183e-05 9.40321985624e-05
BPM.14R8.B2 23920.65773 0.0073212089318 -0.00642320550269 9.4547430125e-05 4.54833880214e-05
BPM.15R8.B2 23974.10921 0.00582856676249 -0.0078029147575 4.26230244752e-05 -9.58709202608e-05
BPM.16R8.B2 24027.56069 0.00643927301629 -0.00730708096866 -9.63425268763e-05 -4.1546038148e-05
BPM.17R8.B2 24081.01218 0.00478242806538 -0.00848445938213 -3.86322458536e-05 9.75474498579e-05
BPM.18R8.B2 24134.46366 0.00545169607296 -0.00807072977533 9.79741060285e-05 3.75370599607e-05
BPM.19R8.B2 24187.91515 0.00365779306892 -0.00902652862849 3.4577091177e-05 -9.90574609728e-05
BPM.20R8.B2 24241.36663 0.00437431930305 -0.00870189633669 -9.94386884427e-05 -3.34649650993e-05
BPM.21R8.B2 24294.81811 0.0024729558966 -0.00942030564071 -3.04620629093e-05 0.000100399296052
BPM.22R8.B2 24348.2696 0.00322530969593 -0.00918994268412 0.000100734265189 2.93353487383e-05
BPM.23R8.B2 24401.72108 0.00124757322234 -0.00965925619707 2.62958880812e-05 -0.000101570085107
BPM.24R8.B2 24455.17257 0.00188117044352 -0.00953600638069 -0.000104025668038 0.000117060434046
BPM.25R8.B2 24508.62405 -0.000138901758822 -0.00971879242846 0.000120132687684 0.000100462038727
BPM.26R8.B2 24562.07554 0.000645959613389 -0.00969829655923 9.91098032605e-05 -0.000121250697562
BPM.27R8.B2 24615.52702 -0.0013812320217 -0.00962114432548 -0.000124173717706 -9.54220738971e-05
BPM.28R8.B2 24668.9785 -0.000742016298007 -0.00971021794304 -9.61932313181e-05 0.000267451666517
BPM.29R8.B2 24722.42999 -0.00274103058106 -0.00934482059844 0.000270220851942 8.81148323968e-05
BPM.30R8.B2 24775.88147 -0.00197797890943 -0.00953553984344 8.50801725558e-05 -0.00027119162255
BPM.31R8.B2 24829.33296 -0.00391431397462 -0.0089172342549 -0.000273625180484 -7.68946716932e-05
BPM.32R8.B2 24882.78444 -0.00318169266863 -0.00920411606007 -7.38266196317e-05 0.000274468872753
BPM.33R8.B2 24936.23592 -0.00502258997915 -0.00834341120534 0.000276563236669 6.55462422748e-05
BPM.34R8.B2 24989.68741 -0.00433291364514 -0.00872151248459 6.24402152859e-05 -0.000277280997143
BPM.33L1.B2 25043.13889 -0.0060489390894 -0.00763212005343 -0.000279031392889 -5.40833872372e-05
BPM.32L1.B2 25096.59038 -0.00541309419735 -0.00809551307002 -5.09577502971e-05 0.00027961909626
BPM.31L1.B2 25150.04186 -0.006975370981 -0.00679581638622 0.000281024209749 4.25314682536e-05
BPM.30L1.B2 25203.49334 -0.00640420622528 -0.00733655663821 3.93755520323e-05 -0.000281483744886
BPM.29L1.B2 25256.94483 -0.00778759361961 -0.00584741877105 -0.000282539283861 -3.09044165911e-05
BPM.28L1.B2 25310.39631 -0.00729015622355 -0.0064569763001 -2.77420645028e-05 0.000282867300449
BPM.27L1.B2 25363.8478 -0.00847153180274 -0.00480333942126 0.000283573357708 1.92271180018e-05
BPM.26L1.B2 25417.29928 -0.00819822333602 -0.00548037417328 1.38796308063e-05 -0.000141556486528
BPM.25L1.B2 25470.75077 -0.00915720277637 -0.00365937211346 -0.000141909507026 -9.62159277383e-06
BPM.24L1.B2 25524.20225 -0.008831955711 -0.00438656188746 -8.0324854652e-06 0.00014200832066
BPM.23L1.B2 25577.65373 -0.00955007649034 -0.00245792716922 0.000142185566182 3.7612159028e-06
BPM.22L1.B2 25631.10522 -0.00946254114129 -0.00322969297759 1.26074243884e-10 3.61252437458e-11
BPM.21L1.B2 25684.5567 -0.00992682195538 -0.00119532734251 3.11303263043e-11 -1.27537817258e-10
BPM.20L1.B2 25738.00819 -0.00979795784042 -0.00199264240885 -1.28316155201e-10 -3.07386639724e-11
BPM.19L1.B2 25791.45967 -0.00999817383733 8.43887401652e-05 -2.59091319769e-11 1.31393594549e-10
BPM.18L1.B2 25844.91115 -0.00997236635361 -0.000722849130386 1.28864039327e-10 2.5512312203e-11
BPM.17L1.B2 25898.36264 -0.00990522755301 0.00136274307299 2.03736684028e-11 -1.30749494064e-10
BPM.16L1.B2 25951.81412 -0.00998290136281 0.000558821928407 -1.33208274573e-10 -1.90888164485e-11
BPM.15L1.B2 26005.26561 -0.00964951493307 0.00261867583654 -1.87706351925e-11 1.32185417041e-10
BPM.14L1.B2 26058.71709 -0.0098293892149 0.00183131353404 1.30116142609e-10 1.65983158275e-11
BPM.13L1.B2 26112.16857 -0.0092352258229 0.00383160613671 9.33670423079e-12 -1.29562913616e-10
BPM.12L1.B2 26165.62006 -0.00984247228712 0.0017596422417 -1.28302261454e-10 -1.87515531992e-11
BPM.11L1.B2 26219.07154 -0.00995870428102 0.000891521530368 -2.57337767779e-11 1.36242891079e-10
BPM.10L1.B2 26271.85423 -0.00999544037494 0.000248542328812 1.33129713118e-10 -1.13676820796e-12
BPM.9L1.B2 26310.92122 -0.00970306494823 0.00241270225988 6.55596245722e-12 -1.31476133505e-10
BPM.8L1.B2 26351.38621 -0.00854010902927 -0.00519972492987 -1.12745508132e-10 5.68619155892e-11
BPM.7L1.B2 26390.4542 -0.00993845917671 -0.00109436318706 5.30857360877e-11 1.16828943518e-10
BPMR.6L1.B2 26433.6382 -0.0096204577525 0.00272348934421 1.22410747604e-10 -4.95235373927e-11
BPM.5L1.B2 26465.5382 -0.00384955788004 0.00922775734776 -4.33118621219e-13 -1.31624875001e-10
BPMYA.4L1.B2 26486.6562 -0.00174089829844 0.00984580493063 -4.66702304637e-11 -1.21847885095e-10
BPMWB.4L1.B2 26507.7127 -0.000529046421585 0.00998452359649 -7.23733058188e-11 -1.14457625309e-10
BPMSY.4L1.B2 26600.5687 -0.00018904874693 0.00999674257747 -1.04811936962e-10 -8.55318745632e-11
BPMS.2L1.B2 26627.3542 -5.6240616767e-05 0.00999837179556 -7.38445800443e-11 -7.63323515663e-11
BPMSW.1L1.B2 26637.4082 -2.62778599457e-09 0.00999852997045 -6.63551722395e-11 -7.24788965541e-11
