BPMSW.1R1.B2 21.475 -0.00994737324034 0.000292546663552 1.39610910067e-05 -3.40810875878e-06
BPMS.2R1.B2 31.529 -0.00994886092684 0.000236591467172 1.37921533381e-05 -4.03945576424e-06
BPMSY.4R1.B2 58.3145 -0.00995112576484 0.000104414345878 1.34978472027e-05 -4.93469943947e-06
BPMWB.4R1.B2 151.1705 -0.00994891663045 -0.000234230928237 1.12039305266e-05 -9.00084978195e-06
BPMYA.4R1.B2 172.227 -0.00984635249789 -0.0014440043998 9.22609200843e-06 -1.10191998772e-05
BPMR.5R1.B2 199.635 -0.00897728762861 -0.004294660991 3.21490156148e-06 -1.40074241397e-05
BPM.6R1.B2 231.535 -0.000349169258872 -0.00994554608983 -1.33540131219e-05 -5.31167890703e-06
BPMRA.7R1.B2 259.259 0.00223889624902 -0.00969655349975 -1.23972432946e-05 7.26993286479e-06
BPM.8R1.B2 300.6960106 0.00236229474758 -0.00966723175132 4.91198507335e-06 1.35061425793e-05
BPM.9R1.B2 339.7610212 0.000198025302395 -0.00994970312083 1.23782636167e-05 -7.30219736282e-06
BPM.10R1.B2 380.2240318 -0.00355310229008 -0.0092957662507 -1.02301003363e-05 -1.00939748531e-05
BPM.11R1.B2 433.0047424 0.00200053145835 -0.00974852194418 -6.4016193659e-06 1.28671206661e-05
BPM.12R1.B2 487.7282583 -0.00115727541209 -0.00988415498822 1.25188599319e-05 7.05843970549e-06
BPM.13R1.B2 541.1767742 -0.00164008442899 -0.00981559622632 8.04417101978e-06 -1.19094440612e-05
BPM.14R1.B2 594.6252901 -0.00364174908041 -0.00926139675523 -1.21449845162e-05 -7.68393015066e-06
BPM.15R1.B2 648.073806 -0.00288249256877 -0.00952507442504 -7.54877955097e-06 1.2229449212e-05
BPM.16R1.B2 701.5223219 -0.00479652921123 -0.00871946751638 1.24498784982e-05 7.17942728968e-06
BPM.17R1.B2 754.9708378 -0.00407724416148 -0.00907809926486 7.04090442114e-06 -1.25287336047e-05
BPM.18R1.B2 808.4193537 -0.00587252631457 -0.00803425421955 -1.27338227318e-05 -6.66281591102e-06
BPM.19R1.B2 861.8678696 -0.00520502233814 -0.00848195429507 -6.52120494346e-06 1.28069284044e-05
BPM.20R1.B2 915.3163855 -0.00685200801496 -0.00721704872606 1.2996349087e-05 6.13501828426e-06
BPM.21R1.B2 968.7649014 -0.00624726120454 -0.00774645297117 5.99050312806e-06 -1.30635862834e-05
BPM.22R1.B2 1022.213417 -0.00771892539571 -0.00628124166718 -1.32370047488e-05 -5.59688713515e-06
BPM.23R1.B2 1075.661933 -0.00718686488063 -0.00688366031864 -5.44976482427e-06 1.32982580668e-05
BPM.24R1.B2 1129.110449 -0.00845515460288 -0.00524297872202 1.345154493e-05 1.13619233303e-06
BPM.25R1.B2 1182.558965 -0.00800448317302 -0.00590819045839 9.86945925992e-07 -1.34633161105e-05
BPM.26R1.B2 1236.007481 -0.00905637491012 -0.00411831747496 -1.3486819681e-05 -5.83611467716e-07
BPM.27R1.B2 1289.455997 -0.00869449647835 -0.00483572086937 -4.34019971936e-07 1.34924617701e-05
BPM.28R1.B2 1342.904513 -0.00950493914989 -0.00292673569515 1.34955485998e-05 -3.88310580908e-06
BPM.29R1.B2 1396.353029 -0.00923775904564 -0.00368421739566 -4.03254152411e-06 -1.34516597917e-05
BPM.30R1.B2 1449.801545 -0.00980123920798 -0.00168681948273 -1.33249601059e-05 4.43326765378e-06
BPM.31R1.B2 1503.25006 -0.00963314982419 -0.00247226099904 4.58076139234e-06 1.32749807966e-05
BPM.32R1.B2 1556.698576 -0.00993649467118 -0.000419194067675 1.3131944532e-05 -4.97599628196e-06
BPM.33R1.B2 1610.147092 -0.00987025959246 -0.00121968258023 -5.12132596253e-06 -1.3075950615e-05
BPM.34R1.B2 1663.595608 -0.00990848505387 0.000855320970334 -1.2916843795e-05 5.51032642374e-06
BPM.33L2.B2 1717.044124 -0.00994519218633 5.29373244309e-05 5.65322303506e-06 1.2854946198e-05
BPM.32L2.B2 1770.49264 -0.0097176696174 0.00211578524051 1.26799992438e-05 -6.03540136949e-06
BPM.31L2.B2 1823.941156 -0.00985671655428 0.0013246844112 -6.17565946049e-06 -1.26122838187e-05
BPM.30L2.B2 1877.389672 -0.00936718609659 0.00334147791317 -1.24218376473e-05 6.55031461702e-06
BPM.29L2.B2 1930.838188 -0.0096062853915 0.0025746710459 6.68765372142e-06 1.2348432716e-05
BPM.28L2.B2 1984.286704 -0.00886278708689 0.00451227825724 1.21427576362e-05 -7.05421725881e-06
BPM.27L2.B2 2037.73522 -0.00919801663279 0.00378234583881 -7.18844514802e-06 -1.20637783811e-05
BPM.26L2.B2 2091.183735 -0.00820892777357 0.00560818810993 -1.18471025705e-05 3.63308861878e-06
BPM.25L2.B2 2144.632251 -0.00863472165686 0.00492745888087 3.76423600969e-06 1.18060894361e-05
BPM.24L2.B2 2198.080767 -0.00742408407639 0.00661220422621 1.16881492126e-05 -4.11587596445e-06
BPM.23L2.B2 2251.529283 -0.00793346812947 0.00599152339179 -4.24524783499e-06 -1.16417810417e-05
BPM.22L2.B2 2304.977799 -0.00651342812334 0.00750682312944 -1.15133729908e-05 6.78581332155e-07
BPM.21L2.B2 2358.426315 -0.00709796627914 0.0069567243838 8.06207956764e-07 1.15051364624e-05
BPM.20L2.B2 2411.874831 -0.00549963707253 0.00827835318738 1.14758587849e-05 -1.15015930502e-06
BPM.19L2.B2 2465.323347 -0.00614975397774 0.00780753901313 -1.2773613144e-06 -1.14623956593e-05
BPM.18L2.B2 2518.771863 -0.00439550547242 0.00891384715284 -1.14190351257e-05 1.61980357994e-06
BPM.17L2.B2 2572.220379 -0.00510049251591 0.00853007125056 1.74633886599e-06 1.14003800313e-05
BPM.16L2.B2 2625.668894 -0.00321912470843 0.0094028918708 1.13430064992e-05 -2.0867226865e-06
BPM.15L2.B2 2679.11741 -0.00396742987316 0.0091124442174 -2.21238852186e-06 -1.13191652693e-05
BPM.14L2.B2 2732.565926 -0.00198988092504 0.00973742847637 -1.12478914034e-05 2.55013356506e-06
BPM.13L2.B2 2786.014442 -0.00276917294714 0.00954509406011 2.67470844701e-06 1.12189169707e-05
BPM.12L2.B2 2839.462958 -0.000504234074918 0.00992586960483 1.11731748204e-05 -2.85977331034e-06
BPM.11L2.B2 2892.911474 -0.00239313369546 0.00964624541008 -1.7690614891e-06 -1.13968686447e-05
BPM.10L2.B2 2944.750185 -0.00160243955191 0.00980863532312 -1.15270075041e-05 -3.82460087756e-07
BPM.9L2.B2 2983.815195 0.000394252298347 0.00993084611382 -2.71859653836e-06 1.12083642401e-05
BPM.8L2.B2 3024.278206 0.0042141525711 0.00900100314418 9.84089990078e-06 -6.01456396715e-06
BPM.7L2.B2 3063.344216 -0.00615465719351 0.00780367440109 -7.30041412817e-06 -8.92871633058e-06
BPM.6L2.B2 3095.450216 -0.00687640839846 0.00717580287714 -1.06020733265e-05 -4.54028789497e-06
BPMYB.5L2.B2 3167.649216 -0.00484498994065 0.00867774232754 -5.15651882505e-06 1.03164204749e-05
BPMYB.4L2.B2 3188.219216 -0.00307845372076 0.00944988159193 1.82617651284e-06 1.13878556744e-05
BPMWB.4L2.B2 3212.610716 -0.004795686842 0.0087050862781 1.02155104382e-05 5.35364715691e-06
BPMSX.4L2.B2 3262.843716 0.000169656522384 0.0099372207409 2.13749969377e-06 -1.13335469887e-05
BPMS.2L2.B2 3300.755216 0.000182055959172 0.009937001311 -5.65079844676e-06 -1.00542057218e-05
BPMSW.1L2.B2 3310.689216 -0.00019123368342 0.00993682892498 -8.05540459936e-06 -8.25400730562e-06
BPMSW.1R2.B2 3353.879216 -0.000191220474703 0.00993682917919 9.45765201361e-06 -6.6008310239e-06
BPMS.2R2.B2 3363.813216 0.000182065865708 0.00993700112912 7.43234761651e-06 -8.81920237285e-06
BPMSX.4R2.B2 3401.724716 0.000169650306709 0.00993722084896 2.10583808173e-08 -1.15333324932e-05
BPMWB.4R2.B2 3451.881716 -0.00479714382234 0.00870428346148 -1.1047451609e-05 3.31240562304e-06
BPMYB.4R2.B2 3476.349216 -0.00312004994137 0.00943622953237 -3.9324114784e-06 1.08422468533e-05
BPM.5R2.B2 3505.883216 -0.00815889667207 0.00567534532664 8.04277840724e-06 8.26630681623e-06
BPMR.6R2.B2 3579.179216 -0.00892020182204 0.00438259498847 8.73106396202e-06 -7.53569749611e-06
BPM_A.7R2.B2 3592.054216 -0.00872564687553 0.0047581746439 7.25077537569e-06 -8.96909647548e-06
BPM.8R2.B2 3633.493206 -0.00625847853231 0.00772065967971 -4.46959183672e-06 -1.06320742952e-05
BPM.9R2.B2 3672.560195 0.00368414260969 0.00923061387936 -8.03729293137e-06 8.27165253033e-06
BPM.10R2.B2 3713.025185 0.00435339954555 0.00893448665611 4.88559523826e-06 1.04474445981e-05
BPM.11R2.B2 3764.865874 0.00501574446629 0.00858017755619 1.08716342332e-05 -3.8504196e-06
BPM.12R2.B2 3819.592358 0.00446340808711 0.00888004097274 -4.79491248434e-06 -1.04893759925e-05
BPM.13R2.B2 3873.043842 0.00695105256785 0.00710352079496 -9.91296119607e-06 5.89502435452e-06
BPM.14R2.B2 3926.495326 0.00635516197181 0.00764127317567 6.00562628637e-06 9.84635338734e-06
BPM.15R2.B2 3979.94681 0.00780277186167 0.0061558013809 9.66147981889e-06 -6.29872423553e-06
BPM.16R2.B2 4033.398294 0.0072804650701 0.00676549833671 -6.40657431935e-06 -9.59030968615e-06
BPM.17R2.B2 4086.849779 0.00852614846291 0.00510704726793 -9.39349576066e-06 6.6918223047e-06
BPM.18R2.B2 4140.301263 0.00808613761147 0.00577853943292 6.79663820562e-06 9.31793409104e-06
BPM.19R2.B2 4193.752747 0.00910942554061 0.00397435600895 9.10953500408e-06 -7.07350805648e-06
BPM.20R2.B2 4247.204231 0.00875892658953 0.0046966311783 -7.17513140495e-06 -9.02970808298e-06
BPM.21R2.B2 4300.655715 0.00954300396992 0.00277636716259 -8.81006384397e-06 7.44318164189e-06
BPM.22R2.B2 4354.107199 0.00928778617999 0.00353753689734 7.5414245404e-06 8.72611588684e-06
BPM.23R2.B2 4407.558683 0.0098197673518 0.00153274546088 8.49562369958e-06 -7.80017255199e-06
BPM.24R2.B2 4461.010167 0.00962728117623 0.0023179892864 -8.45560652055e-06 2.83864748244e-05
BPM.25R2.B2 4514.461651 0.00989874234166 0.000269290310851 2.86276868799e-05 7.59901530996e-06
BPM.26R2.B2 4567.913135 0.00984471279852 0.0010673551816 7.27787667553e-06 -2.87110123266e-05
BPM.27R2.B2 4621.36462 0.00985185958487 -0.000999239660293 -2.89167073534e-05 -6.4119630718e-06
BPM.28R2.B2 4674.816104 0.00986362872717 -0.000203134230971 -6.64802600356e-06 6.57805958705e-05
BPM.29R2.B2 4728.267588 0.00960666662993 -0.00224597227457 6.59506071033e-05 4.66907295828e-06
BPM.30R2.B2 4781.719072 0.00975659918152 -0.00146328659075 3.93023629225e-06 -6.59987619611e-05
BPM.31R2.B2 4835.170556 0.00924040356912 -0.00345649780548 -6.60870557944e-05 -1.94529624641e-06
BPM.32R2.B2 4888.62204 0.0094892413372 -0.0026993951186 -1.20439900703e-06 6.61047038244e-05
BPM.33R2.B2 4942.073524 0.00872232252872 -0.00461015454672 6.61110515739e-05 -7.81810176889e-07
BPM.34R2.B2 4995.525008 0.00906594906867 -0.00389114412651 -1.52216756062e-06 -6.60981489167e-05
BPM.33L3.B2 5048.976492 0.00806086241946 -0.00568813961006 -6.60225632633e-05 3.50761986508e-06
BPM.32L3.B2 5102.427976 0.00849367923403 -0.00501894892413 4.24740044589e-06 6.59791054356e-05
BPM.31L3.B2 5155.87946 0.00726701027738 -0.00667255549667 6.58217422797e-05 -6.22739109344e-06
BPM.30L3.B2 5209.330945 0.00778183061614 -0.00606428458003 -6.96422683738e-06 -6.57478690668e-05
BPM.29L3.B2 5262.782429 0.0063536456137 -0.00754742490117 -6.5508923277e-05 8.93667285123e-06
BPM.28L3.B2 5316.233913 0.00694211403063 -0.00700995635193 9.67027674879e-06 6.5404647993e-05
BPM.27L3.B2 5369.685397 0.00533599350194 -0.00829816898875 6.5084647854e-05 -1.16306169587e-05
BPM.26L3.B2 5423.136881 0.00595159163301 -0.00784274947329 -1.29198893854e-05 -2.81562463334e-05
BPM.25L3.B2 5476.588365 0.00419414681208 -0.00890726078861 -2.77553568973e-05 1.37600194849e-05
BPM.24L3.B2 5530.039849 0.00489940896288 -0.00853966943109 1.40701393091e-05 2.75994401955e-05
BPM.23L3.B2 5583.491333 0.00302024746431 -0.00937060657001 2.71642839679e-05 -1.48929314439e-05
BPM.22L3.B2 5636.942817 0.00372997919198 -0.00909858318032 -1.57571558931e-05 9.79813833108e-06
BPM.21L3.B2 5690.394301 0.00176028618527 -0.00967462419009 1.02671130932e-05 1.54556779314e-05
BPM.20L3.B2 5743.845786 0.00253540254258 -0.00950098387763 1.53396811859e-05 -1.04396211457e-05
BPM.19L3.B2 5797.29727 0.000508164058501 -0.00982032229495 -1.08957685476e-05 -1.50191114512e-05
BPM.18L3.B2 5850.748754 0.0012991165216 -0.00974726920299 -1.4896087511e-05 1.10633640973e-05
BPM.17L3.B2 5904.200238 -0.000752277123213 -0.00980464378524 1.15058928526e-05 1.45569854967e-05
BPM.16L3.B2 5957.651722 4.15293196424e-05 -0.00983337358081 1.44271611647e-05 -1.16682691262e-05
BPM.15L3.B2 6011.103206 -0.00200038983955 -0.00962784509654 -1.20964491992e-05 -1.40700934742e-05
BPM.14L3.B2 6064.55469 -0.00121678679222 -0.00975788863319 -1.39336826928e-05 1.22533241277e-05
BPM.13L3.B2 6118.006174 -0.00321559622726 -0.00929284141715 1.26664032135e-05 1.35592670985e-05
BPM.12L3.B2 6171.457658 -0.00102128410685 -0.00978028319823 1.44800112946e-05 -1.16026177038e-05
BPM.11L3.B2 6224.909142 -2.1157811971e-05 -0.00983343851462 -1.09534513585e-05 -1.49770953465e-05
BPM.10L3.B2 6277.691832 0.00398602059425 -0.00898936040664 -1.58058329503e-05 9.71941849935e-06
BPM.9L3.B2 6316.758821 0.00241984582068 -0.0095310706042 -2.77294312608e-06 1.83467254078e-05
BPM.8L3.B2 6357.223811 0.000569606121554 -0.00981695011479 1.33477756356e-05 1.28890789205e-05
BPM.7L3.B2 6396.2898 -0.0036051544848 -0.00914876067123 1.75575184764e-05 -6.00208843093e-06
BPMR.6L3.B2 6468.9288 -0.00942311024451 -0.00281104146695 -1.35857855473e-05 -1.26379632819e-05
BPMWE.5L3.B2 6511.9823 -0.00948031528648 -0.00261162452667 -1.84246537706e-05 -2.19624653561e-06
BPMW.5L3.B2 6539.5273 -0.0082374331242 -0.00537044283143 -1.74845730009e-05 6.21138096396e-06
BPMWE.4L3.B2 6614.6553 -0.00958566939163 -0.00219360502101 8.43479081006e-07 1.85359133533e-05
BPMW.4L3.B2 6642.2003 -0.00793547484065 0.00580734016231 1.6040009162e-05 9.32788595234e-06
BPMW.4R3.B2 6687.1653 -0.00647714401329 0.00739888951726 1.83866702203e-05 -2.49439399467e-06
BPMWE.4R3.B2 6714.7103 -0.00776493005759 0.00603347510844 1.61296048439e-05 -9.17209279502e-06
BPMW.5R3.B2 6789.8383 -0.00649934453908 0.00737939572332 -1.05937868672e-06 -1.85248249722e-05
BPMWE.5R3.B2 6817.3833 -0.0030207222649 0.0093580017995 -1.12609219293e-05 -1.47473112273e-05
BPMWC.6R3.B2 6858.3743 -0.00211184130143 0.00960401410831 -1.78547415891e-05 -5.04971423765e-06
BPM.6R3.B2 6870.5288 -0.00313127131427 0.0093215932463 -1.85280600072e-05 -1.00123087033e-06
BPM_A.7R3.B2 6926.3528 -0.00292196787448 0.00938930585322 -8.86480177515e-06 1.63005125236e-05
BPM.8R3.B2 6965.418789 -0.00753717705536 0.00631568861856 1.56774690163e-05 9.92514358259e-06
BPM.9R3.B2 7004.485779 -0.00937571835922 -0.00296527671195 7.13505995349e-06 -1.71284105663e-05
BPM.10R3.B2 7044.950768 -0.0096549993253 -0.001864925914 -7.56619883102e-06 -1.694238051e-05
BPM.11R3.B2 7097.733458 -0.00974793088889 0.00129414222342 -1.81155774295e-05 4.01463519401e-06
BPM.12R3.B2 7152.459942 -0.00883220155415 0.00432309800946 7.86229759084e-06 1.68070178824e-05
BPM.13R3.B2 7205.911426 -0.00938250246978 0.00294374048918 1.62689187982e-05 -8.92265875641e-06
BPM.14R3.B2 7259.36291 -0.00856724708179 0.00482692843473 -9.4072671501e-06 -1.59935849653e-05
BPM.15R3.B2 7312.814394 -0.00892888662754 0.00411970196449 -1.58872048074e-05 9.58583884471e-06
BPM.16R3.B2 7366.265878 -0.00787935759005 0.0058832546016 1.00588115437e-05 1.55920420776e-05
BPM.17R3.B2 7419.717362 -0.00832849694554 0.00522810666361 1.54783498992e-05 -1.02328972727e-05
BPM.18R3.B2 7473.168846 -0.00706199821599 0.00684288988083 -1.06933054718e-05 -1.51639306479e-05
BPM.19R3.B2 7526.62033 -0.00759126085393 0.00625057751996 -1.50431852709e-05 1.0862512647e-05
BPM.20R3.B2 7580.071814 -0.00612857622779 0.00769009194337 1.1309549937e-05 1.471005197e-05
BPM.21R3.B2 7633.523299 -0.00672925995201 0.00717035711245 1.45824018383e-05 -1.1473674139e-05
BPM.22R3.B2 7686.974783 -0.00509446425813 0.008410909261 -1.19065953381e-05 -1.42311090502e-05
BPM.23R3.B2 7740.426267 -0.00575670340084 0.00797228490401 -1.40968292571e-05 1.20652745404e-05
BPM.24R3.B2 7793.877751 -0.00392245490262 0.00898315498014 1.24226413406e-05 -4.14343603869e-05
BPM.25R3.B2 7847.329235 -0.0046347346827 0.00863724263059 -4.1570933576e-05 -1.19576612922e-05
BPM.26R3.B2 7900.780719 -0.00274105539931 0.00941112858049 -1.0703389579e-05 4.19114026121e-05
BPM.27R3.B2 7954.232203 -0.00349166564457 0.0091592028534 4.20286959527e-05 1.02331171975e-05
BPM.28R3.B2 8007.683687 -0.0014604394915 0.00967410012858 8.90504612413e-06 -9.74792303606e-05
BPM.29R3.B2 8061.135171 -0.00223656381651 0.00952464587768 -9.75728805256e-05 -7.81242795373e-06
BPM.30R3.B2 8114.586655 -0.000210873291836 0.00978144310662 -4.87752520086e-06 9.77635425879e-05
BPM.31R3.B2 8168.03814 -0.000999584524814 0.00973251907926 9.78120535751e-05 3.78186281594e-06
BPM.32R3.B2 8221.489624 0.00104217202684 0.00972805089883 8.41615527186e-07 -9.788152156e-05
BPM.33R3.B2 8274.941108 0.000253529995752 0.00978043042809 -9.78848116337e-05 2.55182218199e-07
BPM.34R3.B2 8328.392592 0.00227808933775 0.00951479930067 3.19601373034e-06 9.78329481e-05
BPM.33L4.B2 8381.844076 0.0015027723764 0.00966761459721 9.7791003156e-05 -4.29176184544e-06
BPM.32L4.B2 8435.29556 0.00347656243074 0.00914519603664 -7.2275444696e-06 -9.76179440756e-05
BPM.31L4.B2 8488.747044 0.0027270326328 0.0093959773211 -9.75308160452e-05 8.3210859715e-06
BPM.30L4.B2 8542.198528 0.00461792435821 0.00862530413442 1.1247799374e-05 9.72367563592e-05
BPM.29L4.B2 8595.650012 0.00390675141969 0.00896986009707 9.71046858911e-05 -1.23361538526e-05
BPM.28L4.B2 8649.101496 0.00568337556322 0.00796368877781 -1.52475631564e-05 -9.66902855652e-05
BPM.27L4.B2 8702.55298 0.00502202472453 0.00839644951553 -9.65133079407e-05 1.63304082511e-05
BPM.26L4.B2 8756.004465 0.00670962728697 0.00716087238222 1.91620843799e-05 4.0817078838e-05
BPM.25L4.B2 8809.455949 0.00610978234153 0.00767904625461 4.05998849943e-05 -1.96180787592e-05
BPM.24L4.B2 8862.907433 0.00757055276376 0.00624371064109 -2.08289246363e-05 -3.99921966742e-05
BPM.23L4.B2 8916.358917 0.00704190551779 0.00683438061489 -3.97562428498e-05 2.12758340573e-05
BPM.22L4.B2 8969.810401 0.00836127965776 0.00521360337233 2.24000997075e-05 -1.60632669772e-05
BPM.21L4.B2 9023.261885 0.00791319290607 0.00587145941695 -1.63132280513e-05 -2.22187294928e-05
BPM.20L4.B2 9076.713369 0.00895953307344 0.00410114919713 -2.17185483885e-05 1.69734549847e-05
BPM.19L4.B2 9130.164853 0.00859929824999 0.00481089672909 1.72157202725e-05 2.15270154146e-05
BPM.18L4.B2 9183.616337 0.00941056843239 0.00292127702261 2.10001263401e-05 -1.78546384325e-05
BPM.17L4.B2 9237.067821 0.00914408194333 0.00367129719752 -1.80888003247e-05 -2.079876517e-05
BPM.16L4.B2 9290.519306 0.00970695587101 0.00169341826144 -2.02458730705e-05 1.87055639217e-05
BPM.15L4.B2 9343.97079 0.00953860964096 0.002471352627 1.89312188959e-05 2.00350248526e-05
BPM.14L4.B2 9397.422274 0.0098438334933 0.000437721154332 1.94572817077e-05 -1.95245343915e-05
BPM.13L4.B2 9450.873758 0.00977638854273 0.00123080654382 -1.97413092498e-05 -1.92373068353e-05
BPM.12L4.B2 9504.325242 0.0096872263505 -0.00180285976026 -1.97511933148e-05 1.92271654437e-05
BPM.11L4.B2 9557.776726 0.00974548950583 -0.0014553666098 1.57206054581e-05 2.26419051134e-05
BPMC.10L4.B2 9609.617415 0.00948982607982 -0.00265251930322 2.46132004148e-05 -1.24090132166e-05
BPMC.9L4.B2 9648.684405 0.00920117374778 -0.0035257707376 -7.66509097229e-06 -2.64771512287e-05
BPMC.8L4.B2 9689.149394 0.00766253094738 -0.00619502035438 -1.32933423415e-05 2.41470537799e-05
BPMC.7L4.B2 9728.215384 0.00967742046697 0.00185477512577 2.53728331981e-05 1.07709169316e-05
BPMYA.6L4.B2 9824.819384 0.00984504732367 0.000409512995235 1.74896486128e-05 -2.13050590718e-05
BPMYB.5L4.B2 9861.819384 0.00984429368565 0.000427246297832 1.1111600196e-05 -2.52254912433e-05
BPMWA.B5L4.B2 9964.209884 0.00870969629689 -0.00460801997598 -1.62227618168e-05 -2.22848665943e-05
BPMWA.A5L4.B2 9973.094884 0.00854032291932 -0.00491482879775 -1.82371246531e-05 -2.06688322011e-05
BPMWA.A5R4.B2 10021.14388 0.00793066816444 -0.00584783379912 -2.56414992756e-05 -1.01146878325e-05
BPMWA.B5R4.B2 10030.02888 0.00789430144712 -0.00589683494114 -2.63742869085e-05 -8.01187900758e-06
BPMYA.5R4.B2 10132.49538 0.0087454854544 -0.00453972927123 -2.38152748372e-05 1.38789781256e-05
BPMYB.6R4.B2 10164.05938 0.00862841387943 -0.00475847988635 -2.02628276972e-05 1.86872234221e-05
BPMCA.7R4.B2 10260.57538 0.00974243872236 -0.00147565085319 2.08185158782e-05 1.80660617121e-05
BPMC.8R4.B2 10298.36637 0.00978383991478 0.00117010009033 1.67045656781e-05 -2.19260291124e-05
BPMC.9R4.B2 10337.43336 0.00820400169541 -0.00545774805765 -2.66963470062e-05 -6.86282704114e-06
BPMC.10R4.B2 10377.89835 0.00798410231728 -0.00577466603648 -1.37754284239e-05 2.3875318743e-05
BPM.11R4.B2 10429.73904 0.00561935320028 -0.00809416625086 2.25275385668e-05 1.58840561236e-05
BPM.12R4.B2 10484.46553 0.00533237241551 -0.00828604019813 1.69397597515e-05 -2.17448378474e-05
BPM.13R4.B2 10537.91701 0.00347973305219 -0.00921868296202 -2.22663708766e-05 -1.62481375164e-05
BPM.14R4.B2 10591.36849 0.00421243886842 -0.00890775035837 -1.59976272405e-05 2.24470311327e-05
BPM.15R4.B2 10644.81998 0.0022718575134 -0.00958808224404 2.29175142319e-05 1.53160256415e-05
BPM.16R4.B2 10698.27146 0.00303830802376 -0.00937343811251 1.50583165495e-05 -2.30876696917e-05
BPM.17R4.B2 10751.72295 0.00102658136004 -0.00979993818249 -2.3529648297e-05 -1.43578779585e-05
BPM.18R4.B2 10805.17443 0.00181420988677 -0.00968510713563 -1.40933438626e-05 2.36890434687e-05
BPM.19R4.B2 10858.62591 -0.000235489811581 -0.00985074627726 2.41017655419e-05 1.337528633e-05
BPM.20R4.B2 10912.0774 0.000560338621171 -0.00983761547928 1.31044103449e-05 -2.42501068362e-05
BPM.21R4.B2 10965.52888 -0.00149376758673 -0.00973967741046 -2.46328626113e-05 -1.23699391877e-05
BPM.22R4.B2 11018.98037 -0.000702778324601 -0.00982846683371 -1.20931847707e-05 2.47699058278e-05
BPM.23R4.B2 11072.43185 -0.0027274230672 -0.00946857017048 2.51220483652e-05 1.13435537446e-05
BPM.24R4.B2 11125.88333 -0.00198508021223 -0.00965976386682 1.05911784078e-05 5.60017761209e-06
BPM.25R4.B2 11179.33482 -0.00394681465088 -0.0090373799065 5.27944777008e-06 -1.07546475888e-05
BPM.26R4.B2 11232.7863 -0.00320452701811 -0.00932644562643 -1.08131226725e-05 -5.15862839156e-06
BPM.27R4.B2 11286.23779 -0.00507051510969 -0.00845821836509 -4.831439988e-06 1.09632202201e-05
BPM.28R4.B2 11339.68927 -0.00440206067752 -0.00884183699023 1.05464498618e-05 3.55561417793e-05
BPM.29R4.B2 11393.14075 -0.00614137760734 -0.00773561249243 3.52232200403e-05 -1.16099730054e-05
BPM.30R4.B2 11446.59224 -0.00549701179107 -0.00820603929729 -1.2003916559e-05 -3.50909213349e-05
BPM.31R4.B2 11500.04372 -0.00708053838992 -0.00688637754551 -3.47144719514e-05 1.30526747241e-05
BPM.32R4.B2 11553.49521 -0.00650160678165 -0.00743541046801 1.34407592537e-05 3.45660636438e-05
BPM.33R4.B2 11606.94669 -0.00790329270413 -0.00592403443775 3.41466181738e-05 -1.44732583807e-05
BPM.34R4.B2 11660.39818 -0.0073993857753 -0.00654257669078 -1.48549656773e-05 -3.39823013835e-05
BPM.33L5.B2 11713.84966 -0.00859621371547 -0.00486429124741 -3.35207128441e-05 1.58691060583e-05
BPM.32L5.B2 11767.30114 -0.00817555179583 -0.00554225336475 1.62436397914e-05 3.33408308948e-05
BPM.31L5.B2 11820.75263 -0.00914784807805 -0.00372466040727 3.28377075956e-05 -1.72380876294e-05
BPM.30L5.B2 11874.20411 -0.00881738743334 -0.00445083121053 -1.76049511786e-05 -3.26424934471e-05
BPM.29L5.B2 11927.6556 -0.00954917417441 -0.00252378528444 -3.20989120048e-05 1.85775816647e-05
BPM.28L5.B2 11981.10708 -0.00931431680862 -0.00328629304511 1.89360233764e-05 3.18887703818e-05
BPM.27L5.B2 12034.55856 -0.00979357277752 -0.00128146471427 3.13054041477e-05 -1.98856426025e-05
BPM.26L5.B2 12088.01005 -0.0096889949057 -0.00206968186233 -2.07053532266e-05 -2.32847457797e-07
BPM.25L5.B2 12141.46153 -0.00990757390642 -1.35856992834e-05 3.89292719608e-07 2.07030043865e-05
BPM.24L5.B2 12194.91302 -0.00987415359263 -0.000813201181261 2.06973435418e-05 -6.21257470352e-07
BPM.23L5.B2 12248.3645 -0.00982790765414 0.00125396829256 -1.24282626364e-06 -2.06693331364e-05
BPM.22L5.B2 12301.81598 -0.00992785607798 0.000454710557037 -2.11244739187e-05 3.23222966628e-05
BPM.21L5.B2 12355.26747 -0.0096172739747 0.0025054199811 3.29423770593e-05 2.01438281312e-05
BPM.20L5.B2 12408.71895 -0.0097881151641 0.00172101410958 1.97733395885e-05 -3.3166074963e-05
BPM.19L5.B2 12462.17044 -0.00921775113635 0.00371512476042 -3.37451387791e-05 -1.87680416351e-05
BPM.18L5.B2 12515.62192 -0.00948752962396 0.00295903186557 -1.83889117692e-05 3.39532209469e-05
BPM.17L5.B2 12569.07341 -0.00866673843658 0.00486381875065 3.44903871026e-05 1.73604989571e-05
BPM.16L5.B2 12622.52489 -0.0090310341205 0.00414843473158 1.69728457161e-05 -3.46827931893e-05
BPM.15L5.B2 12675.97637 -0.00797333499858 0.00593253883501 -3.51770337492e-05 -1.59232536672e-05
BPM.14L5.B2 12729.42786 -0.0084261403376 0.00526965339781 -1.55282448286e-05 3.5353177693e-05
BPM.13L5.B2 12782.87934 -0.00714886644119 0.00690382478181 3.58037662161e-05 1.4459053843e-05
BPM.12L5.B2 12836.33083 -0.00846430752934 0.00520812692869 1.68952347685e-05 -3.47206656593e-05
BPM.11L5.B2 12889.78231 -0.00888762896358 0.00444737444123 -3.42643494974e-05 -1.78024762094e-05
BPM.10L5.B2 12942.565 -0.00915550772322 0.00386597547621 -1.18861866458e-05 3.67381629609e-05
BPM.9L5.B2 12981.63199 -0.00809778607192 0.00576150576966 3.60955023779e-05 1.37145474543e-05
BPM.8L5.B2 13022.09698 -0.00979123862016 -0.00170315422024 -6.52343751766e-06 -3.80580885866e-05
BPM.7L5.B2 13061.16497 -0.00959131185885 0.00260304145727 -3.84711241737e-05 3.3085188507e-06
BPMR.6L5.B2 13098.05897 -0.00922758598042 0.00369062933595 -1.04312519462e-05 3.71774476294e-05
BPMWT.B6L5.B2 13109.36897 -0.00632332804665 0.00766711225941 1.33494824649e-05 3.6232102338e-05
BPMWT.A6L5.B2 13115.19097 -0.0043757599813 0.00892310554537 2.32749951411e-05 3.08098761134e-05
BPM.5L5.B2 13129.95897 -0.00100094102618 0.00988773002364 3.51534134558e-05 1.59753262154e-05
BPMYA.4L5.B2 13157.36497 0.00197113790202 0.00974082662688 3.85742900014e-05 -1.73149735028e-06
BPMWB.4L5.B2 13178.42347 0.00314275070105 0.00942826633107 3.74895990768e-05 -9.24682761179e-06
BPMWT.B4L5.B2 13178.89297 0.0031570273439 0.00942349544204 3.74603738908e-05 -9.36451814266e-06
BPMWT.A4L5.B2 13180.87497 0.00321366426015 0.00940433144994 3.73368243499e-05 -9.84557659386e-06
BPMSY.4L5.B2 13271.27947 0.00346169658529 0.00931588668575 3.25476938195e-05 -2.07755060835e-05
BPMS.2L5.B2 13298.06497 0.00358513812429 0.00926908161074 3.11160666538e-05 -2.28644175179e-05
BPMSW.1L5.B2 13308.11897 0.00363721578625 0.0092487701397 3.00441064538e-05 -2.42553598837e-05
BPMSW.1R5.B2 13351.06897 0.00363721987401 0.00924876862164 3.55615039656e-05 -1.50455107397e-05
BPMS.2R5.B2 13361.12297 0.00358513997815 0.00926908066034 3.48400131341e-05 -1.66467531011e-05
BPMSY.4R5.B2 13387.90847 0.00346169739081 0.00931588638835 3.36743588635e-05 -1.88947744831e-05
BPMWB.4R5.B2 13480.76447 0.0031427171658 0.0094282775095 2.58412350554e-05 -2.86915393331e-05
BPMYA.4R5.B2 13501.82097 0.00197120891763 0.00974081225559 1.9727440924e-05 -3.31934001862e-05
BPMR.5R5.B2 13522.93897 -0.000204370031897 0.00993616228101 7.6548088629e-06 -3.78467679832e-05
BPM.6R5.B2 13554.83897 -0.00790893981696 0.00601811922213 -3.27192614653e-05 -2.05042368229e-05
BPMRA.7R5.B2 13588.85297 -0.00986872828419 0.00117358001096 -2.97507341798e-05 2.46143880843e-05
BPM.8R5.B2 13630.28998 -0.00988288193494 0.00104772737143 1.88379606291e-05 3.37061635309e-05
BPM.9R5.B2 13669.35499 -0.00941677991494 0.00317700236262 2.9686432755e-05 -2.46918905959e-05
BPM.10R5.B2 13709.818 -0.00753437950846 0.00648091146408 -3.14741373653e-05 -2.23685601692e-05
BPM.11R5.B2 13762.59871 -0.00983699390749 0.0014151462131 -1.14416815815e-05 3.68790162924e-05
BPM.12R5.B2 13817.32223 -0.00889707681536 0.00442844353374 3.62380195318e-05 1.33333957787e-05
BPM.13R5.B2 13870.77074 -0.00866946303164 0.00485896066155 1.62097297478e-05 -3.50459525674e-05
BPM.14R5.B2 13924.21926 -0.00747212119781 0.0065525943576 -3.55156211552e-05 -1.51530457692e-05
BPM.15R5.B2 13977.66777 -0.00797652504448 0.00592824899181 -1.47583659746e-05 3.56814233889e-05
BPM.16R5.B2 14031.11629 -0.00657249917752 0.00745461886925 3.61071256428e-05 1.36839077405e-05
BPM.17R5.B2 14084.56481 -0.00715264819519 0.00689990664831 1.32825448998e-05 -3.62566950179e-05
BPM.18R5.B2 14138.01332 -0.00556495015186 0.00823410091009 -3.66379239403e-05 -1.2191635124e-05
BPM.19R5.B2 14191.46184 -0.00621126200818 0.00775817711974 -1.17846615788e-05 3.6770854675e-05
BPM.20R5.B2 14244.91035 -0.00446588432989 0.00887834247763 3.71070586816e-05 1.06789365024e-05
BPM.21R5.B2 14298.35887 -0.0051678023488 0.0084889873849 1.02666966791e-05 -3.72232331574e-05
BPM.22R5.B2 14351.80738 -0.00329353319098 0.00937665863281 -3.75137838273e-05 -9.1482035972e-06
BPM.23R5.B2 14405.2559 -0.00403944860036 0.00908030522675 -8.73168159928e-06 3.76129170111e-05
BPM.24R5.B2 14458.70442 -0.00201707040443 0.00971139623378 3.78073041975e-05 -4.32257172808e-05
BPM.25R5.B2 14512.15293 -0.00279424378529 0.00951693183044 -4.36423435419e-05 -3.73256010399e-05
BPM.26R5.B2 14565.60145 -0.000758279419872 0.00988963104149 -3.60028858655e-05 4.47397649547e-05
BPM.27R5.B2 14619.04996 -0.0015538166778 0.00979619535936 4.51362703329e-05 3.5504534744e-05
BPM.28R5.B2 14672.49848 0.000562968028266 0.00989584597904 3.40879114853e-05 -9.700627097e-05
BPM.29R5.B2 14725.947 -0.000237548059365 0.00990899952639 -9.73783558711e-05 -3.30099794708e-05
BPM.30R5.B2 14779.39551 0.00182416568259 0.00974254177424 -3.00809209842e-05 9.83226408677e-05
BPM.31R5.B2 14832.84403 0.00103211289137 0.00985796346499 9.86501413192e-05 2.89888231403e-05
BPM.32R5.B2 14886.29254 0.00305548096674 0.00942914294573 2.6023915947e-05 -9.94734050865e-05
BPM.33R5.B2 14939.74106 0.00228450808424 0.0096449843695 -9.97559447165e-05 -2.49189665213e-05
BPM.34R5.B2 14993.18958 0.00423651849477 0.00896083767078 -2.19221251462e-05 0.000100457072018
BPM.33L6.B2 15046.63809 0.00349966384354 0.0092734596382 0.000100693943695 2.08070302242e-05
BPM.32L6.B2 15100.08661 0.00534800252382 0.00834527229209 1.77848571672e-05 -0.000101271424298
BPM.31L6.B2 15153.53512 0.0046570399676 0.00874966738961 -0.000101462496093 -1.66602919646e-05
BPM.30L6.B2 15206.98364 0.00637157402208 0.00759261122268 -1.36158782732e-05 0.000101915702255
BPM.29L6.B2 15260.43215 0.00573814522912 0.0080819793389 0.000102060378404 1.24853039312e-05
BPM.28L6.B2 15313.88067 0.00729048083989 0.00671517608602 9.42614406471e-06 -0.000102388237174
BPM.27L6.B2 15367.32919 0.00672475430075 0.00728164681026 -0.000102486516551 -8.28951340585e-06
BPM.26L6.B2 15420.7777 0.00813950455017 0.00571791832253 -5.26856892705e-06 5.18611747953e-05
BPM.25L6.B2 15474.22622 0.00765155203713 0.00635608965063 5.19163980333e-05 4.69328972266e-06
BPM.24L6.B2 15527.67473 0.00880407003386 0.00462973810595 3.13774112915e-06 -5.20335886962e-05
BPM.23L6.B2 15581.12325 0.00840173270968 0.00532513020498 -5.20652019465e-05 -2.5603144327e-06
BPM.22L6.B2 15634.57177 0.0093739090115 0.00345598522292 -1.05104576176e-06 1.29054233585e-06
BPM.21L6.B2 15688.02028 0.00906444611771 0.00420116894753 1.30211596414e-06 1.03666828562e-06
BPM.20L6.B2 15741.4688 0.00973898635564 0.00222848574337 9.9723699258e-07 -1.33255779353e-06
BPM.19L6.B2 15794.91731 0.00952738870925 0.00300713624235 -1.3435327411e-06 -9.82399887945e-07
BPM.18L6.B2 15848.36583 0.00994404290882 0.000964372637835 -9.41756488833e-07 1.37233491077e-06
BPM.17L6.B2 15901.81435 0.00983378849609 0.00176369151414 1.38269147994e-06 9.26474424537e-07
BPM.16L6.B2 15955.26286 0.00998571018836 -0.000315588287261 8.84683102601e-07 -1.40979380476e-06
BPM.15L6.B2 16008.71138 0.00997861004689 0.000491269267737 -1.41952094269e-06 -8.68990800957e-07
BPM.14L6.B2 16062.15989 0.00986330340255 -0.00159036158054 -8.26126331122e-07 1.44489138734e-06
BPM.13L6.B2 16115.60841 0.00995947421319 -0.000789225803899 1.45395873876e-06 8.10053972844e-07
BPM.12L6.B2 16169.05693 0.00953521466229 -0.00298222824792 7.7936897764e-07 -1.47063925505e-06
BPM.11L6.B2 16222.50544 0.00990362887265 -0.00131610756587 -1.41166952365e-06 -8.81692838928e-07
BPM.10L6.B2 16274.34415 0.00952831142861 -0.00300421126142 -1.11914049972e-06 1.23195987564e-06
BPM.9L6.B2 16313.40916 0.00902600641099 -0.0042831311234 7.63049527254e-07 1.47916975161e-06
BPM.8L6.B2 16353.87217 0.00521479678356 -0.0085217309551 1.07978122686e-06 -1.26659535905e-06
BPMYB.5L6.B2 16450.96018 0.00995362365048 -0.000859872242209 -1.63157231331e-06 3.28857416805e-07
BPMYA.4L6.B2 16487.36018 0.00991222385646 -0.00124972930832 -1.51093894498e-06 6.97916223373e-07
BPMSB.B4L6.B2 16518.13068 0.00998998125151 -0.000119492859383 -1.3138749604e-06 1.02172243812e-06
BPMSB.A4L6.B2 16518.76568 0.00999026004834 -9.3317387274e-05 -1.30852619549e-06 1.02856174406e-06
BPMSA.4L6.B2 16615.57568 0.0091421446513 0.00402929213589 1.28372671012e-07 1.6594298702e-06
BPMSE.4R6.B2 16707.14568 0.00901560130771 0.0043049897811 1.46603574834e-06 7.87984966179e-07
BPMSA.A4R6.B2 16803.82068 0.00995985428114 0.00078441481665 1.51584603588e-06 -6.87304034346e-07
BPMSA.B4R6.B2 16804.40568 0.00996160116049 0.000761909593945 1.51268942784e-06 -6.94226860313e-07
BPMYB.4R6.B2 16830.96018 0.00998878225513 -0.000195532535536 1.35245678377e-06 -9.70074491609e-07
BPMYA.5R6.B2 16867.36018 0.00998634362263 -0.000294866160568 1.11393115427e-06 -1.23672174169e-06
BPM.8R6.B2 16963.08519 0.0088507050173 -0.0046345468673 -1.38957878787e-06 -9.16113176178e-07
BPM.9R6.B2 17002.1502 0.0033448184557 -0.0094141485786 -7.59508885974e-07 1.48098943861e-06
BPM.10R6.B2 17042.61322 0.00139113985613 -0.00989336817539 1.21452316144e-06 1.13803000023e-06
BPM.11R6.B2 17094.45193 -0.00121543632481 -0.00991648720369 9.72839051591e-07 -1.35047391034e-06
BPM.12R6.B2 17149.17544 0.000921438265156 -0.00994811316373 -1.4699583526e-06 -7.80641617191e-07
BPM.13R6.B2 17202.62396 -0.00117730405725 -0.00992108659067 -7.34682485829e-07 1.49346250057e-06
BPM.14R6.B2 17256.07247 -0.000372852575802 -0.00998373602038 1.50151969345e-06 7.18075882864e-07
BPM.15R6.B2 17309.52099 -0.00243673465248 -0.00968897973372 6.72817895043e-07 -1.52233253554e-06
BPM.16R6.B2 17362.96951 -0.00164690713971 -0.00985401952751 -1.52970075653e-06 -6.55896280191e-07
BPM.17R6.B2 17416.41802 -0.00365612532644 -0.0092976745227 -6.09826103588e-07 1.54864170353e-06
BPM.18R6.B2 17469.86654 -0.00289389528598 -0.00956239374022 1.55531683995e-06 5.9261487448e-07
BPM.19R6.B2 17523.31505 -0.00481544245437 -0.00875360028638 5.45801171933e-07 -1.57235004777e-06
BPM.20R6.B2 17576.76357 -0.00409334016104 -0.0091136474747 -1.57831094471e-06 -5.28333362914e-07
BPM.21R6.B2 17630.21209 -0.00589563772966 -0.00806569647942 -4.80863026352e-07 1.5934097306e-06
BPM.22R6.B2 17683.6606 -0.00522552221978 -0.00851515833642 1.5986460668e-06 4.6316347994e-07
BPM.23R6.B2 17737.10912 -0.00687896221079 -0.00724526623335 4.15121313621e-07 -1.61179229881e-06
BPM.24R6.B2 17790.55763 -0.00627411310987 -0.00777689880163 -1.65112974027e-06 1.87148857018e-06
BPM.25R6.B2 17844.00615 -0.00775150320374 -0.00630546179316 1.92005893513e-06 1.59438648742e-06
BPM.26R6.B2 17897.45466 -0.00721738365262 -0.0069104286015 1.57299009491e-06 -1.93762313272e-06
BPM.27R6.B2 17950.90318 -0.00849441364689 -0.00526208961063 -1.98382963152e-06 -1.51430720908e-06
BPM.28R6.B2 18004.3517 -0.00804433412421 -0.00593055455338 -1.52704730012e-06 4.26920622703e-06
BPM.29R6.B2 18057.80021 -0.00909999639556 -0.0041319310775 4.31299363257e-06 1.39860886172e-06
BPM.30R6.B2 18111.24873 -0.00873687893204 -0.00485280694993 1.35068177202e-06 -4.32823599627e-06
BPM.31R6.B2 18164.69724 -0.00955379104977 -0.00293391638724 -4.36672115852e-06 -1.22055384304e-06
BPM.32R6.B2 18218.14576 -0.00928587084012 -0.00369532022013 -1.17205886626e-06 4.37998495304e-06
BPM.33R6.B2 18271.59428 -0.00985060733217 -0.00168769783321 4.41310057497e-06 1.04045691693e-06
BPM.34R6.B2 18325.04279 -0.00968228645647 -0.00247711884529 9.91451585228e-07 -4.42437051555e-06
BPM.33L7.B2 18378.49131 -0.009985569667 -0.000413747796584 -4.45205765629e-06 -8.5860210196e-07
BPM.32L7.B2 18431.93982 -0.00991961410014 -0.00121821383122 -8.09186504841e-07 4.46130988422e-06
BPM.31L7.B2 18485.38834 -0.0099564600785 0.000867001446604 4.48352047766e-06 6.75305656293e-07
BPM.30L7.B2 18538.83686 -0.00999395335486 6.07055205345e-05 6.25539234923e-07 -4.49073252211e-06
BPM.29L7.B2 18592.28537 -0.0097637573627 0.00213350204027 -4.5074451327e-06 -4.90875559359e-07
BPM.28L7.B2 18645.73389 -0.00990408303818 0.00133862914987 -4.40864342965e-07 4.51261315306e-06
BPM.27L7.B2 18699.1824 -0.00941062617164 0.00336495228587 4.52378296294e-06 3.05620733966e-07
BPM.26L7.B2 18752.63092 -0.00965374515069 0.00259441409924 2.20597219201e-07 -2.25819800453e-06
BPM.25L7.B2 18806.07943 -0.0089051174811 0.00454143839417 -2.26377463871e-06 -1.52922604087e-07
BPM.24L7.B2 18859.52795 -0.00924255885008 0.00380800287318 -1.27803315009e-07 2.26533435749e-06
BPM.23L7.B2 18912.97647 -0.00825101763252 0.00564326926811 2.26814515443e-06 5.99535068245e-08
BPM.22L7.B2 18966.42498 -0.00868177433359 0.00495887945222 -4.19886446353e-11 3.70616699855e-11
BPM.21L7.B2 19019.8735 -0.00746359399972 0.00665270287579 3.26465652087e-11 3.80489212909e-11
BPM.20L7.B2 19073.32201 -0.00797611173382 0.00602870902566 4.25679970596e-11 -3.81206508411e-11
BPM.19L7.B2 19126.77053 -0.00655126569667 0.00755278814523 -3.67437125529e-11 -3.81351354977e-11
BPM.18L7.B2 19180.21905 -0.00713939559342 0.00699948008864 -3.55625561827e-11 3.8267697482e-11
BPM.17L7.B2 19233.66756 -0.00553129646046 0.00832877244417 3.70687287935e-11 3.53946038429e-11
BPM.16L7.B2 19287.11608 -0.00618537154756 0.00785524473268 3.39308422165e-11 -3.77191625899e-11
BPM.15L7.B2 19340.56459 -0.00442044060821 0.00896790922054 -3.78969707958e-11 -3.49437130467e-11
BPM.14L7.B2 19394.01311 -0.00512971771244 0.00858193959098 -3.09569633768e-11 4.34586520269e-11
BPM.13L7.B2 19447.46163 -0.00323695564526 0.00945969392217 3.82406032867e-11 3.25727223546e-11
BPM.12L7.B2 19500.91014 -0.00418343184361 0.0090808914188 3.00229511892e-11 -4.40447534873e-11
BPM.11L7.B2 19554.35866 -0.00198529143193 0.00979909735019 -4.22353187368e-11 -3.40550833109e-11
BPM.10L7.B2 19607.13937 -0.00193461707288 0.0098092276816 -2.9701568803e-11 3.93470755594e-11
BPM.9L7.B2 19646.20438 0.0019714632322 0.00980188878182 2.25725581125e-11 4.56793252513e-11
BPM.8L7.B2 19686.66739 0.00525952566746 0.00850300421629 5.21283068889e-11 -1.85519452539e-11
BPM.7L7.B2 19725.7314 0.0094378902285 0.00329998771479 -1.80682264452e-11 -4.72596214198e-11
BPMR.6L7.B2 19760.5494 0.00939651155666 0.00341603008565 -4.09754128384e-11 -3.0480107274e-11
BPMWC.6L7.B2 19772.7279 0.00978499918081 0.00205365089654 -5.16073850817e-11 -1.14449484345e-11
BPMWE.5L7.B2 19849.7819 0.0074481149426 0.00667002809661 -8.18309994827e-12 4.77444491599e-11
BPMW.5L7.B2 19872.9869 0.00497729390467 0.00867123038033 1.59302137279e-11 5.10274408802e-11
BPMWE.4L7.B2 19908.0719 0.00499160489465 0.00866300014465 3.1236506924e-11 4.0752122828e-11
BPMW.4L7.B2 19936.1769 0.00799037472162 0.0060097922407 4.98581031326e-11 1.72371405285e-11
BPMW.4R7.B2 20052.2239 0.00916946523383 0.00398554868011 -1.07302402217e-11 -4.7686487973e-11
BPMWE.4R7.B2 20080.3289 0.00716613229285 0.00697210434133 -2.5431363631e-11 -3.56535111145e-11
BPMW.5R7.B2 20115.4139 0.00747815471036 0.00663633129872 -4.89785539654e-11 -1.8492493344e-11
BPMWE.5R7.B2 20138.6189 0.00982275464546 0.00186472039338 -5.07807210072e-11 2.1148067776e-11
BPM.6R7.B2 20217.7584 0.00954691764282 -0.00296985765509 3.18964425614e-11 3.74442480502e-11
BPM_A.7R7.B2 20255.7944 0.00999058437378 0.000389762502517 5.04332350232e-11 6.13152286617e-12
BPM.8R7.B2 20294.85841 0.00998681496307 0.000476673767394 3.41796879752e-11 -4.00945670165e-11
BPM.9R7.B2 20333.92342 0.0087730994289 -0.0047954579953 -3.8525124877e-11 -4.02307550187e-11
BPM.10R7.B2 20374.38643 0.00550669964605 -0.0083450554219 -3.69872670256e-11 3.65467115044e-11
BPM.11R7.B2 20427.16714 0.00575780592825 -0.00817382173895 2.59300903246e-11 4.34239705891e-11
BPM.12R7.B2 20481.89066 0.00462082320671 -0.00886632301696 4.55565384361e-11 -2.82316647771e-11
BPM.13R7.B2 20535.33917 0.0054073826139 -0.00840975054907 -2.84765177756e-11 -4.70094458979e-11
BPM.14R7.B2 20588.78769 0.00354432783265 -0.00934887325731 -4.54139758954e-11 3.13792822702e-11
BPM.15R7.B2 20642.23621 0.0042872037711 -0.00903236263787 3.26452567044e-11 4.07667124773e-11
BPM.16R7.B2 20695.68472 0.00231930671288 -0.00972545666465 3.69155734853e-11 -3.33080679275e-11
BPM.17R7.B2 20749.13324 0.00309656868079 -0.00950657421717 -3.46437460296e-11 -4.05987241276e-11
BPM.18R7.B2 20802.58175 0.00105617669694 -0.00994224228927 -4.17318426412e-11 3.38341638799e-11
BPM.19R7.B2 20856.03027 0.00185505118066 -0.00982458529106 3.69959562577e-11 3.69207502337e-11
BPM.20R7.B2 20909.47879 -0.000224306720867 -0.00999566793411 3.82712908795e-11 -3.76233831993e-11
BPM.21R7.B2 20962.9273 0.00058305656928 -0.00998116906923 -3.46346459918e-11 -3.59525906828e-11
BPM.22R7.B2 21016.37582 -0.00150110497675 -0.00988485582895 -3.44195115187e-11 3.57214079967e-11
BPM.23R7.B2 21069.82433 -0.000698521145579 -0.00997375351457 3.71289481373e-11 3.63208591511e-11
BPM.24R7.B2 21123.27285 -0.00278416843922 -0.00960572462803 3.09943740665e-08 3.15127771897e-05
BPM.25R7.B2 21176.72137 -0.00199989991743 -0.00979907852144 3.15104963668e-05 -3.80490348472e-07
BPM.26R7.B2 21230.16988 -0.00399005567726 -0.00917065947644 -1.32332813157e-06 -3.14849942423e-05
BPM.27R7.B2 21283.6184 -0.00323701020492 -0.00946273240147 -3.14683837871e-05 1.67237400007e-06
BPM.28R7.B2 21337.06691 -0.00516131521351 -0.00857901960717 2.6441679911e-06 6.29171508925e-05
BPM.29R7.B2 21390.51543 -0.00445213235157 -0.00896756765421 6.28839494247e-05 -3.34192366458e-06
BPM.30R7.B2 21443.96394 -0.00621634046377 -0.00784830321202 -5.22246806124e-06 -6.27557573308e-05
BPM.31R7.B2 21497.41246 -0.00556275613076 -0.00832433158477 -6.26940074663e-05 5.91788263216e-06
BPM.32R7.B2 21550.86098 -0.00716921637501 -0.0069886399698 7.79120052379e-06 6.24888507968e-05
BPM.33R7.B2 21604.30949 -0.00658183925271 -0.00754441145169 6.23985676372e-05 -8.48396457469e-06
BPM.34R7.B2 21657.75801 -0.00800430678835 -0.00601413542951 -1.03477161385e-05 -6.21166980494e-05
BPM.33L8.B2 21711.20652 -0.00749289141126 -0.00664043148793 -6.19981750748e-05 1.10356482755e-05
BPM.32L8.B2 21764.65504 -0.00870786831941 -0.00494082801176 1.28858350325e-05 6.16402085638e-05
BPM.31L8.B2 21818.10356 -0.0082807400136 -0.00562744141759 6.14934411766e-05 -1.35689460129e-05
BPM.30L8.B2 21871.55207 -0.009268361024 -0.00378632222604 -1.54033313354e-05 -6.1059780532e-05
BPM.29L8.B2 21925.00059 -0.00893259242666 -0.00452189613843 -6.08852955361e-05 1.60791711931e-05
BPM.28L8.B2 21978.4491 -0.00967655979363 -0.00256961916182 1.78938062563e-05 6.0376910338e-05
BPM.27L8.B2 22031.89762 -0.0094376328875 -0.00334213069601 6.01746446552e-05 -1.85626509367e-05
BPM.26L8.B2 22085.34614 -0.00995673226564 -0.00130478209703 -2.03241763469e-05 -2.80794198462e-05
BPM.25L8.B2 22138.79465 -0.00981896661491 -0.0021040124533 -2.78523736168e-05 2.0634210342e-05
BPM.24L8.B2 22192.24317 -0.0100418403445 -2.04038360288e-05 2.14584620821e-05 2.7222427794e-05
BPM.23L8.B2 22245.69168 -0.0100074430491 -0.000830696938185 2.69826867101e-05 -2.1759145899e-05
BPM.22L8.B2 22299.1402 -0.00999291933911 0.00127021818586 -2.25259417827e-05 5.19350350678e-06
BPM.21L8.B2 22352.58871 -0.0100628323607 0.000459669495202 5.44295655432e-06 2.24669664957e-05
BPM.20L8.B2 22406.03723 -0.00974833541866 0.00253807953697 2.22940075383e-05 -6.11291016166e-06
BPM.19L8.B2 22459.48575 -0.00992136131791 0.00174312386836 -6.35980141128e-06 -2.22248377201e-05
BPM.18L8.B2 22512.93426 -0.00934358314322 0.00376421906912 -2.20245777534e-05 7.02200433888e-06
BPM.17L8.B2 22566.38278 -0.00961687238546 0.00299794207853 7.26579272739e-06 2.19453556121e-05
BPM.16L8.B2 22619.83129 -0.00878529649382 0.00492853494651 2.17180768861e-05 -7.91932120447e-06
BPM.15L8.B2 22673.27981 -0.00915437235781 0.00420349354136 -8.15970875456e-06 -2.16289071055e-05
BPM.14L8.B2 22726.72833 -0.00808267745197 0.00601183968782 -2.13750511343e-05 8.80326460134e-06
BPM.13L8.B2 22780.17684 -0.00854145248618 0.00533998881342 9.03975557006e-06 2.12761138374e-05
BPM.12L8.B2 22833.62536 -0.00657171537661 0.00763442520459 2.14728473911e-05 -8.56196336404e-06
BPM.11L8.B2 22887.07387 -0.00686853904999 0.00736851833852 -5.24906410781e-06 -2.25130604566e-05
BPM.10L8.B2 22938.91258 -0.00630702633529 0.00785450889481 -2.28913864481e-05 3.2210021857e-06
BPM.9L8.B2 22977.9776 -0.0069150813823 0.0073248577156 -1.06232249948e-06 2.30924582442e-05
BPM.8L8.B2 23018.44061 0.00311050800958 0.00958105584409 2.2479548981e-05 -5.39075947834e-06
BPM.7L8.B2 23057.50662 0.00329015180955 0.0095208608982 1.32301017709e-05 -1.89566541629e-05
BPM.6L8.B2 23089.97562 -0.00281658426658 0.00967154301135 -7.42272630707e-06 -2.18927762958e-05
BPMR.5L8.B2 23150.39462 0.00335161981964 0.00949939658554 2.28609481063e-05 3.43022620771e-06
BPMYB.4L8.B2 23171.16162 0.00493843612498 0.00877973461254 2.25877737535e-05 -4.91759997865e-06
BPMWB.4L8.B2 23195.62912 0.00448546386855 0.00901956235537 2.0945036685e-05 -9.78242449282e-06
BPMSX.4L8.B2 23245.78612 0.00466625476379 0.00892737126514 1.71936505972e-05 -1.54521454162e-05
BPMS.2L8.B2 23283.69762 0.0045556305516 0.00898432643425 1.41237809951e-05 -1.83005337557e-05
BPMSW.1L8.B2 23293.63162 0.00445467655402 0.00903480754582 1.24505414474e-05 -1.9477477242e-05
BPMSW.1R8.B2 23336.82162 0.00445468188552 0.00903480492945 2.08167120213e-05 -1.0052552081e-05
BPMS.2R8.B2 23346.75562 0.00455563415293 0.00898432461253 1.98465889558e-05 -1.18534871255e-05
BPMSX.4R8.B2 23384.66712 0.00466625406699 0.00892737162442 1.73823685615e-05 -1.5239536922e-05
BPMWI.4R8.B2 23434.90012 0.00448605548705 0.00901926811437 1.21862857833e-05 -1.96439493408e-05
BPMYB.4R8.B2 23459.29162 0.00493866312823 0.00877960691717 7.56192317519e-06 -2.18450803224e-05
BPMYB.5R8.B2 23479.86862 0.00344546730967 0.00946576177789 -4.52832392306e-07 -2.31124578505e-05
BPMR.6R8.B2 23563.97662 -0.00272357358299 0.00969814611734 2.22238905967e-05 6.36300342259e-06
BPM_A.7R8.B2 23586.21662 -9.05119751807e-05 0.0100729190781 2.29483952109e-05 -2.78581922051e-06
BPM.8R8.B2 23627.65561 0.00508016013695 0.00869849781077 8.10859409237e-06 -2.16481198946e-05
BPM.9R8.B2 23666.7226 0.00932717334694 0.00380469821089 -2.15054865395e-05 8.47966273775e-06
BPM.10R8.B2 23707.18758 0.00313064617338 0.00957449453955 1.68328430712e-05 1.58444157889e-05
BPM.11R8.B2 23759.02827 0.00548637884645 0.00844816775085 1.77218447647e-05 -1.4843407418e-05
BPM.12R8.B2 23813.75476 0.00577623826847 0.00825269426498 -1.45281031502e-05 -1.79812321573e-05
BPM.13R8.B2 23867.20624 0.00764497251359 0.0065594425357 -1.70411558863e-05 1.56201680691e-05
BPM.14R8.B2 23920.65773 0.00709066759698 0.00715502090599 1.58100450181e-05 1.68651423127e-05
BPM.15R8.B2 23974.10921 0.00842133271918 0.00552748101789 1.63825810146e-05 -1.63095509475e-05
BPM.16R8.B2 24027.56069 0.00794771672626 0.00618915907264 -1.64920805327e-05 -1.61988200539e-05
BPM.17R8.B2 24081.01218 0.00905924705955 0.00440476263916 -1.56959881617e-05 1.69713360999e-05
BPM.18R8.B2 24134.46366 0.00867418178448 0.00512156826904 1.71461306058e-05 1.55048560495e-05
BPM.19R8.B2 24187.91515 0.00954830297219 0.00320964196749 1.49827807764e-05 -1.76041689719e-05
BPM.20R8.B2 24241.36663 0.00925809253755 0.0039698380006 -1.77709335749e-05 -1.47845986713e-05
BPM.21R8.B2 24294.81811 0.0098804484369 0.00196179251148 -1.42439763924e-05 1.82071308061e-05
BPM.22R8.B2 24348.2696 0.00968987549862 0.00275285379495 1.83655707781e-05 1.40390970038e-05
BPM.23R8.B2 24401.72108 0.0100502328764 0.000681696618586 1.34810440808e-05 -1.87790262593e-05
BPM.24R8.B2 24455.17257 0.00991740603117 0.00148779787795 -1.96159092427e-05 3.18137426497e-05
BPM.25R8.B2 24508.62405 0.0100102362214 -0.00060303870754 3.2388692385e-05 1.86512966823e-05
BPM.26R8.B2 24562.07554 0.0100262500304 0.000206870023276 1.82873733079e-05 -3.2595552311e-05
BPM.27R8.B2 24615.52702 0.00985084222675 -0.00187866770338 -3.31302797363e-05 -1.72997937631e-05
BPM.28R8.B2 24668.9785 0.00992531856658 -0.00108029221785 -1.7614080006e-05 7.84051309038e-05
BPM.29R8.B2 24722.42999 0.00948495580847 -0.00311682422758 7.88988453807e-05 1.5250967503e-05
BPM.30R8.B2 24775.88147 0.00970557123833 -0.00234112513199 1.43666047036e-05 -7.90646535719e-05
BPM.31R8.B2 24829.33296 0.00900827815465 -0.00430463757408 -7.94606511127e-05 -1.19843357071e-05
BPM.32R8.B2 24882.78444 0.00932633137363 -0.00356349871002 -1.10927616584e-05 7.95900157987e-05
BPM.33R8.B2 24936.23592 0.00838361783193 -0.00542161710169 7.98873058343e-05 8.69703119941e-06
BPM.34R8.B2 24989.68741 0.00879383909564 -0.00472730091459 7.80192369942e-06 -7.99796835185e-05
BPM.33L1.B2 25043.13889 0.00762111555399 -0.0064496184107 -8.01779975665e-05 -5.39512235953e-06
BPM.32L1.B2 25096.59038 0.00811683345794 -0.00581343225375 -4.49602163048e-06 8.02334445406e-05
BPM.31L1.B2 25150.04186 0.00673348408328 -0.00737151084219 8.0332287458e-05 2.08392111357e-06
BPM.30L1.B2 25203.49334 0.00730645126773 -0.00680402453008 1.18413195945e-06 -8.03505846814e-05
BPM.29L1.B2 25256.94483 0.00573506353763 -0.00817239415316 -8.03498877798e-05 1.23079045774e-06
BPM.28L1.B2 25310.39631 0.00637600129208 -0.00768281117206 2.13127460476e-06 8.03310456879e-05
BPM.27L1.B2 25363.8478 0.00464257071469 -0.00883886401802 8.02307783641e-05 -4.54338541571e-06
BPM.26L1.B2 25417.29928 0.00529579560012 -0.00843816806941 -6.12912839869e-06 -3.50916067222e-05
BPM.25L1.B2 25470.75077 0.00342903782039 -0.00935359989273 -3.48916080802e-05 7.18069374669e-06
BPM.24L1.B2 25524.20225 0.00417282342402 -0.00904630731459 7.57120404204e-06 3.48089601198e-05
BPM.23L1.B2 25577.65373 0.00220433952211 -0.00971540110336 3.45657948021e-05 -8.6135153567e-06
BPM.22L1.B2 25631.10522 0.00293629443949 -0.00950862666782 -9.68741955972e-06 1.06159072023e-05
BPM.21L1.B2 25684.5567 0.000898774367258 -0.00991100453262 1.09021616227e-05 9.36410750609e-06
BPM.20L1.B2 25738.00819 0.0016957743544 -0.00980612846785 9.2413711975e-06 -1.10063851813e-05
BPM.19L1.B2 25791.45967 -0.000376510004935 -0.00994454857862 -1.12790657651e-05 -8.90653426183e-06
BPM.18L1.B2 25844.91115 0.000427360847338 -0.00994249309353 -8.77960040848e-06 1.13781418391e-05
BPM.17L1.B2 25898.36264 -0.00164557384698 -0.00981467742011 1.1636773128e-05 8.43379927732e-06
BPM.16L1.B2 25951.81412 -0.000848048506914 -0.00991547376302 8.30288744179e-06 -1.17305381357e-05
BPM.15L1.B2 26005.26561 -0.00288762984115 -0.00952351826529 -1.1974687508e-05 -7.94671663969e-06
BPM.14L1.B2 26058.71709 -0.00210954775928 -0.00972551358399 -7.81206208995e-06 1.2062969411e-05
BPM.13L1.B2 26112.16857 -0.00408220166574 -0.00907587107404 1.2292222419e-05 7.44611874561e-06
BPM.12L1.B2 26165.62006 -0.00203861661043 -0.00974062875424 8.27663763423e-06 -1.17490777548e-05
BPM.11L1.B2 26219.07154 -0.00117835881512 -0.00988166366115 -1.15273699668e-05 -8.58273511362e-06
BPM.10L1.B2 26271.85423 -0.000539732497952 -0.00993702646854 -6.55653388281e-06 1.27888778048e-05
BPM.9L1.B2 26310.92122 -0.00268424540482 -0.00958283010515 1.24437834525e-05 7.18998437912e-06
BPM.8L1.B2 26351.38621 0.00492324402505 -0.00864855331196 -1.28261810645e-07 -1.43710523853e-05
BPM.7L1.B2 26390.4542 0.000797957469744 -0.00991963054165 -1.43311748762e-05 -1.07744375807e-06
BPMR.6L1.B2 26433.6382 -0.00299103738073 -0.0094915489561 -1.32465347883e-06 1.4310444347e-05
BPM.5L1.B2 26465.5382 -0.00929317441415 -0.00355987578534 1.29246110083e-05 6.28472875843e-06
BPMYA.4L1.B2 26486.6562 -0.00984636523343 -0.00144391754939 1.42751250615e-05 1.6626239256e-06
BPMWB.4L1.B2 26507.7127 -0.00994891725326 -0.00023420419083 1.43245133622e-05 -1.16274448837e-06
BPMSY.4L1.B2 26600.5687 -0.00995112575934 0.000104414280826 1.31960187053e-05 -5.69284457131e-06
BPMS.2L1.B2 26627.3542 -0.00994886129691 0.000236591261296 1.27939449453e-05 -6.54556068665e-06
BPMSW.1L1.B2 26637.4082 -0.00994737321284 0.000292546465067 1.2483091754e-05 -7.12055236247e-06
