BPMSW.1R1.B2 21.475 -0.00336897069691 0.00935739052441 6.58690933026e-05 1.04663976392e-05
BPMS.2R1.B2 31.529 -0.00342154942322 0.00933829319759 6.62767857605e-05 7.4609971023e-06
BPMSY.4R1.B2 58.3145 -0.00354529293811 0.00929201909318 6.66233762087e-05 3.10032818776e-06
BPMWB.4R1.B2 151.1705 -0.00385940108845 0.00916601025815 6.41018996382e-05 -1.84182183406e-05
BPMYA.4R1.B2 172.227 -0.00494686295195 0.00862781941232 5.92586998403e-05 -3.06053929683e-05
BPMR.5R1.B2 199.635 -0.00727967034862 0.00677621726498 3.88936470343e-05 -5.418089005e-05
BPM.6R1.B2 231.535 -0.00937640108067 -0.00331569353445 -4.76220750695e-05 -4.66949891165e-05
BPMRA.7R1.B2 259.259 -0.00819755211622 -0.00563123966206 -6.61031576094e-05 8.86888906702e-06
BPM.8R1.B2 300.6960106 -0.00812510950964 -0.00573526950391 -3.21280949326e-06 6.66180307852e-05
BPM.9R1.B2 339.7610212 -0.00917997115561 -0.00382607506567 6.60798213006e-05 -9.04110250469e-06
BPM.10R1.B2 380.2240318 -0.00994489960409 -9.84512869671e-05 -2.56712221955e-05 -6.15570664053e-05
BPM.11R1.B2 433.0047424 -0.00833312634052 -0.00542860260339 -5.04864090728e-05 4.35821834226e-05
BPM.12R1.B2 487.7282583 -0.00961510577648 -0.00254174383248 4.09130627618e-05 5.26726288364e-05
BPM.13R1.B2 541.1767742 -0.00972807368408 -0.0020676806426 5.57976051625e-05 -3.65364510578e-05
BPM.14R1.B2 594.6252901 -0.00994538632015 -3.43763531131e-06 -3.81910202701e-05 -5.46784261618e-05
BPM.15R1.B2 648.073806 -0.0099126734953 -0.000805993196297 -5.42518303883e-05 3.87946425008e-05
BPM.16R1.B2 701.5223219 -0.00986411925261 0.00126880740084 4.04007319185e-05 5.3066612652e-05
BPM.17R1.B2 754.9708378 -0.00993433889546 0.000468648679123 5.26150002363e-05 -4.09871404837e-05
BPM.18R1.B2 808.4193537 -0.0096207800554 0.00252018093505 -4.25433793967e-05 -5.13648227082e-05
BPM.19R1.B2 861.8678696 -0.00979277571184 0.00173558771857 -5.08901917012e-05 4.31100113993e-05
BPM.20R1.B2 915.3163855 -0.00921935122911 0.00373018548292 4.46136101796e-05 4.95773162112e-05
BPM.21R1.B2 968.7649014 -0.0094903032747 0.00297403170611 4.90791811169e-05 -4.51610298576e-05
BPM.22R1.B2 1022.213417 -0.00866646372469 0.00487884488129 -4.66095358389e-05 -4.77057191295e-05
BPM.23R1.B2 1075.661933 -0.00903191006 0.00416357075408 -4.71862079403e-05 4.71353923129e-05
BPM.24R1.B2 1129.110449 -0.00791484863978 0.00593663305784 4.84698946073e-05 -1.15483278472e-05
BPM.25R1.B2 1182.558965 -0.00836812607022 0.00527853266674 -1.20852673038e-05 -4.83388145476e-05
BPM.26R1.B2 1236.007481 -0.00709044982333 0.00690028711922 -4.79555479307e-05 1.35262543271e-05
BPM.27R1.B2 1289.455997 -0.00762414223369 0.00630562417868 1.40571289135e-05 4.78026273779e-05
BPM.28R1.B2 1342.904513 -0.00609319862029 0.00773986276851 4.73036776064e-05 -7.27836592161e-05
BPM.29R1.B2 1396.353029 -0.00669797144219 0.00722286118545 -7.33037267883e-05 -4.6493668613e-05
BPM.30R1.B2 1449.801545 -0.00505311354696 0.00845568380417 -4.42795670242e-05 7.46620237612e-05
BPM.31R1.B2 1503.25006 -0.00571892640832 0.00802037566392 7.51485237339e-05 4.34487883946e-05
BPM.32R1.B2 1556.698576 -0.00392989649737 0.00903263298411 4.11801287764e-05 -7.6415282798e-05
BPM.33R1.B2 1610.147092 -0.00464606925609 0.00868599940274 -7.68672365902e-05 -4.03302243617e-05
BPM.34R1.B2 1663.595608 -0.00274221877621 0.00946111945243 -3.80120762815e-05 7.80396086831e-05
BPM.33L2.B2 1717.044124 -0.00349668824799 0.00920900192531 7.84563761928e-05 3.71442546763e-05
BPM.32L2.B2 1770.49264 -0.00150937152465 0.00973418423527 3.47796016134e-05 -7.95328743319e-05
BPM.31L2.B2 1823.941156 -0.00229006454376 0.00958061321204 -7.99136770701e-05 -3.38954713539e-05
BPM.30L2.B2 1877.389672 -0.000251832969932 0.00984729024959 -3.14888497231e-05 8.08922176032e-05
BPM.29L2.B2 1930.838188 -0.00104558129498 0.00979486114519 8.12364390841e-05 3.05898481553e-05
BPM.28L2.B2 1984.286704 0.00100994469398 0.00979859973855 2.81451265842e-05 -8.2115469453e-05
BPM.27L2.B2 2037.73522 0.000215836360517 0.00984814499193 -8.24225621121e-05 -2.72326952751e-05
BPM.26L2.B2 2091.183735 0.00231128048841 0.00957818232854 -2.48102502497e-05 2.58985824628e-05
BPM.25L2.B2 2144.632251 0.00153084062223 0.00973345371341 2.61721269294e-05 2.45215249304e-05
BPM.24L2.B2 2198.080767 0.00351756416833 0.00920382184319 2.37273493816e-05 -2.68942041135e-05
BPM.23L2.B2 2251.529283 0.00276332492056 0.00945767569733 -2.71556842763e-05 -2.34276332797e-05
BPM.22L2.B2 2304.977799 0.00472223496696 0.00866753898862 -2.26608205105e-05 -2.94575240452e-05
BPM.21L2.B2 2358.426315 0.00400737568583 0.00902034784922 -2.92043714236e-05 2.29861620433e-05
BPM.20L2.B2 2411.874831 0.00579221329107 0.00799224627129 2.38498456788e-05 2.85033966668e-05
BPM.19L2.B2 2465.323347 0.0051283667179 0.00843359887681 2.82372167685e-05 -2.4164413005e-05
BPM.18L2.B2 2518.771863 0.00676696923527 0.00718567064102 -2.49986036476e-05 -2.75014324553e-05
BPM.17L2.B2 2572.220379 0.00616502784897 0.0077083180287 -2.7222443315e-05 2.53021251746e-05
BPM.16L2.B2 2625.668894 0.00763058123262 0.00626098756228 2.61054553006e-05 2.64530562889e-05
BPM.15L2.B2 2679.11741 0.00710044613164 0.00685634012946 2.61620060696e-05 -2.63971246324e-05
BPM.14L2.B2 2732.565926 0.00836878140558 0.00523347236079 -2.71682281075e-05 -2.53603354005e-05
BPM.13L2.B2 2786.014442 0.00791915590163 0.00589174889001 -2.5057388466e-05 2.74478787343e-05
BPM.12L2.B2 2839.462958 0.00906011393127 0.0039166402444 2.78582796102e-05 2.46003117874e-05
BPM.11L2.B2 2892.911474 0.00814389343757 0.0055769825944 2.71720317965e-05 -2.53562554888e-05
BPM.10L2.B2 2944.750185 0.00856960359684 0.00489771675802 -1.98574987375e-05 -3.14155755567e-05
BPM.9L2.B2 2983.815195 0.00937680721567 0.00308240517457 -3.4797285345e-05 1.30540320832e-05
BPM.8L2.B2 3024.278206 0.00983840622995 -0.000794668521943 3.3853746205e-05 1.53356656574e-05
BPM.7L2.B2 3063.344216 0.00512306030674 0.00843682335101 1.05756924897e-05 -3.56288345637e-05
BPM.6L2.B2 3095.450216 0.00428818382616 0.00889028765722 -7.10049335867e-06 -3.64807019335e-05
BPMYB.5L2.B2 3167.649216 0.00639116578016 0.00752188374786 -3.68354130838e-05 4.94079201906e-06
BPMYB.4L2.B2 3188.219216 0.00772314663572 0.00614644135176 -2.70444713697e-05 2.54922562779e-05
BPMWB.4L2.B2 3212.610716 0.00643374349915 0.00748549796567 4.23267924533e-06 3.69234791337e-05
BPMSX.4L2.B2 3262.843716 0.00930473595845 0.00329357313179 3.40785332276e-05 -1.48294441412e-05
BPMS.2L2.B2 3300.755216 0.00930883875371 0.00328195922043 1.65632120576e-05 -3.32703801418e-05
BPMSW.1L2.B2 3310.689216 0.0091790260982 0.00362921691079 7.41005393315e-06 -3.64190969161e-05
BPMSW.1R2.B2 3353.879216 0.00917902905591 0.00362920939196 3.47222244799e-05 1.3252404623e-05
BPMS.2R2.B2 3363.813216 0.00930884057477 0.00328195410527 3.69667500129e-05 3.8366451198e-06
BPMSX.4R2.B2 3401.724716 0.00930473412899 0.00329357828883 3.07778747711e-05 -2.08322126128e-05
BPMWB.4R2.B2 3451.881716 0.00643248518253 0.00748657929873 -2.88368971922e-05 -2.34455190063e-05
BPMYB.4R2.B2 3476.349216 0.00769599666199 0.00618040214943 -3.60198646274e-05 9.15574198693e-06
BPM.5R2.B2 3505.883216 0.00244667790424 0.00956240045379 -7.46555403879e-06 3.64077522933e-05
BPMR.6R2.B2 3579.179216 0.000979490365709 0.00982172764091 3.58979434334e-05 9.62273771433e-06
BPM_A.7R2.B2 3592.054216 0.0013965122555 0.00977115595734 3.70373436922e-05 3.08125977199e-06
BPM.8R2.B2 3633.493206 0.0050097665888 0.0085045854657 2.02426208441e-05 -3.11688178908e-05
BPM.9R2.B2 3672.560195 0.00986795518679 -0.00022180095738 -3.66029523871e-05 -6.44068968879e-06
BPM.10R2.B2 3713.025185 0.00982488118059 -0.000947335725909 -1.89969513017e-05 3.19433047985e-05
BPM.11R2.B2 3764.865874 0.00972527405639 -0.00168664748679 2.99525001722e-05 2.20024246348e-05
BPM.12R2.B2 3819.592358 0.00981243178849 -0.00106860543969 1.9273108882e-05 -3.17774517193e-05
BPM.13R2.B2 3873.043842 0.00902353027519 -0.00400020456885 -3.36656463703e-05 -1.57443066384e-05
BPM.14R2.B2 3926.495326 0.00931690662501 -0.00325898544283 -1.53663516984e-05 3.38398336121e-05
BPM.15R2.B2 3979.94681 0.00843759028261 -0.00512179708972 3.42861885503e-05 1.43428071495e-05
BPM.16R2.B2 4033.398294 0.00882344661381 -0.00442408465488 1.39578834432e-05 -3.44446849491e-05
BPM.17R2.B2 4086.849779 0.0077130292657 -0.00615913262809 -3.48484989029e-05 -1.29166931507e-05
BPM.18R2.B2 4140.301263 0.00818498636573 -0.00551649647209 -1.25253260374e-05 3.49910764207e-05
BPM.19R2.B2 4193.752747 0.00686176472748 -0.0070952040208 3.53515562515e-05 1.14684867696e-05
BPM.20R2.B2 4247.204231 0.00741203343473 -0.00651824328561 1.10717845389e-05 -3.54777991621e-05
BPM.21R2.B2 4300.655715 0.00589768469365 -0.00791473628555 -3.57944420367e-05 -1.00008521991e-05
BPM.22R2.B2 4354.107199 0.00651726855844 -0.00741289050966 -9.59909891255e-06 3.59042635035e-05
BPM.23R2.B2 4407.558683 0.00483676192696 -0.00860415418621 3.61764301803e-05 8.51613531419e-06
BPM.24R2.B2 4461.010167 0.00550541683443 -0.00818633853493 7.95750010735e-06 -2.62432402829e-05
BPM.25R2.B2 4514.461651 0.00368636245792 -0.00915076417317 -2.64704734936e-05 -7.16544265331e-06
BPM.26R2.B2 4567.913135 0.00441292318851 -0.00882337022109 -6.86837866877e-06 2.65491055578e-05
BPM.27R2.B2 4621.36462 0.00248548526089 -0.00954715225318 2.67434667291e-05 6.06767991177e-06
BPM.28R2.B2 4674.816104 0.00323792511204 -0.00931603148503 5.61485168386e-06 -1.6783462171e-05
BPM.29R2.B2 4728.267588 0.00123377894511 -0.0097852128809 -1.69445749239e-05 -5.10807984204e-06
BPM.30R2.B2 4781.719072 0.00201954517749 -0.00965370596362 -4.91790640918e-06 1.70007451225e-05
BPM.31R2.B2 4835.170556 -2.81210016156e-05 -0.00986264725285 1.71408134357e-05 4.40492600692e-06
BPM.32R2.B2 4888.62204 0.000767989370071 -0.00983274091659 4.21261203293e-06 -1.71890925113e-05
BPM.33R2.B2 4942.073524 -0.001289615191 -0.00977801075306 -1.73078946356e-05 -3.69428708128e-06
BPM.34R2.B2 4995.525008 -0.000496196112372 -0.00985019751259 -3.50013783734e-06 1.7348201368e-05
BPM.33L3.B2 5048.976492 -0.00252986116491 -0.00953270182474 1.74455262491e-05 2.97735663966e-06
BPM.32L3.B2 5102.427976 -0.00175222005708 -0.00970578829768 2.78171203109e-06 -1.74777888323e-05
BPM.31L3.B2 5155.87946 -0.00372858878847 -0.00913072983314 -1.75534705343e-05 -2.25536470416e-06
BPM.30L3.B2 5209.330945 -0.0029794557566 -0.00940188518375 -2.05855645915e-06 1.75776379601e-05
BPM.29L3.B2 5262.782429 -0.0048659948157 -0.00857873511077 1.76315449819e-05 1.52953068882e-06
BPM.28L3.B2 5316.233913 -0.0041577272496 -0.00894348398177 1.33188551811e-06 -1.7647581099e-05
BPM.27L3.B2 5369.685397 -0.00592348433832 -0.00788574251197 -1.76796297974e-05 -8.01098190215e-07
BPM.26L3.B2 5423.136881 -0.00527768082161 -0.00833875329911 -7.55823822396e-07 2.7713808704e-05
BPM.25L3.B2 5476.588365 -0.00689350956978 -0.00706174534979 2.77239985283e-05 -7.71653932552e-08
BPM.24L3.B2 5530.039849 -0.00630106775567 -0.00759508173656 -3.87818192456e-07 -2.7721399115e-05
BPM.23L3.B2 5583.491333 -0.00774027581583 -0.00612183401592 -2.76972360497e-05 1.22044141169e-06
BPM.22L3.B2 5636.942817 -0.00723091553392 -0.00672724115109 1.37778997457e-06 3.77081618841e-05
BPM.21L3.B2 5690.394301 -0.00846973013026 -0.00507991972771 3.76497386578e-05 -2.51014118389e-06
BPM.20L3.B2 5743.845786 -0.00803209939114 -0.00574693763946 -2.93189126856e-06 -3.76192462235e-05
BPM.19L3.B2 5797.29727 -0.00905000924531 -0.00395464860259 -3.7514193624e-05 4.06067120623e-06
BPM.18L3.B2 5850.748754 -0.00870129033555 -0.00467220070352 4.4806426645e-06 3.74663524471e-05
BPM.17L3.B2 5904.200238 -0.0094815500542 -0.00276443872606 3.73148111801e-05 -5.60435224703e-06
BPM.16L3.B2 5957.651722 -0.00922749804445 -0.00352068072157 -6.02215921995e-06 -3.72496598489e-05
BPM.15L3.B2 6011.103206 -0.00975729413827 -0.00152876552107 -3.70519480742e-05 7.13841458448e-06
BPM.14L3.B2 6064.55469 -0.00960207005995 -0.0023113120627 7.55302045574e-06 3.69696576281e-05
BPM.13L3.B2 6118.006174 -0.00987269429291 -0.000267993198685 3.67260171386e-05 -8.66042983733e-06
BPM.12L3.B2 6171.457658 -0.00955390369292 -0.00250296567191 -5.85290863751e-06 -3.72766275429e-05
BPM.11L3.B2 6224.909142 -0.0092497508764 -0.00346179458263 -3.749830585e-05 4.20491977851e-06
BPM.10L3.B2 6277.691832 -0.0070376035302 -0.00692921709055 1.18968807096e-06 3.77145648264e-05
BPM.9L3.B2 6316.758821 -0.00810127432302 -0.00564900586194 2.9581050505e-05 2.34257473987e-05
BPM.8L3.B2 6357.223811 -0.00902508208308 -0.00401121008127 3.62313774626e-05 -1.05399832645e-05
BPM.7L3.B2 6396.2898 -0.00987520444444 0.000149164552777 7.14051748754e-06 -3.70515404234e-05
BPMR.6L3.B2 6468.9288 -0.00597846399194 0.0078612900483 -3.60285800837e-05 1.1213614884e-05
BPMWE.5L3.B2 6511.9823 -0.00581128423208 0.00798566769157 -2.24866000913e-05 3.03011066208e-05
BPMW.5L3.B2 6539.5273 -0.0079641738676 0.00584070607751 -6.69762320715e-06 3.71341597618e-05
BPMWE.4L3.B2 6614.6553 -0.00545566526674 0.00823271700975 3.35678497548e-05 1.72337802079e-05
BPMW.4L3.B2 6642.2003 0.00264854414113 0.00951457444255 3.26652212376e-05 -1.88888009354e-05
BPMW.4R3.B2 6687.1653 0.00466073713077 0.00870743603454 1.41692372229e-05 -3.49719380386e-05
BPMWE.4R3.B2 6714.7103 0.00292144249642 0.00943435671679 1.03324827662e-07 -3.7733184205e-05
BPMW.5R3.B2 6789.8383 0.00463453410661 0.00872141081283 -3.3766323634e-05 -1.68415949157e-05
BPMWE.5R3.B2 6817.3833 0.00772586305663 0.00615247534886 -3.74032960903e-05 4.97971354118e-06
BPMWC.6R3.B2 6858.3743 0.00827889673382 0.00538533023161 -2.69472204088e-05 2.64130904927e-05
BPM.6R3.B2 6870.5288 0.00765251090542 0.00624347577461 -2.04817216811e-05 3.16907372868e-05
BPM_A.7R3.B2 6926.3528 0.00779026877097 0.00607071869018 1.98164033445e-05 3.21109644015e-05
BPM.8R3.B2 6965.418789 0.00326735394466 0.00932020982068 3.33531890803e-05 -1.76456398435e-05
BPM.9R3.B2 7004.485779 -0.0061066370944 0.00776214507838 -2.30247170476e-05 -2.98942393299e-05
BPM.10R3.B2 7044.950768 -0.00517133473005 0.00841422664061 -3.75456609331e-05 -3.75867199678e-06
BPM.11R3.B2 7097.733458 -0.00223507501348 0.00962010148497 -1.12121670964e-05 3.6029030733e-05
BPM.12R3.B2 7152.459942 0.00093604388501 0.00983187341172 3.76058328036e-05 3.09924240992e-06
BPM.13R3.B2 7205.911426 -0.00055526225344 0.0098607097484 6.8425678623e-07 -3.77271197435e-05
BPM.14R3.B2 7259.36291 0.00150334124049 0.0097612436692 -3.77306498849e-05 4.49150646546e-07
BPM.15R3.B2 7312.814394 0.000710622031258 0.00985073242129 8.71851702968e-07 3.77232516319e-05
BPM.16R3.B2 7366.265878 0.00273977053386 0.00948870751608 3.76800275777e-05 -2.00478577025e-06
BPM.17R3.B2 7419.717362 0.00196495160845 0.00967888826716 -2.42681085543e-06 -3.76552038611e-05
BPM.18R3.B2 7473.168846 0.00393106716195 0.00906027725612 -3.75652900698e-05 3.55703122723e-06
BPM.19R3.B2 7526.62033 0.00318700215081 0.0093479907044 3.97771970681e-06 3.752308062e-05
BPM.20R3.B2 7580.071814 0.00505786661158 0.00848291802589 3.73866426151e-05 -5.10319714282e-06
BPM.21R3.B2 7633.523299 0.00435666744909 0.00886348473523 -5.52172015298e-06 -3.73271280714e-05
BPM.22R3.B2 7686.974783 0.0061014623631 0.00776621335978 -3.71443756693e-05 6.64072252175e-06
BPM.23R3.B2 7740.426267 0.00545475685082 0.00823331893 7.05651082414e-06 3.70676334735e-05
BPM.24R3.B2 7793.877751 0.00710390536583 0.00691059057725 3.67732601807e-05 -6.82874981742e-05
BPM.25R3.B2 7847.329235 0.0065229165092 0.00746145386569 -6.86952991068e-05 -3.60057075099e-05
BPM.26R3.B2 7900.780719 0.00792956334837 0.00594506169886 -3.39251825274e-05 6.97462376111e-05
BPM.27R3.B2 7954.232203 0.00742389351441 0.00656563315207 7.01218673899e-05 3.31417974596e-05
BPM.28R3.B2 8007.683687 0.00868401387515 0.00487054318372 3.09555563426e-05 -0.00013120697318
BPM.29R3.B2 8061.135171 0.00826253228301 0.00555561411003 -0.000131545781465 -2.94826203231e-05
BPM.30R3.B2 8114.586655 0.00923572715466 0.00371962792706 -2.55156907308e-05 0.000132372453038
BPM.31R3.B2 8168.03814 0.00890540374834 0.00445287232981 0.000132649827976 2.403207301e-05
BPM.32R3.B2 8221.489624 0.00963568666252 0.00250755468076 2.00375605653e-05 -0.000133311717617
BPM.33R3.B2 8274.941108 0.00940184769659 0.00327712493197 -0.000133528020527 -1.85414816803e-05
BPM.34R3.B2 8328.392592 0.00987729845511 0.00125429785789 -1.45198907579e-05 0.000134024965491
BPM.33L4.B2 8381.844076 0.00974384260821 0.00204739325666 0.000134179102165 1.3018653706e-05
BPM.32L4.B2 8435.29556 0.00995660104399 -1.9583879568e-05 8.98315086407e-06 -0.000134509552537
BPM.31L4.B2 8488.747044 0.00992569734367 0.000784104688376 -0.000134601838791 -7.47417699117e-06
BPM.30L4.B2 8542.198528 0.00987228883981 -0.00129313609683 -3.42539428139e-06 0.000134765656747
BPM.29L4.B2 8595.650012 0.00994445171523 -0.000492105711002 0.00013479556623 1.91668268801e-06
BPM.28L4.B2 8649.101496 0.00962574669224 -0.00254544465895 -2.13247345208e-06 -0.000134792319942
BPM.27L4.B2 8702.55298 0.00979978685905 -0.00176024582724 -0.00013475993464 3.64398979456e-06
BPM.26L4.B2 8756.004465 0.00928010184765 -0.00376721011888 7.62534830415e-06 7.44690824083e-05
BPM.25L4.B2 8809.455949 0.00955388702765 -0.00300589504775 7.43790307584e-05 -8.45877060864e-06
BPM.24L4.B2 8862.907433 0.00872192122729 -0.00492343909297 -1.06892115584e-05 -7.40913691447e-05
BPM.23L4.B2 8916.358917 0.00909083720192 -0.00420343208372 -7.3966891442e-05 1.15190999826e-05
BPM.22L4.B2 8969.810401 0.00807948629167 -0.00601004975148 1.36700853084e-05 1.34660588796e-05
BPM.21L4.B2 9023.261885 0.00853820601004 -0.00533833633776 1.33120780499e-05 -1.3820070973e-05
BPM.20L4.B2 9076.713369 0.00724424406509 -0.00699426370319 -1.42137797657e-05 -1.28908672553e-05
BPM.19L4.B2 9130.164853 0.00778513070722 -0.00638674695299 -1.27307879678e-05 1.43573337762e-05
BPM.18L4.B2 9183.616337 0.00628998367986 -0.00786351715878 1.47333316106e-05 1.22936985403e-05
BPM.17L4.B2 9237.067821 0.0069041366222 -0.00733019059777 1.21278717267e-05 -1.48701214569e-05
BPM.16L4.B2 9290.519306 0.0052323301429 -0.00860357588893 -1.52277752839e-05 -1.16756502529e-05
BPM.15L4.B2 9343.97079 0.00590967252918 -0.0081531936905 -1.15042887216e-05 1.5357650284e-05
BPM.14L4.B2 9397.422274 0.00408873237046 -0.00920223149008 1.5696344156e-05 1.10377015982e-05
BPM.13L4.B2 9450.873758 0.00481811496845 -0.00884220362039 1.08611593799e-05 -1.58190107302e-05
BPM.12L4.B2 9504.325242 0.00189857560608 -0.00988909538118 -1.55270771768e-05 -1.12745747695e-05
BPM.11L4.B2 9557.776726 0.00225091667812 -0.00981489535619 -1.36725416115e-05 1.34635698875e-05
BPMC.10L4.B2 9609.617415 0.00101657307191 -0.0100182521419 1.14250657544e-05 1.54166781565e-05
BPMC.9L4.B2 9648.684405 7.80822151393e-05 -0.0100693942207 1.72566902738e-05 -8.39124223218e-06
BPMC.8L4.B2 9689.149394 -0.00303548890257 -0.00960128136628 -1.81380794891e-05 -6.26227707404e-06
BPMC.7L4.B2 9728.215384 0.00537484161801 -0.0085152730148 -4.38678597485e-06 1.86805229891e-05
BPMYA.6L4.B2 9824.819384 0.00406234821498 -0.00921390925725 1.66849849572e-05 9.47720055482e-06
BPMYB.5L4.B2 9861.819384 0.00407893972843 -0.00920657630378 1.86197427485e-05 4.63789521184e-06
BPMWA.B5L4.B2 9964.209884 -0.00113492767487 -0.0100055352647 1.33681440836e-05 -1.37658533918e-05
BPMWA.A5L4.B2 9973.094884 -0.00149001404185 -0.0099588480753 1.20211756626e-05 -1.49565154071e-05
BPMWA.A5R4.B2 10021.14388 -0.00260512025176 -0.00972687746869 3.90479973592e-06 -1.87871884579e-05
BPMWA.B5R4.B2 10030.02888 -0.00266530791362 -0.00971055768179 2.37554311629e-06 -1.90410822475e-05
BPMYA.5R4.B2 10132.49538 -0.00105662205666 -0.0100141073792 -1.23390307063e-05 -1.46953827439e-05
BPMYB.6R4.B2 10164.05938 -0.00130842089497 -0.00998432929888 -1.52172173349e-05 -1.16894135013e-05
BPMCA.7R4.B2 10260.57538 0.0022304822328 -0.00981955934886 -9.93025072634e-06 1.64193839491e-05
BPMC.8R4.B2 10298.36637 0.00476314569742 -0.0088719355174 1.70180867705e-05 8.86515086121e-06
BPMC.9R4.B2 10337.43336 -0.00213202268238 -0.00984140620312 1.54918030599e-06 -1.91260573295e-05
BPMC.10R4.B2 10377.89835 -0.00251559666122 -0.00975041384925 -1.80087085639e-05 -6.62513754141e-06
BPM.11R4.B2 10429.73904 -0.0056045805983 -0.00836585160686 -8.2311606711e-06 1.73336069298e-05
BPM.12R4.B2 10484.46553 -0.00589417325256 -0.00816440557961 1.692159227e-05 9.04795973139e-06
BPM.13R4.B2 10537.91701 -0.00747261596218 -0.00674972648031 8.5117672612e-06 -1.71975469313e-05
BPM.14R4.B2 10591.36849 -0.00690346728722 -0.007330820982 -1.72918257984e-05 -8.31857523556e-06
BPM.15R4.B2 10644.81998 -0.00827469575845 -0.00573831045893 -7.79533759196e-06 1.75339350085e-05
BPM.16R4.B2 10698.27146 -0.00778454342567 -0.00638746275289 1.76201791647e-05 7.59838207228e-06
BPM.17R4.B2 10751.72295 -0.0089407878175 -0.00463261372855 7.06555632142e-06 -1.78405189097e-05
BPM.18R4.B2 10805.17443 -0.00853771787881 -0.00533911698825 -1.79185525147e-05 -6.86524095602e-06
BPM.19R4.B2 10858.62591 -0.0094599644327 -0.00345077813201 -6.3238435887e-06 1.81167009092e-05
BPM.20R4.B2 10912.0774 -0.00915057999697 -0.00420305633164 1.81864286387e-05 6.1204451441e-06
BPM.21R4.B2 10965.52888 -0.00982368356136 -0.00221224728098 5.57127501971e-06 -1.83621083308e-05
BPM.22R4.B2 11018.98037 -0.00961308131529 -0.00299791000191 -1.84233678951e-05 -5.36521486154e-06
BPM.23R4.B2 11072.43185 -0.0100259744726 -0.00093735409698 -4.80932562187e-06 1.85762345049e-05
BPM.24R4.B2 11125.88333 -0.00989163730049 -0.00174186848571 1.90253190913e-05 -2.14092526713e-05
BPM.25R4.B2 11179.33482 -0.0100377630673 0.000349151706675 -2.19711641089e-05 -1.83735359386e-05
BPM.26R4.B2 11232.7863 -0.0100331955078 -0.000462149569612 -1.81262886889e-05 2.2175586002e-05
BPM.27R4.B2 11286.23779 -0.0099106219134 0.00163038878095 2.27101594263e-05 1.74518633816e-05
BPM.28R4.B2 11339.68927 -0.00998390861863 0.000826799989704 1.7592501203e-05 -4.89142791598e-05
BPM.29R4.B2 11393.14075 -0.0095948818257 0.00288101932056 -4.94206974481e-05 -1.61151495804e-05
BPM.30R4.B2 11446.59224 -0.00979610811283 0.00209721135585 -1.55606897776e-05 4.95980715636e-05
BPM.31R4.B2 11500.04372 -0.00914747407493 0.0040848191618 5.00432123453e-05 1.40634191093e-05
BPM.32R4.B2 11553.49521 -0.0094473276565 0.00333317112669 1.3501607015e-05 -5.01977010628e-05
BPM.33R4.B2 11606.94669 -0.00854977869867 0.00522142832335 -5.05806421584e-05 -1.19875669227e-05
BPM.34R4.B2 11660.39818 -0.00894330649325 0.00451434363849 -1.14203261629e-05 5.07117291265e-05
BPM.33L5.B2 11713.84966 -0.00781153802698 0.00627231242573 5.10319656934e-05 9.89146398186e-06
BPM.32L5.B2 11767.30114 -0.00829231467214 0.00562134742153 9.31888508501e-06 -5.1139634537e-05
BPM.31L5.B2 11820.75263 -0.00694500128059 0.00722004063295 -5.13964911739e-05 -7.77842091926e-06
BPM.30L5.B2 11874.20411 -0.00750506585924 0.00663596382972 -7.20225901823e-06 5.14803896013e-05
BPM.29L5.B2 11927.6556 -0.00596424817658 0.00804920947926 5.16735471648e-05 5.65221886138e-06
BPM.28L5.B2 11981.10708 -0.00659447918301 0.00754154320005 5.07277092424e-06 -5.17336411114e-05
BPM.27L5.B2 12034.55856 -0.00488559783365 0.00874602557459 -5.18626863032e-05 -3.51635819984e-06
BPM.26L5.B2 12088.01005 -0.00554958463179 0.00832481291307 -2.5386425874e-06 2.58887904472e-05
BPM.25L5.B2 12141.46153 -0.00370082877656 0.00929538950163 2.59533743589e-05 1.75967991124e-06
BPM.24L5.B2 12194.91302 -0.0044390193442 0.0089663541597 1.46876284805e-06 -2.59714668235e-05
BPM.23L5.B2 12248.3645 -0.00248133283218 0.00969243968254 -2.60038702132e-05 -6.878549039e-07
BPM.22L5.B2 12301.81598 -0.00322956579128 0.00946218350207 -3.48434431705e-12 -9.14218020731e-12
BPM.21L5.B2 12355.26747 -0.0011952834738 0.00992644494865 -1.00952231903e-11 8.19745746337e-12
BPM.20L5.B2 12408.71895 -0.00199256555057 0.00979758615496 9.79227776493e-12 1.02635241316e-11
BPM.19L5.B2 12462.17044 8.43938568904e-05 0.00999779423573 4.30896553259e-12 -8.61547425726e-12
BPM.18L5.B2 12515.62192 -0.000722817955264 0.00997198807259 -8.46852913861e-12 -5.67610332169e-12
BPM.17L5.B2 12569.07341 0.00136268758678 0.00990485206563 -5.96468665432e-12 9.69262492421e-12
BPM.16L5.B2 12622.52489 0.000558803294655 0.00998252226534 1.49824151855e-11 7.94503848209e-12
BPM.15L5.B2 12675.97637 0.00261858637395 0.00964914593865 7.33668464095e-12 -1.17434858701e-11
BPM.14L5.B2 12729.42786 0.00183124617935 0.00982901568468 -9.66069282065e-12 -5.59368577323e-12
BPM.13L5.B2 12782.87934 0.00383145568285 0.00923487732837 -1.48865227219e-12 1.069168704e-11
BPM.12L5.B2 12836.33083 0.00175957849171 0.00984209812151 8.75684142083e-12 5.03394095754e-12
BPM.11L5.B2 12889.78231 0.000891496671115 0.00995832544051 3.81729932955e-12 -1.054753117e-11
BPM.10L5.B2 12942.565 0.000248535230484 0.00999506088741 -1.30855926576e-11 -4.91171902092e-12
BPM.9L5.B2 12981.63199 0.00241260631218 0.00970269769582 -7.49753283462e-12 1.42269367728e-11
BPM.8L5.B2 13022.09698 -0.00519952677531 0.00853978531606 1.12477540736e-11 4.61636062098e-12
BPM.7L5.B2 13061.16497 -0.00109431455658 0.0099380826904 5.17700177947e-12 -1.16434451638e-11
BPMR.6L5.B2 13098.05897 5.78321106862e-05 0.00999798316388 -3.35281645172e-12 -1.88620199383e-12
BPMWT.B6L5.B2 13109.36897 0.00485002989254 0.00874300989079 -1.19199729895e-11 5.88557073638e-13
BPMWT.A6L5.B2 13115.19097 0.00674298845127 0.00738208091641 -8.05337274551e-12 5.09242060007e-12
BPM.5L5.B2 13129.95897 0.00888865481178 0.00457764432074 -4.00283003143e-12 9.83203616454e-12
BPMYA.4L5.B2 13157.36497 0.00984539988846 0.00174100918777 1.04696309116e-12 1.43078104511e-11
BPMWB.4L5.B2 13178.42347 0.00998414450955 0.000529027667712 -1.37687711105e-12 6.57505103009e-12
BPMWT.B4L5.B2 13178.89297 0.00998493434109 0.000513904819651 4.15911472961e-12 1.33297664024e-11
BPMWT.A4L5.B2 13180.87497 0.00998784541492 0.000453823559337 -3.32518880557e-13 1.21138450809e-12
BPMSY.4L5.B2 13271.27947 0.00999636312348 0.000189039761825 -5.69913490616e-12 4.77108036636e-12
BPMS.2L5.B2 13298.06497 0.00999799239448 5.62361673367e-05 1.34734631246e-10 1.27514446228e-10
BPMSW.1L5.B2 13308.11897 0.00999815020898 -2.48645345328e-10 -2.10109157955e-10 -2.87878859393e-11
BPMSW.1R5.B2 13351.06897 0.00999815022608 1.65625261483e-10 -1.96392946546e-10 1.09572288421e-12
BPMS.2R5.B2 13361.12297 0.00999799251328 5.62361909938e-05 2.46291846598e-10 1.07823802339e-10
BPMSY.4R5.B2 13387.90847 0.0099963631061 0.000189039852016 -1.85512857452e-11 3.1084878766e-11
BPMWB.4R5.B2 13480.76447 0.00998414314945 0.00052905343288 1.06324459833e-11 2.76044436245e-12
BPMYA.4R5.B2 13501.82097 0.00984541540684 0.00174092140737 7.36864581274e-12 5.09525551193e-12
BPMR.5R5.B2 13522.93897 0.00922729489215 0.0038496806241 1.32783770223e-11 4.80689073336e-12
BPM.6R5.B2 13554.83897 0.00272241782175 0.0096203665782 7.04310721253e-12 -7.42596229214e-12
BPMRA.7R5.B2 13588.85297 -0.00253476623538 0.00967150309095 -3.52437886487e-12 -8.08366010777e-12
BPM.8R5.B2 13630.28998 -0.00265780804557 0.00963841627473 -1.4301394832e-11 3.29856143742e-12
BPM.9R5.B2 13669.35499 -0.000492709237941 0.00998600267949 5.19272888604e-12 8.09115363765e-12
BPM.10R5.B2 13709.818 0.003293605816 0.00944008329852 1.0854950717e-11 -1.09808899164e-11
BPM.11R5.B2 13762.59871 -0.00229692160859 0.0097307329143 -1.5062722196e-11 -5.08160157769e-12
BPM.12R5.B2 13817.32223 0.000870269523002 0.00996020295533 2.89746121564e-12 1.07543034824e-11
BPM.13R5.B2 13870.77074 0.00135714387831 0.00990561317655 1.29605157976e-11 6.80107860568e-12
BPM.14R5.B2 13924.21926 0.00338364207582 0.00940818676193 4.61518856384e-12 -6.10843036277e-12
BPM.15R5.B2 13977.66777 0.00261338530487 0.00965055589833 -1.0658631254e-11 -6.74536738684e-12
BPM.16R5.B2 14031.11629 0.0045593345387 0.00889806048633 -5.82590320103e-12 1.38099143728e-11
BPM.17R5.B2 14084.56481 0.00382640761554 0.0092369701021 1.47879605907e-11 3.95740028961e-12
BPM.18R5.B2 14138.01332 0.00566011345136 0.00824173086069 7.02132599588e-12 -5.11432980372e-12
BPM.19R5.B2 14191.46184 0.00497656219383 0.00867161119013 -8.05184340943e-12 -5.2565923339e-12
BPM.20R5.B2 14244.91035 0.00666789048295 0.00744998311966 -5.09185832502e-12 3.50840240059e-12
BPM.21R5.B2 14298.35887 0.00604494444226 0.00796377163174 1.23605797043e-11 3.68643837949e-12
BPM.22R5.B2 14351.80738 0.00756610984634 0.00653582387003 2.37009868148e-12 -8.92676855611e-12
BPM.23R5.B2 14405.2559 0.00701400513644 0.0071250785151 -1.21876888025e-11 -4.29368632625e-12
BPM.24R5.B2 14458.70442 0.00836232581661 0.00551003049669 -2.23025058264e-08 -2.2721249939e-05
BPM.25R5.B2 14512.15293 0.00789039754565 0.00616689190071 -2.27196048922e-05 2.74308688398e-07
BPM.26R5.B2 14565.60145 0.00899846702694 0.00439505634131 9.54131647559e-07 2.27012227953e-05
BPM.27R5.B2 14619.04996 0.00861445085321 0.00510687434797 2.26892451906e-05 -1.20578667896e-06
BPM.28R5.B2 14672.49848 0.00950907587132 0.00320362232321 -1.90641893826e-06 -4.53643707459e-05
BPM.29R5.B2 14725.947 0.00921953180683 0.0039605496071 -4.53404323858e-05 2.40955362818e-06
BPM.30R5.B2 14779.39551 0.00984076106316 0.00196090326326 3.76548983147e-06 4.5248004314e-05
BPM.31R5.B2 14832.84403 0.00965042734605 0.00274863092255 4.52034762302e-05 -4.26686690647e-06
BPM.32R5.B2 14886.29254 0.0100107523418 0.000685971910416 -5.61755854178e-06 -4.50555565764e-05
BPM.33R5.B2 14939.74106 0.00992274611941 0.00149158619341 -4.49904721891e-05 6.11706151837e-06
BPM.34R5.B2 14993.18958 0.0100162585646 -0.000600236821751 7.46084226491e-06 4.47872336391e-05
BPM.33L6.B2 15046.63809 0.0100320293956 0.000210014510379 4.47017803714e-05 -7.95687418269e-06
BPM.32L6.B2 15100.08661 0.00985718871846 -0.00187657946957 -9.29091689692e-06 -4.44436668348e-05
BPM.31L6.B2 15153.53512 0.00997647623944 -0.00107500779106 -4.43378586444e-05 9.78341007084e-06
BPM.30L6.B2 15206.98364 0.00953615688048 -0.00312208774005 1.11059942734e-05 4.40251908052e-05
BPM.29L6.B2 15260.43215 0.00975700387392 -0.0023423482425 4.38993746902e-05 -1.15933499644e-05
BPM.28L6.B2 15313.88067 0.00905843512335 -0.00431630317002 -1.29017889388e-05 -4.35327987028e-05
BPM.27L6.B2 15367.32919 0.0093772054836 -0.00357123749548 -4.33869866253e-05 1.33839501188e-05
BPM.26L6.B2 15420.7777 0.00845420299202 -0.00544385779428 1.46540260795e-05 2.02457707275e-05
BPM.25L6.B2 15474.22622 0.00886594096012 -0.00474386200227 2.00820419007e-05 -1.48775976598e-05
BPM.24L6.B2 15527.67473 0.00768836430615 -0.00648060106476 -1.54719056887e-05 -1.96278302792e-05
BPM.23L6.B2 15581.12325 0.00818625935621 -0.00583903190949 -1.94550070086e-05 1.56886657652e-05
BPM.22L6.B2 15634.57177 0.0068185327315 -0.00741511513113 1.6241526052e-05 -3.74456000564e-06
BPM.21L6.B2 15688.02028 0.00739467372495 -0.0068406959795 -3.92443653805e-06 -1.6199007902e-05
BPM.20L6.B2 15741.4688 0.00581396208911 -0.0082264309309 -1.60743047086e-05 4.40746541256e-06
BPM.19L6.B2 15794.91731 0.00645886614206 -0.007730418433 4.58546445383e-06 1.6024439189e-05
BPM.18L6.B2 15848.36583 0.00471389542955 -0.00890255642581 1.58800418018e-05 -5.06293967339e-06
BPM.17L6.B2 15901.81435 0.00541692966022 -0.00849312628791 -5.23872813007e-06 -1.58229262854e-05
BPM.16L6.B2 15955.26286 0.00353633688026 -0.00943242505992 -1.56590538228e-05 5.70991157572e-06
BPM.15L6.B2 16008.71138 0.00428599499233 -0.00911628037753 5.88322077586e-06 1.55947668378e-05
BPM.14L6.B2 16062.15989 0.00230071632213 -0.00980729450171 1.54117257694e-05 -6.34725997138e-06
BPM.13L6.B2 16115.60841 0.00308462750884 -0.00958965036947 -6.51777986812e-06 -1.53403916776e-05
BPM.12L6.B2 16169.05693 0.000876963403766 -0.0100353005047 -1.52002650491e-05 6.83820049108e-06
BPM.11L6.B2 16222.50544 0.00257191060202 -0.00973969183165 5.74309463485e-06 1.56469132567e-05
BPM.10L6.B2 16274.34415 0.000853841226003 -0.0100372942665 1.64198949496e-05 -2.86290205643e-06
BPM.9L6.B2 16313.40916 -0.000531410380452 -0.010059519076 3.05725115597e-06 -1.63848163445e-05
BPM.8L6.B2 16353.87217 -0.00594580225222 -0.00813165152516 -1.63215705854e-05 3.37865584284e-06
BPMYB.5L6.B2 16450.96018 0.00301652056157 -0.00961129152309 1.49214815284e-05 7.4268743753e-06
BPMYA.4L6.B2 16487.36018 0.00263711125424 -0.00972224075288 1.62361482089e-05 3.76789826423e-06
BPMSB.B4L6.B2 16518.13068 0.0037208489108 -0.00936117537772 1.66676011643e-05 -3.89246257833e-09
BPMSB.A4L6.B2 16518.76568 0.00374536364235 -0.00935139413113 1.66673594223e-05 -9.0853432767e-08
BPMSA.4L6.B2 16615.57568 0.00726421383865 -0.00697907718224 9.1832660213e-06 -1.39095895799e-05
BPMSE.4R6.B2 16707.14568 0.00747274512271 -0.00675532392602 -6.74886810072e-06 -1.52401418715e-05
BPMSA.A4R6.B2 16803.82068 0.00455213779471 -0.00898634311414 -1.62093365928e-05 -3.88155422333e-06
BPMSA.B4R6.B2 16804.40568 0.00453182247335 -0.00899660525324 -1.62269051568e-05 -3.80743179927e-06
BPMYB.4R6.B2 16830.96018 0.00364946344915 -0.00938923519496 -1.66552496933e-05 -6.41648035959e-07
BPMYA.5R6.B2 16867.36018 0.00355590229721 -0.00942506657186 -1.64075554753e-05 2.93282248655e-06
BPM.8R6.B2 16963.08519 -0.000926340633561 -0.0100308630766 5.35689124209e-06 1.57833082636e-05
BPM.9R6.B2 17002.1502 -0.00749528175839 -0.00673030998252 1.51068958132e-05 -7.04206300968e-06
BPM.10R6.B2 17042.61322 -0.0086915978046 -0.00509239125266 -2.60900056863e-06 -1.64621459091e-05
BPM.11R6.B2 17094.45193 -0.00971306534379 -0.00267070826053 -1.59914895764e-05 4.69905319166e-06
BPM.12R6.B2 17149.17544 -0.00892282451235 -0.004675416959 6.82499800705e-06 1.52061987706e-05
BPM.13R6.B2 17202.62396 -0.00970272381497 -0.00270803833241 1.49872283339e-05 -7.29327789448e-06
BPM.14R6.B2 17256.07247 -0.00945254908781 -0.00348218850571 -7.45904622072e-06 -1.49054234393e-05
BPM.15R6.B2 17309.52099 -0.00996942381121 -0.00144461411206 -1.46755448594e-05 7.90174356408e-06
BPM.16R6.B2 17362.96951 -0.00982033076146 -0.00224442080795 8.06399677006e-06 1.45870136558e-05
BPM.17R6.B2 17416.41802 -0.0100723148085 -0.000157465604912 1.43391461902e-05 -8.49693333349e-06
BPM.18R6.B2 17469.86654 -0.0100267579922 -0.00096976552862 -8.65543913211e-06 -1.42440299382e-05
BPM.19R6.B2 17523.31505 -0.010009709144 0.00113227376363 -1.39786440346e-05 9.0778062484e-06
BPM.20R6.B2 17576.76357 -0.010068435728 0.000320816218512 9.23225782527e-06 1.38771222751e-05
BPM.21R6.B2 17630.21209 -0.00978263434359 0.00240341139978 1.35945989475e-05 -9.64343391431e-06
BPM.22R6.B2 17683.6606 -0.00994468013128 0.00160613141568 -9.79360690214e-06 -1.34868227233e-05
BPM.23R6.B2 17737.10912 -0.00939482449829 0.00363505071274 -1.31877215364e-05 1.01928082292e-05
BPM.24R6.B2 17790.55763 -0.00958559883986 0.00286956925132 1.14442799433e-05 -5.89658299925e-05
BPM.25R6.B2 17844.00615 -0.00878136088813 0.00479643969719 -5.92818590537e-05 -9.67477920331e-06
BPM.26R6.B2 17897.45466 -0.00913977584706 0.00407217758488 -9.0170505268e-06 5.93854613868e-05
BPM.27R6.B2 17950.90318 -0.00809562988544 0.00588038345412 5.96287354125e-05 7.23562537906e-06
BPM.28R6.B2 18004.3517 -0.00847186892846 0.00521238118588 7.67882843208e-06 -0.000131743976432
BPM.29R6.B2 18057.80021 -0.00720569822983 0.00685706889228 -0.000131914736709 -3.73398105746e-06
BPM.30R6.B2 18111.24873 -0.0077355040407 0.00625327578981 -2.27197156006e-06 0.000131948011161
BPM.31R6.B2 18164.69724 -0.00626922839221 0.00772258092702 0.000131956890832 -1.67879926319e-06
BPM.32R6.B2 18218.14576 -0.00687204044788 0.00719142134112 -3.14303612901e-06 -0.000131930134571
BPM.33R6.B2 18271.59428 -0.0052299997831 0.0084610036688 -0.000131777046869 7.08876335402e-06
BPM.34R6.B2 18325.04279 -0.00589565203846 0.00801141484857 8.54890410698e-06 0.000131690376869
BPM.33L7.B2 18378.49131 -0.00410453829863 0.00906058751814 0.000131375476754 -1.2486895627e-05
BPM.32L7.B2 18431.93982 -0.00482241634721 0.00869975754786 -1.39436876033e-05 -0.000131228856861
BPM.31L7.B2 18485.38834 -0.00291197731748 0.00951114445882 -0.000130752906066 1.78638718566e-05
BPM.30L7.B2 18538.83686 -0.00366990451946 0.00924517612921 1.9312324165e-05 0.000130546824817
BPM.29L7.B2 18592.28537 -0.00167119539365 0.00980553857647 0.000129910321672 -2.32109390804e-05
BPM.28L7.B2 18645.73389 -0.00245715092085 0.00963866641097 -2.46505074124e-05 -0.000129644869865
BPM.27L7.B2 18699.1824 -0.000403349740823 0.00993875192346 -0.000128849191808 2.85188721052e-05
BPM.26L7.B2 18752.63092 -0.00113209738561 0.00987833559495 3.10521613306e-05 5.6485969644e-05
BPM.25L7.B2 18806.07943 0.000942694476238 0.00989820618458 5.55313951489e-05 -3.27286663378e-05
BPM.24L7.B2 18859.52795 0.000140782279477 0.0099419987401 -3.33425184688e-05 -5.51650115111e-05
BPM.23L7.B2 18912.97647 0.00220103885106 0.00969631819303 -5.41424808574e-05 3.49784778201e-05
BPM.22L7.B2 18966.42498 0.00148330775039 0.00984685836637 3.66829740437e-05 -1.82877473017e-05
BPM.21L7.B2 19019.8735 0.00349456295619 0.00932463679086 -1.93773066701e-05 -3.61192828061e-05
BPM.20L7.B2 19073.32201 0.00273067140075 0.0095762338776 -3.59021376994e-05 1.97767291786e-05
BPM.19L7.B2 19126.77053 0.00465868016041 0.00880099543923 2.08423019106e-05 3.52942092197e-05
BPM.18L7.B2 19180.21905 0.00393327480858 0.00914823321016 3.50609483084e-05 -2.12323472584e-05
BPM.17L7.B2 19233.66756 0.00574620439327 0.0081327705351 -2.2272042854e-05 -3.44098610758e-05
BPM.16L7.B2 19287.11608 0.0050711553648 0.00856995944191 -3.41606946877e-05 2.26523619471e-05
BPM.15L7.B2 19340.56459 0.00673935532769 0.00733088748508 2.36645292587e-05 3.34674833801e-05
BPM.14L7.B2 19394.01311 0.00612579433374 0.00785082577542 3.32030716897e-05 -2.40341192996e-05
BPM.13L7.B2 19447.46163 0.00762173702124 0.00640858379273 -2.50169658405e-05 -3.2468965756e-05
BPM.12L7.B2 19500.91014 0.00692950785972 0.00715141541447 -3.25274805291e-05 2.49408427658e-05
BPM.11L7.B2 19554.35866 0.00838713758066 0.00536812302477 2.44527580075e-05 3.28959807367e-05
BPM.10L7.B2 19607.13937 0.00841477518613 0.00532469531331 3.39561910617e-05 -2.29577811341e-05
BPM.9L7.B2 19646.20438 0.00981277220713 0.00169420279635 -8.66623890272e-06 -4.00621853427e-05
BPM.8L7.B2 19686.66739 0.00978895182857 -0.00182681244165 -4.07937634012e-05 3.99387212136e-06
BPM.7L7.B2 19725.7314 0.00645927730543 -0.00757882301194 5.96950883267e-07 4.09844657281e-05
BPMR.6L7.B2 19760.5494 0.00655218643471 -0.00749864484813 2.94549344195e-05 2.85042006806e-05
BPMWC.6L7.B2 19772.7279 0.00542657113848 -0.00834943993648 3.62631903391e-05 1.91066373366e-05
BPMWE.5L7.B2 19849.7819 0.00887366174568 -0.00451873309737 1.74057794116e-05 -3.7109583533e-05
BPMW.5L7.B2 19872.9869 0.00984369236977 -0.00150417498494 -4.78999570066e-07 -4.09860121491e-05
BPMWE.4L7.B2 19908.0719 0.00984119488839 -0.00152042918198 -1.68739927838e-05 -3.73543899232e-05
BPMW.4L7.B2 19936.1769 0.00845546434185 -0.00525984261936 -3.40024847318e-05 -2.28891604271e-05
BPMW.4R7.B2 20052.2239 0.00699946844472 -0.00708295581333 -1.43603344822e-06 4.09636453084e-05
BPMWE.4R7.B2 20080.3289 0.00905280804713 -0.00414819090786 1.94146108105e-05 3.60992432353e-05
BPMW.5R7.B2 20115.4139 0.00885317284146 -0.00455874456955 3.38739248509e-05 2.30789746926e-05
BPMWE.5R7.B2 20138.6189 0.00526467949451 -0.00845245357244 4.0845116833e-05 -3.42912882241e-06
BPM.6R7.B2 20217.7584 0.000675209136333 -0.00993503468516 -1.66206926033e-05 -3.74677855816e-05
BPM_A.7R7.B2 20255.7944 0.00395508567041 -0.00913882481107 -3.87266148195e-05 -1.34287819736e-05
BPM.8R7.B2 20294.85841 0.00403445431815 -0.0091040650216 -3.36140360124e-05 2.34558990623e-05
BPM.9R7.B2 20333.92342 -0.00129863511259 -0.00987291083777 2.22752185947e-05 3.44078061672e-05
BPM.10R7.B2 20374.38643 -0.00577016394037 -0.00811578891009 3.65729745124e-05 -1.85067718752e-05
BPM.11R7.B2 20427.16714 -0.00552084165381 -0.00828740785793 -1.33772080551e-05 -3.87444554811e-05
BPM.12R7.B2 20481.89066 -0.00657294628445 -0.00748045444794 -3.86468833518e-05 1.36565385065e-05
BPM.13R7.B2 20535.33917 -0.00586598477943 -0.00804680334869 1.43745382383e-05 3.83856131428e-05
BPM.14R7.B2 20588.78769 -0.00740825635934 -0.00665421364938 3.79382293119e-05 -1.55168728873e-05
BPM.15R7.B2 20642.23621 -0.00684713295029 -0.00723032446779 -1.59366938552e-05 -3.77637962169e-05
BPM.16R7.B2 20695.68472 -0.00819861894695 -0.00565185536261 -3.72700250044e-05 1.70595507573e-05
BPM.17R7.B2 20749.13324 -0.00771577109483 -0.00629505345208 1.7471765418e-05 3.70785663891e-05
BPM.18R7.B2 20802.58175 -0.00885423240432 -0.00455668631431 3.65390245556e-05 -1.85736885704e-05
BPM.19R7.B2 20856.03027 -0.00845764952154 -0.00525632819783 -1.89778047464e-05 -3.6330776457e-05
BPM.20R7.B2 20909.47879 -0.00936438774112 -0.00338660061967 -3.57466622757e-05 2.00563838254e-05
BPM.21R7.B2 20962.9273 -0.00906054861854 -0.00413125650809 2.04515368722e-05 3.55220661932e-05
BPM.22R7.B2 21016.37582 -0.00972066402648 -0.00216090547184 3.48940342563e-05 -2.15055603318e-05
BPM.23R7.B2 21069.82433 -0.00951458271321 -0.00293828816813 -2.18912435676e-05 -3.46533678296e-05
BPM.24R7.B2 21123.27285 -0.00990585073469 -0.000901850467611 -3.39941511892e-05 1.13406986078e-05
BPM.25R7.B2 21176.72137 -0.00980076583717 -0.00169829385453 1.17169202745e-05 3.38663110716e-05
BPM.26R7.B2 21230.16988 -0.00993983405059 0.000372709041589 3.35004567161e-05 -1.27252831016e-05
BPM.27R7.B2 21283.6184 -0.00993749297463 -0.000430634826163 -1.30960690405e-05 -3.33572475247e-05
BPM.28R7.B2 21337.06691 -0.00979912130505 0.00163896814296 -3.29617771109e-05 2.51072800251e-06
BPM.29R7.B2 21390.51543 -0.00989942335635 0.000842859523135 2.87602717709e-06 3.2931916409e-05
BPM.30R7.B2 21443.96394 -0.00950895758898 0.0028790138093 3.28310832994e-05 -3.86035160925e-06
BPM.31R7.B2 21497.41246 -0.00971027810351 0.00210225927447 -4.22428613484e-06 -3.27862460611e-05
BPM.32R7.B2 21550.86098 -0.0090625628983 0.00407172551434 -3.26451574333e-05 5.20345338874e-06
BPM.33R7.B2 21604.30949 -0.00936158173229 0.00332712825148 5.56509138823e-06 3.25854648251e-05
BPM.34R7.B2 21657.75801 -0.00846724389707 0.00519757402328 3.24043048485e-05 -6.53783953716e-06
BPM.33L8.B2 21711.20652 -0.00885907118765 0.00449731615633 -6.8968633522e-06 -3.23297957708e-05
BPM.32L8.B2 21764.65504 -0.00773282952993 0.00623797582487 -3.21089431873e-05 7.86118275583e-06
BPM.31L8.B2 21818.10356 -0.00821098990052 0.00559362492255 8.216724623e-06 3.20198038254e-05
BPM.30L8.B2 21871.55207 -0.00687131686743 0.00717593195185 3.17595443835e-05 -9.17134439918e-06
BPM.29L8.B2 21925.00059 -0.00742800736415 0.0065980073886 -9.52303944258e-06 -3.16558673141e-05
BPM.28L8.B2 21978.4491 -0.00589695573909 0.00799593071032 -3.135672817e-05 1.04660311953e-05
BPM.27L8.B2 22031.89762 -0.0065229580255 0.00749399850197 1.08130844581e-05 3.12387526536e-05
BPM.26L8.B2 22085.34614 -0.00481426955259 0.00868241948651 3.08897225557e-05 -2.33207494067e-05
BPM.25L8.B2 22138.79465 -0.00549925509166 0.00826557880178 -2.36618973088e-05 -3.06291787579e-05
BPM.24L8.B2 22192.24317 -0.00366410882923 0.00922691204907 -2.99074119371e-05 2.45678466614e-05
BPM.23L8.B2 22245.69168 -0.00439671547926 0.00890115119064 2.4897985287e-05 2.96331358769e-05
BPM.22L8.B2 22299.1402 -0.00244229576949 0.00961765578969 2.88633201731e-05 -3.73512543002e-05
BPM.21L8.B2 22352.58871 -0.00321050584565 0.00938918333616 -3.76690542408e-05 -2.84473122804e-05
BPM.20L8.B2 22406.03723 -0.00119199028441 0.00985105429307 -2.73073262292e-05 3.85034676954e-05
BPM.19L8.B2 22459.48575 -0.00198301178873 0.00972274528072 3.88039194638e-05 2.68786690562e-05
BPM.18L8.B2 22512.93426 7.7987965238e-05 0.00992260194694 2.57053717793e-05 -3.95909202433e-05
BPM.17L8.B2 22566.38278 -0.00072305426698 0.00989652989912 -3.98735638547e-05 -2.52647222425e-05
BPM.16L8.B2 22619.83129 0.00134660076056 0.00983111274996 -2.40601422647e-05 4.06117819614e-05
BPM.15L8.B2 22673.27981 0.000548909555291 0.009907714662 4.08760920087e-05 2.3608306744e-05
BPM.14L8.B2 22726.72833 0.00259316573162 0.00957807929366 2.23745222461e-05 -4.156425937e-05
BPM.13L8.B2 22780.17684 0.00181172586454 0.00975611402706 -4.1809855473e-05 -2.19121756521e-05
BPM.12L8.B2 22833.62536 0.00462564867244 0.00877880890977 -2.28411725771e-05 4.13096600027e-05
BPM.11L8.B2 22887.07387 0.00427485268749 0.0089548727527 3.74223172179e-05 2.87711170707e-05
BPM.10L8.B2 22938.91258 0.00492296031359 0.00861560057609 3.1992978911e-05 -3.47081635492e-05
BPM.9L8.B2 22977.9776 0.0042179937345 0.00898179494197 -2.82021656943e-05 -3.78529392958e-05
BPM.8L8.B2 23018.44061 0.00990432920861 0.000606938573011 -2.85347054993e-05 3.76028946797e-05
BPM.7L8.B2 23057.50662 0.00991399259673 0.000420550020437 3.62987244054e-06 4.70641206517e-05
BPM.6L8.B2 23089.97562 0.00784812389322 0.00607215472299 4.00534146159e-05 2.49786149367e-05
BPMR.5L8.B2 23150.39462 0.00991650346898 0.000356469818633 -4.05511200662e-05 2.41622185498e-05
BPMYB.4L8.B2 23171.16162 0.00982958625306 -0.0013576987403 -2.93178927719e-05 3.69955026207e-05
BPMWB.4L8.B2 23195.62912 0.00988592155101 -0.000855959449774 -2.04280958205e-05 4.25546711183e-05
BPMSX.4L8.B2 23245.78612 0.00986667168843 -0.00105494136001 -7.16582808152e-06 4.66568145958e-05
BPMS.2L8.B2 23283.69762 0.00987894900622 -0.000932991749091 1.3690076742e-06 4.71840288487e-05
BPMSW.1L8.B2 23293.63162 0.00988878297509 -0.000822241951943 5.53511144485e-06 4.6878245122e-05
BPMSW.1R8.B2 23336.82162 0.00988878288632 -0.00082224434642 -1.9875858575e-05 4.28153462914e-05
BPMS.2R8.B2 23346.75562 0.00987894915564 -0.000932993550143 -1.60129167534e-05 4.4404879373e-05
BPMSX.4R8.B2 23384.66712 0.00986667178268 -0.00105494053645 -7.73905266731e-06 4.65651611622e-05
BPMWI.4R8.B2 23434.90012 0.00988586508856 -0.00085661136228 6.16808287421e-06 4.67991654689e-05
BPMYB.4R8.B2 23459.29162 0.00982955064666 -0.00135795665688 1.63211565849e-05 4.42925398189e-05
BPMYB.5R8.B2 23479.86862 0.00991954610577 0.00025829588791 3.06215787675e-05 3.59238991729e-05
BPMR.6R8.B2 23563.97662 0.0079060384592 0.00599655460792 -4.33396817617e-05 1.8705082105e-05
BPM_A.7R8.B2 23586.21662 0.00919986011222 0.00371842518953 -3.26459993052e-05 3.40946559395e-05
BPM.8R8.B2 23627.65561 0.00980627659598 -0.00151692150286 1.52027307897e-05 4.46887485005e-05
BPM.9R8.B2 23666.7226 0.00685356707836 -0.00717584349312 2.2999395873e-05 -4.1221779006e-05
BPM.10R8.B2 23707.18758 0.00990558380522 0.000586106649888 -4.70920002366e-05 -3.24817842176e-06
BPM.11R8.B2 23759.02827 0.00972344164282 -0.00197959443237 -8.78787201815e-06 4.63786653871e-05
BPM.12R8.B2 23813.75476 0.00964888802507 -0.00231583060466 4.62161989919e-05 9.60572604406e-06
BPM.13R8.B2 23867.20624 0.00877134876694 -0.00463977934169 6.7079411839e-06 -4.6724839205e-05
BPM.14R8.B2 23920.65773 0.00911718344789 -0.0039167687498 -4.67970565938e-05 -6.18408974174e-06
BPM.15R8.B2 23974.10921 0.00810568833614 -0.00572380364384 -4.77519419202e-06 4.69617401112e-05
BPM.16R8.B2 24027.56069 0.0085412320201 -0.00505088775845 4.70122848488e-05 4.24885536087e-06
BPM.17R8.B2 24081.01218 0.00730686224689 -0.00671370803732 2.83468247488e-06 -4.71187007159e-05
BPM.18R8.B2 24134.46366 0.00782488259467 -0.00610207537804 -4.71475066297e-05 -2.3064692276e-06
BPM.19R8.B2 24187.91515 0.00638796269673 -0.00759328941277 -8.88829395894e-07 4.719551963e-05
BPM.20R8.B2 24241.36663 0.00698000846444 -0.00705291381881 4.72025136128e-05 3.60097618234e-07
BPM.21R8.B2 24294.81811 0.00536409039585 -0.00834809234123 -1.05808103348e-06 -4.71920310426e-05
BPM.22R8.B2 24348.2696 0.0060203546259 -0.00788793012655 -4.71772106264e-05 1.58684826995e-06
BPM.23R8.B2 24401.72108 0.00425207556148 -0.00896571050952 3.00356533107e-06 4.71082349726e-05
BPM.24R8.B2 24455.17257 0.00493455156457 -0.00859496499628 4.66542363793e-05 2.38497281446e-05
BPM.25R8.B2 24508.62405 0.00304312183529 -0.0094320004214 2.24374197706e-05 -4.73496546246e-05
BPM.26R8.B2 24562.07554 0.00379441737837 -0.00915563319924 -4.7598077232e-05 -2.19054956909e-05
BPM.27R8.B2 24615.52702 0.00181148077912 -0.00974380623031 -2.04655277177e-05 4.8234737603e-05
BPM.28R8.B2 24668.9785 0.00256475121756 -0.00956751417862 4.8043665259e-05 4.7304643525e-05
BPM.29R8.B2 24722.42999 0.000523083227179 -0.00989149434132 4.58399679872e-05 -4.94431048578e-05
BPM.30R8.B2 24775.88147 0.00131965977506 -0.00981701453654 -4.99535719193e-05 -4.52831503579e-05
BPM.31R8.B2 24829.33296 -0.000746672613086 -0.00987713300734 -4.37619230389e-05 5.12914985897e-05
BPM.32R8.B2 24882.78444 5.30396435704e-05 -0.00990517355596 5.17786095878e-05 4.31844725971e-05
BPM.33R8.B2 24936.23592 -0.00200402151385 -0.00970047287927 4.16093412301e-05 -5.30526727755e-05
BPM.34R8.B2 24989.68741 -0.00121461734525 -0.00983056361981 -5.3515504406e-05 -4.10123660113e-05
BPM.33L1.B2 25043.13889 -0.00322856559369 -0.00936438148306 -3.93861570033e-05 5.47234279578e-05
BPM.32L1.B2 25096.59038 -0.00246214677779 -0.0095944311764 5.51613108507e-05 3.87705127245e-05
BPM.31L1.B2 25150.04186 -0.00439994230344 -0.00887444556331 3.70956339913e-05 -5.63013088859e-05
BPM.30L1.B2 25203.49334 -0.00366938121115 -0.00920059334506 -5.67133511803e-05 -3.64625693643e-05
BPM.29L1.B2 25256.94483 -0.00549911270195 -0.00823863070024 -3.47424523034e-05 5.77830847047e-05
BPM.28L1.B2 25310.39631 -0.00481616153655 -0.008655626172 5.81687628826e-05 3.40927851473e-05
BPM.27L1.B2 25363.8478 -0.00650783781413 -0.00746748440343 3.23295575327e-05 -5.91669065512e-05
BPM.26L1.B2 25417.29928 -0.00591126161002 -0.00797008594442 -5.99427953616e-05 -4.28393806289e-06
BPM.25L1.B2 25470.75077 -0.00743676100818 -0.00656961715131 -2.48134104172e-06 6.00444309059e-05
BPM.24L1.B2 25524.20225 -0.00688222641253 -0.00714844342138 6.00684699117e-05 1.80822569286e-06
BPM.23L1.B2 25577.65373 -0.00821608509088 -0.00556428158778 2.51096665704e-09 -6.00956784248e-05
BPM.22L1.B2 25631.10522 -0.00776752721525 -0.00621097752244 -6.05095101361e-05 2.80514547073e-05
BPM.21L1.B2 25684.5567 -0.00888749138603 -0.00446354317607 2.98565582317e-05 5.96395080402e-05
BPM.20L1.B2 25738.00819 -0.00849822722769 -0.00516631927151 5.93010517167e-05 -3.05232705457e-05
BPM.19L1.B2 25791.45967 -0.00938548011948 -0.00328990634872 -3.22912246973e-05 -5.83571880902e-05
BPM.18L1.B2 25844.91115 -0.00908933161879 -0.00403667828058 -5.79919645068e-05 3.29426310881e-05
BPM.17L1.B2 25898.36264 -0.00972923044561 -0.00206223076825 3.46699206806e-05 5.69761361183e-05
BPM.16L1.B2 25951.81412 -0.00953103978099 -0.00284077480745 5.6583875348e-05 -3.53065180015e-05
BPM.15L1.B2 26005.26561 -0.00991310622489 -0.000800653374112 -3.69906460391e-05 -5.5497531952e-05
BPM.14L1.B2 26058.71709 -0.00981614387464 -0.00159813649547 -5.50798972774e-05 3.76097079529e-05
BPM.13L1.B2 26112.16857 -0.00993408118103 0.000474080091309 3.92474382795e-05 5.39251626551e-05
BPM.12L1.B2 26165.62006 -0.00980423598501 -0.00166963396307 5.65047594296e-05 -3.54329878873e-05
BPM.11L1.B2 26219.07154 -0.00962050455607 -0.00252123242413 -3.39349454042e-05 -5.74169283757e-05
BPM.10L1.B2 26271.85423 -0.00943823341218 -0.00313535817741 -5.10090329012e-05 4.29693289074e-05
BPM.9L1.B2 26310.92122 -0.0098938177644 -0.00101147954337 4.03556817701e-05 5.31008796757e-05
BPM.8L1.B2 26351.38621 -0.00624040786647 -0.00774390279533 2.52378329711e-05 -6.17360210073e-05
BPM.7L1.B2 26390.4542 -0.00893241936223 -0.00437294010803 -5.94018807143e-05 -3.03265768204e-05
BPMR.6L1.B2 26433.6382 -0.00992122859279 -0.000692779977847 -3.13477901257e-05 5.88693495622e-05
BPM.5L1.B2 26465.5382 -0.00671199396074 0.00733892757063 4.40380458002e-05 5.00892743151e-05
BPMYA.4L1.B2 26486.6562 -0.00494678688996 0.00862786301982 5.81118533775e-05 3.27306608635e-05
BPMWB.4L1.B2 26507.7127 -0.00385937690758 0.00916602043919 6.33929750839e-05 2.07271434525e-05
BPMSY.4L1.B2 26600.5687 -0.00354529291851 0.00929201909883 6.66919420553e-05 -6.85906741484e-07
BPMS.2L1.B2 26627.3542 -0.00342154933709 0.00933829328669 6.65034788815e-05 -5.05621508928e-06
BPMSW.1L1.B2 26637.4082 -0.00336897051872 0.0093573905626 6.62049222919e-05 -8.07447630273e-06
