BPMSW.1R1.B2 21.475 -0.00942266007121 -0.00326045877001 -3.17039180649e-05 -3.4477400843e-05
BPMS.2R1.B2 31.529 -0.00940417059995 -0.00331340594682 -3.3236962983e-05 -3.30003827369e-05
BPMSY.4R1.B2 58.3145 -0.00935932885458 -0.00343803328882 -3.53300829611e-05 -3.07506217138e-05
BPMWB.4R1.B2 151.1705 -0.0092369328808 -0.00375448803653 -4.33225255078e-05 -1.78037534026e-05
BPMYA.4R1.B2 172.227 -0.00871099519913 -0.00485135776891 -4.59688057227e-05 -8.98243898784e-06
BPMR.5R1.B2 199.635 -0.00688396178894 -0.00721305618674 -4.50337031267e-05 1.28755593473e-05
BPM.6R1.B2 231.535 0.00320678771809 -0.00944106042924 5.86355907048e-06 4.64697081293e-05
BPMRA.7R1.B2 259.259 0.00554282993639 -0.00828819315825 4.02614966671e-05 2.39338099997e-05
BPM.8R1.B2 300.6960106 0.00564799385469 -0.00821688961036 3.0810185691e-05 -3.52781395006e-05
BPM.9R1.B2 339.7610212 0.0037208290621 -0.00925054271585 -4.03236402691e-05 -2.38289505534e-05
BPM.10R1.B2 380.2240318 -2.55567464352e-05 -0.00997078012551 -1.27012379592e-05 4.50831841533e-05
BPM.11R1.B2 433.0047424 0.00533799444651 -0.00842157495215 4.67960210655e-05 -1.98668925255e-06
BPM.12R1.B2 487.7282583 0.0024279142892 -0.00967069499413 4.35927149847e-07 -4.68361494781e-05
BPM.13R1.B2 541.1767742 0.00195123081871 -0.00977802678369 -4.66487498871e-05 -4.20819782042e-06
BPM.14R1.B2 594.6252901 -0.000120805018604 -0.00997008102287 -2.80938115914e-06 4.67538479568e-05
BPM.15R1.B2 648.073806 0.000684188468785 -0.00994731097379 4.67821288031e-05 2.29072288446e-06
BPM.16R1.B2 701.5223219 -0.00139518008768 -0.00987271908014 8.89695527682e-07 -4.68297224048e-05
BPM.17R1.B2 754.9708378 -0.000593952812762 -0.00995310652639 -4.68367077265e-05 -3.70325589098e-07
BPM.18R1.B2 808.4193537 -0.00264662946598 -0.00961314006479 1.03144612686e-06 4.68268199923e-05
BPM.19R1.B2 861.8678696 -0.00186220552108 -0.0097953713588 4.6812499684e-05 -1.55072145298e-06
BPM.20R1.B2 915.3163855 -0.00385459811573 -0.00919560671426 -2.95097566426e-06 -4.67451232621e-05
BPM.21R1.B2 968.7649014 -0.00309998657186 -0.00947666569618 -4.67095264738e-05 3.46912699492e-06
BPM.22R1.B2 1022.213417 -0.00499922313993 -0.00862698541939 4.86534132739e-06 4.65847980564e-05
BPM.23R1.B2 1075.661933 -0.00428671349056 -0.00900228842634 4.65279675918e-05 -5.3817391226e-06
BPM.24R1.B2 1129.110449 -0.00613819074082 -0.00790204494218 -6.69522955117e-06 3.15439397132e-05
BPM.25R1.B2 1182.558965 -0.00548046843911 -0.00837162860565 3.16162632224e-05 6.3449458322e-06
BPM.26R1.B2 1236.007481 -0.00709858374534 -0.00705193651695 5.39587702711e-06 -3.17919872423e-05
BPM.27R1.B2 1289.455997 -0.00650637307938 -0.00760176355483 -3.18498659742e-05 -5.04303946356e-06
BPM.28R1.B2 1342.904513 -0.00801884550426 -0.00607139288415 -4.01192768599e-06 0.000109877392767
BPM.29R1.B2 1396.353029 -0.00750270167919 -0.00669874334436 0.000109915155959 2.79236647117e-06
BPM.30R1.B2 1449.801545 -0.00872961644681 -0.00499574734387 -4.99107038025e-07 -0.000109949480278
BPM.31R1.B2 1503.25006 -0.00829802694937 -0.00568387575087 -0.000109937206858 1.71749977798e-06
BPM.32R1.B2 1556.698576 -0.00929695103929 -0.00383801982741 5.00575682191e-06 0.000109836607369
BPM.33R1.B2 1610.147092 -0.00895689156087 -0.0045757828205 0.000109774287905 -6.22451069317e-06
BPM.34R1.B2 1663.595608 -0.00971153134286 -0.00261722253 -9.50774476031e-06 -0.000109538763472
BPM.33L2.B2 1717.044124 -0.00946866238648 -0.00339236310004 -0.00010942669612 1.07208561193e-05
BPM.32L2.B2 1770.49264 -0.00996653991499 -0.00135343154385 1.39898430625e-05 0.000109056968602
BPM.31L2.B2 1823.941156 -0.00982481224213 -0.00215331353955 0.000108894959745 -1.5199526291e-05
BPM.30L2.B2 1877.389672 -0.0100577906477 -6.73947759296e-05 -1.84523467541e-05 -0.000108391187524
BPM.29L2.B2 1930.838188 -0.0100195499658 -0.000878813569807 -0.000108180093939 1.96520856686e-05
BPM.28L2.B2 1984.286704 -0.00998378237474 0.0012197476506 2.28798870377e-05 0.000107543706643
BPM.27L2.B2 2037.73522 -0.0100496523254 0.000410101114129 0.000107283096303 -2.40722930912e-05
BPM.26L2.B2 2091.183735 -0.00982227207907 0.00250146035087 -2.7195597697e-05 -2.86242668417e-05
BPM.25L2.B2 2144.632251 -0.00999210081122 0.00170066283837 -2.83210463983e-05 2.75112274441e-05
BPM.24L2.B2 2198.080767 -0.00942158706136 0.00373738276362 2.83464375745e-05 2.74850617185e-05
BPM.23L2.B2 2251.529283 -0.00969245883118 0.00296489030164 2.71688867873e-05 -2.864962456e-05
BPM.22L2.B2 2304.977799 -0.00894263731627 0.00492650613539 -2.93736555911e-05 5.15923441336e-05
BPM.21L2.B2 2358.426315 -0.00931102027236 0.00418880966013 5.19149516476e-05 2.87996329111e-05
BPM.20L2.B2 2411.874831 -0.00823895815143 0.00602999116518 2.72328439039e-05 -5.27537071917e-05
BPM.19L2.B2 2465.323347 -0.00869871383595 0.00534542817728 -5.30524284248e-05 -2.66462125218e-05
BPM.18L2.B2 2518.771863 -0.00739993774664 0.00703435470998 -2.50469077478e-05 5.38259588746e-05
BPM.17L2.B2 2572.220379 -0.00794343730463 0.0064142831776 5.41004449343e-05 2.44483662798e-05
BPM.16L2.B2 2625.668894 -0.00643928911182 0.00792317995334 2.28181766748e-05 -5.48079558252e-05
BPM.15L2.B2 2679.11741 -0.00705770593976 0.00737766980486 -5.50576042306e-05 -2.22090372545e-05
BPM.14L2.B2 2732.565926 -0.00537288471115 0.00868178177113 -2.05516499938e-05 5.56974919561e-05
BPM.13L2.B2 2786.014442 -0.00605592468293 0.00821991490594 5.59220084662e-05 1.99326358034e-05
BPM.12L2.B2 2839.462958 -0.00400743258014 0.00939051164573 1.90054749611e-05 -5.62438718031e-05
BPM.11L2.B2 2892.911474 -0.00572932766082 0.00845080051628 -5.41491417031e-05 -2.43403303166e-05
BPM.10L2.B2 2944.750185 -0.00502462723946 0.00888787634661 -3.39909879875e-05 4.86743617472e-05
BPM.9L2.B2 2983.815195 -0.00314295694577 0.00971406436547 4.07449280133e-05 4.31790673654e-05
BPM.8L2.B2 3024.278206 0.000869594228052 0.010172759249 1.65252535926e-06 -5.93451761595e-05
BPM.7L2.B2 3063.344216 -0.00870206980093 0.00533996310208 -5.90160962108e-05 6.45608986204e-06
BPM.6L2.B2 3095.450216 -0.00917515051372 0.00447859776289 -4.93400507908e-05 3.30172715956e-05
BPMYB.5L2.B2 3167.649216 -0.00774950293729 0.00664728734323 3.00555516419e-05 5.11980853595e-05
BPMYB.4L2.B2 3188.219216 -0.00632032199683 0.008018401006 5.42704360531e-05 2.40686668818e-05
BPMWB.4L2.B2 3212.610716 -0.00771166884963 0.00669114253353 5.17655962693e-05 -2.90672360613e-05
BPMSX.4L2.B2 3262.843716 -0.00336180768542 0.00964051212031 -4.29155821314e-05 -4.10223525097e-05
BPMS.2L2.B2 3300.755216 -0.00334978267928 0.00964469702862 -5.92450860477e-05 -3.82101587315e-06
BPMSW.1L2.B2 3310.689216 -0.00370960181573 0.00951210172415 -5.82224154559e-05 1.16074056874e-05
BPMSW.1R2.B2 3353.879216 -0.00370956122528 0.00951211755359 -1.95301054557e-06 -5.9336047718e-05
BPMS.2R2.B2 3363.813216 -0.00334975147961 0.00964470787542 -1.72090794762e-05 -5.68192417426e-05
BPMSX.4R2.B2 3401.724716 -0.00336181721087 0.00964050879805 -4.97157060546e-05 -3.24488767413e-05
BPMWB.4R2.B2 3451.881716 -0.0077128034961 0.0066898346077 -1.66995980604e-05 5.69710839355e-05
BPMYB.4R2.B2 3476.349216 -0.00635558735652 0.00799047772148 3.57592921031e-05 4.73904412015e-05
BPM.5R2.B2 3505.883216 -0.00987926881398 0.00257706664957 5.82400723864e-05 -1.15184901093e-05
BPMR.6R2.B2 3579.179216 -0.0101546165651 0.00106065426398 -8.02628290108e-06 -5.88231275911e-05
BPM_A.7R2.B2 3592.054216 -0.0101002901923 0.00149176508068 -1.83655255272e-05 -5.64560744229e-05
BPM.8R2.B2 3633.493206 -0.00877271207522 0.00522309751811 -5.84250956817e-05 -1.05398921466e-05
BPM.9R2.B2 3672.560195 0.000277180443892 0.0102060960139 1.31487175644e-05 5.78938051139e-05
BPM.10R2.B2 3713.025185 0.00102748447011 0.0101580264082 5.87954514691e-05 8.22653195148e-06
BPM.11R2.B2 3764.865874 0.00179169934589 0.0100514197158 1.38842613908e-05 -5.77218187177e-05
BPM.12R2.B2 3819.592358 0.00115277177092 0.0101445720512 -5.87219836744e-05 -8.73554400524e-06
BPM.13R2.B2 3873.043842 0.00418136056732 0.00931436785704 -2.37046786006e-06 5.93208430375e-05
BPM.14R2.B2 3926.495326 0.00341613384 0.00962139565967 5.93436507147e-05 1.70638249472e-06
BPM.15R2.B2 3979.94681 0.00533869975469 0.00870284492558 -7.71272601748e-08 -5.93681353983e-05
BPM.16R2.B2 4033.398294 0.00461882213859 0.00910536692843 -5.93635373906e-05 7.42409286063e-07
BPM.17R2.B2 4086.849779 0.00640816119738 0.00794837686993 2.52572894888e-06 5.93144381368e-05
BPM.18R2.B2 4140.301263 0.0057457604666 0.00843963633729 5.92824241133e-05 -3.18996881262e-06
BPM.19R2.B2 4193.752747 0.00737231811244 0.00706329600662 -4.96937696244e-06 -5.91598333761e-05
BPM.20R2.B2 4247.204231 0.00677815008321 0.00763530656003 -5.91004265617e-05 5.63208552683e-06
BPM.21R2.B2 4300.655715 0.00821533194851 0.00606214035595 7.40532235555e-06 5.89045203303e-05
BPM.22R2.B2 4354.107199 0.00769926304418 0.00670541373644 5.88178841161e-05 -8.06460483674e-06
BPM.23R2.B2 4407.558683 0.00892333862515 0.0049613760745 -9.8278399728e-06 -5.85490740928e-05
BPM.24R2.B2 4461.010167 0.00839033741851 0.00565883779179 -6.00132200623e-05 0.000114105041847
BPM.25R2.B2 4514.461651 0.00938217894315 0.00379406450115 0.000115856345822 5.65584235161e-05
BPM.26R2.B2 4567.913135 0.00904533770683 0.00453895064052 5.52582533784e-05 -0.000116482068111
BPM.27R2.B2 4621.36462 0.00979043867 0.00256271687882 -0.000118089856991 -5.17332845828e-05
BPM.28R2.B2 4674.816104 0.00944820277886 0.00333798150743 -5.19815585821e-05 0.000222281698557
BPM.29R2.B2 4728.267588 0.00993527611628 0.00130420273599 0.000223742452261 4.52829882111e-05
BPM.30R2.B2 4781.719072 0.00979759462182 0.002101855366 4.2778089764e-05 -0.000224234848536
BPM.31R2.B2 4835.170556 0.0100204864681 2.25223607216e-05 -0.000225419364163 -3.60186690314e-05
BPM.32R2.B2 4888.62204 0.00998597653133 0.000831221427537 -3.34860714178e-05 0.000225809469629
BPM.33R2.B2 4942.073524 0.00994103836978 -0.00125952864809 0.000226713146349 2.66905219782e-05
BPM.34R2.B2 4995.525008 0.010010263255 -0.000453084877777 2.41533678011e-05 -0.000226997470388
BPM.33L3.B2 5048.976492 0.00969821400306 -0.00252097231508 -0.000227620941455 -1.73188362756e-05
BPM.32L3.B2 5102.427976 0.00987005310806 -0.00172994448418 -1.47630703081e-05 0.000227800983543
BPM.31L3.B2 5155.87946 0.00929607280382 -0.00374081364304 0.000228141546527 7.91648536454e-06
BPM.30L3.B2 5209.330945 0.00956765119807 -0.0029783731939 5.36402731368e-06 -0.000228215824156
BPM.29L3.B2 5262.782429 0.00874106467411 -0.00489943309786 -0.000228273933906 1.49880314542e-06
BPM.28L3.B2 5316.233913 0.00910802667146 -0.00417785907474 4.06006764005e-06 0.000228242743783
BPM.27L3.B2 5369.685397 0.00804259513022 -0.0059772334675 0.000228017920902 -1.0911445929e-05
BPM.26L3.B2 5423.136881 0.00839529742371 -0.00531517431959 -1.50438362121e-05 -0.000124260234269
BPM.25L3.B2 5476.588365 0.00710922093923 -0.00694197914921 -0.000123751994682 1.87714533292e-05
BPM.24L3.B2 5530.039849 0.0076463769174 -0.00634547215783 2.01576302628e-05 0.00012353377002
BPM.23L3.B2 5583.491333 0.00616285879281 -0.00779431000125 0.0001228726209 -2.38587843153e-05
BPM.22L3.B2 5636.942817 0.00666837904052 -0.00727800108892 -2.68132726908e-05 -1.89784576408e-05
BPM.21L3.B2 5690.394301 0.00501255520251 -0.00850357978847 -1.81642537059e-05 2.73713906872e-05
BPM.20L3.B2 5743.845786 0.00568256644706 -0.00807124634269 2.75731852739e-05 1.78564363847e-05
BPM.19L3.B2 5797.29727 0.00388356078299 -0.00907493991935 1.70200574077e-05 -2.80971716763e-05
BPM.18L3.B2 5850.748754 0.00460331257885 -0.0087319008314 -2.82860997636e-05 -1.6704185027e-05
BPM.17L3.B2 5904.200238 0.00269069580579 -0.00949719616376 -1.58467913446e-05 2.87752065696e-05
BPM.16L3.B2 5957.651722 0.00344848670588 -0.00924902796711 2.89509521822e-05 1.55233929297e-05
BPM.15L3.B2 6011.103206 0.00145367094513 -0.00976337132711 1.46466387502e-05 -2.94042388042e-05
BPM.14L3.B2 6064.55469 0.002236908395 -0.00961419885965 -2.95664932417e-05 -1.43162762016e-05
BPM.13L3.B2 6118.006174 0.00019270188494 -0.00986911570836 -1.34215141181e-05 2.9983264572e-05
BPM.12L3.B2 6171.457658 0.00242886800427 -0.00956750642102 2.88801419686e-05 1.56547386429e-05
BPM.11L3.B2 6224.909142 0.0033894668853 -0.00927081944151 1.69118613848e-05 -2.81624223095e-05
BPM.10L3.B2 6277.691832 0.00687171171772 -0.00708633593721 -2.67182653363e-05 -1.91119629323e-05
BPM.9L3.B2 6316.758821 0.00558411717975 -0.00813966916843 -3.18407619228e-05 8.08077903951e-06
BPM.8L3.B2 6357.223811 0.00394023285383 -0.0090504775569 -1.18598349511e-05 3.06345766876e-05
BPM.7L3.B2 6396.2898 -0.000224204922577 -0.00986845028611 2.18564054574e-05 2.45240837398e-05
BPMR.6L3.B2 6468.9288 -0.00790231503232 -0.00591523421846 1.12865871405e-05 -3.08503808979e-05
BPMWE.5L3.B2 6511.9823 -0.00802535110165 -0.00574720093265 -9.07536350261e-06 -3.15716769269e-05
BPMW.5L3.B2 6539.5273 -0.005897995601 -0.00791518962353 -2.21478238924e-05 -2.42612369634e-05
BPMWE.4L3.B2 6614.6553 -0.00826954208566 -0.00538992139059 -2.96647496692e-05 1.41115461771e-05
BPMW.4L3.B2 6642.2003 -0.00948901368352 0.00271941137259 -4.19956448373e-06 3.25806179485e-05
BPMW.4R3.B2 6687.1653 -0.00866701802357 0.00472433882888 1.67026615838e-05 2.828700396e-05
BPMWE.4R3.B2 6714.7103 -0.00940675614307 0.00299157446153 2.60476627712e-05 2.00163036032e-05
BPMW.5R3.B2 6789.8383 -0.00868116617348 0.00469829040689 2.94983365969e-05 -1.44561909773e-05
BPMWE.5R3.B2 6817.3833 -0.00609016280155 0.00776830070949 1.63256309682e-05 -2.85062635402e-05
BPMWC.6R3.B2 6858.3743 -0.00531926162814 0.00831516894836 -4.02790318899e-06 -3.26022904057e-05
BPM.6R3.B2 6870.5288 -0.00618169080447 0.00769566616337 -1.10962632102e-05 -3.09193492727e-05
BPM_A.7R3.B2 6926.3528 -0.00600801233504 0.00783200911134 -3.26875200034e-05 -3.26488836092e-06
BPM.8R3.B2 6965.418789 -0.00929005287214 0.00333638974347 -5.4231739049e-06 3.239942622e-05
BPM.9R3.B2 7004.485779 -0.00780419187662 -0.00604410192032 3.28499192892e-05 -1.26197099477e-07
BPM.10R3.B2 7044.950768 -0.00844879397572 -0.00510435689376 2.24457341886e-05 -2.39858678976e-05
BPM.11R3.B2 7097.733458 -0.00963163630737 -0.00216059273516 -1.89970555057e-05 -2.68000961225e-05
BPM.12R3.B2 7152.459942 -0.00981915907576 0.00101029396931 -2.20214615145e-05 2.43759789223e-05
BPM.13R3.B2 7205.911426 -0.00985932353028 -0.000479915013655 2.57363825205e-05 2.04149881436e-05
BPM.14R3.B2 7259.36291 -0.00974424500387 0.00157679046391 1.96327046093e-05 -2.63380002885e-05
BPM.15R3.B2 7312.814394 -0.00983971987508 0.000785169845768 -2.65563085102e-05 -1.93363863879e-05
BPM.16R3.B2 7366.265878 -0.00946246967053 0.00281038193882 -1.85299340584e-05 2.71251759893e-05
BPM.17R3.B2 7419.717362 -0.00965842731545 0.00203748881349 2.73310858328e-05 1.82248399924e-05
BPM.18R3.B2 7473.168846 -0.00902519624423 0.00399780084752 1.73953872066e-05 -2.78663525562e-05
BPM.19R3.B2 7526.62033 -0.00931842458541 0.00325630804959 -2.80594924334e-05 -1.70820943037e-05
BPM.20R3.B2 7580.071814 -0.00843962151062 0.00511950853593 -1.62314871318e-05 2.85599688727e-05
BPM.21R3.B2 7633.523299 -0.00882528358107 0.00442164545508 2.87400463931e-05 1.59104664276e-05
BPM.22R3.B2 7686.974783 -0.00771534741818 0.00615710915566 1.50397404131e-05 -2.92051281449e-05
BPM.23R3.B2 7740.426267 -0.00818713820587 0.00551428570687 -2.93717931327e-05 -1.47116028989e-05
BPM.24R3.B2 7793.877751 -0.00690048474989 0.00710043748349 -1.37824179934e-05 6.66352279171e-05
BPM.25R3.B2 7847.329235 -0.00745103090682 0.00652035586774 6.67854971739e-05 1.30347929349e-05
BPM.26R3.B2 7900.780719 -0.00593543820371 0.00792486438973 1.10221437167e-05 -6.71470070026e-05
BPM.27R3.B2 7954.232203 -0.00655573919611 0.00741991818192 -6.7266258166e-05 -1.02692934484e-05
BPM.28R3.B2 8007.683687 -0.00490904784246 0.00862597277164 -8.20381337553e-06 0.000104379342446
BPM.29R3.B2 8061.135171 -0.00558918513345 0.00820165632977 0.000104464726819 7.03346699857e-06
BPM.30R3.B2 8114.586655 -0.00376520892138 0.00918310180459 3.89140366177e-06 -0.000104628899383
BPM.31R3.B2 8168.03814 -0.00449417941253 0.00884920948096 -0.000104665929064 -2.71919502757e-06
BPM.32R3.B2 8221.489624 -0.00255951444841 0.00958931920257 4.26272368959e-07 0.000104700372572
BPM.33R3.B2 8274.941108 -0.00332505685238 0.00935147869846 0.000104689025954 -1.59950778977e-06
BPM.34R3.B2 8328.392592 -0.00131175253022 0.00983796027022 -4.74415075456e-06 -0.00010459370338
BPM.33L4.B2 8381.844076 -0.00210159046616 0.00969997290989 -0.000104533992393 5.91561743017e-06
BPM.32L4.B2 8435.29556 -4.24307780289e-05 0.00992493610115 9.05347430064e-06 0.000104309081161
BPM.31L4.B2 8488.747044 -0.000843270708341 0.00988913805597 0.000104201096796 -1.0221572609e-05
BPM.30L4.B2 8542.198528 0.00122757176507 0.00984881843139 -1.33474295007e-05 -0.000103846981554
BPM.29L4.B2 8595.650012 0.000428575877477 0.00991576924372 -0.000103690900193 1.45102230914e-05
BPM.28L4.B2 8649.101496 0.00247743021328 0.00961085306041 1.76190806922e-05 0.000103208127567
BPM.27L4.B2 8702.55298 0.00169371115449 0.00977944269885 0.000103004291685 -1.8774061736e-05
BPM.26L4.B2 8756.004465 0.003650383454 0.00922186106292 -2.18195936984e-05 -6.5558967547e-05
BPM.25L4.B2 8809.455949 0.00289412500498 0.00948641456507 -6.53103254959e-05 2.25529244684e-05
BPM.24L4.B2 8862.907433 0.00480013638701 0.00867909623598 2.45050073683e-05 6.46032367026e-05
BPM.23L4.B2 8916.358917 0.00408400405068 0.00903819294761 6.43247146684e-05 -2.52270598059e-05
BPM.22L4.B2 8969.810401 0.00583479991883 0.00800062390892 -2.71076933448e-05 -2.67029932576e-05
BPM.21L4.B2 9023.261885 0.00517001472749 0.00844546154858 -2.63975292848e-05 2.7405241908e-05
BPM.20L4.B2 9076.713369 0.0068103722844 0.007188442285 2.8185952455e-05 2.55622514846e-05
BPM.19L4.B2 9130.164853 0.00620796664546 0.00771466286826 2.52449414453e-05 -2.8470501943e-05
BPM.18L4.B2 9183.616337 0.00767399496047 0.00625816861799 -2.9216085496e-05 -2.43782071018e-05
BPM.17L4.B2 9237.067821 0.00714384837795 0.00685713521846 -2.40492334334e-05 2.94874685971e-05
BPM.16L4.B2 9290.519306 0.00841154070603 0.00522502210591 3.0196685666e-05 2.31524797363e-05
BPM.15L4.B2 9343.97079 0.00796238011162 0.00588688168783 2.28128128772e-05 -3.04541001952e-05
BPM.14L4.B2 9397.422274 0.0090108417697 0.0041060447665 -3.11257345264e-05 -2.18875725672e-05
BPM.13L4.B2 9450.873758 0.00865003659939 0.00481993152038 -2.15373347951e-05 3.13690900726e-05
BPM.12L4.B2 9504.325242 0.00970659549077 0.00195879478171 3.07901739221e-05 2.23571428479e-05
BPM.11L4.B2 9557.776726 0.00963036075662 0.0023045660562 2.711242837e-05 -2.66981863222e-05
BPMC.10L4.B2 9609.617415 0.00984179519422 0.00109267580489 -2.26558362009e-05 -3.05710609372e-05
BPMC.9L4.B2 9648.684405 0.00990080147658 0.000170303068262 -3.42197259221e-05 1.66399318206e-05
BPMC.8L4.B2 9689.149394 0.00946942126508 -0.00289567504139 3.59676921806e-05 1.24178048625e-05
BPMC.7L4.B2 9728.215384 0.00832339007278 0.0053643313411 8.69891943333e-06 -3.70432980538e-05
BPMYA.6L4.B2 9824.819384 0.00902256984821 0.00408020911032 -3.30861967903e-05 -1.87930944758e-05
BPMYB.5L4.B2 9861.819384 0.00901520460166 0.00409645686795 -3.69228491145e-05 -9.19676894846e-06
BPMWA.B5L4.B2 9964.209884 0.00984927342528 -0.00102307675368 -2.65087128378e-05 2.72977114706e-05
BPMWA.A5L4.B2 9973.094884 0.00980666266184 -0.00137267638967 -2.38376715246e-05 2.9658762742e-05
BPMWA.A5R4.B2 10021.14388 0.00958891822459 -0.00247133978404 -7.74291495036e-06 3.72548544208e-05
BPMWA.B5R4.B2 10030.02888 0.00957343003345 -0.00253067391166 -4.71040654033e-06 3.77582942005e-05
BPMYA.5R4.B2 10132.49538 0.00985697779675 -0.000945971592266 2.446840484e-05 2.91406095495e-05
BPMYB.6R4.B2 10164.05938 0.00983003581441 -0.00119384638569 3.01757455106e-05 2.31797814057e-05
BPMCA.7R4.B2 10260.57538 0.00963513733787 0.00228451340574 1.96915121781e-05 -3.255950205e-05
BPMC.8R4.B2 10298.36637 0.00867978663144 0.00476614908309 -3.37467237112e-05 -1.75793948058e-05
BPMC.9R4.B2 10337.43336 0.00969714382543 -0.00200506226281 -3.07171454314e-06 3.79267793969e-05
BPMC.10R4.B2 10377.89835 0.00961123673726 -0.00238306554776 3.57111555615e-05 1.31373574595e-05
BPM.11R4.B2 10429.73904 0.00827845256271 -0.00543342398274 1.63221761996e-05 -3.43724232514e-05
BPM.12R4.B2 10484.46553 0.00808303239512 -0.00572009268578 -3.35554097396e-05 -1.79418831944e-05
BPM.13R4.B2 10537.91701 0.00670660276674 -0.00728535190471 -1.68785709838e-05 3.4102645185e-05
BPM.14R4.B2 10591.36849 0.00727275409434 -0.00672026196914 3.42896057327e-05 1.64954442906e-05
BPM.15R4.B2 10644.81998 0.00571952417621 -0.00808343468117 1.54579113164e-05 -3.47696658113e-05
BPM.16R4.B2 10698.27146 0.00635326550421 -0.00759545196336 -3.49406761177e-05 -1.50673762731e-05
BPM.17R4.B2 10751.72295 0.0046384207188 -0.00874870997747 -1.40107608493e-05 3.53776097482e-05
BPM.18R4.B2 10805.17443 0.00532944113983 -0.00834577319415 3.55323632584e-05 1.3613516143e-05
BPM.19R4.B2 10858.62591 0.00348113827748 -0.00927019683393 1.25399225847e-05 -3.59253010879e-05
BPM.20R4.B2 10912.0774 0.00421795945157 -0.008959000566 -3.60635386825e-05 -1.21366206609e-05
BPM.21R4.B2 10965.52888 0.00226660597001 -0.00963936566472 -1.10476309268e-05 3.6411901946e-05
BPM.22R4.B2 11018.98037 0.00303725734087 -0.0094249637116 3.65333991818e-05 1.06389775953e-05
BPM.23R4.B2 11072.43185 0.00101487218369 -0.00985012220728 9.53661147896e-06 -3.68365294461e-05
BPM.24R4.B2 11125.88333 0.00175509896526 -0.00973932336587 -3.77272071183e-05 4.24545868511e-05
BPM.25R4.B2 11179.33482 -0.000304536771544 -0.00989151400652 4.35688507876e-05 3.64347245408e-05
BPM.26R4.B2 11232.7863 0.000494814714206 -0.00988382266023 3.59442790224e-05 -4.39743426962e-05
BPM.27R4.B2 11286.23779 -0.00156748460987 -0.0097712734073 -4.50343983133e-05 -3.46068878414e-05
BPM.28R4.B2 11339.68927 -0.000825153108855 -0.0098691668631 -3.4886458673e-05 9.69972010006e-05
BPM.29R4.B2 11393.14075 -0.00285551479125 -0.00948300413725 9.80015204551e-05 3.19566036601e-05
BPM.30R4.B2 11446.59224 -0.0020808550393 -0.00968252934503 3.0856341272e-05 -9.83534862367e-05
BPM.31R4.B2 11500.04372 -0.0040453078254 -0.00903973543839 -9.92361019966e-05 -2.78876072464e-05
BPM.32R4.B2 11553.49521 -0.00330245325666 -0.00933676253911 -2.67743757294e-05 9.95422261943e-05
BPM.33R4.B2 11606.94669 -0.00516838328139 -0.0084480261874 0.00010030172136 2.37715539509e-05
BPM.34R4.B2 11660.39818 -0.00446970988134 -0.00883759162853 2.26458170899e-05 -0.000100561867044
BPM.33L5.B2 11713.84966 -0.00620674128588 -0.00771736320426 -0.000101196783425 -1.96146228392e-05
BPM.32L5.B2 11767.30114 -0.0055635723057 -0.00819316760597 -1.84801382257e-05 0.000101410089739
BPM.31L5.B2 11820.75263 -0.00714292570723 -0.00686002511869 0.000101919568484 1.54247516262e-05
BPM.30L5.B2 11874.20411 -0.00656597074228 -0.00741413247997 1.42812347259e-05 -0.000102086079776
BPM.29L5.B2 11927.6556 -0.00796187497454 -0.00588981147322 -0.000102469012016 -1.12082281384e-05
BPM.28L5.B2 11981.10708 -0.00746049688844 -0.00651324177323 -1.00601620208e-05 0.000102588089029
BPM.27L5.B2 12034.55856 -0.008649882495 -0.00482295190271 0.000102844054515 6.97297887698e-06
BPM.26L5.B2 12088.01005 -0.0082838977823 -0.00550861283059 5.03391373482e-06 -5.13381098726e-05
BPM.25L5.B2 12141.46153 -0.0092468585805 -0.00366924845398 -5.14661606261e-05 -3.48941275208e-06
BPM.24L5.B2 12194.91302 -0.00892053433485 -0.00440361726777 -2.91275510397e-06 5.15020115641e-05
BPM.23L5.B2 12248.3645 -0.00964027297072 -0.00245619928124 5.15662798406e-05 1.36398967417e-06
BPM.22L5.B2 12301.81598 -0.00946207745253 -0.00322952844597 -2.78804594688e-11 -1.40172245818e-10
BPM.21L5.B2 12355.26747 -0.00992633318517 -0.00119527116316 -1.37481438226e-10 3.533736602e-11
BPM.20L5.B2 12408.71895 -0.00979747636686 -0.00199254122452 3.21929798014e-11 1.38530452787e-10
BPM.19L5.B2 12462.17044 -0.00999768177674 8.43963551244e-05 1.3386886269e-10 -3.69996946314e-11
BPM.18L5.B2 12515.62192 -0.00997187601947 -0.000722808631426 -4.21279330364e-11 -1.32823040862e-10
BPM.17L5.B2 12569.07341 -0.00990474062934 0.0013626726618 -1.31508560458e-10 4.19478802879e-11
BPM.16L5.B2 12622.52489 -0.00998240991296 0.00055879872294 4.83241589488e-11 1.33979695736e-10
BPM.15L5.B2 12675.97637 -0.00964903693635 0.00261855874211 1.24299362205e-10 -4.47686684306e-11
BPM.14L5.B2 12729.42786 -0.00982890486818 0.00183122712947 -5.37451264454e-11 -1.2599879114e-10
BPM.13L5.B2 12782.87934 -0.00923477273624 0.00383141438458 -1.30632738976e-10 5.41940089252e-11
BPM.12L5.B2 12836.33083 -0.00984198718243 0.00175956016566 4.9186251548e-11 1.30843006741e-10
BPM.11L5.B2 12889.78231 -0.00995821319213 0.000891489595451 1.33935002028e-10 -4.48952328671e-11
BPM.10L5.B2 12942.565 -0.00999494846559 0.000248533466073 -6.16239344088e-11 -1.29821469441e-10
BPM.9L5.B2 12981.63199 -0.00970258834048 0.00241258018954 -1.29760286806e-10 5.73733914509e-11
BPM.8L5.B2 13022.09698 -0.00853969204528 -0.00519946376547 1.12018420456e-10 8.39539052823e-11
BPM.7L5.B2 13061.16497 -0.00993797131365 -0.0010942987978 8.64726111553e-11 -1.05000559499e-10
BPMR.6L5.B2 13098.05897 -0.00999787072425 5.78323572716e-05 -6.34717454949e-11 -1.24989099975e-10
BPMWT.B6L5.B2 13109.36897 -0.00874291020044 0.00484997782427 -1.28162385286e-10 -5.62387911215e-11
BPMWT.A6L5.B2 13115.19097 -0.00738199502576 0.00674291577047 -1.39276632775e-10 -1.69997027675e-11
BPM.5L5.B2 13129.95897 -0.00457758769313 0.00888855750955 -1.30666403893e-10 4.75234298205e-11
BPMYA.4L5.B2 13157.36497 -0.00174098429384 0.00984529011079 -9.94045868223e-11 1.01858282138e-10
BPMWB.4L5.B2 13178.42347 -0.000529017017993 0.0099840324872 -6.96501318104e-11 1.19072387409e-10
BPMWT.B4L5.B2 13178.89297 -0.000513894365396 0.00998482229431 -7.43444959592e-11 1.19658535719e-10
BPMWT.A4L5.B2 13180.87497 -0.000453813828421 0.00998773330973 -7.54225657909e-11 1.19138805282e-10
BPMSY.4L5.B2 13271.27947 -0.000189034724344 0.00999625077588 -3.18623326793e-11 1.36557091887e-10
BPMS.2L5.B2 13298.06497 -5.62328052742e-05 0.0099978798526 5.7977652889e-11 1.37852443442e-10
BPMSW.1L5.B2 13308.11897 2.48882357109e-09 0.00999803799071 -2.55701102651e-11 1.39216553079e-10
BPMSW.1R5.B2 13351.06897 3.78277120227e-09 0.00999803799071 -3.47189504637e-11 1.30663999907e-10
BPMS.2R5.B2 13361.12297 -5.62319673038e-05 0.0099978798578 1.6812096163e-11 1.3330513423e-10
BPMSY.4R5.B2 13387.90847 -0.000189034446587 0.00999625078073 -1.95086961091e-11 1.35084735626e-10
BPMWB.4R5.B2 13480.76447 -0.000529046227889 0.00998403093792 1.08581243714e-11 1.38162013168e-10
BPMYA.4R5.B2 13501.82097 -0.00174090170936 0.00984530471642 3.53910880168e-11 1.33647504201e-10
BPMR.5R5.B2 13522.93897 -0.00384963849984 0.00922719063785 7.97111343886e-11 1.16977700266e-10
BPM.6R5.B2 13554.83897 -0.00962025790849 0.00272238892923 1.37463107886e-10 -3.00667978793e-11
BPMRA.7R5.B2 13588.85297 -0.00967139489591 -0.00253473558377 4.53178764411e-12 -1.36467589717e-10
BPM.8R5.B2 13630.28998 -0.00963830742436 -0.00265777984497 -1.38241105657e-10 -2.99059164973e-11
BPM.9R5.B2 13669.35499 -0.0099858904306 -0.000492702723662 -1.22953743434e-11 1.38619675663e-10
BPM.10R5.B2 13709.818 -0.00943997668435 0.00329357008658 1.34321397788e-10 -2.33620959246e-11
BPM.11R5.B2 13762.59871 -0.00973062355815 -0.00229689547744 -6.26365336345e-11 -1.30147996711e-10
BPM.12R5.B2 13817.32223 -0.00996009093736 0.000870259848102 -1.25168124879e-10 6.26752494278e-11
BPM.13R5.B2 13870.77074 -0.00990550156712 0.00135713018396 5.17642791739e-11 1.30423487948e-10
BPM.14R5.B2 13924.21926 -0.00940808049238 0.00338360534539 1.25314393617e-10 -4.70163950417e-11
BPM.15R5.B2 13977.66777 -0.00965044692185 0.00261335759251 -5.43789379781e-11 -1.27717507281e-10
BPM.16R5.B2 14031.11629 -0.00889795933185 0.00455928540645 -1.29382240136e-10 5.90288983965e-11
BPM.17R5.B2 14084.56481 -0.0092368658421 0.00382636552337 5.97416267073e-11 1.24874191909e-10
BPM.18R5.B2 14138.01332 -0.00824163820272 0.00566004977018 1.28920516873e-10 -6.75485910176e-11
BPM.19R5.B2 14191.46184 -0.00867151247642 0.00497650832507 -6.81524362404e-11 -1.22054505973e-10
BPM.20R5.B2 14244.91035 -0.00744989682516 0.0066678183079 -1.17950428724e-10 6.33368749739e-11
BPM.21R5.B2 14298.35887 -0.00796368193319 0.00604487666007 6.38767692193e-11 1.20546073e-10
BPM.22R5.B2 14351.80738 -0.00653575133807 0.00756602393078 1.18592687832e-10 -7.17958431914e-11
BPM.23R5.B2 14405.2559 -0.0071249960958 0.00701392859184 -6.99867930737e-11 -1.1602516989e-10
BPM.24R5.B2 14458.70442 -0.00548198584296 0.00833374506625 -3.24448007495e-08 -3.28185355677e-05
BPM.25R5.B2 14512.15293 -0.00613664401388 0.00786416402915 -3.28161561156e-05 3.96355810036e-07
BPM.26R5.B2 14565.60145 -0.00437090385382 0.00896653082958 1.37817285316e-06 3.27896013727e-05
BPM.27R5.B2 14619.04996 -0.00508020716012 0.0085845774969 3.27723001276e-05 -1.74175664443e-06
BPM.28R5.B2 14672.49848 -0.00315578174224 0.00944582304772 -2.75411089871e-06 -6.55239779742e-05
BPM.29R5.B2 14725.947 -0.00390779653189 0.00916033065203 -6.5489410825e-05 3.48048023084e-06
BPM.30R5.B2 14779.39551 -0.00192155001349 0.00977190754158 5.4386756372e-06 6.53559307276e-05
BPM.31R5.B2 14832.84403 -0.00270380720865 0.00958498607252 6.52915948969e-05 -6.16318827433e-06
BPM.32R5.B2 14886.29254 -0.000655750764277 0.00993743037212 -8.11436572649e-06 -6.50779059818e-05
BPM.33R5.B2 14939.74106 -0.00145559407656 0.00985209507341 -6.49839210224e-05 8.83554772915e-06
BPM.34R5.B2 14993.18958 0.000620836548979 0.00993967270532 1.07763135874e-05 6.46903995033e-05
BPM.33L6.B2 15046.63809 -0.000183251236261 0.00995735659915 6.456692188e-05 -1.14930193427e-05
BPM.32L6.B2 15100.08661 0.00188720141409 0.00977859920171 -1.34200363141e-05 -6.41940789241e-05
BPM.31L6.B2 15153.53512 0.00109188584442 0.00989900584658 -6.40412837179e-05 1.41311913279e-05
BPM.30L6.B2 15206.98364 0.0031225864781 0.00945684858196 1.60414450115e-05 6.3589691262e-05
BPM.29L6.B2 15260.43215 0.0023492954205 0.00967798235589 6.34079199614e-05 -1.67455265983e-05
BPM.28L6.B2 15313.88067 0.004306630718 0.00897972512292 -1.8635446546e-05 -6.28784328872e-05
BPM.27L6.B2 15367.32919 0.00356790144932 0.00929798960539 -6.26678472488e-05 1.93317894621e-05
BPM.26L6.B2 15420.7777 0.0054521689503 0.0083489007862 2.11662934049e-05 2.92427313381e-05
BPM.25L6.B2 15474.22622 0.00476065817669 0.00876164506978 2.90062534298e-05 -2.14892237685e-05
BPM.24L6.B2 15527.67473 0.00647534710389 0.00758288668148 -2.23476140091e-05 -2.83501959119e-05
BPM.23L6.B2 15581.12325 0.0058422953271 0.00808071011167 -2.81005625369e-05 2.26607118113e-05
BPM.22L6.B2 15634.57177 0.00742439090141 0.00668611649559 2.34592568726e-05 -5.40875694063e-06
BPM.21L6.B2 15688.02028 0.00686061296528 0.00726345123113 -5.66855178232e-06 -2.3397836567e-05
BPM.20L6.B2 15741.4688 0.00821867020021 0.00568147816509 -2.32177130089e-05 6.36624256372e-06
BPM.19L6.B2 15794.91731 0.00773338690253 0.00632617270324 6.62335705474e-06 2.3145679101e-05
BPM.18L6.B2 15848.36583 0.00887792899936 0.00458346055934 2.2937111673e-05 -7.31301180286e-06
BPM.17L6.B2 15901.81435 0.00847909441157 0.00528494957038 -7.5669027587e-06 -2.28546105459e-05
BPM.16L6.B2 15955.26286 0.00939130297745 0.003410155772 -2.2617918942e-05 8.24749367785e-06
BPM.15L6.B2 16008.71138 0.00908548316259 0.00415688942365 8.49785126448e-06 2.2525046075e-05
BPM.14L6.B2 16062.15989 0.00975037625546 0.00218080190593 2.22606769907e-05 -9.16808742219e-06
BPM.13L6.B2 16115.60841 0.00954258901599 0.00296052848582 -9.41435733843e-06 -2.21576421288e-05
BPM.12L6.B2 16169.05693 0.0099618430995 0.000766430742982 -2.1955233449e-05 9.87720248456e-06
BPM.11L6.B2 16222.50544 0.00968611932551 0.00245047472797 8.29544907332e-06 2.26003754659e-05
BPM.10L6.B2 16274.34415 0.00996358431804 0.000743452493357 2.3716889529e-05 -4.13528626191e-06
BPM.9L6.B2 16313.40916 0.00997136086845 -0.000630631832973 4.41584507333e-06 -2.36662613432e-05
BPM.8L6.B2 16353.87217 0.00800358635356 -0.00598066380077 -2.35748708788e-05 4.88024160916e-06
BPMYB.5L6.B2 16450.96018 0.00956335574665 0.00289274280769 2.15526600833e-05 1.07272709367e-05
BPMYA.4L6.B2 16487.36018 0.00966948600975 0.00251530808615 2.34515333594e-05 5.44224100001e-06
BPMSB.B4L6.B2 16518.13068 0.00932255036797 0.00359385428748 2.40747019164e-05 -5.73707335891e-09
BPMSB.A4L6.B2 16518.76568 0.00931310201544 0.0036182682084 2.40743448994e-05 -1.3133133784e-07
BPMSA.4L6.B2 16615.57568 0.00699652349257 0.00713262875994 1.32642340385e-05 -2.00910779356e-05
BPMSE.4R6.B2 16707.14568 0.00677674404005 0.00734176233763 -9.74815712019e-06 -2.20128304765e-05
BPMSA.A4R6.B2 16803.82068 0.00895934620571 0.00442219963542 -2.34127987307e-05 -5.60643081456e-06
BPMSA.B4R6.B2 16804.40568 0.00896931482734 0.00440194565787 -2.34381786977e-05 -5.49937103192e-06
BPMYB.4R6.B2 16830.96018 0.00934963285147 0.00352279712032 -2.40568618639e-05 -9.26702610864e-07
BPMYA.5R6.B2 16867.36018 0.00938420638364 0.00342963639137 -2.36989946961e-05 4.23627588784e-06
BPM.8R6.B2 16963.08519 0.00993887364331 -0.00102201990544 7.73763683822e-06 2.27973757521e-05
BPM.9R6.B2 17002.1502 0.00659781058354 -0.00750297471122 2.18203801467e-05 -1.01716432625e-05
BPM.10R6.B2 17042.61322 0.00496103488585 -0.00867259285893 -3.76850554516e-06 -2.37779275046e-05
BPM.11R6.B2 17094.45193 0.00254872572294 -0.00966073140122 -2.30980967758e-05 6.78743046411e-06
BPM.12R6.B2 17149.17544 0.00454510543735 -0.00889762611542 9.85816403687e-06 2.19637870363e-05
BPM.13R6.B2 17202.62396 0.00258587830764 -0.00965085319545 2.16475301766e-05 -1.05345056258e-05
BPM.14R6.B2 17256.07247 0.00335622889245 -0.0094107099424 -1.07739128726e-05 -2.15293758281e-05
BPM.15R6.B2 17309.52099 0.00133006797439 -0.009902355942 -2.11973095724e-05 1.1413381388e-05
BPM.16R6.B2 17362.96951 0.00212485136047 -0.00976272199623 1.16477610125e-05 2.10694304662e-05
BPM.17R6.B2 17416.41802 5.24681756359e-05 -0.00999114513567 2.07114242735e-05 -1.22730617622e-05
BPM.18R6.B2 17469.86654 0.000858542031465 -0.00995432768288 -1.25019870419e-05 -2.05740511483e-05
BPM.19R6.B2 17523.31505 -0.00122605610057 -0.00991577129627 -2.01907059119e-05 1.31120817529e-05
BPM.20R6.B2 17576.76357 -0.000421852580209 -0.0099823731863 1.33351869685e-05 2.00440521832e-05
BPM.21R6.B2 17630.21209 -0.0024843749869 -0.00967747977971 1.96360019908e-05 -1.39290635625e-05
BPM.22R6.B2 17683.6606 -0.001695339191 -0.00984639827764 -1.41459635699e-05 -1.94803231151e-05
BPM.23R6.B2 17737.10912 -0.00370192946578 -0.00928016444863 -1.90482750761e-05 1.47225797895e-05
BPM.24R6.B2 17790.55763 -0.00299132647101 -0.00955184424861 1.41572569783e-05 6.93928170357e-05
BPM.25R6.B2 17844.00615 -0.00490852503678 -0.00872308114317 6.89380311773e-05 -1.62277057727e-05
BPM.26R6.B2 17897.45466 -0.00418863094478 -0.00909071688266 -1.69913422876e-05 -6.87538013438e-05
BPM.27R6.B2 17950.90318 -0.00598412491008 -0.00802346631184 -6.82145866258e-05 1.9041039914e-05
BPM.28R6.B2 18004.3517 -0.00536747920304 -0.00848344493539 1.90202815885e-05 0.000118508648179
BPM.29R6.B2 18057.80021 -0.00701120288445 -0.00718482463755 0.000117886233186 -2.2558956439e-05
BPM.30R6.B2 18111.24873 -0.00640859552611 -0.00772713235044 -2.38654916785e-05 -0.000117628692863
BPM.31R6.B2 18164.69724 -0.0078727606358 -0.00622882901918 -0.000116862017012 2.73740783616e-05
BPM.32R6.B2 18218.14576 -0.0073443818071 -0.00684388243552 2.86677425175e-05 0.000116551411187
BPM.33R6.B2 18271.59428 -0.00860481587703 -0.00517066869682 0.000115641018741 -3.21438055783e-05
BPM.34R6.B2 18325.04279 -0.00815952440933 -0.00584814777579 -3.34249220058e-05 -0.000115277253233
BPM.33L7.B2 18378.49131 -0.00919558733863 -0.0040273867911 -0.000114225709809 3.68586041385e-05
BPM.32L7.B2 18431.93982 -0.00884057123313 -0.00475636113385 3.81224184176e-05 0.000113810160225
BPM.31L7.B2 18485.38834 -0.00963520493601 -0.00281806615149 0.000112617883691 -4.15124302076e-05
BPM.30L7.B2 18538.83686 -0.00937638094936 -0.00358638415065 -4.27594320896e-05 -0.000112150352704
BPM.29L7.B2 18592.28537 -0.00991653937991 -0.00156234365385 -0.000110821044055 4.60951897209e-05
BPM.28L7.B2 18645.73389 -0.00975811432295 -0.00235751474647 4.73207328554e-05 0.000110303308837
BPM.27L7.B2 18699.1824 -0.0100349243122 -0.000281007116709 0.000108837167869 -5.06018014394e-05
BPM.26L7.B2 18752.63092 -0.0100299551523 -0.00109307109083 -5.25814313117e-05 -5.77605133615e-05
BPM.25L7.B2 18806.07943 -0.0100384276427 0.00101231184614 -5.61615563325e-05 5.42859405469e-05
BPM.24L7.B2 18859.52795 -0.0100873797375 0.000198934140391 5.49053836929e-05 5.55561210151e-05
BPM.23L7.B2 18912.97647 -0.00982645999265 0.00228811904493 5.38876607735e-05 -5.65438047598e-05
BPM.22L7.B2 18966.42498 -0.0100294949868 0.0014844917357 -5.79136340057e-05 -2.74811973254e-06
BPM.21L7.B2 19019.8735 -0.00950303361721 0.00353367196127 -1.01400634088e-06 5.79699396599e-05
BPM.20L7.B2 19073.32201 -0.00975719754434 0.00275528248793 5.79776195123e-05 3.70854631923e-07
BPM.19L7.B2 19126.77053 -0.00897293672627 0.00472026397348 -1.36456508482e-06 -5.7962742561e-05
BPM.18L7.B2 19180.21905 -0.00932459501799 0.00398075536201 -5.79440565893e-05 2.0070653511e-06
BPM.17L7.B2 19233.66756 -0.00829540489776 0.00582930039477 3.73999667298e-06 5.78580538211e-05
BPM.16L7.B2 19287.11608 -0.00873875317311 0.00514088304625 5.78130013215e-05 -4.38160568769e-06
BPM.15L7.B2 19340.56459 -0.00748157633907 0.00684255076774 -6.10991318948e-06 -5.76559713334e-05
BPM.14L7.B2 19394.01311 -0.00800937078956 0.00621646725066 -5.75846935503e-05 6.74873811065e-06
BPM.13L7.B2 19447.46163 -0.00654481043144 0.0077433805223 8.46886406914e-06 5.73569541165e-05
BPM.12L7.B2 19500.91014 -0.00729929816247 0.00703667050047 5.7376643076e-05 -8.33445696436e-06
BPM.11L7.B2 19554.35866 -0.00548748241396 0.00852537519623 -7.47752596211e-06 -5.74945963942e-05
BPM.10L7.B2 19607.13937 -0.00544337046742 0.00855360762461 -5.77713756248e-05 4.89999697638e-06
BPM.9L7.B2 19646.20438 -0.00175059078186 0.0099864867393 -1.69594763584e-05 5.54429269014e-05
BPM.8L7.B2 19686.66739 0.00183444975844 0.00997142314633 5.3120304547e-05 2.32330717949e-05
BPM.7L7.B2 19725.7314 0.00769955446272 0.00659631310917 2.7558732697e-05 -5.10103782356e-05
BPMR.6L7.B2 19760.5494 0.00761767698814 0.00669070121738 -1.66848909712e-05 -5.55261769693e-05
BPMWC.6L7.B2 19772.7279 0.00848685563016 0.00554687002041 -3.15782961054e-05 -4.86246166802e-05
BPMWE.5L7.B2 19849.7819 0.0045775770709 0.00904656143071 -4.71088792523e-05 3.37978554019e-05
BPMW.5L7.B2 19872.9869 0.00150576068562 0.0100263238651 -2.77049599525e-05 5.09311022861e-05
BPMWE.4L7.B2 19908.0719 0.00152233002169 0.0100238214669 -4.95685707534e-06 5.77665253804e-05
BPMW.4L7.B2 19936.1769 0.00533325338049 0.00862269643546 2.61762280015e-05 5.17334195641e-05
BPMW.4R7.B2 20052.2239 0.00719327672024 0.00714501612719 3.0054227159e-05 -4.95810945044e-05
BPMWE.4R7.B2 20080.3289 0.00419987182152 0.00922797714471 9.54191968244e-07 -5.79709535561e-05
BPMW.5R7.B2 20115.4139 0.00461838965976 0.00902579428331 -2.58861081695e-05 -5.18792013987e-05
BPMWE.5R7.B2 20138.6189 0.00859215932754 0.0053823121042 -5.27937582492e-05 -2.39658325502e-05
BPM.6R7.B2 20217.7584 0.0101136304063 0.000713418174977 -5.34783423572e-06 5.77316473691e-05
BPM_A.7R7.B2 20255.7944 0.00929439652631 0.00405076272628 3.8539869946e-05 4.33153590559e-05
BPM.8R7.B2 20294.85841 0.0092588026517 0.00413147176099 5.76928723427e-05 -5.75104207845e-06
BPM.9R7.B2 20333.92342 0.0100555305139 -0.00129645344426 -3.74523144636e-06 -5.7857710176e-05
BPM.10R7.B2 20374.38643 0.00827815753883 -0.0058537674389 -5.79290250352e-05 -2.40187854022e-06
BPM.11R7.B2 20427.16714 0.00845227155178 -0.0055994277506 -1.02337198437e-05 5.70684933569e-05
BPM.12R7.B2 20481.89066 0.00763344756203 -0.00667270288574 5.71408746976e-05 9.82151255365e-06
BPM.13R7.B2 20535.33917 0.00820819598265 -0.00595147076324 8.75488051792e-06 -5.73140012074e-05
BPM.14R7.B2 20588.78769 0.00679431545209 -0.00752540782907 -5.75503300879e-05 -7.03570446994e-06
BPM.15R7.B2 20642.23621 0.00737946160325 -0.00695255578246 -6.39685344249e-06 5.76248417896e-05
BPM.16R7.B2 20695.68472 0.00577590529504 -0.00833267085118 5.77904468384e-05 4.66966920766e-06
BPM.17R7.B2 20749.13324 0.00642947313141 -0.00783941074228 4.02866299436e-06 -5.78386698817e-05
BPM.18R7.B2 20802.58175 0.00466247805918 -0.00900309856844 -5.79333295528e-05 -2.29584532756e-06
BPM.19R7.B2 20856.03027 0.00537383523499 -0.00859746359852 -1.65310265943e-06 5.79552349104e-05
BPM.20R7.B2 20909.47879 0.00347257466272 -0.00952552941824 5.79787475457e-05 -8.18826131303e-08
BPM.21R7.B2 20962.9273 0.00422990483789 -0.00921424932103 -7.24753787817e-07 -5.79742789529e-05
BPM.22R7.B2 21016.37582 0.00222546583563 -0.00989150076063 -5.79266206375e-05 2.45944820682e-06
BPM.23R7.B2 21069.82433 0.00301647350148 -0.00967963703548 3.10176418346e-06 5.78957761254e-05
BPM.24R7.B2 21123.27285 0.000880006658389 -0.0100830626597 5.78389983867e-05 5.82785877588e-05
BPM.25R7.B2 21176.72137 0.00169082606031 -0.00997916186844 5.76336495969e-05 -5.84816722265e-05
BPM.26R7.B2 21230.16988 -0.000417129232632 -0.0101127922712 -6.01802562879e-05 -5.5857675293e-05
BPM.27R7.B2 21283.6184 0.000400311199318 -0.0101134719681 -5.51868504015e-05 6.07960114568e-05
BPM.28R7.B2 21337.06691 -0.00176917851101 -0.00996453974488 6.24821530667e-05 0.000116454334146
BPM.29R7.B2 21390.51543 -0.000959238596241 -0.0100748154467 0.000115754141988 -6.37699847429e-05
BPM.30R7.B2 21443.96394 -0.00302939183741 -0.00965633626581 -6.72057214665e-05 -0.000113793769885
BPM.31R7.B2 21497.41246 -0.00224030786605 -0.00986929914592 -0.00011304173222 6.84631229362e-05
BPM.32R7.B2 21550.86098 -0.00423964972131 -0.00918952747223 7.18150429566e-05 0.000110942467002
BPM.33R7.B2 21604.30949 -0.00348420939348 -0.00950170142008 0.000110138829713 -7.30415609457e-05
BPM.34R7.B2 21657.75801 -0.00538042214144 -0.00857164526621 -7.63051541719e-05 -0.000107903454234
BPM.33L8.B2 21711.20652 -0.0046711872771 -0.00897786468921 -0.000107051166388 7.74963146545e-05
BPM.32L8.B2 21764.65504 -0.00643262533291 -0.00781302607047 8.06649095013e-05 0.000104684307034
BPM.31L8.B2 21818.10356 -0.00578112913055 -0.00830665943336 0.000103782579812 -8.18218002433e-05
BPM.30L8.B2 21871.55207 -0.00737928034978 -0.00692591268602 -8.48912047999e-05 -0.000101287285175
BPM.29L8.B2 21925.00059 -0.00679631997921 -0.00749880521789 -0.000100340526588 8.60082021204e-05
BPM.28L8.B2 21978.4491 -0.00820456539045 -0.00592512883551 8.89722383077e-05 9.77219113217e-05
BPM.27L8.B2 22031.89762 -0.00769965143714 -0.00656790779081 9.67281686624e-05 -9.00516175643e-05
BPM.26L8.B2 22085.34614 -0.00895713086408 -0.0048150622415 -9.28440247662e-05 -3.08789328737e-05
BPM.25L8.B2 22138.79465 -0.00853934169791 -0.00552219712512 -2.98481746347e-05 9.31805196686e-05
BPM.24L8.B2 22192.24317 -0.00949946200265 -0.00362977127048 9.40321088801e-05 2.70459546847e-05
BPM.23L8.B2 22245.69168 -0.00917557136445 -0.00438450771379 2.60006777017e-05 -9.43264890518e-05
BPM.22L8.B2 22299.1402 -0.00994775974003 -0.00237292919382 -9.50008804813e-05 3.9945020828e-05
BPM.21L8.B2 22352.58871 -0.00972381690948 -0.00316798067319 4.09957514974e-05 9.45522162923e-05
BPM.20L8.B2 22406.03723 -0.0101695753115 -0.00108095088907 9.3282598432e-05 -4.38078750762e-05
BPM.19L8.B2 22459.48575 -0.0100491801957 -0.00189807646215 -4.48400099934e-05 -9.27908782774e-05
BPM.18L8.B2 22512.93426 -0.0102243021764 0.000228827187749 -9.14079341942e-05 4.75958209488e-05
BPM.17L8.B2 22566.38278 -0.0102094224072 -0.000597001647594 4.86062914334e-05 9.08746460267e-05
BPM.16L8.B2 22619.83129 -0.0101110324082 0.00153484218539 8.93788194068e-05 -5.13049686859e-05
BPM.15L8.B2 22673.27981 -0.0102019158795 0.000713883202705 -5.22932765419e-05 -8.88042046074e-05
BPM.14L8.B2 22726.72833 -0.00983163621404 0.00281560761015 -8.72000898666e-05 5.49264711934e-05
BPM.13L8.B2 22780.17684 -0.0100267801824 0.00201305640326 5.5889897616e-05 8.65857555566e-05
BPM.12L8.B2 22833.62536 -0.00897752323962 0.00489824390303 8.78128561939e-05 -5.39414166984e-05
BPM.11L8.B2 22887.07387 -0.00916425216943 0.00453929499518 -4.01800439832e-05 -9.49017269193e-05
BPM.10L8.B2 22938.91258 -0.00880493846696 0.00520209337473 -9.81062833912e-05 3.15583571424e-05
BPM.9L8.B2 22977.9776 -0.00919281677646 0.00448116464217 1.28953274086e-05 0.000102247164163
BPM.8L8.B2 23018.44061 -0.000477182150317 0.0102157238648 9.46469710137e-05 -4.0776512076e-05
BPM.7L8.B2 23057.50662 -0.000284999108809 0.0102228906073 4.36992866187e-05 -9.33335222541e-05
BPM.6L8.B2 23089.97562 -0.00614009637345 0.00817850434687 -4.92565132239e-05 -9.05238556468e-05
BPMR.5L8.B2 23150.39462 -0.000218880857337 0.0102245199411 0.000103031060941 -2.31825115957e-06
BPMYB.4L8.B2 23171.16162 0.00154629780018 0.0101092868199 9.54822560049e-05 -3.87803184468e-05
BPMWB.4L8.B2 23195.62912 0.00103008192644 0.010174853714 8.45663058374e-05 -5.89008811406e-05
BPMSX.4L8.B2 23245.78612 0.00123483471708 0.0101520392087 6.37754597425e-05 -8.0953472729e-05
BPMS.2L8.B2 23283.69762 0.00110933577333 0.0101665181363 4.81239248618e-05 -9.11310019177e-05
BPMSW.1L8.B2 23293.63162 0.0009953468366 0.0101783103483 3.98790929458e-05 -9.50285754641e-05
BPMSW.1R8.B2 23336.82162 0.000995380133908 0.0101783070913 8.37973273378e-05 -5.99898528885e-05
BPMS.2R8.B2 23346.75562 0.00110935855548 0.0101665156537 7.81658925452e-05 -6.71630460841e-05
BPMSX.4R8.B2 23384.66712 0.0012348345418 0.0101520392294 6.47661744179e-05 -8.0163056092e-05
BPMWI.4R8.B2 23434.90012 0.00103072075788 0.0101747890189 3.85914303831e-05 -9.55587504805e-05
BPMYB.4R8.B2 23459.29162 0.00154651058226 0.0101092542678 1.66038590364e-05 -0.000101710790797
BPMYB.5R8.B2 23479.86862 -0.000117758450564 0.0102261845187 -1.95668104658e-05 -0.000101182575704
BPMR.6R8.B2 23563.97662 -0.00606121409973 0.00823713545421 0.000102463125222 1.10492276411e-05
BPM_A.7R8.B2 23586.21662 -0.00369418141654 0.00953633789765 9.86876646445e-05 -2.96903247865e-05
BPM.8R8.B2 23627.65561 0.00170998115606 0.0100828905239 1.91549980666e-05 -0.000101261342769
BPM.9R8.B2 23666.7226 0.00749740305512 0.00695540539605 -8.80188541634e-05 5.36046216401e-05
BPM.10R8.B2 23707.18758 -0.000455704053177 0.0102167044937 8.59923922663e-05 5.67986283391e-05
BPM.11R8.B2 23759.02827 0.00218556740924 0.00999059617577 6.65586737854e-05 -7.86811029556e-05
BPM.12R8.B2 23813.75476 0.00253085528875 0.00990875816531 -7.74933577257e-05 -6.79378573617e-05
BPM.13R8.B2 23867.20624 0.00491261398743 0.00896966781132 -6.29776337276e-05 8.15756780257e-05
BPM.14R8.B2 23920.65773 0.00417278500681 0.00933684005184 8.22758035035e-05 6.20601778493e-05
BPM.15R8.B2 23974.10921 0.00601983368425 0.00826742519082 5.95607796721e-05 -8.41028344218e-05
BPM.16R8.B2 24027.56069 0.00533283583868 0.00872637260123 -8.47649794584e-05 -5.86146095823e-05
BPM.17R8.B2 24081.01218 0.00702794444793 0.0074294490795 -5.6040958543e-05 8.64880640305e-05
BPM.18R8.B2 24134.46366 0.00640543951415 0.00797239371214 8.71104050198e-05 5.50686050789e-05
BPM.19R8.B2 24187.91515 0.00792066502643 0.00646929536127 5.24273346424e-05 -8.87251320698e-05
BPM.20R8.B2 24241.36663 0.00737262401127 0.00708753356295 -8.9307083948e-05 -5.14297395449e-05
BPM.21R8.B2 24294.81811 0.00868315509753 0.00540291905617 -4.87226739726e-05 9.08123068771e-05
BPM.22R8.B2 24348.2696 0.00821878605243 0.00608607202246 9.13523521242e-05 4.77024269152e-05
BPM.23R8.B2 24401.72108 0.00930300567777 0.00424768197809 4.49372042664e-05 -9.2743840433e-05
BPM.24R8.B2 24455.17257 0.00885020654935 0.004979665 -9.44560545235e-05 3.58276067335e-05
BPM.25R8.B2 24508.62405 0.0096910548062 0.00303425051876 3.86495732865e-05 9.33368777601e-05
BPM.26R8.B2 24562.07554 0.00941454546802 0.00380651456382 9.28983886669e-05 -3.96919627473e-05
BPM.27R8.B2 24615.52702 0.00999958940485 0.00176958504168 -4.24647037681e-05 -9.16641286141e-05
BPM.28R8.B2 24668.9785 0.00974453630319 0.0025658624783 -9.23953891838e-05 0.000123211055564
BPM.29R8.B2 24722.42999 0.0100648929267 0.00048740988069 0.000125931014872 8.86524142293e-05
BPM.30R8.B2 24775.88147 0.0099927173051 0.0012981675397 8.72380905738e-05 -0.000126914883501
BPM.31R8.B2 24829.33296 0.0100445478791 -0.000804174080321 -0.000129478861895 -8.3385220395e-05
BPM.32R8.B2 24882.78444 0.0100766836773 9.17297686365e-06 -8.19270880272e-05 0.000130406377073
BPM.33R8.B2 24936.23592 0.00985915032704 -0.00208249679151 0.000132808486186 7.79729233532e-05
BPM.34R8.B2 24989.68741 0.00999506418646 -0.00127997264783 7.64822556298e-05 -0.000133672495222
BPM.33L1.B2 25043.13889 0.00951171484522 -0.0033266978756 -0.000135910352649 -7.24309771732e-05
BPM.32L1.B2 25096.59038 0.00974919279715 -0.0025481126107 -7.09015232755e-05 0.000136714463728
BPM.31L1.B2 25150.04186 0.00900803132762 -0.00451608344781 0.000138782445745 6.67630408388e-05
BPM.30L1.B2 25203.49334 0.00934312953422 -0.00377433021271 6.52060011095e-05 -0.000139520774891
BPM.29L1.B2 25256.94483 0.00835622170758 -0.00563144713281 -0.000141417218821 -6.09839393532e-05
BPM.28L1.B2 25310.39631 0.00878350563987 -0.00493858955688 -5.93937277784e-05 0.000142092417702
BPM.27L1.B2 25363.8478 0.00756724854606 -0.00665405046392 0.000143812283512 5.50989869209e-05
BPM.26L1.B2 25417.29928 0.00800001853941 -0.00602660091255 5.22694596153e-05 -6.46988326721e-05
BPM.25L1.B2 25470.75077 0.00657488199537 -0.0075558680496 -6.62400687087e-05 -5.0301978301e-05
BPM.24L1.B2 25524.20225 0.00716329126565 -0.00700053379861 -4.95562520071e-05 6.67998043976e-05
BPM.23L1.B2 25577.65373 0.00555433859541 -0.00833483881213 6.82583978555e-05 4.75271177854e-05
BPM.22L1.B2 25631.10522 0.00612937632589 -0.00786434074347 4.55441381209e-05 1.09337220189e-05
BPM.21L1.B2 25684.5567 0.00436357076034 -0.00896528636952 9.56058416424e-06 -4.58520460767e-05
BPM.20L1.B2 25738.00819 0.00507291065941 -0.00858386200382 -4.5956297419e-05 -9.04620820869e-06
BPM.19L1.B2 25791.45967 0.00318081055542 -0.00944984410845 -7.66136492519e-06 4.62073398701e-05
BPM.18L1.B2 25844.91115 0.00393317556581 -0.00916227261485 4.62902713835e-05 7.14321731565e-06
BPM.17L1.B2 25898.36264 0.00194579313234 -0.00977911031532 5.74933510971e-06 -4.64839751191e-05
BPM.16L1.B2 25951.81412 0.00272870088579 -0.00959016688624 -4.65454781664e-05 -5.22813597102e-06
BPM.15L1.B2 26005.26561 0.000678791816583 -0.00994768069104 -3.82736431378e-06 4.66815400338e-05
BPM.14L1.B2 26058.71709 0.00147950397218 -0.00986043495526 4.6721492704e-05 3.30411231597e-06
BPM.13L1.B2 26112.16857 -0.000599358866292 -0.00995278244562 1.89895415e-06 -4.67996678673e-05
BPM.12L1.B2 26165.62006 0.00155124714993 -0.00984940311633 -4.65570545054e-05 -5.12401593238e-06
BPM.11L1.B2 26219.07154 0.00240729421694 -0.00967584849095 -6.34648669043e-06 4.64062179426e-05
BPM.10L1.B2 26271.85423 0.00302526003385 -0.00950078476649 4.68166033655e-05 -1.42145071446e-06
BPM.9L1.B2 26310.92122 0.000890380383868 -0.00993097841309 9.29468446344e-07 -4.68289544519e-05
BPM.8L1.B2 26351.38621 0.00768511454064 -0.00635264699717 -4.08086417725e-05 2.29884775718e-05
BPM.7L1.B2 26390.4542 0.00427221619933 -0.00900917744367 1.94849961217e-05 4.25928349013e-05
BPMR.6L1.B2 26433.6382 0.000570583498665 -0.00995447356345 4.29228460978e-05 -1.87468429444e-05
BPM.5L1.B2 26465.5382 -0.00744095469991 -0.00663696486032 -2.41090686881e-06 -4.67760828755e-05
BPMYA.4L1.B2 26486.6562 -0.00871103260821 -0.00485129058094 -1.7726904602e-05 -4.33540235796e-05
BPMWB.4L1.B2 26507.7127 -0.00923694075722 -0.00375446865792 -2.58673479281e-05 -3.90473489121e-05
BPMSY.4L1.B2 26600.5687 -0.00935932903499 -0.00343803278384 -3.70183927108e-05 -2.86958885719e-05
BPMS.2L1.B2 26627.3542 -0.00940417341268 -0.00331340455497 -3.88207321758e-05 -2.62076749395e-05
BPMSW.1L1.B2 26637.4082 -0.00942266100552 -0.00326045654439 -3.99715750705e-05 -2.44155490716e-05
