BPMSW.1R1.B2 21.475 0.00999802498208 1.551788362e-09 -2.23805205051e-10 -3.20400433707e-11
BPMS.2R1.B2 31.529 0.00999786747883 5.62370708144e-05 4.32560730605e-10 -2.39357201042e-11
BPMSY.4R1.B2 58.3145 0.00999623781915 0.000189039014972 -8.85828796479e-11 1.73217753399e-11
BPMWB.4R1.B2 151.1705 0.00998401793356 0.000529048676672 -7.14613918538e-11 2.26745876438e-11
BPMYA.4R1.B2 172.227 0.00984529166663 0.00174090170344 -6.15557827918e-11 2.50318910734e-11
BPMR.5R1.B2 199.635 0.00888836592256 0.00457793162311 -4.37437769858e-11 5.32993485716e-11
BPM.6R1.B2 231.535 5.69035674527e-05 0.00999786320441 5.19973397758e-11 5.23829274484e-11
BPMRA.7R1.B2 259.259 -0.00253473616627 0.00967138145363 7.55616943506e-11 -6.78152125782e-12
BPM.8R1.B2 300.6960106 -0.00265777686637 0.00963829491141 6.48163906305e-12 -7.049353341e-11
BPM.9R1.B2 339.7610212 -0.000492705767429 0.00998587741269 -7.08536319109e-11 8.25407969343e-12
BPM.10R1.B2 380.2240318 0.00329356189295 0.00943996592328 9.79300480656e-12 6.38707498605e-11
BPM.11R1.B2 433.0047424 -0.00229689461802 0.00973061055782 4.9515466358e-11 -4.110790792e-11
BPM.12R1.B2 487.7282583 0.000870256458174 0.00996007833165 -3.95763113094e-11 -5.80027702356e-11
BPM.13R1.B2 541.1767742 0.0013571241638 0.00990548942124 -6.0375619529e-11 3.52435162693e-11
BPM.14R1.B2 594.6252901 0.00338359711246 0.00940806979309 3.43021342122e-11 5.81120511678e-11
BPM.15R1.B2 648.073806 0.00261335076853 0.00965043545362 5.49445662292e-11 -3.88628850906e-11
BPM.16R1.B2 701.5223219 0.00455927587028 0.00889794977568 -3.81312220815e-11 -5.56617684438e-11
BPM.17R1.B2 754.9708378 0.00382635715573 0.00923685539549 -5.92499027994e-11 4.01899548576e-11
BPM.18R1.B2 808.4193537 0.00566004008969 0.00824162925776 4.02796277491e-11 5.71111078702e-11
BPM.19R1.B2 861.8678696 0.00497649821521 0.0086715034555 5.19043281254e-11 -4.18832366193e-11
BPM.20R1.B2 915.3163855 0.00666780580138 0.00744989076876 -4.32612308911e-11 -5.31498172495e-11
BPM.21R1.B2 968.7649014 0.00604486653332 0.00796367347808 -5.51984438258e-11 4.38874321865e-11
BPM.22R1.B2 1022.213417 0.00756601298236 0.0065357443534 4.50748243281e-11 4.8228991678e-11
BPM.23R1.B2 1075.661933 0.0070139159206 0.007124990539 4.86114050903e-11 -4.47628410719e-11
BPM.24R1.B2 1129.110449 0.00836591793608 0.00550925887088 -2.60307511935e-08 -2.64857250604e-05
BPM.25R1.B2 1182.558965 0.00789403823072 0.0061664152073 -2.64838043119e-05 3.19802735107e-07
BPM.26R1.B2 1236.007481 0.00900193010247 0.00439383324349 1.11227169095e-06 2.64623710906e-05
BPM.27R1.B2 1289.455997 0.00861800282111 0.00510593219041 2.64484091109e-05 -1.4056046139e-06
BPM.28R1.B2 1342.904513 0.00951605307945 0.00320126028287 -2.22229679343e-06 -5.28803290498e-05
BPM.29R1.B2 1396.353029 0.0092266753807 0.00395876181442 -5.28524209624e-05 2.80881873973e-06
BPM.30R1.B2 1449.801545 0.00984737841757 0.00195767003627 4.3894394816e-06 5.2744664407e-05
BPM.31R1.B2 1503.25006 0.0096572848747 0.00274593927351 5.26927720451e-05 -4.97384317563e-06
BPM.32R1.B2 1556.698576 0.0100169018792 0.000681916721258 -6.54828847402e-06 -5.25203557583e-05
BPM.33R1.B2 1610.147092 0.00992920249256 0.00148804284363 -5.24444767093e-05 7.13059315355e-06
BPM.34R1.B2 1663.595608 0.0100218389729 -0.000605043143452 8.69703272491e-06 5.22075615593e-05
BPM.33L2.B2 1717.044124 0.0100379795013 0.000205672471062 5.21079532189e-05 -9.27521501703e-06
BPM.32L2.B2 1770.49264 0.009862107992 -0.00188206258595 -1.08302508455e-05 -5.1807075467e-05
BPM.31L2.B2 1823.941156 0.0099818220647 -0.00108007494282 -5.16837313663e-05 1.14043789864e-05
BPM.30L2.B2 1877.389672 0.0095403352313 -0.00312815237978 1.29461108393e-05 5.13192569587e-05
BPM.29L2.B2 1930.838188 0.00976165787739 -0.002348056459 5.11726009561e-05 -1.35141785255e-05
BPM.28L2.B2 1984.286704 0.00906180194611 -0.00432285543771 -1.50393706158e-05 -5.0745296031e-05
BPM.27L2.B2 2037.73522 0.0093810900993 -0.00357749662885 -5.05753191305e-05 1.56014543433e-05
BPM.26L2.B2 2091.183735 0.0084604042653 -0.00545149147914 1.70819675539e-05 2.36001009994e-05
BPM.25L2.B2 2144.632251 0.00887273750817 -0.00475097135789 2.34092696981e-05 -1.73425716012e-05
BPM.24L2.B2 2198.080767 0.00769353537035 -0.00648896857153 -1.80353414557e-05 -2.28797903766e-05
BPM.23L2.B2 2251.529283 0.00819208940286 -0.00584695397631 -2.26783265429e-05 1.82880247369e-05
BPM.22L2.B2 2304.977799 0.00682629154462 -0.00742478039348 1.89324815625e-05 -4.36491500891e-06
BPM.21L2.B2 2358.426315 0.00740318509887 -0.00684970586985 -4.57458986241e-06 -1.88829179979e-05
BPM.20L2.B2 2411.874831 0.00582041674065 -0.00823701214593 -1.87375547097e-05 5.13765287411e-06
BPM.19L2.B2 2465.323347 0.00646615609465 -0.00774044220186 5.34514496504e-06 1.86794187716e-05
BPM.18L2.B2 2518.771863 0.00471894797442 -0.00891387402594 1.85111092066e-05 -5.90172850605e-06
BPM.17L2.B2 2572.220379 0.00542287624791 -0.0085040010132 -6.10664275635e-06 -1.84445200152e-05
BPM.16L2.B2 2625.668894 0.00353989542535 -0.00944429777691 -1.82535080618e-05 6.65589107586e-06
BPM.15L2.B2 2679.11741 0.00429050306087 -0.00912782578999 6.85792077854e-06 1.81785691193e-05
BPM.14L2.B2 2732.565926 0.00230273176188 -0.00981952374424 1.79652088238e-05 -7.39884355313e-06
BPM.13L2.B2 2786.014442 0.00308762008678 -0.0096016781035 -7.59761181627e-06 -1.78820543617e-05
BPM.12L2.B2 2839.462958 0.000801186152092 -0.0100540400272 -1.77540273697e-05 7.89214038645e-06
BPM.11L2.B2 2892.911474 0.00270912418597 -0.00971525945572 6.14341422556e-06 1.84323020846e-05
BPM.10L2.B2 2944.750185 0.00191179184701 -0.0099030637714 1.92535270797e-05 -2.60640324255e-06
BPM.9L2.B2 2983.815195 -0.000110082641154 -0.0100853111962 1.36342895336e-06 -1.93812432909e-05
BPM.8L2.B2 3024.278206 -0.00401211480964 -0.00925356984397 -1.46539711447e-05 1.27574573038e-05
BPM.7L2.B2 3063.344216 0.0064710190959 -0.00773637718217 1.46367151891e-05 1.27772534139e-05
BPM.6L2.B2 3095.450216 0.00718483526646 -0.00707840110663 1.88865103999e-05 4.5597214892e-06
BPMYB.5L2.B2 3167.649216 0.00516800851909 -0.00866125326205 5.66359792694e-06 -1.85853485471e-05
BPMYB.4L2.B2 3188.219216 0.00339857468752 -0.00949606814454 -6.23573754508e-06 -1.8401280168e-05
BPMWB.4L2.B2 3212.610716 0.00511878737049 -0.00869043358925 -1.84731809649e-05 -6.0193933572e-06
BPMSX.4L2.B2 3262.843716 0.000117932279076 -0.0100852224611 -3.63063385536e-07 1.94257487244e-05
BPMS.2L2.B2 3300.755216 0.000105352365247 -0.01008536172 1.22132169648e-05 1.51105723993e-05
BPMSW.1L2.B2 3310.689216 0.00048401178692 -0.0100742916719 1.57009674385e-05 1.14442615187e-05
BPMSW.1R2.B2 3353.879216 0.000483987901254 -0.0100742928194 -1.38525350662e-05 1.3623462362e-05
BPMS.2R2.B2 3363.813216 0.000105334437097 -0.0100853619036 -9.86473908637e-06 1.67385434963e-05
BPMSX.4R2.B2 3401.724716 0.000117939865287 -0.0100852223742 3.20846452846e-06 1.91623927098e-05
BPMWB.4R2.B2 3451.881716 0.00512025116555 -0.00868957122568 1.74179167999e-05 -8.60858107961e-06
BPMYB.4R2.B2 3476.349216 0.0034403742785 -0.00948100442726 3.48252272928e-06 -1.911448434e-05
BPM.5R2.B2 3505.883216 0.00844198825509 -0.00551891786684 -1.56834536884e-05 -1.14682527869e-05
BPMR.6R2.B2 3579.179216 0.00917652239311 -0.00418533832112 -1.23827874558e-05 1.49719139568e-05
BPM_A.7R2.B2 3592.054216 0.00899012853313 -0.0045720027248 -9.52097570846e-06 1.69364374899e-05
BPM.8R2.B2 3633.493206 0.00657391110354 -0.00764913805069 1.04138243898e-05 1.64025531278e-05
BPM.9R2.B2 3672.560195 -0.00346776652 -0.00947101977208 1.10234781511e-05 -1.59991992721e-05
BPM.10R2.B2 3713.025185 -0.00415530746337 -0.00919015995603 -1.1052882505e-05 -1.59789018523e-05
BPM.11R2.B2 3764.865874 -0.00483752865922 -0.0088500811643 -1.69745947885e-05 9.45275954662e-06
BPM.12R2.B2 3819.592358 -0.00426848097818 -0.00913814479322 1.09140346261e-05 1.60740587869e-05
BPM.13R2.B2 3873.043842 -0.00684378742256 -0.00740865669088 1.48072617393e-05 -1.25791995652e-05
BPM.14R2.B2 3926.495326 -0.0062236297435 -0.00793675329961 -1.27441654279e-05 -1.46655288999e-05
BPM.15R2.B2 3979.94681 -0.00773543230584 -0.00647214857514 -1.42760500577e-05 1.31789998097e-05
BPM.16R2.B2 4033.398294 -0.0071878071425 -0.00707538328732 1.33381150054e-05 1.41274978931e-05
BPM.17R2.B2 4086.849779 -0.00849982854538 -0.00542941384944 1.37203836427e-05 -1.375655208e-05
BPM.18R2.B2 4140.301263 -0.00803388869781 -0.00609772518834 -1.39094147643e-05 -1.35653868735e-05
BPM.19R2.B2 4193.752747 -0.00912456294513 -0.00429743773893 -1.31413999682e-05 1.43106570264e-05
BPM.20R2.B2 4247.204231 -0.00874793551619 -0.00501988489514 1.44570026195e-05 1.29802402888e-05
BPM.21R2.B2 4300.655715 -0.00959934696826 -0.00309485991625 1.25400190925e-05 -1.48404722563e-05
BPM.22R2.B2 4354.107199 -0.00931824084978 -0.00385953463684 -1.49800304364e-05 -1.2372962421e-05
BPM.23R2.B2 4407.558683 -0.00991639144714 -0.00184141271627 -1.19173543965e-05 1.5344974252e-05
BPM.24R2.B2 4461.010167 -0.00967307231111 -0.00263182603075 1.64289422561e-05 -5.06928380104e-05
BPM.25R2.B2 4514.461651 -0.010008675886 -0.000566783246311 -5.11634923257e-05 -1.48986828541e-05
BPM.26R2.B2 4567.913135 -0.00993027642718 -0.00137275135031 -1.43247675016e-05 5.1327129561e-05
BPM.27R2.B2 4621.36462 -0.00999894747434 0.000718251773577 5.1734364954e-05 1.27761111221e-05
BPM.28R2.B2 4674.816104 -0.00996195203126 -8.71924215864e-05 1.31461873203e-05 -0.000114310878105
BPM.29R2.B2 4728.267588 -0.00976310885437 0.00198237137755 -0.000114654150807 -9.70694019773e-06
BPM.30R2.B2 4781.719072 -0.00989125500925 0.00118792471127 -8.42285890161e-06 0.000114755633486
BPM.31R2.B2 4835.170556 -0.00942927779394 0.00321509114153 0.000114956926458 4.97040961104e-06
BPM.32R2.B2 4888.62204 -0.00965801709711 0.00244352135107 3.68105496397e-06 -0.000115005433662
BPM.33R2.B2 4942.073524 -0.00894053737653 0.00439486998614 -0.000115064103862 -2.25275584408e-07
BPM.34R2.B2 4995.525008 -0.00926607098726 0.00365896423233 1.06294357775e-06 0.000115059423046
BPM.33L3.B2 5048.976492 -0.00830480711417 0.00550256936239 0.00011497551304 -4.5202608401e-06
BPM.32L3.B2 5102.427976 -0.00872185958126 0.00481427629247 -5.80904285763e-06 -0.000114917600735
BPM.31L3.B2 5155.87946 -0.00753271703544 0.00651968287481 -0.000114691287406 9.25794821262e-06
BPM.30L3.B2 5209.330945 -0.00803431750314 0.00589048665122 1.05415922334e-05 0.000114580428914
BPM.29L3.B2 5262.782429 -0.00663668891486 0.00742983519681 0.000114211892247 -1.39801405388e-05
BPM.28L3.B2 5316.233913 -0.00721476340223 0.00686988207975 -1.52595542717e-05 -0.000114047996003
BPM.27L3.B2 5369.685397 -0.00563180070775 0.00821771936518 -0.000113538203553 1.86782108101e-05
BPM.26L3.B2 5423.136881 -0.00621432690537 0.00774031178981 2.09006875159e-05 5.08847538311e-05
BPM.25L3.B2 5476.588365 -0.0044724135965 0.00886159139877 5.02337779685e-05 -2.24201739243e-05
BPM.24L3.B2 5530.039849 -0.00517309955614 0.00847167790285 -2.29816542977e-05 -4.99793983042e-05
BPM.23L3.B2 5583.491333 -0.00330209892173 0.00936089889943 -4.92664624698e-05 2.44726905454e-05
BPM.22L3.B2 5636.942817 -0.00398452722031 0.00906777344642 2.59747824769e-05 -1.3447428675e-05
BPM.21L3.B2 5690.394301 -0.00201569659197 0.00969731610739 -1.42217355307e-05 -2.55590512058e-05
BPM.20L3.B2 5743.845786 -0.00279181515568 0.0095029858785 -2.53981184911e-05 1.45071854917e-05
BPM.19L3.B2 5797.29727 -0.000758565497754 0.00987550256065 1.52636879102e-05 2.49508049043e-05
BPM.18L3.B2 5850.748754 -0.00155315070252 0.00978205987371 2.47782199114e-05 -1.55422792425e-05
BPM.17L3.B2 5904.200238 0.000510984157805 0.00989140372591 -1.62796813625e-05 -2.43000977214e-05
BPM.16L3.B2 5957.651722 -0.000289041499398 0.00990037511694 -2.41161692451e-05 1.65509232544e-05
BPM.15L3.B2 6011.103206 0.00177218648367 0.00974475897477 1.72679883502e-05 2.36080366279e-05
BPM.14L3.B2 6064.55469 0.000979895297478 0.00985600211194 2.3413093035e-05 -1.75313965587e-05
BPM.13L3.B2 6118.006174 0.00300421627446 0.00943799009374 -1.82268805761e-05 -2.28758246174e-05
BPM.12L3.B2 6171.457658 0.000782461173637 0.00987363797927 -2.41910960866e-05 1.64412147342e-05
BPM.11L3.B2 6224.909142 -0.000225910562667 0.00990201680694 1.5359527868e-05 2.48919130136e-05
BPM.10L3.B2 6277.691832 -0.00423959464096 0.00895135798136 2.60415366392e-05 -1.33177016342e-05
BPM.9L3.B2 6316.758821 -0.00267620528754 0.00953618884528 6.62830346653e-06 -2.84883893271e-05
BPM.8L3.B2 6357.223811 -0.0008203569404 0.00987056163188 -1.93806049689e-05 -2.19069630916e-05
BPM.7L3.B2 6396.2898 0.00340008861042 0.00930270766115 -2.83341993774e-05 7.25918639005e-06
BPMR.6L3.B2 6468.9288 0.00941764593355 0.00306739586341 1.97857033186e-05 2.15417818091e-05
BPMWE.5L3.B2 6511.9823 0.00948026071635 0.00286803577382 2.86822344497e-05 5.73167223591e-06
BPMW.5L3.B2 6539.5273 0.0081594218882 0.00561469561766 2.8245472392e-05 -7.59710498162e-06
BPMWE.4L3.B2 6614.6553 0.00959685300575 0.00244977240023 9.6860396978e-07 -2.92332797294e-05
BPMW.4L3.B2 6642.2003 0.00813638476658 -0.00564802756572 -2.405214026e-05 -1.6643825471e-05
BPMW.4R3.B2 6687.1653 0.00670797270311 -0.00728725426142 -2.92030645084e-05 1.64427538883e-06
BPMWE.4R3.B2 6714.7103 0.00797034484018 -0.00588001493043 -2.64825937965e-05 1.24175251562e-05
BPMW.5R3.B2 6789.8383 0.00672984176991 -0.00726706283074 -6.27903255979e-07 2.92425817368e-05
BPMWE.5R3.B2 6817.3833 0.00327689506252 -0.00934681395893 1.58711596903e-05 2.45688601349e-05
BPMWC.6R3.B2 6858.3743 0.00236791339699 -0.00961737794741 2.74334659774e-05 1.01453267182e-05
BPM.6R3.B2 6870.5288 0.00338729764532 -0.00930737273035 2.89926341948e-05 3.86652955822e-06
BPM_A.7R3.B2 6926.3528 0.0031782451822 -0.00938081712591 1.59483222621e-05 -2.45188415401e-05
BPM.8R3.B2 6965.418789 0.00774811062096 -0.00616990715002 -2.3408494917e-05 -1.75375332788e-05
BPM.9R3.B2 7004.485779 0.0093660475658 0.00322150979761 -1.33325159664e-05 2.60339634121e-05
BPM.10R3.B2 7044.950768 0.00967492525783 0.00212056447527 9.79331682983e-06 2.75610883249e-05
BPM.11R3.B2 7097.733458 0.00984792110867 -0.00105802755876 2.89652128428e-05 -4.06687077498e-06
BPM.12R3.B2 7152.459942 0.00900200375747 -0.00413096850345 -1.02753398441e-05 -2.73850349909e-05
BPM.13R3.B2 7205.911426 0.00952143515808 -0.00272823111758 -2.66706437198e-05 1.20082985808e-05
BPM.14R3.B2 7259.36291 0.00874788459631 -0.00464494214656 1.2803939683e-05 2.62979472068e-05
BPM.15R3.B2 7312.814394 0.00909424651941 -0.00392372943754 2.6152875678e-05 -1.30977081237e-05
BPM.16R3.B2 7366.265878 0.00808178865405 -0.00572587674914 -1.38774878423e-05 -2.57475834971e-05
BPM.17R3.B2 7419.717362 0.00851756496615 -0.00505490449912 -2.55904441097e-05 1.41651661521e-05
BPM.18R3.B2 7473.168846 0.0072829031945 -0.00671269644084 1.49276133105e-05 2.51533117786e-05
BPM.19R3.B2 7526.62033 0.00780093769346 -0.00610297825749 2.49845235682e-05 -1.5208438219e-05
BPM.20R3.B2 7580.071814 0.00636431582253 -0.00758923293523 -1.59521751304e-05 -2.45163373142e-05
BPM.21R3.B2 7633.523299 0.00695608898386 -0.00705080126425 -2.43360379717e-05 1.622590611e-05
BPM.22R3.B2 7686.974783 0.0053411763651 -0.0083410315591 1.69497203684e-05 2.38375669996e-05
BPM.23R3.B2 7740.426267 0.00599697185096 -0.00788272167363 2.36461907146e-05 -1.72156963451e-05
BPM.24R3.B2 7793.877751 0.00422038086628 -0.00895390263158 -1.79073094178e-05 -1.30891322485e-05
BPM.25R3.B2 7847.329235 0.00492929934669 -0.00858405469312 -1.28876510313e-05 1.80528555458e-05
BPM.26R3.B2 7900.780719 0.00304028636805 -0.00942022535737 1.8431889851e-05 1.23394747314e-05
BPM.27R3.B2 7954.232203 0.00379068493724 -0.00914410710036 1.2132205871e-05 -1.85689716556e-05
BPM.28R3.B2 8007.683687 0.00180033434296 -0.00972988061059 -1.89140661688e-05 -1.53969325322e-06
BPM.29R3.B2 8061.135171 0.00257978801012 -0.00955282546153 -1.32767564346e-06 1.89301235393e-05
BPM.30R3.B2 8114.586655 0.000540859335563 -0.00988024552446 1.89614686086e-05 7.58357026796e-07
BPM.31R3.B2 8168.03814 0.001336531971 -0.00980435937268 5.45866992762e-07 -1.89687731905e-05
BPM.32R3.B2 8221.489624 -0.000727562429151 -0.0098682538144 -1.89766118178e-05 2.42670422328e-08
BPM.33R3.B2 8274.941108 7.13083953031e-05 -0.00989478122741 2.36879079075e-07 1.89751474821e-05
BPM.34R3.B2 8328.392592 -0.00198396985049 -0.0096941035739 1.89594638319e-05 -8.06849997658e-07
BPM.33L4.B2 8381.844076 -0.00119508439333 -0.00982260422402 -1.01922863513e-06 -1.8949238025e-05
BPM.32L4.B2 8435.29556 -0.00320783121187 -0.00936064097098 -1.89100680701e-05 1.58805781284e-06
BPM.31L4.B2 8488.747044 -0.00244183913316 -0.00958901465699 1.79981737506e-06 1.88910836782e-05
BPM.30L4.B2 8542.198528 -0.00437892712778 -0.00887337464966 1.88284822521e-05 -2.36656838693e-06
BPM.29L4.B2 8595.650012 -0.00364846909616 -0.00919785049244 -2.57738356282e-06 -1.88007845281e-05
BPM.28L4.B2 8649.101496 -0.00547811130545 -0.00824027165537 -1.87148645142e-05 3.14104856412e-06
BPM.27L4.B2 8702.55298 -0.00479514159874 -0.00865554143165 3.35052078044e-06 1.86785006085e-05
BPM.26L4.B2 8756.004465 -0.00649708289457 -0.00746990878438 1.85804331066e-05 6.11897714036e-06
BPM.25L4.B2 8809.455949 -0.00587298220399 -0.0079699249242 5.91038377362e-06 -1.86478335766e-05
BPM.24L4.B2 8862.907433 -0.00739931516258 -0.00657736713931 -1.88169841747e-05 -5.34748142398e-06
BPM.23L4.B2 8916.358917 -0.0068443008869 -0.00715312299665 -5.13635434918e-06 1.88757062535e-05
BPM.22L4.B2 8969.810401 -0.00818978159749 -0.00557489365469 1.90325247345e-05 1.4596108961e-05
BPM.21L4.B2 9023.261885 -0.00771310340197 -0.00621771644336 1.43819134306e-05 -1.91949017727e-05
BPM.20L4.B2 9076.713369 -0.00883567601342 -0.00448138274919 -1.96183177411e-05 -1.37987371226e-05
BPM.19L4.B2 9130.164853 -0.00844514992801 -0.00517990391449 -1.35781187126e-05 1.97716501685e-05
BPM.18L4.B2 9183.616337 -0.00933636382568 -0.00331425290282 2.01706656463e-05 1.29779721126e-05
BPM.17L4.B2 9237.067821 -0.00903840491163 -0.00405699377821 1.27511181451e-05 -2.03148351192e-05
BPM.16L4.B2 9290.519306 -0.00968363603231 -0.00209264307256 -2.06887416944e-05 -1.21350443861e-05
BPM.15L4.B2 9343.97079 -0.00948314271603 -0.00286739709374 -1.19025408504e-05 2.08233738606e-05
BPM.14L4.B2 9397.422274 -0.00987177633631 -0.000836656361138 2.11715707443e-05 1.12715591078e-05
BPM.13L4.B2 9450.873758 -0.00977204142611 -0.00163069562936 1.10335792511e-05 -2.12965604254e-05
BPM.12L4.B2 9504.325242 -0.00980478567634 0.00142061244365 -2.09981654061e-05 -1.15914056891e-05
BPM.11L4.B2 9557.776726 -0.00984930654833 0.00106916899561 -1.48840565073e-05 1.88081929737e-05
BPMC.10L4.B2 9609.617415 -0.00964072671382 0.00228218103848 1.65484892336e-05 1.73617657299e-05
BPMC.9L4.B2 9648.684405 -0.0093859489921 0.00317110758932 2.01118119875e-05 -1.30689979003e-05
BPMC.8L4.B2 9689.149394 -0.00794781555627 0.00591474342082 -2.34641696291e-05 -4.9715675711e-06
BPMC.7L4.B2 9728.215384 -0.00964745644461 -0.00225356295918 -2.56164834725e-06 2.38478813331e-05
BPMYA.6L4.B2 9824.819384 -0.00987413313893 -0.000808366623099 2.21573349547e-05 9.18346636965e-06
BPMYB.5L4.B2 9861.819384 -0.00987266096536 -0.00082615225541 2.38112268046e-05 2.88244211002e-06
BPMWA.B5L4.B2 9964.209884 -0.00893583353362 0.00427818196088 1.44598274742e-05 -1.91362723784e-05
BPMWA.A5L4.B2 9973.094884 -0.00877804711745 0.00459323966593 1.26054715396e-05 -2.0405528782e-05
BPMWA.A5R4.B2 10021.14388 -0.00820319290671 0.00555514067918 1.9472396999e-06 -2.39058936131e-05
BPMWA.B5R4.B2 10030.02888 -0.00816863426621 0.00560583410727 1.1183706189e-08 -2.39850656191e-05
BPMYA.5R4.B2 10132.49538 -0.00896904011292 0.00420812079235 -1.75709988017e-05 -1.63261205593e-05
BPMYB.6R4.B2 10164.05938 -0.00886024685042 0.00443260508693 -2.06777665724e-05 -1.21537656517e-05
BPMCA.7R4.B2 10260.57538 -0.00984705936843 0.00108967136103 -9.78639959838e-06 2.18977151351e-05
BPMC.8R4.B2 10298.36637 -0.00978197462693 -0.00157001090657 2.24761655953e-05 8.37290671596e-06
BPMC.9R4.B2 10337.43336 -0.0084620639805 0.00515222622225 -1.02696048802e-06 -2.396307033e-05
BPMC.10R4.B2 10377.89835 -0.0082539261513 0.00547947670122 -2.33596309119e-05 -5.44162052874e-06
BPM.11R4.B2 10429.73904 -0.00597172959682 0.00790508744417 -7.53784295183e-06 2.27698154944e-05
BPM.12R4.B2 10484.46553 -0.00569114400693 0.00810942919087 2.23846658059e-05 8.61453169269e-06
BPM.13R4.B2 10537.91701 -0.00386756008646 0.00912107125459 7.9068951307e-06 -2.26443023321e-05
BPM.14R4.B2 10591.36849 -0.00459113603955 0.00877914754836 -2.27314632024e-05 -7.65270362416e-06
BPM.15R4.B2 10644.81998 -0.00266896157422 0.0095408912571 -6.96634096589e-06 2.29511129398e-05
BPM.16R4.B2 10698.27146 -0.00343029331357 0.00929435579361 2.30277281371e-05 6.70875655116e-06
BPM.17R4.B2 10751.72295 -0.00142648616072 0.00980393283725 6.01388030013e-06 -2.32188863478e-05
BPM.18R4.B2 10805.17443 -0.00221314669336 0.00965680814659 -2.32848088497e-05 -5.75336054079e-06
BPM.19R4.B2 10858.62591 -0.00016058948992 0.00990586557844 -5.0512164218e-06 2.3447147685e-05
BPM.20R4.B2 10912.0774 -0.000959560842904 0.00986058846297 2.35022667397e-05 4.78819766327e-06
BPM.21R4.B2 10965.52888 0.00110796390693 0.00984501791796 4.07995127781e-06 -2.36355131071e-05
BPM.22R4.B2 11018.98037 0.000309718599935 0.0099023247894 -2.36797408975e-05 -3.81487530338e-06
BPM.23R4.B2 11072.43185 0.00235829528096 0.00962239082556 -3.10172390886e-06 2.37836683056e-05
BPM.24R4.B2 11125.88333 0.00163711850787 0.00978533979705 2.47818477442e-05 -6.04637266414e-05
BPM.25R4.B2 11179.33482 0.00363243188019 0.00923246828202 -6.11809704509e-05 -2.29541153712e-05
BPM.26R4.B2 11232.7863 0.00287543883951 0.00949551912464 -2.22670682891e-05 6.14343549033e-05
BPM.27R4.B2 11286.23779 0.00478374177034 0.00869188395326 6.20755869678e-05 2.04113635412e-05
BPM.28R4.B2 11339.68927 0.00412971974566 0.00905366066837 2.06800625651e-05 -0.000125599539787
BPM.29R4.B2 11393.14075 0.00591886824637 0.00799939718551 -0.000126164198785 -1.68968738168e-05
BPM.30R4.B2 11446.59224 0.00525397157226 0.00845098452141 -1.54815031928e-05 0.000126345683978
BPM.31R4.B2 11500.04372 0.00689368286239 0.00717638441115 0.000126753713851 1.1679250284e-05
BPM.32R4.B2 11553.49521 0.00629192425664 0.00770941280646 1.02592478033e-05 -0.000126876540451
BPM.33R4.B2 11606.94669 0.00775500943402 0.00623563833494 -0.000127127523951 -6.4420747013e-06
BPM.34R4.B2 11660.39818 0.00722646070811 0.0068411711253 -5.016351422e-06 0.000127191768665
BPM.33L5.B2 11713.84966 0.00848905634776 0.00519223257054 0.000127285052039 1.19371903165e-06
BPM.32L5.B2 11767.30114 0.00804225674098 0.00586050025264 -2.31406403229e-07 -0.000127290433743
BPM.31L5.B2 11820.75263 0.00908349466809 0.00406367830237 -0.000127225989493 4.05659048286e-06
BPM.30L5.B2 11874.20411 0.0087258939037 0.00478352717549 5.48286843021e-06 0.000127172506868
BPM.29L5.B2 11927.6556 0.00952873457629 0.00286820049687 0.00012695047034 -9.29989329048e-06
BPM.28L5.B2 11981.10708 0.00926613842734 0.00362795194572 -1.07205561687e-05 -0.000126838397955
BPM.27L5.B2 12034.55856 0.0098173551333 0.00162569827836 -0.000126458905241 1.45276835462e-05
BPM.26L5.B2 12088.01005 0.0097173203504 0.0024167560995 1.69087333401e-05 6.29895610824e-05
BPM.25L5.B2 12141.46153 0.0100073204819 0.00034721981673 6.24532466101e-05 -1.87931373591e-05
BPM.24L5.B2 12194.91302 0.00994664646539 0.00115379761618 -1.9491475568e-05 -6.22388337909e-05
BPM.23L5.B2 12248.3645 0.00996951497319 -0.000935839740046 -6.16250149939e-05 2.13529335331e-05
BPM.22L5.B2 12301.81598 0.0100757293232 -0.000124139542281 2.30069532552e-05 -1.91759195569e-06
BPM.21L5.B2 12355.26747 0.00983054095526 -0.00221273508061 -2.60789974249e-06 -2.2938959678e-05
BPM.20L5.B2 12408.71895 0.00997706201855 -0.00141207843295 -2.29082915085e-05 2.86479365443e-06
BPM.19L5.B2 12462.17044 0.00946670235511 -0.00345214115684 3.55176805386e-06 2.28118812078e-05
BPM.18L5.B2 12515.62192 0.00971444591469 -0.00267680268205 2.27706637882e-05 -3.80708462954e-06
BPM.17L5.B2 12569.07341 0.00894729677938 -0.00463482603455 -4.48945150448e-06 -2.26460078383e-05
BPM.16L5.B2 12622.52489 0.00929218905053 -0.00389755752869 -2.25942775147e-05 4.74293340858e-06
BPM.15L5.B2 12675.97637 0.00828086757164 -0.00574133819441 5.41962036971e-06 2.24415848443e-05
BPM.14L5.B2 12729.42786 0.0087172463992 -0.00505424051493 2.23794626459e-05 -5.67067274818e-06
BPM.13L5.B2 12782.87934 0.00747835206675 -0.00675351629624 -6.34046151395e-06 -2.21989970646e-05
BPM.12L5.B2 12836.33083 0.0087538331944 -0.00499060481648 -2.25836145028e-05 4.79345506311e-06
BPM.11L5.B2 12889.78231 0.00915700379286 -0.00420535534462 4.19794932306e-06 2.27018543638e-05
BPM.10L5.B2 12942.565 0.00940874804539 -0.0036071030212 2.16940054917e-05 -7.89727435467e-06
BPM.9L5.B2 12981.63199 0.00840119457842 -0.00556378123801 -6.79878482063e-06 -2.20629419961e-05
BPM.8L5.B2 13022.09698 0.00986411926945 0.00205788315642 -1.55502837364e-05 1.70641491837e-05
BPM.7L5.B2 13061.16497 0.00980754023605 -0.00231254978571 1.56998805158e-05 1.69266266498e-05
BPMR.6L5.B2 13098.05897 0.00947584227322 -0.0034269732079 2.13664386079e-05 -8.7448637122e-06
BPMWT.B6L5.B2 13109.36897 0.00666768245057 -0.00755498132014 1.21802975413e-05 -1.9612172296e-05
BPMWT.A6L5.B2 13115.19097 0.00473672516807 -0.00889377123029 5.97522957667e-06 -2.23000803012e-05
BPM.5L5.B2 13129.95897 0.00134959330693 -0.00998570628106 -5.38637765734e-06 -2.24495854455e-05
BPMYA.4L5.B2 13157.36497 -0.00166712451703 -0.00993762687242 -1.49940619853e-05 -1.7554908825e-05
BPMWB.4L5.B2 13178.42347 -0.00286497087315 -0.00966062492296 -1.81395733916e-05 -1.42812033992e-05
BPMWT.B4L5.B2 13178.89297 -0.00287959983029 -0.00965627448016 -1.81843360001e-05 -1.42241683139e-05
BPMWT.A4L5.B2 13180.87497 -0.00293764245477 -0.00963877527542 -1.83657945748e-05 -1.39890989691e-05
BPMSY.4L5.B2 13271.27947 -0.00319198851837 -0.00955755937901 -2.17600596059e-05 -7.71341561541e-06
BPMS.2L5.B2 13298.06497 -0.00331866499287 -0.00951431525788 -2.22187884171e-05 -6.27045227664e-06
BPMSW.1L5.B2 13308.11897 -0.00337212756421 -0.00949549831515 -2.24810785007e-05 -5.25376969444e-06
BPMSW.1R5.B2 13351.06897 -0.00337212632203 -0.00949549869996 -2.01654265278e-05 -1.12405814737e-05
BPMS.2R5.B2 13361.12297 -0.00331866436231 -0.00951431547525 -2.06556741916e-05 -1.03121780642e-05
BPMSY.4R5.B2 13387.90847 -0.00319198828784 -0.00955755945174 -2.12872063739e-05 -8.93597295127e-06
BPMWB.4R5.B2 13480.76447 -0.00286494758417 -0.00966063182807 -2.30283131966e-05 -1.64126407103e-06
BPMYA.4R5.B2 13501.82097 -0.00166721613601 -0.00993761150179 -2.29043014438e-05 2.89654169745e-06
BPMR.5R5.B2 13522.93897 0.000544005191959 -0.010061798565 -2.06616481068e-05 1.03001742833e-05
BPM.6R5.B2 13554.83897 0.00821851468103 -0.00583024428603 2.35593920427e-06 2.29662017713e-05
BPMRA.7R5.B2 13588.85297 0.0100401882862 -0.000854605803238 2.25424517104e-05 4.98342925006e-06
BPM.8R5.B2 13630.28998 0.0100502635549 -0.000726591014437 8.97185405105e-06 -2.12721045265e-05
BPM.9R5.B2 13669.35499 0.00965014308212 -0.00290008111501 -2.25553572255e-05 -4.9247101369e-06
BPM.10R5.B2 13709.818 0.00785464821197 -0.00631191203026 1.01911402938e-06 2.3064217116e-05
BPM.11R5.B2 13762.59871 0.0100162218539 -0.00110046890295 2.15970629898e-05 -8.15866915905e-06
BPM.12R5.B2 13817.32223 0.00916594437031 -0.00418583274838 -7.0309164885e-06 -2.19900666027e-05
BPM.13R5.B2 13870.77074 0.00894988626862 -0.00462982373563 -2.24850633921e-05 5.23629483984e-06
BPM.14R5.B2 13924.21926 0.00779399005916 -0.00638666196001 5.90728694416e-06 2.23181723622e-05
BPM.15R5.B2 13977.66777 0.00828396489517 -0.00573686826934 2.22512990725e-05 -6.15438362258e-06
BPM.16R5.B2 14031.11629 0.00691297323902 -0.00733120269879 -6.8175056868e-06 -2.20571663183e-05
BPM.17R5.B2 14084.56481 0.00748203740683 -0.00674943318257 -2.19801908842e-05 7.06173111358e-06
BPM.18R5.B2 14138.01332 0.0059183859035 -0.00815527070687 7.7163568307e-06 2.17590159134e-05
BPM.19R5.B2 14191.46184 0.00655720247866 -0.00765106709362 2.16721169855e-05 -7.95715429845e-06
BPM.20R5.B2 14244.91035 0.00482653320286 -0.00884535523625 -8.60214396738e-06 -2.14242868085e-05
BPM.21R5.B2 14298.35887 0.00552459043514 -0.00842701800818 -2.13275628681e-05 8.8392305141e-06
BPM.22R5.B2 14351.80738 0.00365540267059 -0.00939008856888 9.47352107907e-06 2.10534896205e-05
BPM.23R5.B2 14405.2559 0.00440124746132 -0.00906447752698 2.09471434139e-05 -9.70639766434e-06
BPM.24R5.B2 14458.70442 0.00235816693808 -0.00976791087675 -1.02627186182e-05 4.66032188727e-05
BPM.25R5.B2 14512.15293 0.00313877223825 -0.00954573951943 4.67141528668e-05 9.74529845181e-06
BPM.26R5.B2 14565.60145 0.0010893045187 -0.00998931678636 8.34300482553e-06 -4.6984864744e-05
BPM.27R5.B2 14619.04996 0.00189182397648 -0.00986884168821 -4.70744996782e-05 -7.82142291174e-06
BPM.28R5.B2 14672.49848 -0.000263491024046 -0.0100339772984 -6.34306040252e-06 0.000114537744074
BPM.29R5.B2 14725.947 0.000547191408418 -0.0100225101396 0.000114601049033 5.07245113032e-06
BPM.30R5.B2 14779.39551 -0.00154485918762 -0.00991783938436 1.64048366838e-06 -0.000114701520096
BPM.31R5.B2 14832.84403 -0.000739566903601 -0.0100101532823 -0.000114712653275 -3.68518886261e-07
BPM.32R5.B2 14886.29254 -0.00280085338285 -0.00963874204721 3.06423085356e-06 0.000114672314844
BPM.33R5.B2 14939.74106 -0.00201380117544 -0.0098333479939 0.000114631274083 -4.33602807348e-06
BPM.34R5.B2 14993.18958 -0.00401083219667 -0.00920126909467 -7.76494097976e-06 -0.0001144501444
BPM.33L6.B2 15046.63809 -0.00325530673703 -0.00949489894597 -0.000114357027795 9.03325771336e-06
BPM.32L6.B2 15100.08661 -0.00515489191634 -0.00861261964821 1.24509262782e-05 0.000114035532949
BPM.31L6.B2 15153.53512 -0.004442989079 -0.00900055420464 0.000113890379536 -1.37153802726e-05
BPM.30L6.B2 15206.98364 -0.00621427883718 -0.00788244038966 -1.71181048645e-05 -0.000113428830399
BPM.29L6.B2 15260.43215 -0.00555797050077 -0.00835817515014 -0.000113232138125 1.83742272981e-05
BPM.28L6.B2 15313.88067 -0.00717152774243 -0.00702277137257 2.17539131094e-05 0.000112631683387
BPM.27L6.B2 15367.32919 -0.00658137003549 -0.00757863420355 0.000112383336884 -2.30025049049e-05
BPM.26L6.B2 15420.7777 -0.00807702265065 -0.00603510808945 -2.6289394725e-05 -4.43944909343e-05
BPM.25L6.B2 15474.22622 -0.00756366742435 -0.00666721528271 -4.410033593e-05 2.67799086977e-05
BPM.24L6.B2 15527.67473 -0.00878266228765 -0.00495233961496 2.8087588048e-05 4.32792141704e-05
BPM.23L6.B2 15581.12325 -0.00835436837235 -0.00564494053959 4.29649308125e-05 -2.85660321155e-05
BPM.22L6.B2 15634.57177 -0.00941008571015 -0.00377558369849 -2.9773048595e-05 2.51599368314e-05
BPM.21L6.B2 15688.02028 -0.00907470580815 -0.00452266070492 2.54885708165e-05 2.94922008685e-05
BPM.20L6.B2 15741.4688 -0.00981574429873 -0.00254084812531 2.87161249625e-05 -2.63598439972e-05
BPM.19L6.B2 15794.91731 -0.00957869348838 -0.00332466184285 -2.66766845417e-05 -2.84220286456e-05
BPM.18L6.B2 15848.36583 -0.0100601289408 -0.00126433819654 -2.76110921733e-05 2.75151775281e-05
BPM.17L6.B2 15901.81435 -0.00992528776183 -0.00207205410536 2.78196850704e-05 2.73042541979e-05
BPM.16L6.B2 15955.26286 -0.0101392140194 3.2930560139e-05 2.64593767703e-05 -2.86244447909e-05
BPM.15L6.B2 16008.71138 -0.0101088034446 -0.000785390523369 -2.89161054094e-05 -2.61403129278e-05
BPM.14L6.B2 16062.15989 -0.0100517034212 0.00132966300004 -2.52633894635e-05 2.96853247381e-05
BPM.13L6.B2 16115.60841 -0.010126221753 0.000514177403987 2.99636654617e-05 2.49326283454e-05
BPM.12L6.B2 16169.05693 -0.00975890283793 0.00275110173323 2.42983667048e-05 -3.04802656752e-05
BPM.11L6.B2 16222.50544 -0.010084724013 0.0010502794696 -2.86804585548e-05 -2.63986471139e-05
BPM.10L6.B2 16274.34415 -0.00975253448776 0.00277359269351 -3.10870246293e-05 2.35170957168e-05
BPM.9L6.B2 16313.40916 -0.00927974648253 0.0040854682163 1.11670945854e-05 3.73463877979e-05
BPM.8L6.B2 16353.87217 -0.00553531541149 0.00849500021477 3.03308246595e-05 -2.44846513576e-05
BPMYB.5L6.B2 16450.96018 -0.010122318811 0.000586009648138 -3.89768273987e-05 5.14284446072e-07
BPMYA.4L6.B2 16487.36018 -0.0100915338616 0.000982695544019 -3.77973006426e-05 9.53018053887e-06
BPMSB.B4L6.B2 16518.13068 -0.0101379065607 -0.000166120545874 -3.46602499255e-05 1.78360515608e-05
BPMSB.A4L6.B2 16518.76568 -0.0101374365025 -0.000192682536913 -3.45667259894e-05 1.80166252502e-05
BPMSA.4L6.B2 16615.57568 -0.00915847679732 -0.00435052274336 -4.22097573901e-06 3.87510069747e-05
BPMSE.4R6.B2 16707.14568 -0.00902216721012 -0.00462658018647 3.03370571501e-05 2.44769266507e-05
BPMSA.A4R6.B2 16803.82068 -0.0100813441758 -0.00108224073714 3.78630825294e-05 -9.26520066898e-06
BPMSA.B4R6.B2 16804.40568 -0.0100837636587 -0.00105946020941 3.78203408846e-05 -9.43814930248e-06
BPMYB.4R6.B2 16830.96018 -0.0101388773272 -8.89495926925e-05 3.53249891896e-05 -1.64803509655e-05
BPMYA.5R6.B2 16867.36018 -0.0101392605027 1.18907362027e-05 3.09865134581e-05 -2.36494118567e-05
BPM.8R6.B2 16963.08519 -0.00911202469627 0.0044469935112 -2.80231575331e-05 -2.70953830447e-05
BPM.9R6.B2 17002.1502 -0.00366399226443 0.00945409466982 -2.38862312184e-05 3.08043079079e-05
BPM.10R6.B2 17042.61322 -0.00169580636806 0.00999644867751 2.30342339142e-05 3.14464806867e-05
BPM.11R6.B2 17094.45193 0.000947808893302 0.0100948701641 2.82320518274e-05 -2.68776567918e-05
BPM.12R6.B2 17149.17544 -0.00122092879561 0.0100654894685 -3.04591471762e-05 -2.43248395037e-05
BPM.13R6.B2 17202.62396 0.000908951256146 0.010098443098 -2.33686069032e-05 3.11988016091e-05
BPM.14R6.B2 17256.07247 9.11069925326e-05 0.0101388581636 3.14560222425e-05 2.30212010281e-05
BPM.15R6.B2 17309.52099 0.00219330972183 0.00989919884898 2.20695570153e-05 -3.21308560593e-05
BPM.16R6.B2 17362.96951 0.00138726874828 0.0100439151112 -3.23736379489e-05 -2.17118576529e-05
BPM.17R6.B2 17416.41802 0.00344155922636 0.00953731699526 -2.07332869319e-05 3.30089074025e-05
BPM.18R6.B2 17469.86654 0.00266073080336 0.00978392850282 3.3236790447e-05 2.03659729143e-05
BPM.19R6.B2 17523.31505 0.00463332180379 0.00901870691577 1.93622635408e-05 -3.38313478003e-05
BPM.20R6.B2 17576.76357 0.00389038315028 0.00936320801335 -3.40440026735e-05 -1.89858620477e-05
BPM.21R6.B2 17630.21209 0.00574890260296 0.00835193775298 -1.79584928044e-05 3.45969583108e-05
BPM.22R6.B2 17683.6606 0.00505619857987 0.00878860633251 3.4793975953e-05 1.75737487171e-05
BPM.23R6.B2 17737.10912 0.00677006661026 0.0075479098819 1.65247279102e-05 -3.53042656101e-05
BPM.24R6.B2 17790.55763 0.00614932095517 0.00807031084102 -3.53243776464e-05 -2.66167655927e-05
BPM.25R6.B2 17844.00615 0.00769032738159 0.00661837820141 -2.5547613501e-05 3.61051753676e-05
BPM.26R6.B2 17897.45466 0.00713118008488 0.0072173634991 3.63862501191e-05 2.51456708693e-05
BPM.27R6.B2 17950.90318 0.00847378270568 0.00558023941293 2.40456557875e-05 -3.71223654573e-05
BPM.28R6.B2 18004.3517 0.00800627850506 0.00624654788137 -3.72257722556e-05 -3.41171140953e-05
BPM.29R6.B2 18057.80021 0.00912835219976 0.00444893719065 -3.29876356375e-05 3.82302458448e-05
BPM.30R6.B2 18111.24873 0.00873957458453 0.00517104361664 3.85937088279e-05 3.25616539891e-05
BPM.31R6.B2 18164.69724 0.00962247213992 0.00324467038197 3.13923203904e-05 -3.95506944687e-05
BPM.32R6.B2 18218.14576 0.00932924217668 0.00401062294011 -3.98964134483e-05 -3.09517625129e-05
BPM.33R6.B2 18271.59428 0.0099584725646 0.0019871286293 -2.97437440996e-05 4.08049635945e-05
BPM.34R6.B2 18325.04279 0.00976564054702 0.00278426304606 4.1132283008e-05 2.92894323031e-05
BPM.33L7.B2 18378.49131 0.0101308524761 0.000696910414235 2.80456220074e-05 -4.19902212305e-05
BPM.32L7.B2 18431.93982 0.0100415711489 0.00151218546644 -4.22986881277e-05 -2.7578187716e-05
BPM.31L7.B2 18485.38834 0.010136771678 -0.000604744543198 -2.6299775955e-05 4.31051939694e-05
BPM.30L7.B2 18538.83686 0.0101525132681 0.000215244853266 4.33941698243e-05 2.58201777509e-05
BPM.29L7.B2 18592.28537 0.00997613521675 -0.00189646569463 2.45102510846e-05 -4.41472945609e-05
BPM.28L7.B2 18645.73389 0.0100966394389 -0.00108523177992 -4.44164237153e-05 -2.40190911807e-05
BPM.27L7.B2 18699.1824 0.00965157993387 -0.00315703354002 -2.26789011544e-05 4.5115445397e-05
BPM.26L7.B2 18752.63092 0.00988534013607 -0.002367203434 4.55251604424e-05 1.16926976121e-05
BPM.25L7.B2 18806.07943 0.00917882146802 -0.0043672460586 1.0325280342e-05 -4.58546406938e-05
BPM.24L7.B2 18859.52795 0.00950130848333 -0.00361230380768 -4.59663495898e-05 -9.81601781285e-06
BPM.23L7.B2 18912.97647 0.00854475476627 -0.00550552155879 -8.43586278912e-06 4.62395464473e-05
BPM.22L7.B2 18966.42498 0.00897164734603 -0.00479734790436 4.64912802175e-05 -2.56192717575e-06
BPM.21L7.B2 19019.8735 0.00778066619212 -0.00655486357726 -3.95194301238e-06 -4.63937913547e-05
BPM.20L7.B2 19073.32201 0.00828424451847 -0.00590561560214 -4.63471015982e-05 4.46632725511e-06
BPM.19L7.B2 19126.77053 0.00687825487338 -0.00749630660621 5.85140934563e-06 4.61926719017e-05
BPM.18L7.B2 19180.21905 0.00746077349724 -0.00691678117361 4.61249631647e-05 -6.36320070744e-06
BPM.17L7.B2 19233.66756 0.00586281533914 -0.00831458953822 -7.74058826179e-06 -4.59138909356e-05
BPM.16L7.B2 19287.11608 0.00651464857538 -0.00781436861674 -4.58252036419e-05 8.24939646785e-06
BPM.15L7.B2 19340.56459 0.0047510623877 -0.00899624416502 9.61712475994e-06 4.55577980892e-05
BPM.14L7.B2 19394.01311 0.0054615663388 -0.00858348973382 4.54483642713e-05 -1.01216731484e-05
BPM.13L7.B2 19447.46163 0.00356122096425 -0.00953009486532 -1.14771814347e-05 -4.51251201568e-05
BPM.12L7.B2 19500.91014 0.00451316068473 -0.00911791552363 -4.51519021538e-05 1.13713580956e-05
BPM.11L7.B2 19554.35866 0.00229773365553 -0.009910873975 1.06964171687e-05 4.53165374703e-05
BPM.10L7.B2 19607.13937 0.00224650292648 -0.00992261192837 4.57493669838e-05 -8.66010812256e-06
BPM.9L7.B2 19646.20438 -0.001726849562 -0.0100261155732 8.99401257213e-06 -4.56848942132e-05
BPM.8L7.B2 19686.66739 -0.00510827271468 -0.00879832670273 -4.43447567745e-05 -1.41966466964e-05
BPM.7L7.B2 19725.7314 -0.00950612574753 -0.00362471738787 -1.78256284132e-05 4.30145250882e-05
BPMR.6L7.B2 19760.5494 -0.00946073684966 -0.00374158538097 1.78902753104e-05 4.29876752618e-05
BPMWC.6L7.B2 19772.7279 -0.00989459306373 -0.00236686100426 2.9221269699e-05 3.62507856879e-05
BPMWE.5L7.B2 19849.7819 -0.00738645287505 -0.00699609296743 3.48575711902e-05 -3.08699176722e-05
BPMW.5L7.B2 19872.9869 -0.00481638095059 -0.00896144393703 1.79489026514e-05 -4.29632278256e-05
BPMWE.4L7.B2 19908.0719 -0.00483118263674 -0.00895347291493 -7.85389715691e-07 -4.65551838236e-05
BPMW.4L7.B2 19936.1769 -0.00795679469905 -0.00633990701895 -2.51610927276e-05 -3.91780733184e-05
BPMW.4R7.B2 20052.2239 -0.00921362046106 -0.00431441779288 -1.9936621733e-05 4.20777005968e-05
BPMWE.4R7.B2 20080.3289 -0.00709106303056 -0.00729532919134 3.99971697319e-06 4.63897000068e-05
BPMW.5R7.B2 20115.4139 -0.00741797098249 -0.00696266539515 2.49412702719e-05 3.93183812321e-05
BPMWE.5R7.B2 20138.6189 -0.00993836281723 -0.00217576364539 4.41440832923e-05 1.48088401338e-05
BPM.6R7.B2 20217.7584 -0.00979512920139 0.00274962666645 -4.70109615746e-07 -4.65594342197e-05
BPM_A.7R7.B2 20255.7944 -0.0101509733048 -0.000680252749734 -3.43465164012e-05 -3.14375308658e-05
BPM.8R7.B2 20294.85841 -0.0101446705511 -0.000768545571739 -4.561674896e-05 9.33351359576e-06
BPM.9R7.B2 20333.92342 -0.00905988736494 0.00462854661541 7.74472848939e-06 4.59131904709e-05
BPM.10R7.B2 20374.38643 -0.00583823976391 0.00833186409919 4.64751342451e-05 -2.83981200293e-06
BPM.11R7.B2 20427.16714 -0.0060888149268 0.00815054204686 3.48758445133e-06 -4.64310122686e-05
BPM.12R7.B2 20481.89066 -0.00495201920604 0.00888721039897 -4.64549801353e-05 -3.15229344043e-06
BPM.13R7.B2 20535.33917 -0.00573908042323 0.00840047372684 -2.28589311607e-06 4.65056682464e-05
BPM.14R7.B2 20588.78769 -0.00387069774405 0.00940865037503 4.65532458766e-05 8.93130975079e-07
BPM.15R7.B2 20642.23621 -0.00461736372909 0.00906559182042 3.76726921855e-07 -4.65602847476e-05
BPM.16R7.B2 20695.68472 -0.00263541502189 0.00982647396396 -4.65507102139e-05 1.01673617863e-06
BPM.17R7.B2 20749.13324 -0.00341976317646 0.00958176511717 1.5328459086e-06 4.65365726776e-05
BPM.18R7.B2 20802.58175 -0.00135669556818 0.010082875584 4.64698497755e-05 -2.92485563754e-06
BPM.19R7.B2 20856.03027 -0.00216597684273 0.00994050034908 -3.44005827567e-06 -4.64345575232e-05
BPM.20R7.B2 20909.47879 -5.58256323578e-05 0.0101735876853 -4.63108181102e-05 4.82808718892e-06
BPM.21R7.B2 20962.9273 -0.000876592773515 0.0101359058817 5.34135117795e-06 4.62544305886e-05
BPM.22R7.B2 21016.37582 0.00124610487405 0.0100971394743 4.60738655286e-05 -6.72316434103e-06
BPM.23R7.B2 21069.82433 0.000427180610345 0.0101647685476 -7.2337034918e-06 -4.59964740017e-05
BPM.24R7.B2 21123.27285 0.00253453865166 0.00985344482588 -4.57665317054e-05 1.35406857634e-06
BPM.25R7.B2 21176.72137 0.00173115280857 0.0100258351794 1.86154711365e-06 4.57486985267e-05
BPM.26R7.B2 21230.16988 0.00377422738647 0.00944825214906 4.56724975943e-05 -3.22974725314e-06
BPM.27R7.B2 21283.6184 0.00299942942362 0.00972202058439 -3.73601256938e-06 -4.5633880232e-05
BPM.28R7.B2 21337.06691 0.00495889924275 0.00888650813745 -4.55087773559e-05 -2.15287502711e-06
BPM.29R7.B2 21390.51543 0.00422562778366 0.00925768753209 -1.64799580024e-06 4.55298540051e-05
BPM.30R7.B2 21443.96394 0.00605496600773 0.00817912558338 4.55587815971e-05 2.84802187123e-07
BPM.31R7.B2 21497.41246 0.00537515576371 0.00864108842202 -2.20371457216e-07 -4.55591359643e-05
BPM.32R7.B2 21550.86098 0.00705145155195 0.0073374205015 -4.55321346282e-05 1.58376043049e-06
BPM.33R7.B2 21604.30949 0.00643635773191 0.00788251278206 2.0886997724e-06 4.5511764426e-05
BPM.34R7.B2 21657.75801 0.00793215070448 0.00637508382311 4.54288808527e-05 -3.44963361541e-06
BPM.33L8.B2 21711.20652 0.00739180819621 0.00699441778379 -3.9531120277e-06 -4.53878472686e-05
BPM.32L8.B2 21764.65504 0.00868246012329 0.00530806884365 -4.52491978809e-05 5.30974208326e-06
BPM.31L8.B2 21818.10356 0.00822580368964 0.00599139902624 5.81133308604e-06 4.51875194604e-05
BPM.30L8.B2 21871.55207 0.00929014941154 0.00415377328302 4.49933901908e-05 -7.16086257431e-06
BPM.29L8.B2 21925.00059 0.008924641391 0.0048899370772 -7.6592708543e-06 -4.4911237866e-05
BPM.28L8.B2 21978.4491 0.00974516776632 0.00293128193581 -4.46618776172e-05 9.000007988e-06
BPM.27L8.B2 22031.89762 0.00947684019355 0.0037081273637 9.49486801129e-06 4.45592983322e-05
BPM.26L8.B2 22085.34614 0.0100472045263 0.00165922805617 4.4248164545e-05 -1.80768059319e-05
BPM.25L8.B2 22138.79465 0.00988053803467 0.00246461449826 -1.85663072432e-05 -4.40450056489e-05
BPM.24L8.B2 22192.24317 0.0101769095715 0.000360372071347 -4.34695772965e-05 1.98762829885e-05
BPM.23L8.B2 22245.69168 0.0101146374452 0.00118045156112 2.03572148287e-05 4.32464369852e-05
BPM.22L8.B2 22299.1402 0.0101465276067 -0.000945773740194 4.26108994461e-05 -2.88949734442e-05
BPM.21L8.B2 22352.58871 0.0101897577109 -0.000123888169217 -2.93656900069e-05 -4.22878831269e-05
BPM.20L8.B2 22406.03723 0.00994218460931 -0.0022359507171 -4.13899722134e-05 3.06182696305e-05
BPM.19L8.B2 22459.48575 0.010090197565 -0.00142633220928 3.1075438725e-05 4.10478437785e-05
BPM.18L8.B2 22512.93426 0.00957448894369 -0.00348936554354 4.0099675389e-05 -3.22896930817e-05
BPM.17L8.B2 22566.38278 0.00982484287613 -0.00270536003939 -3.27323743074e-05 -3.97391525431e-05
BPM.16L8.B2 22619.83129 0.00904946170224 -0.00468548325366 -3.87416271254e-05 3.39071448217e-05
BPM.15L8.B2 22673.27981 0.0093980667751 -0.00393990499568 3.43347226501e-05 3.83631995062e-05
BPM.14L8.B2 22726.72833 0.00837576829989 -0.00580456852931 3.73186997457e-05 -3.54672124469e-05
BPM.13L8.B2 22780.17684 0.00881685333644 -0.00510975612694 -3.58788727422e-05 -3.69230933489e-05
BPM.12L8.B2 22833.62536 0.00690304111993 -0.00749630133897 -3.77157016718e-05 3.50447508171e-05
BPM.11L8.B2 22887.07387 0.00719415735074 -0.00721738252275 2.90001452493e-05 4.25393920404e-05
BPM.10L8.B2 22938.91258 0.00664289255938 -0.00772777386346 4.49555582672e-05 -2.50919534538e-05
BPM.9L8.B2 22977.9776 0.00723971868884 -0.00717167927702 -1.63572067359e-05 -4.88165010195e-05
BPM.8L8.B2 23018.44061 -0.0028203935343 -0.00979244048951 -4.23559426491e-05 2.92674348486e-05
BPM.7L8.B2 23057.50662 -0.00300404977071 -0.00973766889044 -1.2239653975e-05 5.00079920724e-05
BPM.6L8.B2 23089.97562 0.00317538507517 -0.00968315239019 3.30161426557e-05 3.95037141772e-05
BPMR.5L8.B2 23150.39462 -0.00306694444184 -0.00971804311804 -5.02391856115e-05 1.12530812477e-05
BPMYB.4L8.B2 23171.16162 -0.00469569190668 -0.00904416872802 -4.29610957851e-05 2.83716879698e-05
BPMWB.4L8.B2 23195.62912 -0.00422958022029 -0.00927130851682 -3.56384173039e-05 3.71552373186e-05
BPMSX.4L8.B2 23245.78612 -0.00441548921254 -0.00918422372603 -2.32890748327e-05 4.59154389254e-05
BPMS.2L8.B2 23283.69762 -0.00430170794927 -0.00923806358593 -1.46231229336e-05 4.93636710058e-05
BPMSW.1L8.B2 23293.63162 -0.00419792523708 -0.00928568437322 -1.02019986394e-05 5.04631428747e-05
BPMSW.1R8.B2 23336.82162 -0.0041979411 -0.00928567719169 -3.51548011163e-05 3.76131285883e-05
BPMS.2R8.B2 23346.75562 -0.00430171877873 -0.00923805856667 -3.16919763485e-05 4.05736950204e-05
BPMSX.4R8.B2 23384.66712 -0.00441548873461 -0.0091842239536 -2.38519688287e-05 4.56255586439e-05
BPMWI.4R8.B2 23434.90012 -0.00423017744472 -0.00927103603969 -9.51918183519e-06 5.05963796614e-05
BPMYB.4R8.B2 23459.29162 -0.0046959079566 -0.00904405656099 1.85492941797e-06 5.14506275343e-05
BPMYB.5R8.B2 23479.86862 -0.00316293781431 -0.00968722534503 1.95202164126e-05 4.76399997287e-05
BPMR.6R8.B2 23563.97662 0.00308220861889 -0.0097132126738 -5.1273679463e-05 4.6496718189e-06
BPM_A.7R8.B2 23586.21662 0.000432707591507 -0.0101813198846 -4.54238319533e-05 2.42339737486e-05
BPM.8R8.B2 23627.65561 -0.00484171880084 -0.00896684278294 5.61206612833e-07 5.14810027018e-05
BPM.9R8.B2 23666.7226 -0.00930150342647 -0.00416275684179 3.78496279665e-05 -3.49000544481e-05
BPM.10R8.B2 23707.18758 -0.0028409839326 -0.00978648664216 -4.76985258527e-05 -1.93767855356e-05
BPM.11R8.B2 23759.02827 -0.00526092165253 -0.00872749756768 -2.48754879226e-05 4.50756971464e-05
BPM.12R8.B2 23813.75476 -0.00556058903456 -0.00853969320529 4.46293656249e-05 2.56676520472e-05
BPM.13R8.B2 23867.20624 -0.00750737266813 -0.00689099891961 2.2837161368e-05 -4.61418731462e-05
BPM.14R8.B2 23920.65773 -0.00692677491392 -0.00747437621295 -4.63947118371e-05 -2.231903484e-05
BPM.15R8.B2 23974.10921 -0.0083272863202 -0.00587390951054 -2.09152975009e-05 4.70442210006e-05
BPM.16R8.B2 24027.56069 -0.00782600364838 -0.00652688113015 4.72756343261e-05 2.03868208524e-05
BPM.17R8.B2 24081.01218 -0.00901028700927 -0.00476038218019 1.89570781967e-05 -4.7866870663e-05
BPM.18R8.B2 24134.46366 -0.00859668788407 -0.00547206248545 -4.80762271269e-05 -1.84196919759e-05
BPM.19R8.B2 24187.91515 -0.00954524093484 -0.0035685972033 -1.69672358493e-05 4.86078348414e-05
BPM.20R8.B2 24241.36663 -0.00922606275983 -0.00432738678906 4.87949254178e-05 1.64214460677e-05
BPM.21R8.B2 24294.81811 -0.00992333014393 -0.00231819526549 1.49478345539e-05 -4.92663252568e-05
BPM.22R8.B2 24348.2696 -0.009703854715 -0.00311154529263 -4.94306749431e-05 -1.43950390852e-05
BPM.23R8.B2 24401.72108 -0.0101383562968 -0.00102968056253 -1.2903726736e-05 4.98407691141e-05
BPM.24R8.B2 24455.17257 -0.00995248844005 -0.00184020260462 5.10453035792e-05 -5.74418980669e-05
BPM.25R8.B2 24508.62405 -0.0101176989524 0.000265593141514 -5.89494951682e-05 -4.92965573032e-05
BPM.26R8.B2 24562.07554 -0.0101061266074 -0.000551884749532 -4.86335029138e-05 5.94976955837e-05
BPM.27R8.B2 24615.52702 -0.0100005895676 0.00155774839687 6.09320135488e-05 4.68239606314e-05
BPM.28R8.B2 24668.9785 -0.0100240092198 0.00074988555524 4.72000517066e-05 -0.000131238226394
BPM.29R8.B2 24722.42999 -0.00965007883394 0.0028140838026 -0.00013259671149 -4.32368866748e-05
BPM.30R8.B2 24775.88147 -0.00984571965647 0.0020260537012 -4.17503866494e-05 0.000133072241457
BPM.31R8.B2 24829.33296 -0.00921076233695 0.00402553677778 0.000134266792539 3.77325449892e-05
BPM.32R8.B2 24882.78444 -0.00950563156848 0.00326895360521 3.62241130215e-05 -0.000134681581754
BPM.33R8.B2 24936.23592 -0.00862016250212 0.00517067574048 -0.000135708823206 -3.21625804325e-05
BPM.34R8.B2 24989.68741 -0.00900935170396 0.0044581017306 -3.06416911671e-05 0.000136060298237
BPM.33L1.B2 25043.13889 -0.0078877881228 0.00623104226735 0.000136919678273 2.65390212429e-05
BPM.32L1.B2 25096.59038 -0.00836500500233 0.00557402731147 2.50018454828e-05 -0.000137208690034
BPM.31L1.B2 25150.04186 -0.00702597029342 0.00718879896452 -0.000137897725016 -2.08694576067e-05
BPM.30L1.B2 25203.49334 -0.00758322051741 0.00659832218293 -1.93244340772e-05 0.000138122699262
BPM.29L1.B2 25256.94483 -0.00604846452008 0.00802864659282 0.000138641049602 1.51649815235e-05
BPM.28L1.B2 25310.39631 -0.00667679927701 0.00751421590136 1.36095898912e-05 -0.000138802362827
BPM.27L1.B2 25363.8478 -0.00497185409212 0.00873634683693 -0.000139148514393 -9.43433063896e-06
BPM.26L1.B2 25417.29928 -0.00559105648929 0.0083109721551 -6.81124834748e-06 6.94599067731e-05
BPM.25L1.B2 25470.75077 -0.00374423823594 0.00929047096999 6.96331932684e-05 4.72115940063e-06
BPM.24L1.B2 25524.20225 -0.0044819179153 0.00895793406013 3.94051514274e-06 -6.96817263022e-05
BPM.23L1.B2 25577.65373 -0.00252507876439 0.00969309795926 -6.97686514784e-05 -1.84543114327e-06
BPM.22L1.B2 25631.10522 -0.00322952699941 0.00946206436434 6.76491420831e-11 -2.47711452394e-11
BPM.21L1.B2 25684.5567 -0.00119527078372 0.00992632028639 -2.67689929773e-11 -6.3135951821e-11
BPM.20L1.B2 25738.00819 -0.00199254330483 0.00979746282823 -6.5029482678e-11 2.82004208414e-11
BPM.19L1.B2 25791.45967 8.4390409922e-05 0.00999766897452 2.79935425961e-11 6.36372903105e-11
BPM.18L1.B2 25844.91115 -0.000722810712421 0.00997186298321 5.79319568779e-11 -3.19234582568e-11
BPM.17L1.B2 25898.36264 0.00136266847522 0.00990472822564 -3.62483788973e-11 -5.92965590466e-11
BPM.16L1.B2 25951.81412 0.000558793554862 0.00998239732942 -5.80926716598e-11 3.49350884483e-11
BPM.15L1.B2 26005.26561 0.00261855100526 0.00964902571806 3.31078995391e-11 5.89866969036e-11
BPM.14L1.B2 26058.71709 0.00183122141825 0.00982889285701 5.74988927228e-11 -3.68121118037e-11
BPM.13L1.B2 26112.16857 0.00383140600568 0.0092347623005 -3.3880646372e-11 -5.98175563378e-11
BPM.12L1.B2 26165.62006 0.00175955377244 0.00984197526956 -5.68869601329e-11 3.40634909721e-11
BPM.11L1.B2 26219.07154 0.000891483046333 0.00995820087478 3.57368869721e-11 6.39945388773e-11
BPM.10L1.B2 26271.85423 0.000248530299975 0.00999493568592 5.23225644454e-11 -4.30900524135e-11
BPM.9L1.B2 26310.92122 0.00241257416224 0.00970257659315 -4.02882306441e-11 -5.38524679942e-11
BPM.8L1.B2 26351.38621 -0.00519946362841 0.00853967708197 -3.34424442985e-11 5.98648846251e-11
BPM.7L1.B2 26390.4542 -0.00109430283368 0.00993795793762 5.47423375655e-11 3.38586918308e-11
BPMR.6L1.B2 26433.6382 0.00272334863099 0.00961997291677 3.76173365284e-11 -5.98837789757e-11
BPM.5L1.B2 26465.5382 0.00922728847944 0.00384937059046 -4.37882045239e-11 -5.86978595522e-11
BPMYA.4L1.B2 26486.6562 0.00984530698299 0.00174081507732 -5.75732580449e-11 -3.70091420264e-11
BPMWB.4L1.B2 26507.7127 0.00998401932671 0.000529022366265 -7.09572593432e-11 -3.23750140373e-11
BPMSY.4L1.B2 26600.5687 0.00999623784691 0.000189038960804 -6.38847737638e-11 2.02250695337e-13
BPMS.2L1.B2 26627.3542 0.00999786704776 5.62371630809e-05 5.269945446e-12 1.78807900288e-10
BPMSW.1L1.B2 26637.4082 0.00999802469691 1.42564595667e-09 -5.10307612964e-10 1.0110332702e-11
