BPMSW.1R1.B2 21.475 -0.00758326983436 0.00668085608732 4.20133882962e-05 -3.44496921873e-05
BPMS.2R1.B2 31.529 -0.00762072820571 0.00663809622758 4.04036409218e-05 -3.63240592325e-05
BPMSY.4R1.B2 58.3145 -0.00770823411765 0.00653627922456 3.79357027705e-05 -3.88945545281e-05
BPMWB.4R1.B2 151.1705 -0.00792617110778 0.00627021778473 2.34671408628e-05 -4.90020024786e-05
BPMYA.4R1.B2 172.227 -0.00863073418552 0.00525835020359 1.34249629654e-05 -5.26466881592e-05
BPMR.5R1.B2 199.635 -0.00980067910008 0.00246708507026 -1.19507296756e-05 -5.3000780651e-05
BPM.6R1.B2 231.535 -0.00672391776392 -0.00754511427304 -5.4202866623e-05 3.73525656575e-06
BPMRA.7R1.B2 259.259 -0.00454005021292 -0.00902927259312 -3.03654301618e-05 4.50537872528e-05
BPM.8R1.B2 300.6960106 -0.00442457233194 -0.00908641728681 3.88304679924e-05 3.80012933007e-05
BPM.9R1.B2 339.7610212 -0.00629900231603 -0.00790331507974 3.0247817499e-05 -4.51328312079e-05
BPM.10R1.B2 380.2240318 -0.00880604172877 -0.00495917821572 -5.13765068676e-05 -1.76736390856e-05
BPM.11R1.B2 433.0047424 -0.00476000639375 -0.00891527669864 -7.76089783089e-07 5.4325874844e-05
BPM.12R1.B2 487.7282583 -0.00731553381806 -0.00697300398199 5.4213056937e-05 3.58425595112e-06
BPM.13R1.B2 541.1767742 -0.00764835342204 -0.00660624775893 7.94052285671e-06 -5.37480335496e-05
BPM.14R1.B2 594.6252901 -0.00885301814078 -0.00487482197548 -5.39616924498e-05 -6.32760931887e-06
BPM.15R1.B2 648.073806 -0.00843074700415 -0.0055733584552 -5.72900804288e-06 5.40285226646e-05
BPM.16R1.B2 701.5223219 -0.00940385791647 -0.00370233382255 5.41757875434e-05 4.1094160822e-06
BPM.17R1.B2 754.9708378 -0.0090744226349 -0.00444912051363 3.50814408165e-06 -5.42180405225e-05
BPM.18R1.B2 808.4193537 -0.00980020831461 -0.0024689545368 -5.42987367338e-05 -1.88423934411e-06
BPM.19R1.B2 861.8678696 -0.00956900317317 -0.00325176840561 -1.28219990401e-06 5.4316284449e-05
BPM.20R1.B2 915.3163855 -0.0100355207201 -0.00119504951005 5.43303277442e-05 -3.44057231413e-07
BPM.21R1.B2 968.7649014 -0.00990635338284 -0.00200099528934 -9.46772992021e-07 -5.43231745279e-05
BPM.22R1.B2 1022.213417 -0.0101059445235 9.85127756638e-05 -5.42705183789e-05 2.57179081461e-06
BPM.23R1.B2 1075.661933 -0.0100809348157 -0.000717337235985 3.17325544883e-06 5.42386678682e-05
BPM.24R1.B2 1129.110449 -0.00999305538762 0.00138716133109 5.41019786806e-05 -2.23615967281e-05
BPM.25R1.B2 1182.558965 -0.0100724056647 0.00057620891479 -2.29603377556e-05 -5.38505997538e-05
BPM.26R1.B2 1236.007481 -0.00973351719253 0.00265405645014 -5.31395259022e-05 2.45612590981e-05
BPM.27R1.B2 1289.455997 -0.00991594653991 0.00185993999313 2.51489284504e-05 5.28639342323e-05
BPM.28R1.B2 1342.904513 -0.0092967765138 0.00387408288372 5.20700266425e-05 -4.42862579175e-05
BPM.29R1.B2 1396.353029 -0.00957909554544 0.00311118952469 -4.48610190277e-05 -5.15756630299e-05
BPM.30R1.B2 1449.801545 -0.00872484592716 0.00503146453059 -5.02103848153e-05 4.63840238536e-05
BPM.31R1.B2 1503.25006 -0.00910240438367 0.00431100987525 4.6937969363e-05 4.96929302114e-05
BPM.32R1.B2 1556.698576 -0.00800951947034 0.00610624021753 4.82656966515e-05 -4.84043653994e-05
BPM.33R1.B2 1610.147092 -0.00847618325751 0.00543993466115 -4.893665925e-05 -4.77259178923e-05
BPM.34R1.B2 1663.595608 -0.00716264425271 0.0070806143114 -4.62403693705e-05 5.03427079352e-05
BPM.33L2.B2 1717.044124 -0.00771064207661 0.00647955018386 5.08523973485e-05 4.56792416337e-05
BPM.32L2.B2 1770.49264 -0.00619800985258 0.00793871813399 4.41367058324e-05 -5.21968511866e-05
BPM.31L2.B2 1823.941156 -0.00681847828516 0.00741261935379 -5.26831126195e-05 -4.35551389801e-05
BPM.30L2.B2 1877.389672 -0.00513162136162 0.00866631605384 -4.19592890727e-05 5.39627528383e-05
BPM.29L2.B2 1930.838188 -0.0058141873278 0.00822397698572 5.44247559613e-05 4.13582623543e-05
BPM.28L2.B2 1984.286704 -0.00398081951924 0.0092515754164 3.97108338788e-05 -5.56382059881e-05
BPM.27L2.B2 2037.73522 -0.00471448151961 0.0089001256005 -5.60751709724e-05 -3.90913827557e-05
BPM.26L2.B2 2091.183735 -0.00274747012312 0.00968147726686 -3.74131236307e-05 3.96535105536e-05
BPM.25L2.B2 2144.632251 -0.00351973118424 0.00942820696368 4.00659628887e-05 3.69710898128e-05
BPM.24L2.B2 2198.080767 -0.00148639272879 0.00995340297606 3.57554563715e-05 -4.1154462294e-05
BPM.23L2.B2 2251.529283 -0.00228482414959 0.00980097815304 -4.15484650894e-05 -3.52968448815e-05
BPM.22L2.B2 2304.977799 -0.000183761603717 0.0100584725989 -3.40549540344e-05 2.50198626166e-05
BPM.21L2.B2 2358.426315 -0.000994814816952 0.0100108432603 2.53959733309e-05 3.37753981194e-05
BPM.20L2.B2 2411.874831 0.00110447625508 0.00999933855535 3.30002750029e-05 -2.63953608013e-05
BPM.19L2.B2 2465.323347 0.000293899569928 0.0100558571191 -2.67597212717e-05 -3.27055165995e-05
BPM.18L2.B2 2518.771863 0.00237446271615 0.00977591766242 -3.18900447249e-05 2.77264908182e-05
BPM.17L2.B2 2572.220379 0.00157786709407 0.00993564163814 2.80784315117e-05 3.15806129251e-05
BPM.16L2.B2 2625.668894 0.00360553151815 0.00939184655869 3.07262288577e-05 -2.90108904913e-05
BPM.15L2.B2 2679.11741 0.00283582503419 0.00965218813158 -2.9349870382e-05 -3.04026049785e-05
BPM.14L2.B2 2732.565926 0.00477727104152 0.00885349200537 -2.9510614798e-05 3.02466032672e-05
BPM.13L2.B2 2786.014442 0.00404727027285 0.00921011632367 3.05719957063e-05 2.91733832568e-05
BPM.12L2.B2 2839.462958 0.00605330338728 0.00803518247816 2.86641758246e-05 -3.10499322838e-05
BPM.11L2.B2 2892.911474 0.0044049212754 0.00904451811298 -2.81412832764e-05 -3.15246146529e-05
BPM.10L2.B2 2944.750185 0.00512436460609 0.00865722396188 -3.62103123581e-05 2.17840873281e-05
BPM.9L2.B2 2983.815195 0.00675423949049 0.00745566149008 1.39652367255e-05 3.98836478621e-05
BPM.8L2.B2 3024.278206 0.00911677579885 0.00425335612585 1.828322175e-05 -3.80979918388e-05
BPM.7L2.B2 3063.344216 0.000287575334345 0.0100560399636 -4.02354575094e-05 -1.29166926312e-05
BPM.6L2.B2 3095.450216 -0.000680565888493 0.0100371046305 -4.1647749868e-05 7.15529816115e-06
BPMYB.5L2.B2 3167.649216 0.0018721426273 0.00988441810832 4.6913011654e-06 4.19967220977e-05
BPMYB.4L2.B2 3188.219216 0.00374528095675 0.00933699683291 2.82990365917e-05 3.1383077013e-05
BPMWB.4L2.B2 3212.610716 0.00192820215642 0.00987363539029 4.20790606319e-05 -3.88404314048e-06
BPMSX.4L2.B2 3262.843716 0.00658395729629 0.00760645420932 -1.60014208896e-05 -3.9111222668e-05
BPMS.2L2.B2 3300.755216 0.00659343769798 0.00759823786651 -3.74041150957e-05 -1.96637602841e-05
BPMSW.1L2.B2 3310.689216 0.00630345140336 0.00784048083401 -4.12132950289e-05 -9.33795928059e-06
BPMSW.1R2.B2 3353.879216 0.00630348004162 0.0078404578116 1.59368564102e-05 -3.91375769444e-05
BPMS.2R2.B2 3363.813216 0.00659345783965 0.00759822038848 5.28987211372e-06 -4.19255448576e-05
BPMSX.4R2.B2 3401.724716 0.00658395049239 0.00760646009747 -2.29079946297e-05 -3.55099525722e-05
BPMWB.4R2.B2 3451.881716 0.00192650947706 0.00987396579958 -2.73758911938e-05 3.21915173205e-05
BPMYB.4R2.B2 3476.349216 0.00370410649301 0.00935340763403 9.5031280563e-06 4.11755215721e-05
BPM.5R2.B2 3505.883216 -0.00265065448314 0.00970467259379 4.11989785784e-05 9.40092021422e-06
BPMR.6R2.B2 3579.179216 -0.00408123694795 0.00919511524279 1.18401892579e-05 -4.05652917464e-05
BPM_A.7R2.B2 3592.054216 -0.00368629933611 0.00936043997535 4.43278995115e-06 -4.20247952327e-05
BPM.8R2.B2 3633.493206 0.000153055730783 0.010058986693 -3.49227591462e-05 -2.37935711724e-05
BPM.9R2.B2 3672.560195 0.00885429040751 0.00477579112494 -8.24061644994e-06 4.14466539198e-05
BPM.10R2.B2 3713.025185 0.00918172003309 0.00411128405692 3.58343894108e-05 2.23970941334e-05
BPM.11R2.B2 3764.865874 0.0094659991386 0.00340609741643 2.57636704585e-05 -3.3495765972e-05
BPM.12R2.B2 3819.592358 0.00923178761794 0.00399759136343 -3.56389573521e-05 -2.27067770322e-05
BPM.13R2.B2 3873.043842 0.0100100438218 0.00100282704373 -1.87427209487e-05 3.78740472464e-05
BPM.14R2.B2 3926.495326 0.00989647541246 0.00180732226609 3.80814449816e-05 1.83176605074e-05
BPM.15R2.B2 3979.94681 0.0100560813557 -0.000286124254522 1.71654618958e-05 -3.86145085992e-05
BPM.16R2.B2 4033.398294 0.0100463667402 0.000526454810426 -3.88044310849e-05 -1.67316857132e-05
BPM.17R2.B2 4086.849779 0.00993685390466 -0.00157021458261 -1.55581389518e-05 3.9289661874e-05
BPM.18R2.B2 4140.301263 0.0100311696547 -0.000763069247154 3.94614779455e-05 1.51170368991e-05
BPM.19R2.B2 4193.752747 0.00965433686667 -0.0028285012016 1.39248221307e-05 -3.98977724137e-05
BPM.20R2.B2 4247.204231 0.00985113088417 -0.00204006363861 -4.00513093805e-05 -1.34768570677e-05
BPM.21R2.B2 4300.655715 0.00921317037804 -0.00404031322571 -1.22673344974e-05 4.04381682646e-05
BPM.22R2.B2 4354.107199 0.00950921686187 -0.00328350940451 4.05730519091e-05 1.18135773119e-05
BPM.23R2.B2 4407.558683 0.00862060994765 -0.0051857230467 1.05894417037e-05 -4.09096147642e-05
BPM.24R2.B2 4461.010167 0.00895385324372 -0.0044766177874 -4.18982845877e-05 4.71415736775e-05
BPM.25R2.B2 4514.461651 0.00782973014591 -0.00623754122548 4.83790312111e-05 4.04631147039e-05
BPM.26R2.B2 4567.913135 0.00830762327914 -0.00558524754754 3.9918817321e-05 -4.8829110945e-05
BPM.27R2.B2 4621.36462 0.00696740982314 -0.0071879618157 -5.0006404633e-05 -3.84337563854e-05
BPM.28R2.B2 4674.816104 0.00746768227074 -0.00660572815476 -3.87430499707e-05 0.000107705365787
BPM.29R2.B2 4728.267588 0.00593405780416 -0.00801179636219 0.000108820550019 3.54902346823e-05
BPM.30R2.B2 4781.719072 0.00656130507296 -0.00750674355118 3.42695910034e-05 -0.000109211099852
BPM.31R2.B2 4835.170556 0.00486024894453 -0.00870516531536 -0.000110191514078 -3.09725625567e-05
BPM.32R2.B2 4888.62204 0.00554704892876 -0.00828445358078 -2.97353583087e-05 0.000110531797138
BPM.33R2.B2 4942.073524 0.00370683996412 -0.0092553368633 0.000111375149359 2.64016319095e-05
BPM.34R2.B2 4995.525008 0.00444170112268 -0.00892598533243 2.51526575458e-05 -0.000111663846382
BPM.33L3.B2 5048.976492 0.00249221310268 -0.00965353804717 -0.000112369179721 -2.17861653116e-05
BPM.32L3.B2 5102.427976 0.00326330328999 -0.00942086910345 -2.05254341261e-05 0.000112606286486
BPM.31L3.B2 5155.87946 0.00123696521956 -0.00989301976227 0.000113172065942 1.71333903633e-05
BPM.30L3.B2 5209.330945 0.00203133532645 -0.00976092207161 1.58645605292e-05 -0.000113356891144
BPM.29L3.B2 5262.782429 -3.89608397622e-05 -0.00996997517745 -0.000113782376653 -1.24515903403e-05
BPM.28L3.B2 5316.233913 0.000765941299853 -0.00994058634523 -1.11759101377e-05 0.000113914741421
BPM.27L3.B2 5369.685397 -0.00131388844812 -0.00988309769935 0.00011419907509 7.74854784852e-06
BPM.26L3.B2 5423.136881 -0.000569125965942 -0.00996051122413 5.59560394682e-06 -5.7007377483e-05
BPM.25L3.B2 5476.588365 -0.00262416143038 -0.00962545920725 -5.71497507448e-05 -3.88040052158e-06
BPM.24L3.B2 5530.039849 -0.00183867256439 -0.0098058641335 -3.23989742799e-06 5.71896388594e-05
BPM.23L3.B2 5583.491333 -0.00383387482271 -0.00921070529703 5.72611608015e-05 1.52021640686e-06
BPM.22L3.B2 5636.942817 -0.00313512251883 -0.00949371236666 5.60714312842e-09 -3.15288308628e-09
BPM.21L3.B2 5690.394301 -0.0050373434472 -0.00863624563342 -3.31843467249e-09 -5.50971337427e-09
BPM.20L3.B2 5743.845786 -0.00432386346679 -0.00901464211337 -5.46393752241e-09 3.37880681445e-09
BPM.19L3.B2 5797.29727 -0.0061007615561 -0.00792087596743 3.54478452748e-09 5.36640971223e-09
BPM.18L3.B2 5850.748754 -0.00544155087413 -0.00838743654407 5.32366948096e-09 -3.60136812135e-09
BPM.17L3.B2 5904.200238 -0.00706392799848 -0.00707534373193 -3.76031716073e-09 -5.21571656169e-09
BPM.16L3.B2 5957.651722 -0.00646981935691 -0.00762240153747 -5.16943240018e-09 3.81629633149e-09
BPM.15L3.B2 6011.103206 -0.00791101369294 -0.00611354480152 3.97221579127e-09 5.05571485188e-09
BPM.14L3.B2 6064.55469 -0.00739176962623 -0.00673211032607 5.01092241952e-09 -4.02893360879e-09
BPM.13L3.B2 6118.006174 -0.00862810031372 -0.00505128227758 -4.17795551477e-09 -4.89038586195e-09
BPM.12L3.B2 6171.457658 -0.00725559433799 -0.00687865673363 -5.18765032555e-09 3.79613018253e-09
BPM.11L3.B2 6224.909142 -0.00651826379251 -0.00758101608001 3.56366275074e-09 5.3498883902e-09
BPM.10L3.B2 6277.691832 -0.00286514647764 -0.00957864830529 5.62170115736e-09 -3.12476520024e-09
BPM.9L3.B2 6316.758821 -0.00443299527745 -0.00896147981737 1.24157210887e-09 -6.31009325129e-09
BPM.8L3.B2 6357.223811 -0.00605109111021 -0.00795888585543 -4.42991880206e-09 -4.66295711742e-09
BPM.7L3.B2 6396.2898 -0.00883371604907 -0.00468241694521 -6.16892165292e-09 1.80620925424e-09
BPMR.6L3.B2 6468.9288 -0.00913675629286 0.00405946450733 4.51468192355e-09 4.58662154091e-09
BPMWE.5L3.B2 6511.9823 -0.0090490844408 0.00425131021494 6.33686094749e-09 1.04360796073e-09
BPMW.5L3.B2 6539.5273 -0.00991327237464 0.00129869109825 6.14654370569e-09 -1.88309528555e-09
BPMWE.4L3.B2 6614.6553 -0.0088540569949 0.00464383919802 -1.15540727734e-11 -6.42590070391e-09
BPMW.4L3.B2 6642.2003 -0.00228923850563 0.00973236635003 -5.40424384513e-09 -3.47423996093e-09
BPMW.4R3.B2 6687.1653 -0.000110537414765 0.00999736711272 -6.40765445871e-09 5.8095556594e-10
BPMWE.4R3.B2 6714.7103 -0.00200799469381 0.00979425979644 -5.72499014395e-09 2.93130238185e-09
BPMW.5R3.B2 6789.8383 -0.000140562974798 0.00999699003454 8.70370772667e-11 6.4307772772e-09
BPMWE.5R3.B2 6817.3833 0.00385447542001 0.00922510633794 3.6767564052e-09 5.27570750807e-09
BPMWC.6R3.B2 6858.3743 0.00471913257689 0.00881415653349 6.1041582626e-09 2.0215173597e-09
BPM.6R3.B2 6870.5288 0.00374502323362 0.00927007921654 6.39681117686e-09 6.29834395974e-10
BPM_A.7R3.B2 6926.3528 0.00395144755436 0.00918398769189 3.3143015292e-09 -5.50655120796e-09
BPM.8R3.B2 6965.418789 -0.00164548494676 0.00986164017909 -5.28054342683e-09 -3.6767762447e-09
BPM.9R3.B2 7004.485779 -0.00920213114276 0.00390900881855 -2.72035681836e-09 5.81564071881e-09
BPM.10R3.B2 7044.950768 -0.00869028108136 0.00494353946244 2.36271504039e-09 5.98042652415e-09
BPM.11R3.B2 7097.733458 -0.00667326206435 0.00744494063442 6.33440039544e-09 -1.115259472e-09
BPM.12R3.B2 7152.459942 -0.00396322379931 0.00917891196222 -2.46630173644e-09 -5.9385007344e-09
BPM.13R3.B2 7205.911426 -0.00530029677202 0.00847740654964 -5.77053125921e-09 2.83626150465e-09
BPM.14R3.B2 7259.36291 -0.00342544182031 0.00939286516636 3.0160245653e-09 5.67913454124e-09
BPM.15R3.B2 7312.814394 -0.00417238051909 0.00908574754663 5.64541673805e-09 -3.07807225609e-09
BPM.16R3.B2 7366.265878 -0.00219569792116 0.0097538955467 -3.24396743942e-09 -5.54964823312e-09
BPM.17R3.B2 7419.717362 -0.00297578675175 0.00954485520495 -5.51354452792e-09 3.30685930919e-09
BPM.18R3.B2 7473.168846 -0.000929872601159 0.00995464236693 3.4660765838e-09 5.41213718153e-09
BPM.19R3.B2 7526.62033 -0.00173029492103 0.00984711364898 5.37368304841e-09 -3.52961727439e-09
BPM.20R3.B2 7580.071814 0.000351233023783 0.0099918067971 -3.68937449762e-09 -5.2656449627e-09
BPM.21R3.B2 7633.523299 -0.000456367564644 0.00998755707662 -5.22800907476e-09 3.74846613775e-09
BPM.22R3.B2 7686.974783 0.00162656711144 0.0098647781092 3.90020857618e-09 5.10525939171e-09
BPM.23R3.B2 7740.426267 0.000825057658924 0.00996387713562 5.06487117209e-09 -3.96172756985e-09
BPM.24R3.B2 7793.877751 0.00292120274545 0.00956685998728 -5.56033540665e-08 -4.69031785362e-05
BPM.25R3.B2 7847.329235 0.00213947983173 0.00977143088763 -4.68996144937e-05 5.81144460258e-07
BPM.26R3.B2 7900.780719 0.00412106041722 0.00911455410641 1.98997489862e-06 4.68609824e-05
BPM.27R3.B2 7954.232203 0.0033719964978 0.00941742401952 4.68357458387e-05 -2.51481055369e-06
BPM.28R3.B2 8007.683687 0.00529923187105 0.00850370152179 -3.97196277376e-06 -9.3637489943e-05
BPM.29R3.B2 8061.135171 0.00459553852379 0.0089036971876 -9.35870868114e-05 5.02119895063e-06
BPM.30R3.B2 8114.586655 0.00634354895236 0.00775591288655 7.83102073171e-06 9.33939497032e-05
BPM.31R3.B2 8168.03814 0.00569690736232 0.0082425751105 9.33004009864e-05 -8.87645465026e-06
BPM.32R3.B2 8221.489624 0.00728360866985 0.00688068620635 -1.16750475385e-05 -9.29916562382e-05
BPM.33R3.B2 8274.941108 0.00670445787855 0.0074461427926 -9.28549461091e-05 1.2716743147e-05
BPM.34R3.B2 8328.392592 0.00810399653369 0.00589237118825 1.55011646324e-05 9.24308846467e-05
BPM.33L4.B2 8381.844076 0.00760200104961 0.00652720292032 9.22515302182e-05 -1.65351591514e-05
BPM.32L4.B2 8435.29556 0.00879119546835 0.0048072528725 -1.92987473693e-05 -9.17132137261e-05
BPM.31L4.B2 8488.747044 0.00837449466559 0.0055011486995 -9.14910823706e-05 2.03257891507e-05
BPM.30L4.B2 8542.198528 0.00933394572653 0.00364311064685 2.30658042703e-05 9.0838998186e-05
BPM.29L4.B2 8595.650012 0.00900946332807 0.00438456023877 9.05750707493e-05 -2.40813527528e-05
BPM.28L4.B2 8649.101496 0.0097233026115 0.00241912882941 -2.67911992021e-05 -8.9810841481e-05
BPM.27L4.B2 8702.55298 0.00949632267419 0.0031960371714 -8.95047859865e-05 2.77965564305e-05
BPM.26L4.B2 8756.004465 0.00999896751064 0.00114658821461 3.04216162981e-05 4.17311360174e-05
BPM.25L4.B2 8809.455949 0.00987380356337 0.00194987666015 4.13878402573e-05 -3.08870271272e-05
BPM.24L4.B2 8862.907433 0.0100634915428 -0.000141963862787 -3.21164854395e-05 -4.04412353522e-05
BPM.23L4.B2 8916.358917 0.01004211729 0.000670742978073 -4.00786731126e-05 3.25678005428e-05
BPM.22L4.B2 8969.810401 0.010008730898 -0.00143698348024 3.37057554407e-05 -7.81639309162e-06
BPM.21L4.B2 9023.261885 0.0100920583654 -0.000624478714072 -8.1934808552e-06 -3.36160744202e-05
BPM.20L4.B2 9076.713369 0.0097426643377 -0.00270556968859 -3.33547163387e-05 9.19983205172e-06
BPM.19L4.B2 9130.164853 0.00992925147901 -0.001910387615 9.57302211806e-06 3.32495250905e-05
BPM.18L4.B2 9183.616337 0.00931650571506 -0.00392967390234 3.29469523066e-05 -1.05675149265e-05
BPM.17L4.B2 9237.067821 0.00960327682707 -0.00316491546954 -1.09359344202e-05 -3.28265040305e-05
BPM.16L4.B2 9290.519306 0.00873723672552 -0.0050892347339 -3.2483097016e-05 1.19173273031e-05
BPM.15L4.B2 9343.97079 0.00911949952922 -0.0043674184651 1.22805625541e-05 3.23475185724e-05
BPM.14L4.B2 9397.422274 0.00801441453937 -0.00616512573643 3.19640056808e-05 -1.32467501932e-05
BPM.13L4.B2 9450.873758 0.00848585302156 -0.00549817371392 -1.36040027975e-05 -3.18135956027e-05
BPM.12L4.B2 9504.325242 0.00641004585638 -0.00781990587062 -3.21612758838e-05 1.27603406537e-05
BPM.11L4.B2 9557.776726 0.00668554160599 -0.0075857200778 7.30264440725e-06 3.38207796961e-05
BPMC.10L4.B2 9609.617415 0.00569337532471 -0.00835614104505 3.45087330902e-05 -2.51421089577e-06
BPMC.9L4.B2 9648.684405 0.00488945946296 -0.0088505820037 3.88252092357e-06 -3.43816773451e-05
BPMC.8L4.B2 9689.149394 0.00191710488724 -0.00992795671896 -2.70490634597e-05 2.15759659142e-05
BPMC.7L4.B2 9728.215384 0.008820759969 -0.00494305667217 2.42128391344e-05 2.47166391104e-05
BPMYA.6L4.B2 9824.819384 0.00799671570946 -0.00618806541665 3.05420824699e-05 -1.62590034402e-05
BPMYB.5L4.B2 9861.819384 0.0080078475483 -0.00617365314677 2.50404355249e-05 -2.38778171984e-05
BPMWA.B5L4.B2 9964.209884 0.00378819456764 -0.0093749238744 -8.05678987427e-06 -3.36491011143e-05
BPMWA.A5L4.B2 9973.094884 0.00345241822115 -0.00950370581275 -1.11705294126e-05 -3.27474145795e-05
BPMWA.A5R4.B2 10021.14388 0.00235709019911 -0.0098327891027 -2.48406009754e-05 -2.40856515186e-05
BPMWA.B5R4.B2 10030.02888 0.00229615122521 -0.00984719783985 -2.67037515641e-05 -2.20019046487e-05
BPMYA.5R4.B2 10132.49538 0.00386141853963 -0.00934500200878 -3.42927173516e-05 4.60249911843e-06
BPMYB.6R4.B2 10164.05938 0.00362491048362 -0.00943926055777 -3.24938509977e-05 1.18879153308e-05
BPMCA.7R4.B2 10260.57538 0.00666973877464 -0.00759961843893 1.54171907132e-05 3.09755413148e-05
BPMC.8R4.B2 10298.36637 0.00845157390002 -0.00555072197077 2.99316109648e-05 -1.73572108921e-05
BPMC.9R4.B2 10337.43336 0.00282950844689 -0.00970739396983 -2.76310179002e-05 -2.08254854271e-05
BPMC.10R4.B2 10377.89835 0.00244739324735 -0.00981070242159 -2.74767427285e-05 2.10286091073e-05
BPM.11R4.B2 10429.73904 -0.000941969175222 -0.0100673884321 1.84499103155e-05 2.92707197045e-05
BPM.12R4.B2 10484.46553 -0.0012940305214 -0.0100282152326 3.01168168818e-05 -1.70338289497e-05
BPM.13R4.B2 10537.91701 -0.00336456001826 -0.00953516395173 -1.79717322255e-05 -2.95667165003e-05
BPM.14R4.B2 10591.36849 -0.00258399524828 -0.00977561171003 -2.93635289726e-05 1.83018346394e-05
BPM.15R4.B2 10644.81998 -0.00455669561323 -0.00902641351086 1.91757376609e-05 2.88004315326e-05
BPM.16R4.B2 10698.27146 -0.0038132862445 -0.0093647457932 2.85837479289e-05 -1.94972615793e-05
BPM.17R4.B2 10751.72295 -0.0056739994561 -0.00836930976194 -2.03472205892e-05 -2.79850726058e-05
BPM.18R4.B2 10805.17443 -0.0049799922565 -0.00879995982234 -2.77553914551e-05 2.06594347491e-05
BPM.19R4.B2 10858.62591 -0.00669801843293 -0.00757470559621 2.14839670084e-05 2.71221943639e-05
BPM.20R4.B2 10912.0774 -0.00606479555019 -0.00809060385174 2.68797276515e-05 -2.17865596658e-05
BPM.21R4.B2 10965.52888 -0.00761200928614 -0.00665559391103 -2.25842877403e-05 -2.62130501709e-05
BPM.22R4.B2 11018.98037 -0.00704999370584 -0.00724825527563 -2.59584253984e-05 2.28764867012e-05
BPM.23R4.B2 11072.43185 -0.00840088232025 -0.00562714776352 2.36460407169e-05 2.52594294932e-05
BPM.24R4.B2 11125.88333 -0.00788378755711 -0.00628457733885 2.55348364902e-05 -5.95037324639e-05
BPM.25R4.B2 11179.33482 -0.00901652970754 -0.00451134244111 -6.02439678611e-05 -2.37357501466e-05
BPM.26R4.B2 11232.7863 -0.00862298967949 -0.00522437245627 -2.30596406319e-05 6.05059865588e-05
BPM.27R4.B2 11286.23779 -0.00951955561163 -0.00332085524581 6.11715231628e-05 2.12312648933e-05
BPM.28R4.B2 11339.68927 -0.00918495180495 -0.00407609521367 2.10859516027e-05 -9.69814674038e-05
BPM.29R4.B2 11393.14075 -0.00983095941134 -0.00208089619068 -9.75710741433e-05 -1.81633644762e-05
BPM.30R4.B2 11446.59224 -0.00963093029121 -0.00286759020862 -1.70699138227e-05 9.77683017103e-05
BPM.31R4.B2 11500.04372 -0.0100163850892 -0.000806177154359 9.82371005898e-05 1.41242640285e-05
BPM.32R4.B2 11553.49521 -0.0099186390987 -0.00161198335871 1.30218566323e-05 -9.838929971e-05
BPM.33R4.B2 11606.94669 -0.0100372181894 0.00048181210206 -9.87360347478e-05 -1.00607387461e-05
BPM.34R4.B2 11660.39818 -0.0100433597572 -0.000329873733715 -8.95473643298e-06 9.88424768754e-05
BPM.33L5.B2 11713.84966 -0.00989310849062 0.0017619013286 9.90669384505e-05 5.9803688063e-06
BPM.32L5.B2 11767.30114 -0.0100030396515 0.000957647958683 4.86922131516e-06 -9.91277610715e-05
BPM.31L5.B2 11820.75263 -0.00958644029111 0.00301298098803 -9.9229289534e-05 -1.88967718105e-06
BPM.30L5.B2 11874.20411 -0.00979834120857 0.00222943972327 -7.78583081601e-07 9.92442258718e-05
BPM.29L5.B2 11927.6556 -0.00912220867297 0.00421464124756 9.92228018558e-05 -2.20420401403e-06
BPM.28L5.B2 11981.10708 -0.00943263088751 0.00346458747428 -3.31647801665e-06 -9.91918581465e-05
BPM.27L5.B2 12034.55856 -0.00850813272139 0.00534692149235 -9.90474913351e-05 6.29425449176e-06
BPM.26L5.B2 12088.01005 -0.0088763978534 0.00464503861468 7.94557142538e-06 6.33945747238e-05
BPM.25L5.B2 12141.46153 -0.00771896191749 0.00638627038639 6.31271979402e-05 -9.84690230339e-06
BPM.24L5.B2 12194.91302 -0.00820924808725 0.0057423922222 -1.05537894553e-05 -6.30128665673e-05
BPM.23L5.B2 12248.3645 -0.0068386162538 0.00732121235242 -6.2667411759e-05 1.2441838973e-05
BPM.22L5.B2 12301.81598 -0.00737167776003 0.00674762667756 1.36854024274e-05 2.69481727661e-05
BPM.21L5.B2 12355.26747 -0.00581061268516 0.00813073667753 2.65248149491e-05 -1.4488900925e-05
BPM.20L5.B2 12408.71895 -0.00644792295758 0.00763520715063 -1.4785197423e-05 -2.63608033041e-05
BPM.19L5.B2 12462.17044 -0.00472276388718 0.00880724701533 -2.59047406466e-05 1.55704412366e-05
BPM.18L5.B2 12515.62192 -0.00541817642755 0.00839734856149 1.58596831429e-05 2.57286690979e-05
BPM.17L5.B2 12569.07341 -0.00355724090739 0.00933906504093 2.52405479534e-05 -1.66255379511e-05
BPM.16L5.B2 12622.52489 -0.00429943729976 0.00902147092407 -1.69073070375e-05 -2.50526857757e-05
BPM.15L5.B2 12675.97637 -0.00233333491146 0.00971738889332 -2.45334443672e-05 1.76523116768e-05
BPM.14L5.B2 12729.42786 -0.00310999504289 0.00949736960837 1.79260633797e-05 2.43341319121e-05
BPM.13L5.B2 12782.87934 -0.00107100961899 0.00993604735871 2.37845804667e-05 -1.8649069335e-05
BPM.12L5.B2 12836.33083 -0.00317914196502 0.00947444747914 -1.69632901535e-05 -2.50148136583e-05
BPM.11L5.B2 12889.78231 -0.00399610449397 0.00915987159263 -2.54522556666e-05 1.62995904744e-05
BPM.10L5.B2 12942.565 -0.00457749209177 0.00888361777605 2.02872656184e-05 2.24035912657e-05
BPM.9L5.B2 12981.63199 -0.00253960891467 0.00966553078071 2.33932992798e-05 -1.91375945209e-05
BPM.8L5.B2 13022.09698 -0.00865653991292 0.00499363749651 -2.83680765303e-05 -1.04281438101e-05
BPM.7L5.B2 13061.16497 -0.00572767943939 0.0081893703643 -1.27705967237e-05 2.73935347913e-05
BPMR.6L5.B2 13098.05897 -0.00474611571706 0.00879468500245 2.11531820004e-05 2.1587895125e-05
BPMWT.B6L5.B2 13109.36897 5.81415728462e-05 0.00999343375781 2.97934136935e-05 5.08395020896e-06
BPMWT.A6L5.B2 13115.19097 0.00237096677946 0.00970827560636 2.99884320067e-05 -3.76668212369e-06
BPM.5L5.B2 13129.95897 0.00559794317141 0.0082785947453 2.45595516659e-05 -1.76159698855e-05
BPMYA.4L5.B2 13157.36497 0.00779783792881 0.00625026577531 1.38808719895e-05 -2.68480049555e-05
BPMWB.4L5.B2 13178.42347 0.00850098169426 0.00525408497716 8.35846058365e-06 -2.90453118081e-05
BPMWT.B4L5.B2 13178.89297 0.0085089298863 0.00524120319258 8.26720494184e-06 -2.90714163795e-05
BPMWT.A4L5.B2 13180.87497 0.00854030823813 0.00518991656163 7.89259060162e-06 -2.91753447357e-05
BPMSY.4L5.B2 13271.27947 0.00867481308857 0.00496182592592 -1.39247731678e-06 -3.01919898564e-05
BPMS.2L5.B2 13298.06497 0.00873995626168 0.0048461566571 -3.3702424614e-06 -3.00357707904e-05
BPMSW.1L5.B2 13308.11897 0.00876707754197 0.00479692115649 -4.7304920673e-06 -2.98515454983e-05
BPMSW.1R5.B2 13351.06897 0.008767078963 0.00479691824725 3.6714572807e-06 -3.00002563353e-05
BPMS.2R5.B2 13361.12297 0.00873995920057 0.00484615458378 2.30397444681e-06 -3.01360201444e-05
BPMSY.4R5.B2 13387.90847 0.00867481343842 0.00496182531658 3.23320002605e-07 -3.02223105858e-05
BPMWB.4R5.B2 13480.76447 0.0085009636499 0.0052541141733 -9.38095398442e-06 -2.87313753451e-05
BPMYA.4R5.B2 13501.82097 0.00779788358244 0.00625020882531 -1.48216542105e-05 -2.63403269172e-05
BPMR.5R5.B2 13522.93897 0.00624412283227 0.00780275776391 -2.26909002832e-05 -1.99653980421e-05
BPM.6R5.B2 13554.83897 -0.00222848231824 0.00974196927038 -2.66823143142e-05 1.41967609396e-05
BPMRA.7R5.B2 13588.85297 -0.00686285916984 0.00726452082952 5.08879779789e-06 2.9792582902e-05
BPM.8R5.B2 13630.28998 -0.00695486712947 0.00717648395355 3.02217461323e-05 3.74172139286e-07
BPM.9R5.B2 13669.35499 -0.00522313884203 0.0085200304774 -5.16646818303e-06 -2.97792118223e-05
BPM.10R5.B2 13709.818 -0.00164112956163 0.00985793043522 -2.74612577994e-05 1.26243086318e-05
BPM.11R5.B2 13762.59871 -0.0066827109965 0.00743057686114 2.05563152123e-05 2.21569887089e-05
BPM.12R5.B2 13817.32223 -0.00401558609269 0.00915134782683 2.31903162413e-05 -1.93830725454e-05
BPM.13R5.B2 13870.77074 -0.0035624980925 0.00933706089079 -1.74515497297e-05 -2.46766578221e-05
BPM.14R5.B2 13924.21926 -0.00154687346006 0.00987315963624 -2.41430171627e-05 1.81826506317e-05
BPM.15R5.B2 13977.66777 -0.00233853820422 0.00971613800961 1.8449263066e-05 2.39398992372e-05
BPM.16R5.B2 14031.11629 -0.000271156208535 0.00998992357475 2.33770547909e-05 -1.91574309398e-05
BPM.17R5.B2 14084.56481 -0.00107647592774 0.00993545662498 -1.94155086282e-05 -2.31631571176e-05
BPM.18R5.B2 14138.01332 0.00100893945037 0.0099425419238 -2.25717585532e-05 2.00999919952e-05
BPM.19R5.B2 14191.46184 0.000203341684118 0.00999153396007 2.0349066274e-05 2.23474732596e-05
BPM.20R5.B2 14244.91035 0.00227253117911 0.00973178816091 2.17285122874e-05 -2.1008711438e-05
BPM.21R5.B2 14298.35887 0.00147974737186 0.00988344304525 -2.12483884799e-05 -2.14941828513e-05
BPM.22R5.B2 14351.80738 0.003498714729 0.0093611481097 -2.0848654333e-05 2.18821306959e-05
BPM.23R5.B2 14405.2559 0.00273191088309 0.00961294760358 2.21119784828e-05 2.06047172057e-05
BPM.24R5.B2 14458.70442 0.00471847840464 0.00882695257534 1.98829488223e-05 -7.46785963669e-05
BPM.25R5.B2 14512.15293 0.00399070626766 0.00917896473861 -7.48945471093e-05 -1.90533687446e-05
BPM.26R5.B2 14565.60145 0.00580883139113 0.00815086548081 -1.68032297257e-05 7.54312629147e-05
BPM.27R5.B2 14619.04996 0.0051321830625 0.00859301036955 7.56129217924e-05 1.59659151273e-05
BPM.28R5.B2 14672.49848 0.00685479941723 0.00733111255938 1.36458922244e-05 -0.000128017086637
BPM.29R5.B2 14725.947 0.00624076539057 0.00786042834529 -0.000128160633201 -1.22245205664e-05
BPM.30R5.B2 14779.39551 0.00773626713984 0.00639403292829 -8.38262937483e-06 0.00012846913431
BPM.31R5.B2 14832.84403 0.0071951045776 0.00699742499193 0.00012855414417 6.958401663e-06
BPM.32R5.B2 14886.29254 0.00849063605135 0.00535187685206 3.10937267191e-06 -0.0001287047711
BPM.33R5.B2 14939.74106 0.00803101929507 0.00601965244371 -0.000128731359432 -1.68073318389e-06
BPM.34R5.B2 14993.18958 0.00910548981739 0.00422179365892 2.17364488493e-06 0.000128723971641
BPM.33L6.B2 15046.63809 0.00873512817735 0.00494277474398 0.000128691987633 -3.59977004216e-06
BPM.32L6.B2 15100.08661 0.00957073390448 0.00302233998359 -7.44813799269e-06 -0.00012852669981
BPM.31L6.B2 15153.53512 0.00929560816433 0.0037848586856 -0.000128436096322 8.87438541148e-06
BPM.30L6.B2 15206.98364 0.00987872245751 0.00177322560367 1.27151983037e-05 0.000128112883904
BPM.29L6.B2 15260.43215 0.00970341472789 0.00256461089493 0.000127964157702 -1.41337121421e-05
BPM.28L6.B2 15313.88067 0.0100243944905 0.000494976366564 -1.79556381567e-05 -0.00012748404502
BPM.27L6.B2 15367.32919 0.00995175538259 0.00130232532882 -0.000127276848004 1.93698297755e-05
BPM.26L6.B2 15420.7777 0.0100564164226 -0.000801144395498 2.31193386009e-05 7.46804588855e-05
BPM.25L6.B2 15474.22622 0.0100882691599 1.29987552594e-05 7.44196708441e-05 -2.39455149188e-05
BPM.24L6.B2 15527.67473 0.00987131473537 -0.00208098270219 -2.61615738821e-05 -7.36698530113e-05
BPM.23L6.B2 15581.12325 0.010007051422 -0.00127760146291 -7.33749743119e-05 2.69775280149e-05
BPM.22L6.B2 15634.57177 0.00957508048349 -0.00333636423384 2.91102375767e-05 2.05745164394e-05
BPM.21L6.B2 15688.02028 0.00981308911708 -0.00255279740184 2.02505424904e-05 -2.9336540733e-05
BPM.20L6.B2 15741.4688 0.00906962143947 -0.00453381290884 -2.99294264108e-05 -1.93635232818e-05
BPM.19L6.B2 15794.91731 0.00940591405223 -0.003787119402 -1.90303105678e-05 3.0142392215e-05
BPM.18L6.B2 15848.36583 0.00841516244553 -0.00565672463168 3.0698376088e-05 1.81197769782e-05
BPM.17L6.B2 15901.81435 0.00884419996004 -0.00495919546513 1.77783325583e-05 -3.08973737023e-05
BPM.16L6.B2 15955.26286 0.00762240109193 -0.00668674017517 -3.14155850345e-05 -1.68457010084e-05
BPM.15L6.B2 16008.71138 0.00813715428479 -0.00604981095871 -1.64961833072e-05 3.16005195776e-05
BPM.14L6.B2 16062.15989 0.00670444385321 -0.00760683411218 3.20800095301e-05 1.55431525753e-05
BPM.13L6.B2 16115.60841 0.00729642643742 -0.00704099806686 1.51865188088e-05 -3.22503685864e-05
BPM.12L6.B2 16169.05693 0.00554972234466 -0.0084861106781 -3.25619084024e-05 -1.45065197891e-05
BPM.11L6.B2 16222.50544 0.00691288108524 -0.00741792205571 -1.67789948105e-05 3.14512659632e-05
BPM.10L6.B2 16274.34415 0.00553017105409 -0.00849886466947 2.7957869137e-05 2.21150272478e-05
BPM.9L6.B2 16313.40916 0.00431178650721 -0.00917725392935 3.04926465475e-05 -1.84638851069e-05
BPM.8L6.B2 16353.87217 -0.00140845606932 -0.0100414014951 -2.86405298438e-05 -2.12234899742e-05
BPMYB.5L6.B2 16450.96018 0.00724628220569 -0.0070925937952 9.40885348752e-06 3.43829884819e-05
BPMYA.4L6.B2 16487.36018 0.006962436603 -0.00737142924679 1.71185166912e-05 3.12677726299e-05
BPMSB.B4L6.B2 16518.13068 0.00775222233514 -0.00653578927352 2.37500072576e-05 2.65829602292e-05
BPMSB.A4L6.B2 16518.76568 0.00776932037359 -0.00651545497219 2.38883678645e-05 2.64586947907e-05
BPMSA.4L6.B2 16615.57568 0.00976314684984 -0.00273760043619 3.52708709504e-05 -5.16548811723e-06
BPMSE.4R6.B2 16707.14568 0.00984175848309 -0.00243993494316 1.46974065749e-05 -3.24761874741e-05
BPMSA.A4R6.B2 16803.82068 0.00831149346174 -0.00580797460333 -1.68989221715e-05 -3.13869885173e-05
BPMSA.B4R6.B2 16804.40568 0.0082983496992 -0.00582673878173 -1.70421911238e-05 -3.13094346139e-05
BPMYB.4R6.B2 16830.96018 0.00770223131658 -0.00659462851964 -2.27025313669e-05 -2.74829386279e-05
BPMYA.5R6.B2 16867.36018 0.00763626161946 -0.00667090706904 -2.80517546263e-05 -2.1995804256e-05
BPM.8R6.B2 16963.08519 0.0039477546921 -0.00933963197568 -1.7546737237e-05 3.10294792666e-05
BPM.9R6.B2 17002.1502 -0.00344942088385 -0.00953493514426 3.27541060169e-05 1.40671702354e-05
BPM.10R6.B2 17042.61322 -0.00528958343705 -0.00865065313272 2.25441498652e-05 -2.76130071876e-05
BPM.11R6.B2 17094.45193 -0.00734732111862 -0.0069878726969 -3.02766716745e-05 -1.88159477748e-05
BPM.12R6.B2 17149.17544 -0.00569301673594 -0.00839065271659 -1.45347770225e-05 3.25492991447e-05
BPM.13R6.B2 17202.62396 -0.00732037891837 -0.00701609186577 3.298437598e-05 1.35184072695e-05
BPM.14R6.B2 17256.07247 -0.00673032767595 -0.007583942375 1.31517052804e-05 -3.31322988859e-05
BPM.15R6.B2 17309.52099 -0.00815775463699 -0.00602200397641 -3.35110288938e-05 -1.21543436245e-05
BPM.16R6.B2 17362.96951 -0.00764517935943 -0.00666068503135 -1.17820577811e-05 3.36437175344e-05
BPM.17R6.B2 17416.41802 -0.00886105338751 -0.00492901871189 3.39812509195e-05 1.07699144782e-05
BPM.18R6.B2 17469.86654 -0.00843439547711 -0.00562800724268 1.03923059441e-05 -3.40986331742e-05
BPM.19R6.B2 17523.31505 -0.00941878151778 -0.00375500296357 -3.43943407549e-05 -9.36727096467e-06
BPM.20R6.B2 17576.76357 -0.00908503920962 -0.00450283855939 -8.9853832372e-06 3.44960807314e-05
BPM.21R6.B2 17630.21209 -0.00982173636412 -0.00251932278967 3.47495431e-05 7.9489637003e-06
BPM.22R6.B2 17683.6606 -0.00958640021318 -0.00330369846041 7.56300169425e-06 -3.48355861554e-05
BPM.23R6.B2 17737.10912 -0.0100633179525 -0.00124222555792 -3.50462935162e-05 -6.5172054245e-06
BPM.24R6.B2 17790.55763 -0.0098948869037 -0.00204802574171 -5.58427819137e-06 -3.01675268796e-07
BPM.25R6.B2 17844.00615 -0.0101044883063 5.01242343546e-05 -1.34429765262e-07 5.59080987918e-06
BPM.26R6.B2 17897.45466 -0.0100755782061 -0.000765454206384 5.59195848843e-06 7.24107881203e-08
BPM.27R6.B2 17950.90318 -0.0100150638394 0.00134227143881 -9.49613137843e-08 -5.59162272626e-06
BPM.28R6.B2 18004.3517 -0.0100553534518 0.000531927502893 -5.04644410072e-06 -3.5260807526e-05
BPM.29R6.B2 18057.80021 -0.00972602605336 0.00260720101668 -3.50940122672e-05 6.09927558761e-06
BPM.30R6.B2 18111.24873 -0.00990470042744 0.00181383277342 6.48800739949e-06 3.50242251969e-05
BPM.31R6.B2 18164.69724 -0.00931260434853 0.00382994519163 3.48143646738e-05 -7.53335669764e-06
BPM.32R6.B2 18218.14576 -0.00959130468503 0.00306593449796 -7.91904532407e-06 -3.47286574491e-05
BPM.33R6.B2 18271.59428 -0.00874618385325 0.00498972423323 -3.44761508344e-05 8.95466743131e-06
BPM.34R6.B2 18325.04279 -0.00912031349577 0.00426766466395 9.33638642576e-06 3.4374747314e-05
BPM.33L7.B2 18378.49131 -0.00803602946296 0.00606756214086 3.40799088089e-05 -1.03610078465e-05
BPM.32L7.B2 18431.93982 -0.00849947195198 0.00539926443593 -1.0738369948e-05 -3.39628937807e-05
BPM.31L7.B2 18485.38834 -0.00719387453811 0.00704565461991 -3.36263671463e-05 1.17498228798e-05
BPM.30L7.B2 18538.83686 -0.0077389675901 0.00644216271838 1.21219656006e-05 3.34940085607e-05
BPM.29L7.B2 18592.28537 -0.00623346620857 0.00790803255738 3.31162142979e-05 -1.31189708847e-05
BPM.28L7.B2 18645.73389 -0.00685131993911 0.00737919338266 -1.34854505075e-05 -3.29686741378e-05
BPM.27L7.B2 18699.1824 -0.00517070081367 0.00864042435304 -3.25503821453e-05 1.44659450766e-05
BPM.26L7.B2 18752.63092 -0.0058157403055 0.00819720962396 1.53698667715e-05 -3.02983709497e-06
BPM.25L7.B2 18806.07943 -0.00398789857417 0.00922571113136 -3.48844311279e-06 -1.52723113123e-05
BPM.24L7.B2 18859.52795 -0.00471939641761 0.00887380292411 -1.523268848e-05 3.65758499909e-06
BPM.23L7.B2 18912.97647 -0.00277498201926 0.00966004946717 4.1117913617e-06 1.51164118983e-05
BPM.22L7.B2 18966.42498 -0.00351014367003 0.00940683034114 1.56136685671e-05 -3.96968629865e-05
BPM.21L7.B2 19019.8735 -0.00148149172232 0.00993049585857 -4.01463221297e-05 -1.44187391666e-05
BPM.20L7.B2 19073.32201 -0.00227801141588 0.00977855969238 -1.39726772752e-05 4.03037379988e-05
BPM.19L7.B2 19126.77053 -0.000198951773234 0.0100384253699 4.07038397285e-05 1.27602718923e-05
BPM.18L7.B2 19180.21905 -0.00100840690799 0.00998962868494 1.23080698123e-05 -4.08428535719e-05
BPM.17L7.B2 19233.66756 0.00108672782513 0.00998141214458 -4.11928840881e-05 -1.10803118199e-05
BPM.16L7.B2 19287.11608 0.000277726753187 0.0100365548654 -1.0622804204e-05 4.13132329127e-05
BPM.15L7.B2 19340.56459 0.00235468071562 0.0097603813708 4.16126289643e-05 9.38171395174e-06
BPM.14L7.B2 19394.01311 0.00155933280842 0.00991857080984 8.9196913167e-06 -4.17141045158e-05
BPM.13L7.B2 19447.46163 0.00358381936721 0.00937900871658 -4.19623545561e-05 -7.66734589077e-06
BPM.12L7.B2 19500.91014 0.0026101248523 0.00969519540719 -7.76572161961e-06 4.19442613741e-05
BPM.11L7.B2 19554.35866 0.00476771353397 0.00883620242894 4.1823717108e-05 8.39072701615e-06
BPM.10L7.B2 19607.13937 0.00481330316528 0.00881145154662 1.02518669034e-05 -4.14068401626e-05
BPM.9L7.B2 19646.20438 0.00782209716501 0.0062947884582 -3.46139224381e-05 -2.49299803653e-05
BPM.8L7.B2 19686.66739 0.00952384909334 0.00317897218663 -2.87511174394e-05 3.15119110911e-05
BPM.7L7.B2 19725.7314 0.00940269947307 -0.00352119415812 2.90188655085e-05 3.12655168585e-05
BPMR.6L7.B2 19760.5494 0.00944537451144 -0.00340506477395 4.26303454746e-05 1.5103479684e-06
BPMWC.6L7.B2 19772.7279 0.00886929145844 -0.00470587237157 4.13451331809e-05 -1.04979698666e-05
BPMWE.5L7.B2 19849.7819 0.0100340159316 0.000357896597962 -1.24025437901e-05 -4.081426673e-05
BPMW.5L7.B2 19872.9869 0.00941425234218 0.00349018891449 -2.89287910245e-05 -3.13488724124e-05
BPMWE.4L7.B2 19908.0719 0.00942000134216 0.00347464249402 -3.90718531687e-05 -1.71177552931e-05
BPMW.4L7.B2 19936.1769 0.0100279360062 -0.000500065159299 -4.22331587851e-05 5.99896476096e-06
BPMW.4R7.B2 20052.2239 0.00963632105474 -0.00281973088285 2.74328424384e-05 3.26659794324e-05
BPMWE.4R7.B2 20080.3289 0.0100106564925 0.000772219058499 4.01611613996e-05 1.43773523242e-05
BPMW.5R7.B2 20115.4139 0.010035529583 0.000312588813042 4.22660766864e-05 -5.76247317463e-06
BPMWE.5R7.B2 20138.6189 0.00877696407223 -0.00487590683169 2.9184455811e-05 -3.11110090999e-05
BPM.6R7.B2 20217.7584 0.00545622828478 -0.00842847190291 -3.89550236599e-05 -1.73819954887e-05
BPM_A.7R7.B2 20255.7944 0.00795825271609 -0.00612174643244 -3.92930945722e-05 1.66036187535e-05
BPM.8R7.B2 20294.85841 0.00801122449198 -0.00605225973042 -9.64020905154e-06 4.15535027045e-05
BPM.9R7.B2 20333.92342 0.0036856956633 -0.00933944394594 4.11939023655e-05 1.10765388168e-05
BPM.10R7.B2 20374.38643 -0.00111619050266 -0.00997816037433 1.53760898612e-05 -3.97894875633e-05
BPM.11R7.B2 20427.16714 -0.000812427438937 -0.0100074735763 -3.73373113059e-05 -2.06289304184e-05
BPM.12R7.B2 20481.89066 -0.00213476727368 -0.00981082740807 -2.03588052253e-05 3.74852844486e-05
BPM.13R7.B2 20535.33917 -0.00123438660061 -0.00996422879299 3.78582844161e-05 1.96564875312e-05
BPM.14R7.B2 20588.78769 -0.00327545614692 -0.00949109860746 1.85147451925e-05 -3.84295642381e-05
BPM.15R7.B2 20642.23621 -0.0024989036033 -0.0097244561035 -3.86325077504e-05 -1.80874669636e-05
BPM.16R7.B2 20695.68472 -0.0044626686021 -0.00899411778179 -1.69233166856e-05 3.9156463781e-05
BPM.17R7.B2 20749.13324 -0.00372226681959 -0.00932492871005 3.93417484223e-05 1.64880005196e-05
BPM.18R7.B2 20802.58175 -0.00557650845103 -0.00834937837385 1.53031915002e-05 -3.98175764933e-05
BPM.19R7.B2 20856.03027 -0.00488457669622 -0.00877214205453 -3.99848220632e-05 -1.486073344e-05
BPM.20R7.B2 20909.47879 -0.00659875902374 -0.00756742658213 -1.3657606451e-05 4.041159381e-05
BPM.21R7.B2 20962.9273 -0.00596653257401 -0.00807527428388 4.05605934649e-05 1.32085423592e-05
BPM.22R7.B2 21016.37582 -0.00751255726102 -0.00666115973861 1.19886910144e-05 -4.09377447763e-05
BPM.23R7.B2 21069.82433 -0.00695053559029 -0.00724566220233 -4.10681495574e-05 -1.15340429215e-05
BPM.24R7.B2 21123.27285 -0.00833297848956 -0.00563970443039 -1.02701978549e-05 7.19803686062e-05
BPM.25R7.B2 21176.72137 -0.00785066156666 -0.00629379929882 7.20898800912e-05 9.47100856491e-06
BPM.26R7.B2 21230.16988 -0.00898594292717 -0.00452743042622 7.30900214479e-06 -7.23410619573e-05
BPM.27R7.B2 21283.6184 -0.00859129913852 -0.00523778346867 -7.24176442632e-05 -6.50664367067e-06
BPM.28R7.B2 21337.06691 -0.00952131723255 -0.00333503082315 -4.30734676541e-06 0.00010316559903
BPM.29R7.B2 21390.51543 -0.00922111893741 -0.00409253931214 0.000103207050835 3.1622163045e-06
BPM.30R7.B2 21443.96394 -0.00986970996936 -0.00208967404721 7.13773510532e-08 -0.0001032554613
BPM.31R7.B2 21497.41246 -0.00966889545465 -0.00287930080972 -0.00010324991569 1.0728687201e-06
BPM.32R7.B2 21550.86098 -0.0100559361881 -0.000809975271635 4.16138232299e-06 0.000103171594916
BPM.33R7.B2 21604.30949 -0.00995777385574 -0.00161884288814 0.000103119062469 -5.30618134294e-06
BPM.34R7.B2 21657.75801 -0.0100769339575 0.000483026392495 -8.39053493382e-06 -0.000102914011623
BPM.33L8.B2 21711.20652 -0.010083048425 -0.000331733251492 -0.000102814718181 9.53039258723e-06
BPM.32L8.B2 21764.65504 -0.00993235808726 0.00176809934842 1.26021941857e-05 0.000102483553326
BPM.31L8.B2 21818.10356 -0.0100426464023 0.000960815109029 0.000102337376359 -1.37388730914e-05
BPM.30L8.B2 21871.55207 -0.00962458748099 0.003024107852 -1.67959471526e-05 -0.000101880282439
BPM.29L8.B2 21925.00059 -0.00983724021516 0.00223754718486 -0.000101687912443 1.79238164677e-05
BPM.28L8.B2 21978.4491 -0.00915866914409 0.00423044820226 2.09582827046e-05 0.000101106106844
BPM.27L8.B2 22031.89762 -0.00947018128118 0.00347758235294 0.000100867273139 -2.2079134222e-05
BPM.26L8.B2 22085.34614 -0.00857232824639 0.00537299874317 -2.505797657e-05 -6.957602909e-05
BPM.25L8.B2 22138.79465 -0.00897796729833 0.00466369277157 -6.92940328511e-05 2.58275723323e-05
BPM.24L8.B2 22192.24317 -0.00781457431329 0.00642544592983 2.78895166793e-05 6.84901530647e-05
BPM.23L8.B2 22245.69168 -0.00830759981656 0.00577388191037 6.81764841108e-05 -2.86477514403e-05
BPM.22L8.B2 22299.1402 -0.00695849815135 0.00737802499632 -3.06451342751e-05 -3.67031435333e-05
BPM.21L8.B2 22352.58871 -0.00753119625808 0.0067924246231 -3.6361150788e-05 3.10501495112e-05
BPM.20L8.B2 22406.03723 -0.00595750510253 0.00820756250614 3.21243828414e-05 3.5415663049e-05
BPM.19L8.B2 22459.48575 -0.00660041016155 0.00770003474193 3.50571251398e-05 -3.25152767292e-05
BPM.18L8.B2 22512.93426 -0.00485869427047 0.00890219295096 -3.35498124132e-05 -3.40683852086e-05
BPM.17L8.B2 22566.38278 -0.00556123623521 0.0084810730993 -3.36943222321e-05 3.39254752026e-05
BPM.16L8.B2 22619.83129 -0.00367996679183 0.00945059753445 3.49186285338e-05 3.266396507e-05
BPM.15L8.B2 22673.27981 -0.00443061304709 0.00912280753764 3.227464123e-05 -3.52787839544e-05
BPM.14L8.B2 22726.72833 -0.00244087154447 0.00984368302245 -3.62288200013e-05 -3.12044552979e-05
BPM.13L8.B2 22780.17684 -0.00322727208819 0.00961460681136 -3.08008149446e-05 3.65725926056e-05
BPM.12L8.B2 22833.62536 -0.000228262255884 0.0101392231301 3.58750085676e-05 3.16105824072e-05
BPM.11L8.B2 22887.07387 -0.000629105384648 0.0101222613932 3.66275312106e-05 -3.07354723884e-05
BPM.10L8.B2 22938.91258 0.00011828493149 0.010141102407 -2.73475885431e-05 -3.92218630016e-05
BPM.9L8.B2 22977.9776 -0.000693284124692 0.0101180683169 -4.3598008896e-05 1.96330886722e-05
BPM.8L8.B2 23018.44061 0.00854571374191 0.00546138498788 3.09657005762e-05 3.64330950401e-05
BPM.7L8.B2 23057.50662 0.00864692353918 0.00529968514885 4.73453179143e-05 6.68325828178e-06
BPM.6L8.B2 23089.97562 0.00399454086487 0.00932199510446 3.3450643829e-05 -3.41657840935e-05
BPMR.5L8.B2 23150.39462 0.00868098578571 0.00524370430068 1.50480029816e-05 4.53850475166e-05
BPMYB.4L8.B2 23171.16162 0.00945473080205 0.00366933438118 3.01939584688e-05 3.70751932296e-05
BPMWB.4L8.B2 23195.62912 0.00925585380416 0.00414549390409 3.76332611487e-05 2.94954690402e-05
BPMSX.4L8.B2 23245.78612 0.0093374891874 0.00395818709949 4.45858481642e-05 1.72727449905e-05
BPMS.2L8.B2 23283.69762 0.0092878879005 0.00407321589441 4.69704568213e-05 8.94551174418e-06
BPMSW.1L8.B2 23293.63162 0.00924166582173 0.00417702779118 4.75773270099e-05 4.75810040477e-06
BPMSW.1R8.B2 23336.82162 0.00924166423921 0.00417703116287 3.80115247218e-05 2.90061865783e-05
BPMS.2R8.B2 23346.75562 0.00928788681321 0.00407321818108 4.04269969297e-05 2.55322688731e-05
BPMSX.4R8.B2 23384.66712 0.00933748878751 0.0039581880158 4.43700486186e-05 1.78197459217e-05
BPMWI.4R8.B2 23434.90012 0.00925612979294 0.00414487763548 4.76373148822e-05 4.11478432295e-06
BPMYB.4R8.B2 23459.29162 0.00945483151338 0.00366907477391 4.73741961583e-05 -6.47514340836e-06
BPMYB.5R8.B2 23479.86862 0.00873247059682 0.00515750975384 4.22181928392e-05 -2.24470571225e-05
BPMR.6R8.B2 23563.97662 0.00408384208433 0.00928322052593 9.04144513096e-06 4.69520721939e-05
BPM_A.7R8.B2 23586.21662 0.00637105067233 0.00789085942535 2.65980734467e-05 3.97339513664e-05
BPM.8R8.B2 23627.65561 0.00951299533565 0.00351551832541 4.75220075719e-05 -5.2824074457e-06
BPM.9R8.B2 23666.7226 0.00968609088481 -0.00300592626572 -3.57535870801e-05 -3.1747847902e-05
BPM.10R8.B2 23707.18758 0.00855717041716 0.00544341655401 -1.34923696073e-05 4.58715678939e-05
BPM.11R8.B2 23759.02827 0.00966879769036 0.00306109466925 4.39566423592e-05 1.88164538618e-05
BPM.12R8.B2 23813.75476 0.00976920349474 0.00272371298212 1.95900403461e-05 -4.36173802152e-05
BPM.13R8.B2 23867.20624 0.0101395766296 0.00021197905795 -4.47531599855e-05 -1.68344852358e-05
BPM.14R8.B2 23920.65773 0.010089393591 0.00102960493024 -1.63319915483e-05 4.49389635789e-05
BPM.15R8.B2 23974.10921 0.0100833770862 -0.00108694798578 4.54093183334e-05 1.49746076109e-05
BPM.16R8.B2 24027.56069 0.0101382092033 -0.00026956162883 1.44651159503e-05 -4.55741736972e-05
BPM.17R8.B2 24081.01218 0.00986147500089 -0.0023679654009 -4.59882187093e-05 -1.30892710087e-05
BPM.18R8.B2 24134.46366 0.0100204256562 -0.00156429507225 -1.25729809463e-05 4.6132030522e-05
BPM.19R8.B2 24187.91515 0.00947753148587 -0.00361003410816 4.64889180561e-05 1.11814763192e-05
BPM.20R8.B2 24241.36663 0.00973797916955 -0.00283332154898 1.06601102843e-05 -4.66112287663e-05
BPM.21R8.B2 24294.81811 0.00893782495733 -0.00479283156059 -4.69104835552e-05 -9.25481016849e-06
BPM.22R8.B2 24348.2696 0.00929550925583 -0.00405579301485 -8.72845511267e-06 4.70112741312e-05
BPM.23R8.B2 24401.72108 0.00825128059121 -0.00589680574068 4.72522595766e-05 7.31226994658e-06
BPM.24R8.B2 24455.17257 0.00865834569225 -0.00521423619717 6.14188050893e-06 -5.30959056191e-06
BPM.25R8.B2 24508.62405 0.00738753167575 -0.00689779566243 -5.49171747542e-06 -5.97959437325e-06
BPM.26R8.B2 24562.07554 0.007920162762 -0.0062790310646 -5.91768306709e-06 5.55837208575e-06
BPM.27R8.B2 24615.52702 0.00644442456283 -0.00778618015025 5.73365078977e-06 5.74801876084e-06
BPM.28R8.B2 24668.9785 0.00700990228278 -0.00724326151076 5.04296539346e-06 3.62236025971e-05
BPM.29R8.B2 24722.42999 0.00535386938215 -0.00854047130082 3.60557527129e-05 -6.12887802221e-06
BPM.30R8.B2 24775.88147 0.00602569462277 -0.0080805056584 -6.5324118836e-06 -3.59848362647e-05
BPM.31R8.B2 24829.33296 0.00421727695992 -0.0091552248718 -3.57723098876e-05 7.61064690044e-06
BPM.32R8.B2 24882.78444 0.00494247939362 -0.00878495673411 8.01100235233e-06 3.56847922381e-05
BPM.33R8.B2 24936.23592 0.00301148069606 -0.00961948810596 3.54280185043e-05 -9.07941302458e-06
BPM.34R8.B2 24989.68741 0.00377802780393 -0.00934505608633 -9.47575174515e-06 -3.53240800077e-05
BPM.33L1.B2 25043.13889 0.00175609027052 -0.00992570976563 -3.50234410746e-05 1.05327773672e-05
BPM.32L1.B2 25096.59038 0.00255151760137 -0.00975158066144 1.09245383305e-05 3.49032249927e-05
BPM.31L1.B2 25150.04186 0.000471955551243 -0.0100688045643 3.45592693667e-05 -1.19681804573e-05
BPM.30L1.B2 25203.49334 0.0012830466621 -0.00999786770596 -1.23546181484e-05 -3.44230116946e-05
BPM.29L1.B2 25256.94483 -0.000820049894435 -0.0100464464173 -3.40362971389e-05 1.33832496368e-05
BPM.28L1.B2 25310.39631 -6.4690823886e-06 -0.0100798574175 1.37637513609e-05 3.38842117433e-05
BPM.27L1.B2 25363.8478 -0.00209846642498 -0.00985900634057 3.34554050728e-05 -1.47755371864e-05
BPM.26L1.B2 25417.29928 -0.00133783419875 -0.00999886338654 -1.57899549149e-05 8.73353277875e-06
BPM.25L1.B2 25470.75077 -0.00338402507639 -0.0095034437766 9.20397271741e-06 1.55204446999e-05
BPM.24L1.B2 25524.20225 -0.00260593936254 -0.00974557075832 1.54163451803e-05 -9.37729160012e-06
BPM.23L1.B2 25577.65373 -0.00457197629387 -0.00899244694945 -9.83622407561e-06 -1.5127661859e-05
BPM.22L1.B2 25631.10522 -0.00387318855131 -0.00933478601419 -1.56571284341e-05 5.20265063856e-05
BPM.21L1.B2 25684.5567 -0.00572631102106 -0.00832761559829 5.24734295551e-05 1.40869546443e-05
BPM.20L1.B2 25738.00819 -0.00503551377633 -0.00876261493415 1.34980185743e-05 -5.26279985855e-05
BPM.19L1.B2 25791.45967 -0.0067446355062 -0.00752660025337 -5.3009750796e-05 -1.19108850567e-05
BPM.18L1.B2 25844.91115 -0.00611512883568 -0.00804642894805 -1.13163788245e-05 5.31398374752e-05
BPM.17L1.B2 25898.36264 -0.00765203415966 -0.00660198400235 5.3455848854e-05 9.71466222387e-06
BPM.16L1.B2 25951.81412 -0.00709422730901 -0.00719803850748 9.11494622898e-06 -5.35613695842e-05
BPM.15L1.B2 26005.26561 -0.00843376113853 -0.00556879633243 -5.38110237251e-05 -7.50180568316e-06
BPM.14L1.B2 26058.71709 -0.00795676781688 -0.00623134539495 -6.8986427496e-06 5.38916683359e-05
BPM.13L1.B2 26112.16857 -0.00907684551504 -0.00444417540236 5.40746103382e-05 5.27627786832e-06
BPM.12L1.B2 26165.62006 -0.00791114617691 -0.00628916414778 8.99510846799e-06 -5.3581629557e-05
BPM.11L1.B2 26219.07154 -0.00733042100343 -0.00695735204419 -5.33265295832e-05 -1.04011567631e-05
BPM.10L1.B2 26271.85423 -0.00686728212371 -0.0074148672094 -1.4321059787e-06 5.431253843e-05
BPM.9L1.B2 26310.92122 -0.00831328793167 -0.00574709172441 5.41722768335e-05 4.1553964224e-06
BPM.8L1.B2 26351.38621 -0.0017626897545 -0.009951519699 -2.39401512442e-05 -4.87726556446e-05
BPM.7L1.B2 26390.4542 -0.00581072616019 -0.00826893469294 -5.06086392165e-05 1.97653308853e-05
BPMR.6L1.B2 26433.6382 -0.00849381640468 -0.00547676020566 1.88887184558e-05 5.09423130975e-05
BPM.5L1.B2 26465.5382 -0.00957090306289 0.00324617221814 5.43306766429e-05 2.83505619775e-07
BPMYA.4L1.B2 26486.6562 -0.00863067938213 0.00525844015935 5.13745729842e-05 -1.76792562526e-05
BPMWB.4L1.B2 26507.7127 -0.00792614709714 0.00627024814211 4.69221540055e-05 -2.73900319634e-05
BPMSY.4L1.B2 26600.5687 -0.00770823489077 0.00653627832095 3.56670768912e-05 -4.09849036741e-05
BPMS.2L1.B2 26627.3542 -0.00762073122846 0.00663809323664 3.29032325374e-05 -4.32348417146e-05
BPMSW.1L1.B2 26637.4082 -0.00758327363361 0.00668085161889 3.09042489595e-05 -4.46860293146e-05
