BPMSW.1R1.B1 21.475 -0.00756822839021 -0.00687876348065 0.000113052311959 3.78143373586e-05
BPMS.2R1.B1 31.529 -0.00781248720753 -0.0066000387637 0.000119112090742 4.80233379867e-06
BPMSY.4R1.B1 58.3145 -0.00842557801177 -0.00579699087729 0.000109368748075 -4.7425999717e-05
BPMWB.4R1.B1 151.0945 -0.00887174741352 -0.00508798249513 -5.58269853541e-05 -0.000105328513623
BPMYA.4R1.B1 172.227 -0.00950359808161 -0.00377850386436 -9.05153481934e-05 -7.75739554351e-05
BPM.5R1.B1 199.635 -0.00940777878347 -0.00401113030815 -0.000113876138435 -3.52558223323e-05
BPMR.6R1.B1 231.535 -0.00964276277371 -0.0034077256542 -0.000116704028663 2.43088079843e-05
BPM_A.7R1.B1 259.259 -0.00978388482829 -0.00297843343539 -8.72166091015e-05 8.12650721118e-05
BPM.8R1.B1 300.6979894 -0.0102260388984 -0.000153611529133 5.87257178869e-05 0.000103740243676
BPM.9R1.B1 339.7649788 -0.0102195534217 -0.000395216284599 8.00454518017e-05 -8.83372605295e-05
BPM.10R1.B1 380.2299682 -0.00923162719136 -0.0044014233426 -0.000100954981639 -6.33943230838e-05
BPM.11R1.B1 433.0126576 -0.0101900026631 -0.000871386119278 -4.76532821302e-05 0.000109269899967
BPM.12R1.B1 487.7391417 -0.00973336424603 -0.00313960005133 0.000109758973995 4.65157576235e-05
BPM.13R1.B1 541.1906258 -0.00997421094241 -0.00226066010304 5.28795588001e-05 -0.00010683866759
BPM.14R1.B1 594.6421099 -0.00975915413648 -0.00305849285816 -0.000107424951518 -5.16781225364e-05
BPM.15R1.B1 648.093594 -0.0101814404588 -0.000966301327552 -4.84287399118e-05 0.00010892844491
BPM.16R1.B1 701.5450781 -0.0100702285337 -0.00178492725479 0.000109464389809 4.72048215455e-05
BPM.17R1.B1 754.9965622 -0.0102214022699 0.000344098388851 4.38934528087e-05 -0.000110833717078
BPM.18R1.B1 808.4480463 -0.0102158277338 -0.00048200801818 -0.000111318353253 -4.26494061183e-05
BPM.19R1.B1 861.8995304 -0.0100933983944 0.00164887140658 -3.9287150923e-05 0.000112548965512
BPM.20R1.B1 915.3510145 -0.01019355069 0.000828850032811 0.000112982241959 3.80231605148e-05
BPM.21R1.B1 968.8024986 -0.00979953259609 0.00292653872229 3.46102906361e-05 -0.000114073990398
BPM.22R1.B1 1022.253983 -0.0100037729852 0.00212602778074 -0.000114454451424 -3.33305687678e-05
BPM.23R1.B1 1075.705467 -0.00934463526029 0.00415611114863 -2.98782095964e-05 0.000115403817036
BPM.24R1.B1 1129.156951 -0.00948825735355 0.0033984867987 0.000118191254195 -0.000133003775772
BPM.25R1.B1 1182.608435 -0.00857629889004 0.00529375456971 -0.000136494350755 -0.000114142318766
BPM.26R1.B1 1236.059919 -0.00897557793264 0.00458429284252 -0.000112608123325 0.000137762797372
BPM.27R1.B1 1289.511403 -0.00782853157174 0.0063475060869 0.000141084054195 0.00010841801955
BPM.28R1.B1 1342.962887 -0.00815404591424 0.00570501589332 0.000109285010963 -0.000303872576853
BPM.29R1.B1 1396.414371 -0.00679252248474 0.00727305365356 -0.00030701725106 -0.000100110745082
BPM.30R1.B1 1449.865855 -0.00735729560131 0.00670118442466 -9.66716838025e-05 0.00030811742229
BPM.31R1.B1 1503.31734 -0.00580598153994 0.00808246555881 0.000310883893946 8.73667977513e-05
BPM.32R1.B1 1556.768824 -0.00643950399759 0.00758738818686 8.3872133873e-05 -0.000311844863053
BPM.33R1.B1 1610.220308 -0.00472468747109 0.00875859574605 -0.000314222918468 -7.44695289436e-05
BPM.34R1.B1 1663.671792 -0.00541604786535 0.0083487781512 -7.09492258284e-05 0.000315036444401
BPM.33L2.B1 1717.123276 -0.00356498079017 0.0092912099917 0.000317026508511 6.14487363852e-05
BPM.32L2.B1 1770.57476 -0.00430343458392 0.00897307762004 5.78891505078e-05 -0.0003176957675
BPM.31L2.B1 1824.026244 -0.00234756458237 0.00967081235867 -0.000319291070256 -4.83214843642e-05
BPM.30L2.B1 1877.477728 -0.00312024991479 0.00944985246869 -4.47436827912e-05 0.000319812069824
BPM.29L2.B1 1930.929212 -0.00109062292321 0.00989172445926 0.000321012210222 3.51128998099e-05
BPM.28L2.B1 1984.380696 -0.00188566722797 0.00977138323137 3.15126910185e-05 -0.000321385602154
BPM.27L2.B1 2037.83218 0.000183246870087 0.0099499794839 -0.000322187177463 -2.18443980593e-05
BPM.26L2.B1 2091.283665 -0.000459035306353 0.00994250183927 -1.57703902358e-05 0.000160829856734
BPM.25L2.B1 2144.735149 0.00161474160658 0.00982123545212 0.000161231064548 1.09312629265e-05
BPM.24L2.B1 2198.186633 0.000816666162707 0.00991953187392 9.12435863053e-06 -0.000161343403145
BPM.23L2.B1 2251.638117 0.00285763590098 0.0095340428594 -0.000161544705146 -4.27280134161e-06
BPM.22L2.B1 2305.089601 0.0022400889708 0.00974378696796 3.40121742622e-10 3.91007854835e-10
BPM.21L2.B1 2358.541085 0.00421370478009 0.00906664629662 3.85564510904e-10 -3.44385222872e-10
BPM.20L2.B1 2411.992569 0.00346817233652 0.00937716181555 -3.57031092989e-10 -3.77816140382e-10
BPM.19L2.B1 2465.444053 0.00533895034025 0.00845310548441 -3.67384651047e-10 3.64647616304e-10
BPM.18L2.B1 2518.895537 0.00463926947376 0.00885644182509 3.70357521558e-10 3.61542914855e-10
BPM.17L2.B1 2572.347021 0.00637646243376 0.0077006564557 3.48456214378e-10 -3.81927582284e-10
BPM.16L2.B1 2625.798506 0.00573412494261 0.00819018889939 -3.83905853752e-10 -3.47220900876e-10
BPM.15L2.B1 2679.24999 0.00730919078097 0.00682166498819 -3.33628420112e-10 3.97407323185e-10
BPM.14L2.B1 2732.701474 0.00673475839097 0.00738934452312 3.96847682502e-10 3.31180693234e-10
BPM.13L2.B1 2786.152958 0.00812180996467 0.00583057338041 3.18021857988e-10 -4.07054191969e-10
BPM.12L2.B1 2839.604442 0.00673860623645 0.00738583570217 -3.80947552065e-10 -3.47640524659e-10
BPM.11L2.B1 2893.055926 0.00683068091487 0.00730076580233 -3.73264529965e-10 3.60434394376e-10
BPM.10L2.B1 2944.896615 0.00667772401217 0.00744092635941 3.78754819957e-10 3.53374090586e-10
BPM.9L2.B1 2983.963605 0.00966376818234 0.00256338983751 4.3615859043e-10 -2.65320762277e-10
BPM.8L2.B1 3024.428594 0.00991775739841 0.00126391109286 -2.39830151303e-11 -5.15025072724e-10
BPM.7L2.B1 3063.496584 0.00922117415959 -0.00386384914312 -4.63562509497e-10 -2.32069345869e-10
BPMR.6L2.B1 3095.602584 0.00635946662143 -0.00771469813082 -4.84959743173e-10 1.76746505228e-10
BPMYB.5L2.B1 3167.801584 0.00800000808842 -0.00599660350208 3.83597217249e-10 3.43855553706e-10
BPMYB.4L2.B1 3188.371584 0.00954858292847 -0.0029637724551 5.20791671442e-10 -1.81871551157e-12
BPMWI.4L2.B1 3212.839084 0.00884745257148 -0.00465638981034 3.05896973662e-10 -4.1728195899e-10
BPMSX.4L2.B1 3262.996084 0.00999137786124 0.000362975828438 -4.88506309508e-10 -1.72561395317e-10
BPMS.2L2.B1 3300.907584 0.00999091681922 0.000375453318686 -4.32108736737e-10 1.86962347984e-10
BPMSW.1L2.B1 3310.841584 0.00999796894599 4.16803358268e-09 -4.22397200247e-10 3.03450466218e-10
BPMSW.1R2.B1 3354.031584 0.00999796895796 3.22791190285e-09 -2.2065579566e-10 -4.57159265303e-10
BPMS.2R2.B1 3363.965584 0.00999091679031 0.00037545265645 -3.44549992889e-10 -3.91397373042e-10
BPMSX.4R2.B1 3401.877084 0.00999137769534 0.000362980579649 -5.10709072471e-10 -8.57417118796e-11
BPMWB.4R2.B1 3452.110084 0.00884822629995 -0.00465491937757 7.19452170615e-11 5.12523731012e-10
BPMYB.4R2.B1 3476.501584 0.00955795469247 -0.00293340844526 4.50929519426e-10 2.48892512184e-10
BPMR.5R2.B1 3506.035584 0.0069743341982 -0.00716366146465 4.51361369222e-10 -2.49896927178e-10
BPM.6R2.B1 3579.331584 0.00970733441517 -0.00239312385414 -3.87433726611e-10 -3.29368439113e-10
BPM_A.7R2.B1 3592.206584 0.00995192623036 -0.000958408971272 -4.50536400664e-10 -2.19161649135e-10
BPM.8R2.B1 3633.643594 0.00974117855552 0.00225140477123 -4.15932556584e-10 3.09928736722e-10
BPM.9R2.B1 3672.708605 0.00998489429988 -0.000511144696112 3.43084124491e-10 3.87797028093e-10
BPM.10R2.B1 3713.171615 0.00805776807451 -0.0059187631091 3.27660896571e-10 -3.92577785766e-10
BPM.11R2.B1 3765.010326 0.00889053275324 -0.00457359927705 -3.74330385656e-10 -3.66144401585e-10
BPM.12R2.B1 3819.733842 0.00862897387013 -0.00504977157614 -3.43408240479e-10 3.83078595312e-10
BPM.13R2.B1 3873.182358 0.00944064677086 -0.00329143915381 4.2162291714e-10 2.97137234765e-10
BPM.14R2.B1 3926.630874 0.00855210584623 -0.00517888681585 2.94174750289e-10 -4.24948484652e-10
BPM.15R2.B1 3980.07939 0.0089421414833 -0.00447185517211 -4.32680383032e-10 -2.81674293566e-10
BPM.16R2.B1 4033.527906 0.00781936799479 -0.00623031838934 -2.77078862573e-10 4.39065306853e-10
BPM.17R2.B1 4086.976421 0.00829663887335 -0.00557899332442 4.41263557587e-10 2.67878165545e-10
BPM.18R2.B1 4140.424937 0.00695814673994 -0.00717938555803 2.58919206438e-10 -4.50095918905e-10
BPM.19R2.B1 4193.873453 0.00751481772913 -0.00659445960958 -4.50379289475e-10 -2.51913498861e-10
BPM.20R2.B1 4247.321969 0.00598260166254 -0.00801048440519 -2.40466327772e-10 4.57783902128e-10
BPM.21R2.B1 4300.770485 0.00660951868981 -0.00750157622111 4.60314263047e-10 2.30286091648e-10
BPM.22R2.B1 4354.219001 0.00490875195668 -0.00870996769769 2.18684036778e-10 -4.66729620005e-10
BPM.23R2.B1 4407.667517 0.00559562195104 -0.00828543288409 -4.7121418997e-10 -2.16725792453e-10
BPM.24R2.B1 4461.116033 0.0036206110847 -0.00924074386167 1.34229846565e-07 0.000136130410393
BPM.25R2.B1 4514.564549 0.00435459778707 -0.00891838830094 0.000136120560896 -1.64328639795e-06
BPM.26R2.B1 4568.013065 0.00240878760007 -0.00962797559526 -5.71567707088e-06 -0.000136010431996
BPM.27R2.B1 4621.46158 0.00317779996578 -0.00940222096699 -0.0001359386575 7.22408534566e-06
BPM.28R2.B1 4674.910096 0.00102379384878 -0.00983144989547 1.14235163975e-05 0.000271790106142
BPM.29R2.B1 4728.358612 0.00181402964069 -0.00971673079784 0.000271646757462 -1.44360320272e-05
BPM.30R2.B1 4781.807128 -0.000242280704721 -0.00988164262539 -2.25588230212e-05 -0.000271093078104
BPM.31R2.B1 4835.255644 0.00055574529627 -0.00986897705289 -0.000270826220344 2.5563908345e-05
BPM.32R2.B1 4888.70416 -0.00150429889004 -0.00976947520386 3.36564542282e-05 0.000269939994892
BPM.33R2.B1 4942.152676 -0.000710830294707 -0.00985902029633 0.000269550054043 -3.66486997615e-05
BPM.34R2.B1 4995.601192 -0.00274170728748 -0.00949676797996 -4.47001601987e-05 -0.000268332360534
BPM.33L3.B1 5049.049708 -0.00196656448226 -0.0096870111505 -0.000267820419324 4.76715726901e-05
BPM.32L3.B1 5102.498224 -0.00393393394572 -0.00906806068504 5.56631135926e-05 0.000266274250122
BPM.31L3.B1 5155.94674 -0.00318917836651 -0.00935599819653 0.00026564004571 -5.86150660548e-05
BPM.30L3.B1 5209.395255 -0.00506167294955 -0.00849029020811 -6.65406104767e-05 -0.000263766385487
BPM.29L3.B1 5262.843771 -0.00436014278168 -0.00887100421781 -0.000263013109502 6.94583436643e-05
BPM.28L3.B1 5316.292287 -0.00610608664339 -0.0077731117841 7.72955616996e-05 0.00026081747195
BPM.27L3.B1 5369.740803 -0.00545879283569 -0.00824057896492 0.00025994297789 -8.01873130979e-05
BPM.26L3.B1 5423.189319 -0.00718400065257 -0.00690264449408 -8.77972573302e-05 -0.000121298393012
BPM.25L3.B1 5476.637835 -0.00660356075741 -0.00745984931759 -0.000120318227764 8.91357550924e-05
BPM.24L3.B1 5530.086351 -0.00800790501057 -0.00592704174818 9.26961887228e-05 0.000117597095647
BPM.23L3.B1 5583.534867 -0.00750347327432 -0.00655394959566 0.000116560720669 -9.39960472542e-05
BPM.22L3.B1 5636.983383 -0.00883406337537 -0.00482845241639 -9.73089142814e-05 2.24346332453e-05
BPM.21L3.B1 5690.431899 -0.00841558080178 -0.00552563373052 2.35120068189e-05 9.70542292362e-05
BPM.20L3.B1 5743.880414 -0.00937911315968 -0.00365880646543 9.63069095737e-05 -2.64067467473e-05
BPM.19L3.B1 5797.32893 -0.00905328042334 -0.00440371910425 -2.74735410414e-05 -9.60080276075e-05
BPM.18L3.B1 5850.777446 -0.00977010637686 -0.00242891948478 -9.51431487433e-05 3.03334763568e-05
BPM.17L3.B1 5904.225962 -0.00954222558274 -0.00320944844539 3.13863322468e-05 9.48010280271e-05
BPM.16L3.B1 5957.674478 -0.0100005421151 -0.00115921773803 9.38189713638e-05 -3.42102080403e-05
BPM.15L3.B1 6011.122994 -0.00987438183007 -0.00196245047985 -3.5248927177e-05 -9.34336677185e-05
BPM.14L3.B1 6064.57151 -0.0100666694724 0.000129592193262 -9.23373590492e-05 3.80282703201e-05
BPM.13L3.B1 6118.020026 -0.0100442958922 -0.000683189865143 3.90495690652e-05 9.19101058462e-05
BPM.12L3.B1 6171.468542 -0.0098869197039 0.00189827478102 9.1848640698e-05 -3.91939364851e-05
BPM.11L3.B1 6224.917058 -0.00978674653822 0.00236097874181 -3.9076296008e-05 -9.18987491676e-05
BPM.10L3.B1 6277.697768 -0.00767160537071 0.00651928672565 -9.45022684852e-05 3.22747330929e-05
BPM.9L3.B1 6316.762779 -0.00792663768982 0.00620669342856 -3.81805323907e-05 9.22745025058e-05
BPM.8L3.B1 6357.225789 -0.00987244230002 0.00197218442573 8.54622884779e-05 5.1657860865e-05
BPM.7L3.B1 6396.2898 -0.00679699452174 -0.00742667448325 3.14744948768e-05 -9.47717904794e-05
BPM.6L3.B1 6468.9288 -0.00686620160148 -0.00736273753394 -9.16614073821e-05 -3.96298282083e-05
BPMWE.5L3.B1 6512.0583 -0.00743722648746 -0.0067854469679 -9.62105057782e-05 2.67558668884e-05
BPMW.5L3.B1 6539.6033 -0.00952502589793 -0.00326013957435 -6.46790629327e-05 7.6085186393e-05
BPMWE.4L3.B1 6614.7313 -0.00996672229853 -0.00142094159096 3.94677093471e-05 9.17313293661e-05
BPMW.4L3.B1 6642.2763 -0.00951520691852 -0.00328868753063 7.08327807375e-05 7.03921484447e-05
BPMW.4R3.B1 6687.2413 -0.0100035176142 -0.00113325359191 9.91350745323e-05 1.20239115246e-05
BPMWE.4R3.B1 6714.7863 -0.00740773623905 0.00681762951703 6.37882387452e-05 -7.68335703934e-05
BPMW.5R3.B1 6789.9143 -0.00459612749961 0.00895713348985 -5.48964462603e-05 -8.34189238622e-05
BPMWE.5R3.B1 6817.4593 -0.00710199375958 0.00713556676167 -8.62234012219e-05 -5.03771981067e-05
BPMWC.6R3.B1 6858.4503 -0.0071300608609 0.00710752141261 -9.96848036414e-05 5.93954164424e-06
BPMR.6R3.B1 6870.5288 -0.00554435248751 0.00840326031438 -9.34696841058e-05 3.51533073732e-05
BPM_A.7R3.B1 6926.3528 0.00149268267984 0.00995623055017 4.11196381194e-05 9.10028166189e-05
BPM.8R3.B1 6965.416811 0.00446188032807 0.00902475774293 9.97296213914e-05 5.13219592361e-06
BPM.9R3.B1 7004.481821 0.00711369234439 0.00712390410897 5.85525337865e-05 -8.08946185416e-05
BPM.10R3.B1 7044.944832 0.00760945728838 0.00659172118648 -2.46443776706e-05 -9.67728880221e-05
BPM.11R3.B1 7097.725542 0.00728696514131 0.0069465651512 -9.94790289274e-05 -8.73271145381e-06
BPM.12R3.B1 7152.449058 0.00650723359389 0.00768183177158 -2.49742896115e-05 9.66882751726e-05
BPM.13R3.B1 7205.897574 0.00670251970545 0.00751204752515 9.36022765771e-05 3.4798719449e-05
BPM.14R3.B1 7259.34609 0.00607416052626 0.00802864884545 3.37569690489e-05 -9.39829971687e-05
BPM.15R3.B1 7312.794606 0.00760810395558 0.00659328313932 -9.49512229615e-05 -3.0928997513e-05
BPM.16R3.B1 7366.243122 0.00705124310868 0.00718572188698 -2.98734936812e-05 9.52885698021e-05
BPM.17R3.B1 7419.691638 0.00838905900893 0.00556581686934 9.61397712089e-05 2.70089153063e-05
BPM.18R3.B1 7473.140154 0.00791253535961 0.00622466164341 2.59417781356e-05 -9.64331966011e-05
BPM.19R3.B1 7526.58867 0.00903208258532 0.00444703413505 -9.71664475553e-05 -2.30438372841e-05
BPM.20R3.B1 7580.037186 0.00864376638796 0.00516138847521 -2.19641109666e-05 9.74161941523e-05
BPM.21R3.B1 7633.485701 0.00952676134982 0.00325506475585 9.80297511037e-05 1.90395532181e-05
BPM.22R3.B1 7686.934217 0.00923300928837 0.0040132490381 1.7952048982e-05 -9.82347254992e-05
BPM.23R3.B1 7740.382733 0.009864872816 0.00200970463328 -9.87280490332e-05 -1.50036340059e-05
BPM.24R3.B1 7793.831249 0.00965963597917 0.00279853330543 -1.40742294901e-05 0.00010979017063
BPM.25R3.B1 7847.279765 0.010030119341 0.000732845102846 0.000110162092944 1.07831934053e-05
BPM.26R3.B1 7900.728281 0.00993826850167 0.00153986204249 9.56187202982e-06 -0.000110274818965
BPM.27R3.B1 7954.176797 0.0100414628158 -0.000556219773233 -0.000110511623046 -6.25663274751e-06
BPM.28R3.B1 8007.625313 0.0100427132279 0.000255248098676 -5.19686826201e-06 0.000121475908457
BPM.29R3.B1 8061.073829 0.00987702857322 -0.00183454275485 0.000121577002951 1.56040004957e-06
BPM.30R3.B1 8114.522345 0.00999285691454 -0.00103152862399 2.13233728078e-07 -0.000121586830701
BPM.31R3.B1 8167.97086 0.00956119724973 -0.00308297708172 -0.000121538723545 3.42661958367e-06
BPM.32R3.B1 8221.419376 0.00977881342836 -0.00230131452418 4.7753887136e-06 0.000121493209706
BPM.33R3.B1 8274.867892 0.00908830303574 -0.00428065281453 0.00012129596628 -8.40787741758e-06
BPM.34R3.B1 8328.316408 0.0094040847909 -0.00353333126673 -9.7514377106e-06 -0.00012119535091
BPM.33L4.B1 8381.764924 0.00846601240968 -0.0054081304057 -0.000120849126718 1.33750955062e-05
BPM.32L4.B1 8435.21344 0.00887485682742 -0.00470724514312 1.47154405259e-05 0.000120693240746
BPM.31L4.B1 8488.661956 0.00770472395328 -0.00644658586604 0.000120198984189 -1.8319618352e-05
BPM.30L4.B1 8542.110472 0.00819977882011 -0.00580386662824 -1.96505882755e-05 -0.000119988574108
BPM.29L4.B1 8595.558988 0.00681669013185 -0.00737929374633 -0.00011934657223 2.32335585307e-05
BPM.28L4.B1 8649.007504 0.00739001226657 -0.00680506864353 2.45564462734e-05 0.000119081421545
BPM.27L4.B1 8702.45602 0.00581684708661 -0.00819057571598 0.000118293425872 -2.81081539599e-05
BPM.26L4.B1 8755.904535 0.00644788641059 -0.00769519851683 -2.95851097697e-05 -0.000107072723033
BPM.25L4.B1 8809.353051 0.00471041402249 -0.00886585128948 -0.000106139209314 3.27767603328e-05
BPM.24L4.B1 8862.801567 0.00541059280628 -0.00845676089815 3.39522786307e-05 0.000105769033763
BPM.23L4.B1 8916.250083 0.00353773840358 -0.00939551628948 0.000104705802887 -3.71017738856e-05
BPM.22L4.B1 8969.698599 0.00427342836407 -0.00908011309143 -3.84277347367e-05 -9.33862256289e-05
BPM.21L4.B1 9023.147115 0.00229588401578 -0.00976931728891 -9.21942730922e-05 4.12055102255e-05
BPM.20L4.B1 9076.595631 0.00307686072289 -0.00955215011219 4.22256535686e-05 9.17315182075e-05
BPM.19L4.B1 9130.044147 0.0010274747925 -0.00998273205408 9.04268946599e-05 -4.49516838079e-05
BPM.18L4.B1 9183.492663 0.00182960464733 -0.00986727878386 -4.59515228539e-05 -8.99229385543e-05
BPM.17L4.B1 9236.941179 -0.000258092263163 -0.0100321499239 -8.8507475101e-05 4.86220514716e-05
BPM.16L4.B1 9290.389694 0.000552434447433 -0.0100202524853 4.96007614436e-05 8.796272645e-05
BPM.15L4.B1 9343.83821 -0.00153914336141 -0.00991673743695 8.64389615775e-05 -5.22109495425e-05
BPM.14L4.B1 9397.286726 -0.000733971886489 -0.0100085927567 -5.31661896546e-05 -8.58547242455e-05
BPM.13L4.B1 9450.735242 -0.00279517103534 -0.00963834335142 -8.42253235005e-05 5.57115033133e-05
BPM.12L4.B1 9504.183758 -0.00158858720907 -0.00990893709584 5.43980858436e-05 8.50795186014e-05
BPM.11L4.B1 9557.632274 -0.00301217562186 -0.00957274473056 8.49916342469e-05 -5.45353023389e-05
BPMC.10L4.B1 9609.470985 -0.00265987102565 -0.00967655567974 -5.66984351321e-05 -8.35641333737e-05
BPMC.9L4.B1 9648.535995 -0.00487473070176 -0.00877198063828 -9.30181245175e-05 3.93103722167e-05
BPMC.8L4.B1 9688.999006 -0.00116587635427 -0.00996751603963 7.05121214248e-05 7.22891339743e-05
BPMC.7L4.B1 9728.063016 -0.00670319645071 -0.00746845372468 6.63324545167e-05 -7.61425134301e-05
BPMYB.6L4.B1 9824.667016 -0.00806275797643 -0.00597516339863 -7.41557793927e-05 -6.85463260541e-05
BPMYA.5L4.B1 9861.667016 -0.00837311631387 -0.00553186828592 -9.0161264237e-05 -4.54821027469e-05
BPMWA.B5L4.B1 9964.133516 -0.00354781551786 -0.00938741970629 -7.40528469531e-05 6.86575060955e-05
BPMWA.A5L4.B1 9973.018516 -0.00302403396965 -0.00956900529007 -6.48913257458e-05 7.73743692902e-05
BPMWA.A5R4.B1 10021.06752 -0.00128587069016 -0.00995274737257 -7.79828339207e-06 0.000100681993421
BPMWA.B5R4.B1 10029.95252 -0.00119581242811 -0.00996396890449 2.55484374631e-06 0.000100951224661
BPMYB.5R4.B1 10132.34302 -0.00334690285101 -0.00946091352628 8.51404540699e-05 5.4302723592e-05
BPMYA.6R4.B1 10163.90702 -0.00314105755724 -0.00953123292173 9.53012344922e-05 3.33969619121e-05
BPMCA.7R4.B1 10260.42302 8.98555564656e-05 -0.0100350669996 5.58492635723e-05 -8.41340428241e-05
BPMC.8R4.B1 10298.21203 0.000843377909631 -0.00999996787146 -3.50467732886e-05 -9.47069187339e-05
BPMC.9R4.B1 10337.27704 -0.00321917982961 -0.00950513150478 -9.48011037319e-05 3.4791205141e-05
BPMC.10R4.B1 10377.74005 -0.00773995226411 -0.00638778384178 3.79171372545e-05 9.35947047906e-05
BPM.11R4.B1 10429.57876 -0.00698087864411 -0.00720957537292 9.78927245285e-05 -2.47929641905e-05
BPM.12R4.B1 10484.30227 -0.0076570921054 -0.0064868778379 -2.30368540334e-05 -9.83208087954e-05
BPM.13R4.B1 10537.75079 -0.00703537492683 -0.00715640575722 -9.78729009581e-05 2.4871105363e-05
BPM.14R4.B1 10591.19931 -0.00836737071722 -0.0055405551127 2.77883816062e-05 9.70849250465e-05
BPM.15R4.B1 10644.64782 -0.0078929407524 -0.00619775201395 9.6770540815e-05 -2.88641515492e-05
BPM.16R4.B1 10698.09634 -0.00900737734188 -0.00442468045279 -3.17475629301e-05 -9.58632877545e-05
BPM.17R4.B1 10751.54485 -0.0086209578171 -0.00513709353785 -9.55056241658e-05 3.2807825423e-05
BPM.18R4.B1 10804.99337 -0.00949937953603 -0.00323611373664 3.56508366471e-05 9.44811845601e-05
BPM.19R4.B1 10858.44189 -0.00920723664743 -0.00399217196761 9.40796580541e-05 -3.66973621939e-05
BPM.20R4.B1 10911.8904 -0.00983529955633 -0.00199437365924 -3.94966993623e-05 -9.29391672415e-05
BPM.21R4.B1 10965.33892 -0.00964228832219 -0.00278153187785 -9.24958575424e-05 4.0523987121e-05
BPM.22R4.B1 11018.78743 -0.0100096181023 -0.000719853535201 4.32735237956e-05 9.1241866769e-05
BPM.23R4.B1 11072.23595 -0.00991887836749 -0.00152528543663 9.07558931268e-05 -4.42836938324e-05
BPM.24R4.B1 11125.68447 -0.0100274584619 0.00056799295122 -4.69720479768e-05 -8.1259418066e-05
BPM.25R4.B1 11179.13298 -0.0100405912158 -0.000243037448055 -8.07339958139e-05 4.78694798746e-05
BPM.26R4.B1 11232.5815 -0.00987241619724 0.00184606002509 5.02638951628e-05 7.92654212359e-05
BPM.27R4.B1 11286.03001 -0.00998919335022 0.00104333858585 7.87026108817e-05 -5.11406460292e-05
BPM.28R4.B1 11339.47853 -0.00956316319314 0.00309526030767 -5.34651026762e-05 -6.9006374549e-05
BPM.29R4.B1 11392.92705 -0.00978175179119 0.00231345163948 -6.84097167694e-05 5.4226443801e-05
BPM.30R4.B1 11446.37556 -0.00908863322145 0.00429318912063 5.62493138034e-05 6.67563595955e-05
BPM.31R4.B1 11499.82408 -0.00940544883373 0.00354573812634 6.61279483531e-05 -5.69867601345e-05
BPM.32R4.B1 11553.27259 -0.00846481472961 0.00542048320683 -5.89402226823e-05 -6.43929109183e-05
BPM.33R4.B1 11606.72111 -0.00887462290075 0.00471972403983 -6.37358270714e-05 5.96501542667e-05
BPM.34R4.B1 11660.16962 -0.00770184272421 0.00645881918735 6.15307764003e-05 6.19222125678e-05
BPM.33L5.B1 11713.61814 -0.00819794738556 0.00581621743902 6.12355572508e-05 -6.22141695642e-05
BPM.32L5.B1 11767.06666 -0.00681241805937 0.00739091921219 -6.40188364751e-05 -5.93463145802e-05
BPM.31L5.B1 11820.51517 -0.00738662108022 0.00681707823387 -5.8633161326e-05 6.46726317637e-05
BPM.30L5.B1 11873.96369 -0.00581093547448 0.00820169223701 6.63983188059e-05 5.66715093554e-05
BPM.29L5.B1 11927.4122 -0.00645385908108 0.00770599958525 5.59312678905e-05 -6.70230559284e-05
BPM.28L5.B1 11980.86072 -0.00471412642927 0.0088775975711 -6.86668243427e-05 -5.39005069747e-05
BPM.27L5.B1 12034.30924 -0.00541513876461 0.0084682346966 -5.31360523797e-05 6.9260072204e-05
BPM.26L5.B1 12087.75775 -0.00354766228496 0.00940925873502 7.08271961336e-05 5.91701793849e-05
BPM.25L5.B1 12141.20627 -0.00429541684384 0.0090922742904 5.83807696434e-05 -7.14792828e-05
BPM.24L5.B1 12194.65478 -0.00231499877041 0.00978574669248 -7.31943627316e-05 -5.62155445277e-05
BPM.23L5.B1 12248.1033 -0.00309712058279 0.00956702157321 -5.54006103569e-05 7.3813108373e-05
BPM.22L5.B1 12301.55182 -0.00105205477278 0.0100030247255 7.54459485791e-05 6.12974755926e-05
BPM.21L5.B1 12355.00033 -0.00185586367038 0.0098854991224 6.04568756302e-05 -7.61212092195e-05
BPM.20L5.B1 12408.44885 0.000236048267542 0.0100554265999 -7.78963595098e-05 -5.81517837025e-05
BPM.19L5.B1 12461.89736 -0.000576157333475 0.0100416814136 -5.72844060198e-05 7.85364157275e-05
BPM.18L5.B1 12515.34588 0.00152051691748 0.00994260284153 8.02155011945e-05 5.49085086262e-05
BPM.17L5.B1 12568.79439 0.000713189410404 0.0100328801324 5.40156089688e-05 -8.08194631767e-05
BPM.16L5.B1 12622.24291 0.00277975872335 0.00966645045044 -8.23997700147e-05 -5.15727616894e-05
BPM.15L5.B1 12675.69143 0.00199064972701 0.00985924117513 -5.0655639816e-05 8.29667262034e-05
BPM.14L5.B1 12729.13994 0.003993561155 0.00923140250705 8.4445434414e-05 4.81501961028e-05
BPM.13L5.B1 12782.58846 0.00323555919899 0.00952357493665 4.7211010803e-05 -8.49740679513e-05
BPM.12L5.B1 12836.03697 0.00381471341008 0.00930673329014 -9.02250158771e-05 -3.61789732806e-05
BPM.11L5.B1 12889.48549 0.00139836782117 0.00996051656895 -2.50115421658e-05 9.39355875945e-05
BPM.10L5.B1 12942.2662 0.00263784309389 0.00970613758182 9.50721010037e-05 2.02674244574e-05
BPM.9L5.B1 12981.33121 0.00106166871459 0.0100020089202 3.26570265377e-05 -9.15586708115e-05
BPM.8L5.B1 13021.79422 0.00681816347164 0.00739459057816 -9.6080383321e-05 1.47658793007e-05
BPMR.7L5.B1 13060.86023 0.00154469347286 0.00993887543769 6.59244303333e-06 9.69845942324e-05
BPM.6L5.B1 13097.75423 0.00180740302214 0.00989447407355 7.23091200076e-05 6.49681620688e-05
BPMR.5L5.B1 13129.65423 0.00117755225252 0.00998902866102 9.47282766471e-05 2.18180355695e-05
BPMYA.4L5.B1 13157.06023 0.00142297033264 0.0099570316012 9.56043620218e-05 -1.75862923646e-05
BPMWB.4L5.B1 13178.19473 -3.51978043918e-06 0.0100581961881 8.25246598557e-05 -5.137268229e-05
BPMSY.4L5.B1 13270.97473 -0.00082681525781 0.0100241557968 -5.76640518685e-05 -7.82580920051e-05
BPMS.2L5.B1 13297.76023 -0.00181186022899 0.00989365884973 -8.5938229213e-05 -4.54323249286e-05
BPMSW.1L5.B1 13307.81423 -0.00216914302851 0.00982151421071 -9.51961277263e-05 -1.96766278379e-05
BPMSW.1R5.B1 13350.76423 -0.00216903520364 0.00982153802651 4.88518979792e-05 -8.40414413179e-05
BPMS.2R5.B1 13360.81823 -0.00181177682921 0.0098936741202 2.34893471467e-05 -9.43277378663e-05
BPMSY.4R5.B1 13387.60373 -0.000826785427554 0.0100241582569 -1.98263925039e-05 -9.5165047897e-05
BPMWT.A4R5.B1 13478.00823 -0.000158925524355 0.0100569411647 -9.44415962617e-05 2.30272965174e-05
BPMWT.B4R5.B1 13479.99023 -2.96775273343e-05 0.0100581530185 -9.35221794452e-05 2.65155337136e-05
BPMWB.4R5.B1 13480.38373 -3.73427670043e-06 0.0100581961082 -9.33249712074e-05 2.72014972944e-05
BPMYA.4R5.B1 13501.51623 0.00142261702653 0.0099570820879 -7.68847720535e-05 5.94827982799e-05
BPM.5R5.B1 13522.63423 0.0014905869469 0.00994713393224 -5.48414649989e-05 8.02613510084e-05
BPMWT.A6R5.B1 13543.69223 0.000930305384487 0.0100150813673 -2.73809461225e-05 9.32724794667e-05
BPMWT.B6R5.B1 13549.51423 0.00108028453336 0.0100000154111 -1.88904427948e-05 9.5355244043e-05
BPMR.6R5.B1 13554.53423 0.00133950631691 0.00996860299732 -1.08881545834e-05 9.65966859036e-05
BPM_A.7R5.B1 13588.54823 0.00224246108561 0.00980503397194 5.05055349212e-05 8.3058188317e-05
BPM.8R5.B1 13629.98722 0.00486914289399 0.00880106643418 9.25345567159e-05 -2.97796486102e-05
BPM.9R5.B1 13669.05421 0.00465973485651 0.00891370820958 -5.73352827107e-05 -7.84992761462e-05
BPM.10R5.B1 13709.5192 0.00075808731061 0.0100295875559 -6.72838615688e-05 7.01594907592e-05
BPM.11R5.B1 13762.30189 0.00423903006 0.00912129086858 7.9397773209e-05 5.6084455216e-05
BPM.12R5.B1 13817.02837 0.00208028056856 0.00984071926514 5.52573259899e-05 -7.99756210369e-05
BPM.13R5.B1 13870.47986 0.00294795873355 0.00961648908146 -7.65928267361e-05 -5.98582574748e-05
BPM.14R5.B1 13923.93134 0.00216198089505 0.00982309327563 -5.89950945401e-05 7.72596309613e-05
BPM.15R5.B1 13977.38283 0.00415385112717 0.00916039538937 7.8997128357e-05 5.66473790047e-05
BPM.16R5.B1 14030.83431 0.00340093820761 0.00946577742252 5.57590198415e-05 -7.9626652724e-05
BPM.17R5.B1 14084.28579 0.00529149127179 0.00855379699174 -8.1265951917e-05 -5.33415081259e-05
BPM.18R5.B1 14137.73728 0.00458384744261 0.00895296964855 -5.24272809278e-05 8.1858734232e-05
BPM.19R5.B1 14191.18876 0.00634235177344 0.00780652911462 8.33967984491e-05 4.99444236226e-05
BPM.20R5.B1 14244.64025 0.00569157195362 0.00829296880481 4.90073856831e-05 -8.39508650929e-05
BPM.21R5.B1 14298.09173 0.00728884160355 0.00693109739062 -8.53854050427e-05 -4.64629321737e-05
BPM.22R5.B1 14351.54322 0.00670565013855 0.00749677124772 -4.55027860837e-05 8.59009225286e-05
BPM.23R5.B1 14404.9947 0.00811567482568 0.00594164497937 8.72290954176e-05 4.2901713433e-05
BPM.24R5.B1 14458.44618 0.00770395967181 0.00658331041699 4.3364806725e-05 -0.000182216550506
BPM.25R5.B1 14511.89767 0.00890256007327 0.00484101176974 -0.000183437452835 -3.78691994018e-05
BPM.26R5.B1 14565.34915 0.00848281460192 0.0055437196155 -3.58089652573e-05 0.000183850736536
BPM.27R5.B1 14618.80064 0.0094487521512 0.00366224705492 0.000184843252143 3.02712243692e-05
BPM.28R5.B1 14672.25212 0.00921668109067 0.00441895493278 2.96450862741e-05 -0.000279685113947
BPM.29R5.B1 14725.7036 0.00993313890119 0.00240979763246 -0.000280449890238 -2.1223795492e-05
BPM.30R5.B1 14779.15509 0.00970624612075 0.00320361659884 -1.80740588156e-05 0.000280670486717
BPM.31R5.B1 14832.60657 0.0101598108827 0.00111920322381 0.000281086593415 9.63936696554e-06
BPM.32R5.B1 14886.05806 0.01003632866 0.00193558261331 6.49573220435e-06 -0.000281176812122
BPM.33R5.B1 14939.50954 0.0102195104653 -0.00018968093143 -0.000281244997594 1.96090452595e-06
BPM.34R5.B1 14992.96102 0.0102014779854 0.000635782911882 5.11798722883e-06 0.000281205260239
BPM.33L6.B1 15046.41251 0.0101112826379 -0.00149543854815 0.000280924875697 -1.35575181089e-05
BPM.32L6.B1 15099.86399 0.0101989910813 -0.00067450274907 -1.66982444085e-05 -0.00028075569751
BPM.31L6.B1 15153.31548 0.00983687334571 -0.00277674194593 -0.000280126686771 2.51322500155e-05
BPM.30L6.B1 15206.76696 0.0100289099204 -0.0019736612903 2.82747806352e-05 0.000279826960674
BPM.29L6.B1 15260.21845 0.00940088676343 -0.00401219404847 0.000278852064663 -3.66622302297e-05
BPM.28L6.B1 15313.66993 0.00969401383148 -0.00324044269881 -3.97790489632e-05 -0.000278424535952
BPM.27L6.B1 15367.12141 0.0088102790498 -0.00518202239535 -0.000277102602214 4.81325127072e-05
BPM.26L6.B1 15420.5729 0.00929419536638 -0.00444799118019 5.26767416783e-05 0.000182034190621
BPM.25L6.B1 15474.02438 0.0081686122498 -0.00628016456218 0.000180370344581 -5.81190458049e-05
BPM.24L6.B1 15527.47587 0.00864877937918 -0.00560047393397 -6.01347475515e-05 -0.000179708367843
BPM.23L6.B1 15580.92735 0.00729796625997 -0.00727367730546 -0.000177819629007 6.55092578492e-05
BPM.22L6.B1 15634.37883 0.00795564173855 -0.00665491102561 6.89384008498e-05 8.25610322868e-05
BPM.21L6.B1 15687.83032 0.00640110954729 -0.00816124210869 8.04531339598e-05 -7.13871231146e-05
BPM.20L6.B1 15741.2818 0.00703886427829 -0.00761803556132 -7.22839560394e-05 -7.96483303778e-05
BPM.19L6.B1 15794.73329 0.00530439765411 -0.00891310505477 -7.74402815425e-05 7.46446883178e-05
BPM.18L6.B1 15848.18477 0.00600656586936 -0.0084558407416 7.55077201275e-05 7.65990331026e-05
BPM.17L6.B1 15901.63625 0.00412067378097 -0.00951840973015 7.42963070531e-05 -7.77745801062e-05
BPM.16L6.B1 15955.08774 0.00487538210549 -0.00915481979763 -7.86020472486e-05 -7.34203416099e-05
BPM.15L6.B1 16008.53922 0.00286906835111 -0.00996737292333 -7.1025454526e-05 8.0772594761e-05
BPM.14L6.B1 16061.99071 0.00366429475261 -0.00970324791457 8.15633648471e-05 7.01159359177e-05
BPM.13L6.B1 16115.44219 0.00157049096395 -0.0102524940541 6.7634010806e-05 -8.36329364879e-05
BPM.12L6.B1 16168.89367 0.00239263134696 -0.0100923432064 -8.43858909304e-05 -6.66921937378e-05
BPM.11L6.B1 16222.34516 0.000769395777659 -0.0103435055144 -6.13876117739e-05 8.83198077935e-05
BPM.10L6.B1 16274.18585 0.00159141481222 -0.0102492670518 9.20421829476e-05 5.56512691115e-05
BPM.9L6.B1 16313.25284 -0.00312346142107 -0.00989060488612 7.93806843306e-05 -7.2577775012e-05
BPM.8L6.B1 16353.71783 -0.00574610631362 -0.00863494866277 -6.74159490842e-05 -8.38088091905e-05
BPMYA.5L6.B1 16450.80782 -0.0102639870849 -0.00149353451832 -3.33897113324e-05 0.000102244583283
BPMYB.4L6.B1 16487.20782 -0.0102145293215 -0.00180096291643 -1.03433204918e-05 0.000107059998965
BPMSA.B4L6.B1 16519.19832 -0.0103514946474 -0.000653172817221 1.3866023949e-05 0.000106660958796
BPMSA.A4L6.B1 16519.78332 -0.0103529228305 -0.000630130998655 1.43504034645e-05 0.000106596874408
BPMSE.4L6.B1 16616.45832 -0.00992117624987 0.00302495256373 9.35316176487e-05 5.31099209934e-05
BPMSA.4R6.B1 16708.02832 -0.0100867322804 0.00241617633798 9.35420485743e-05 -5.30915477667e-05
BPMSB.A4R6.B1 16804.83832 -0.0101255337665 -0.00224803071813 4.24759654648e-06 -0.000107474578138
BPMSB.B4R6.B1 16805.47332 -0.010119609622 -0.00227454990701 3.6844796489e-06 -0.000107495358011
BPMYA.4R6.B1 16830.80782 -0.00985969239757 -0.00321971147807 -1.67926658619e-05 -0.000106239509254
BPMYB.5R6.B1 16867.20782 -0.00985946270159 -0.00322041470932 -4.00151539561e-05 -9.98379282142e-05
BPM.8R6.B1 16962.93481 -0.00662680618823 -0.00797906735926 -6.97009032113e-05 8.19183200372e-05
BPM.9R6.B1 17002.0018 -0.00509577833172 -0.00903399797553 0.000101822220039 3.46563487178e-05
BPM.10R6.B1 17042.46678 -0.00967123739133 -0.00374796525925 3.83629325958e-05 -0.0001004843909
BPM.11R6.B1 17094.30747 -0.0096323411867 -0.00384682719001 -8.79725791805e-05 -6.18841864401e-05
BPM.12R6.B1 17149.03396 -0.00985496525398 -0.00323415151459 -6.61658925319e-05 8.47991887233e-05
BPM.13R6.B1 17202.48544 -0.00954188560495 -0.00406601712776 8.57715837526e-05 6.49004057198e-05
BPM.14R6.B1 17255.93693 -0.0101780227543 -0.00199697995539 6.22933826526e-05 -8.76833102996e-05
BPM.15R6.B1 17309.38841 -0.00998364322166 -0.00281192890762 -8.83755529925e-05 -6.13073314718e-05
BPM.16R6.B1 17362.83989 -0.0103498646254 -0.000678511874843 -5.86255133036e-05 9.01769077446e-05
BPM.17R6.B1 17416.29138 -0.0102613331679 -0.00151166061343 9.08282872389e-05 5.76111952158e-05
BPM.18R6.B1 17469.74286 -0.0103516265435 0.00065107919701 5.48554198807e-05 -9.25186915756e-05
BPM.19R6.B1 17523.19435 -0.010370403862 -0.00018654727646 -9.31272943253e-05 -5.38157435931e-05
BPM.20R6.B1 17576.64583 -0.0101832829497 0.00196998084072 -5.09945533817e-05 9.47015412486e-05
BPM.21R6.B1 17630.09731 -0.0103090582691 0.00114166272354 9.5267130172e-05 4.99299617212e-05
BPM.22R6.B1 17683.5488 -0.0098475979843 0.00325651502605 4.70443343739e-05 -9.67246560425e-05
BPM.23R6.B1 17737.00028 -0.0100783160793 0.00245104491557 -9.7245487627e-05 -4.59580520886e-05
BPM.24R6.B1 17790.45177 -0.00929132406512 0.00447827786213 -4.30815411926e-05 3.87655123716e-05
BPM.25R6.B1 17843.90325 -0.00962245172525 0.00371377142808 3.9245741061e-05 4.26445321171e-05
BPM.26R6.B1 17897.35474 -0.0086420827617 0.00563010488143 4.14460370353e-05 -4.05093881974e-05
BPM.27R6.B1 17950.80622 -0.00906831669098 0.00491419452394 -4.09712368953e-05 -4.09895481353e-05
BPM.28R6.B1 18004.2577 -0.00779209309661 0.00667813160022 -3.9805770884e-05 -1.76315870777e-05
BPM.29R6.B1 18057.70919 -0.00830567187105 0.00602743487663 -1.71846745774e-05 4.00007391867e-05
BPM.30R6.B1 18111.16067 -0.00687373932074 0.00762009607728 4.04989786957e-05 1.59751431287e-05
BPM.31R6.B1 18164.61216 -0.00746634766092 0.0070404409662 1.5520222129e-05 -4.06754846737e-05
BPM.32R6.B1 18218.06364 -0.00584247392124 0.00843680359596 -4.11233990415e-05 -1.42912061715e-05
BPM.33R6.B1 18271.51512 -0.00650435608038 0.00793772689985 -1.38297226567e-05 4.12808743912e-05
BPM.34R6.B1 18324.96661 -0.00471514249226 0.00911491018678 4.1677745664e-05 1.25832352196e-05
BPM.33L7.B1 18378.41809 -0.00543544552858 0.00870460156207 1.21153418863e-05 -4.18161518111e-05
BPM.32L7.B1 18431.86958 -0.00351040159894 0.00964319641259 -4.21612537383e-05 -1.08536112348e-05
BPM.31L7.B1 18485.32106 -0.00427725802878 0.00932840930777 -1.03806796957e-05 4.22801842768e-05
BPM.30L7.B1 18538.77254 -0.00224788679852 0.0100130495543 4.25729723916e-05 9.1057222342e-06
BPM.29L7.B1 18592.22403 -0.00304873416701 0.00979894772004 8.62805018442e-06 -4.26723433717e-05
BPM.28L7.B1 18645.67551 -0.000948534540286 0.0102183383513 -4.29122927229e-05 -7.34217559559e-06
BPM.27L7.B1 18699.127 -0.00177016491888 0.0101084456079 -6.86101002862e-06 4.29918471635e-05
BPM.26L7.B1 18752.57848 0.00042522135981 0.0102444999544 4.31127827141e-05 -5.42492860142e-05
BPM.25L7.B1 18806.02997 -0.0004030826196 0.0102453949147 -5.47289869396e-05 -4.25021813678e-05
BPM.24L7.B1 18859.48145 0.0017322146497 0.0101059400806 -4.08387438192e-05 5.59812005595e-05
BPM.23L7.B1 18912.93293 0.000910962075544 0.0102127734072 5.64351759508e-05 4.02090673912e-05
BPM.22L7.B1 18966.38442 0.00306956531324 0.00979009012167 3.84299595005e-05 -0.000117433244493
BPM.21L7.B1 19019.8359 0.00226926552159 0.0100059247339 -0.000117856560743 -3.71114386302e-05
BPM.20L7.B1 19073.28739 0.00429671086798 0.00931699369779 -3.35534457527e-05 0.000118918436457
BPM.19L7.B1 19126.73887 0.00353080431448 0.00963335438397 0.000119286774397 3.22194709203e-05
BPM.18L7.B1 19180.19035 0.00545334016735 0.00869075237277 2.86217258287e-05 -0.000120200767021
BPM.17L7.B1 19233.64184 0.00473401460313 0.00910259312021 -0.00012051404065 -2.72726014394e-05
BPM.16L7.B1 19287.09332 0.00652028253698 0.00792174294901 -2.36389413912e-05 0.00012127913919
BPM.15L7.B1 19340.54481 0.00585970846629 0.00842210855279 0.000121536246177 2.22793496634e-05
BPM.14L7.B1 19393.99629 0.00748013578203 0.00702251126757 1.86187477414e-05 -0.000122150612251
BPM.13L7.B1 19447.44777 0.00688887270095 0.0076033892928 -0.00012235166459 -1.72481854424e-05
BPM.12L7.B1 19500.89926 0.00831105058315 0.00601618932918 -1.34900239509e-05 0.000122822822842
BPM.11L7.B1 19554.35074 0.00773674176483 0.00673876269061 0.000122916497117 1.26080946922e-05
BPM.10L7.B1 19607.13343 0.00956074144633 0.00372294490206 2.28041320965e-05 -0.000121438869784
BPM.9L7.B1 19646.20042 0.00986821097439 0.0028082927103 -9.46828953233e-05 -7.93887724126e-05
BPM.8L7.B1 19686.66541 0.00895660925388 -0.0050047224146 -8.32381874594e-05 9.13172085317e-05
BPM.7L7.B1 19725.7314 0.00860687299436 -0.00558478585277 3.01162083511e-05 0.000119835059093
BPM.6L7.B1 19760.5494 0.0092170562648 -0.00450710212966 0.000100679903932 7.16308942115e-05
BPMWC.6L7.B1 19772.6519 0.00996396631822 -0.00244693091947 0.000117694268428 3.76229508291e-05
BPMWE.5L7.B1 19849.7059 0.00740458989442 -0.00710212252386 3.37031353419e-06 -0.00012351546713
BPMW.5L7.B1 19872.9109 0.00271707257293 -0.00989371580429 -7.52257093906e-05 -9.80230655555e-05
BPMWE.4L7.B1 19907.9959 0.00226073266394 -0.0100078560941 -0.000111952290169 -5.22887621702e-05
BPMW.4L7.B1 19936.1009 0.0056555115176 -0.00856056570589 -0.000123044228848 1.12936145918e-05
BPMW.4R7.B1 20052.1479 0.00350844007956 -0.00964152187188 7.46764753275e-05 9.84421256304e-05
BPMWE.4R7.B1 20080.2529 -0.000555853042639 -0.0102449559843 0.000115297418982 4.4428998386e-05
BPMW.5R7.B1 20115.3379 -0.000572763232213 -0.010244024506 0.000123437477675 -5.53316428587e-06
BPMWE.5R7.B1 20138.5429 0.00267250385045 -0.00990584771743 0.000108727028435 -5.87014462926e-05
BPMR.6R7.B1 20217.7584 0.00710234933907 -0.00740437233874 -6.87361066943e-05 -0.000102678015399
BPM_A.7R7.B1 20255.7944 0.00547863028798 -0.00867483175288 -0.000122423858267 -1.67280277304e-05
BPM.8R7.B1 20294.86039 0.00173935125887 -0.0101115158602 -6.29435403582e-05 0.000106327508662
BPM.9R7.B1 20333.92738 -0.00491227123996 -0.00900764603392 9.49448143548e-05 7.90753431968e-05
BPM.10R7.B1 20374.39237 -0.00672306728857 -0.00775038463899 0.00011255622094 -5.09757392965e-05
BPM.11R7.B1 20427.17506 -0.00775570512098 -0.00671692890927 -4.06896601081e-05 -0.000116669525561
BPM.12R7.B1 20481.90154 -0.00741528210234 -0.00709095812396 -0.000115597439951 4.36424057796e-05
BPM.13R7.B1 20535.35303 -0.00882481061166 -0.00523362334562 4.8725641119e-05 0.000113548401395
BPM.14R7.B1 20588.80451 -0.00837359998066 -0.00592882105562 0.000112994927341 -4.99957366259e-05
BPM.15R7.B1 20642.25599 -0.00942184284804 -0.00406164660143 -5.33683172639e-05 -0.000111441698235
BPM.16R7.B1 20695.70748 -0.00906329785255 -0.00480881771426 -0.000110837378742 5.46123064641e-05
BPM.17R7.B1 20749.15896 -0.00986401975295 -0.00282297894082 5.79172186441e-05 0.000109146803593
BPM.18R7.B1 20802.61045 -0.00960398091839 -0.00360993716251 0.000108490344745 -5.91377605013e-05
BPM.19R7.B1 20856.06193 -0.0101441080102 -0.00153791041819 -6.23708009329e-05 -0.000106664486482
BPM.20R7.B1 20909.51341 -0.00998689109209 -0.00235161691042 -0.000105959768193 6.35606366751e-05
BPM.21R7.B1 20962.9649 -0.0102575002638 -0.000227561332435 6.67150663271e-05 0.000104002540098
BPM.22R7.B1 21016.41638 -0.0102056661241 -0.00105473918185 0.000103247680065 -6.78774318662e-05
BPM.23R7.B1 21069.86787 -0.0102023342385 0.00108649521377 -7.09489112412e-05 -0.000101161653499
BPM.24R7.B1 21123.31935 -0.0102382731634 0.000260685875754 -0.000100079007246 5.35815284096e-05
BPM.25R7.B1 21176.77083 -0.00996120073336 0.00238005765314 5.65637457827e-05 9.8424240841e-05
BPM.26R7.B1 21230.22232 -0.0101208025692 0.00156829519045 9.77836860382e-05 -5.76640205221e-05
BPM.27R7.B1 21283.6738 -0.00957489735914 0.00363476754058 -6.0575990964e-05 -9.60069633296e-05
BPM.28R7.B1 21337.12529 -0.00981855837212 0.00285127216164 -9.50406646121e-05 4.31518235604e-05
BPM.29R7.B1 21390.57677 -0.00901291595541 0.00482713034782 4.5987338946e-05 9.37015112886e-05
BPM.30R7.B1 21444.02826 -0.00937311726347 0.00408393367565 9.3179960988e-05 -4.70351126235e-05
BPM.31R7.B1 21497.47974 -0.00832137155563 0.00594042227741 -4.98136146138e-05 -9.17246506509e-05
BPM.32R7.B1 21550.93122 -0.00877368516877 0.00524940854006 -9.11612114949e-05 5.08374087223e-05
BPM.33R7.B1 21604.38271 -0.00749302128549 0.0069561823925 5.35530157121e-05 8.9592870204e-05
BPM.34R7.B1 21657.83419 -0.00803001789797 0.00632871661793 8.89868178753e-05 -5.45541353921e-05
BPM.33L8.B1 21711.28568 -0.00654162515457 0.00785754298673 -5.72031587387e-05 -8.73075404285e-05
BPM.32L8.B1 21764.73716 -0.0071544815129 0.00730391920211 -8.66615593355e-05 5.81771599434e-05
BPM.31L8.B1 21818.18864 -0.00548262220944 0.00862987225644 6.0754369033e-05 8.48746966645e-05
BPM.30L8.B1 21871.64013 -0.00616126251828 0.00815920863804 8.41883106522e-05 -6.17019980952e-05
BPM.29L8.B1 21925.09161 -0.00433365941576 0.00926030439581 -6.42035432238e-05 -8.22964950127e-05
BPM.28L8.B1 21978.5431 -0.00506693872196 0.00888031380997 -8.157231184e-05 6.51211563249e-05
BPM.27L8.B1 22031.99458 -0.00311332361482 0.00973863735348 6.75424026795e-05 7.95790883524e-05
BPM.26L8.B1 22085.44606 -0.00387073708926 0.00945674279683 7.90988523973e-05 -8.69250996254e-05
BPM.25L8.B1 22138.89755 -0.00182373623566 0.0100541820166 -8.92622572033e-05 -7.64516312166e-05
BPM.24L8.B1 22192.34903 -0.00262926188563 0.00987418714763 -7.54470040975e-05 9.01129929324e-05
BPM.23L8.B1 22245.80052 -0.000522418010772 0.0102048845808 9.2338996937e-05 7.27056474828e-05
BPM.22L8.B1 22299.252 -0.00132593820798 0.0101305870513 7.19482280785e-05 -0.000111642934466
BPM.21L8.B1 22352.70349 0.000805484176593 0.0101851902959 -0.000113754102162 -6.85616300694e-05
BPM.20L8.B1 22406.15497 -1.91714266634e-05 0.0102169730634 -6.72828370731e-05 0.000114515116939
BPM.19L8.B1 22459.60645 0.00210199169252 0.00999842672498 0.000116484797372 6.3812088083e-05
BPM.18L8.B1 22513.05794 0.00128810645481 0.0101354668308 6.25031710747e-05 -0.000117192347044
BPM.17L8.B1 22566.50942 0.00336362819332 0.0096474303034 -0.000119017312026 -5.89539795263e-05
BPM.16L8.B1 22619.96091 0.00257403327842 0.00988742933252 -5.76164458543e-05 0.000119670537857
BPM.15L8.B1 22673.41239 0.00457030280909 0.00913779176941 0.00012134742546 5.39953363542e-05
BPM.14L8.B1 22726.86387 0.00381782805338 0.00947687158666 5.26329213084e-05 -0.000121944527519
BPM.13L8.B1 22780.31536 0.00570159042843 0.00847813497999 -0.000123470873862 -4.89452295921e-05
BPM.12L8.B1 22833.76684 0.00513327924241 0.00883381856031 -4.63437418024e-05 0.000124470676539
BPM.11L8.B1 22887.21833 0.00644548131191 0.00792733730638 0.000127957775151 3.56019598302e-05
BPM.10L8.B1 22939.05902 0.00525809459411 0.00876009973463 2.90443874583e-05 -0.000129603687935
BPM.9L8.B1 22978.126 0.00798818654838 0.0063699122383 -0.000115803975399 -6.50394612296e-05
BPM.8L8.B1 23018.59099 0.00803250681112 0.0063139322502 -5.86454971117e-05 0.000119169613654
BPM.7L8.B1 23057.65898 0.0101726001982 -0.000951373385457 0.000119377996365 5.82201512452e-05
BPMR.6L8.B1 23090.12798 0.00797282732369 -0.00638912596015 0.000114202196611 -6.78126129186e-05
BPM.5L8.B1 23150.54698 0.00289437949493 -0.00979844240252 -0.000100244881307 -8.71301051417e-05
BPMYB.4L8.B1 23171.31398 0.0045026527199 -0.0091713153137 -0.000132099910882 -1.37951396049e-05
BPMWB.4L8.B1 23195.70548 0.00269122280933 -0.00985617704419 -9.01030673893e-05 9.75813972851e-05
BPMSX.4L8.B1 23245.93848 0.00723756691812 -0.00721141672479 0.000119638231325 5.76834882784e-05
BPMS.2L8.B1 23283.84998 0.00724656672155 -0.00720237300271 0.000128716414763 -3.27532328936e-05
BPMSW.1L8.B1 23293.78398 0.00697098361359 -0.00746942392183 0.000115893072135 -6.4880583963e-05
BPMSW.1R8.B1 23336.97398 0.00697096355997 -0.00746944263683 4.51044701428e-05 0.000124925098988
BPMS.2R8.B1 23346.90798 0.00724655324027 -0.00720238657008 7.58340368954e-05 0.000109040771188
BPMSX.4R8.B1 23384.81948 0.00723757247249 -0.00721141115647 0.000128192958215 3.4745617465e-05
BPMWB.4R8.B1 23434.97648 0.00269030265844 -0.00985642824246 -3.77745269718e-06 -0.000132764539742
BPMYB.4R8.B1 23459.44398 0.00447606730162 -0.00918431966 -0.00010883450907 -7.61297788255e-05
BPMYB.5R8.B1 23480.02098 0.00218781766477 -0.00997999799141 -0.000132710433373 5.35119377815e-06
BPM.6R8.B1 23564.12898 0.00466455284051 -0.00909004140764 8.36817837047e-05 0.000103140918882
BPM_A.7R8.B1 23586.36898 0.00617664862379 -0.00813854518267 0.000118519309079 5.99488344036e-05
BPM.8R8.B1 23627.80599 0.00929895587495 -0.00423276809667 9.21839924998e-05 -9.56180106166e-05
BPM.9R8.B1 23666.871 0.0101456813154 -0.00120501316194 -0.000129205385467 -3.07678496018e-05
BPM.10R8.B1 23707.33402 0.00769166138788 -0.00672497220891 1.7920991073e-05 0.000131603684245
BPM.11R8.B1 23759.17273 0.00989178355167 -0.00255724937263 0.000127730458249 -3.64091001297e-05
BPM.12R8.B1 23813.89624 0.0096836487672 -0.00325789083215 -3.90046995817e-05 -0.000126961904846
BPM.13R8.B1 23867.34476 0.0100557653228 -0.00180789654457 -0.000124369140061 4.6615552717e-05
BPM.14R8.B1 23920.79327 0.00946167654371 -0.00385533177648 5.03161142711e-05 0.000122918594707
BPM.15R8.B1 23974.24179 0.00974193593775 -0.00307921911307 0.000122353659097 -5.16747090616e-05
BPM.16R8.B1 24027.69031 0.00889074692432 -0.0050340366765 -5.53125550781e-05 -0.000120752697089
BPM.17R8.B1 24081.13882 0.00926798578504 -0.00430015646423 -0.000120131217325 5.66496445327e-05
BPM.18R8.B1 24134.58734 0.00817379211781 -0.00612992891359 6.02197622528e-05 0.000118381887579
BPM.19R8.B1 24188.03585 0.00864181146647 -0.00545032116097 0.000117707449935 -6.15276285957e-05
BPM.20R8.B1 24241.48437 0.00732245059615 -0.00712521041034 -6.5022216816e-05 -0.000115813659731
BPM.21R8.B1 24294.93289 0.0078735538215 -0.00651107182035 -0.000115084809154 6.63036967896e-05
BPM.22R8.B1 24348.3814 0.00635090873868 -0.00800330333653 6.97182724965e-05 0.000113048903252
BPM.23R8.B1 24401.82992 0.00697605431184 -0.00746468836673 0.000112269402439 -7.09667101573e-05
BPM.24R8.B1 24455.27843 0.00504168669159 -0.00870533740221 -7.40596446138e-05 0.000127394323211
BPM.25R8.B1 24508.72695 0.00572786991713 -0.00827000665844 0.000128207618095 7.26426315545e-05
BPM.26R8.B1 24562.17546 0.00388677873235 -0.00927870977392 6.87742190979e-05 -0.000130323642334
BPM.27R8.B1 24615.62398 0.00462273792247 -0.00893486418872 -0.000131078458129 -6.7324453695e-05
BPM.28R8.B1 24669.0725 0.00243470950655 -0.0096550794822 -6.31343551644e-05 0.000370517352721
BPM.29R8.B1 24722.52101 0.00320623437153 -0.00942700542794 0.000371194320228 5.90239854654e-05
BPM.30R8.B1 24775.96953 0.0011797149055 -0.0098871959082 4.78911015027e-05 -0.000372794175342
BPM.31R8.B1 24829.41804 0.00197341426421 -0.00975981589432 -0.000373302512548 -4.37525864668e-05
BPM.32R8.B1 24882.86656 -9.47985809784e-05 -0.00995687618885 -3.25615084428e-05 0.000374444660408
BPM.33R8.B1 24936.31508 0.000709341607118 -0.00993202923282 0.000374782732612 2.84070404519e-05
BPM.34R8.B1 24989.76359 -0.00136766845947 -0.00986295357148 1.71770000695e-05 -0.000375465053234
BPM.33L1.B1 25043.21211 -0.000567605072147 -0.00994113648874 -0.000375632403311 -1.30134945595e-05
BPM.32L1.B1 25096.66062 -0.00261810040214 -0.00960697249308 -1.76970010535e-06 0.0003758535911
BPM.31L1.B1 25150.10914 -0.0018340014153 -0.00978697139153 0.000375850089608 -2.40148353694e-06
BPM.30L1.B1 25203.55766 -0.00382553019145 -0.00919313271058 -1.36525827909e-05 -0.000375609718714
BPM.29L1.B1 25257.00617 -0.00307145098923 -0.00947177697296 -0.000375435432748 1.78126432458e-05
BPM.28L1.B1 25310.45469 -0.00497004479237 -0.00862826894351 2.9034241973e-05 0.000374734667063
BPM.27L1.B1 25363.9032 -0.00425732209848 -0.00900130983568 0.000374389090554 -3.31943375647e-05
BPM.26L1.B1 25417.35172 -0.0062661510675 -0.0078771751569 -4.41509682202e-05 -0.000135745587227
BPM.25L1.B1 25470.80023 -0.00561009753313 -0.00835711333726 -0.000135247999632 4.56525097788e-05
BPM.24L1.B1 25524.24875 -0.00722226560906 -0.00701094979688 4.9678722244e-05 0.000133821504927
BPM.23L1.B1 25577.69727 -0.00663289797402 -0.00757094459856 0.00013326182715 -5.11610827525e-05
BPM.22L1.B1 25631.14578 -0.00829305681367 -0.0059850377343 -5.48940995368e-05 0.000105817697936
BPM.21L1.B1 25684.5943 -0.00778297581178 -0.00663481390502 0.000106420163823 5.37168208233e-05
BPM.20L1.B1 25738.04281 -0.008990496996 -0.0048750827443 5.05068729369e-05 -0.000107980576971
BPM.19L1.B1 25791.49133 -0.00856780248048 -0.00558464221776 -0.0001085338286 -4.93067518622e-05
BPM.18L1.B1 25844.93985 -0.00954027379825 -0.00368492114691 -4.60379563606e-05 0.000109960241785
BPM.17L1.B1 25898.38836 -0.00921177013671 -0.00444283231587 0.000110464244845 4.48151652927e-05
BPM.16L1.B1 25951.83688 -0.0099332592556 -0.00243430249102 4.14880219916e-05 -0.000111756388642
BPM.15L1.B1 26005.28539 -0.00970443117982 -0.00322792247307 -0.000112209412183 -4.02466911966e-05
BPM.14L1.B1 26058.73391 -0.0101630514953 -0.00114361371984 -3.68720672355e-05 0.000113363123582
BPM.13L1.B1 26112.18243 -0.0100376139914 -0.00196004422706 0.000113765252344 3.56120115599e-05
BPM.12L1.B1 26165.63094 -0.0101391087723 -0.0013393809697 2.1058854537e-05 -0.000117334018876
BPM.11L1.B1 26219.07946 -0.00949436003351 -0.0038016569559 -0.000119018853314 -6.72763374937e-06
BPM.10L1.B1 26271.86017 -0.00989650344447 -0.00257966811569 -7.49131148049e-07 0.000119206483214
BPM.9L1.B1 26310.92518 -0.00936071088742 -0.00411977666019 0.000118061500741 1.64993715502e-05
BPM.8L1.B1 26351.38819 -0.00997049829866 0.00227697864527 -4.15762636905e-05 -0.000111723603929
BPMR.7L1.B1 26390.4542 -0.00954923139255 -0.00366164551036 -0.000114838145197 3.19835672212e-05
BPM.6L1.B1 26433.6382 -0.00947182285836 -0.00385746546112 -4.79958347587e-05 0.000109119876717
BPMR.5L1.B1 26465.5382 -0.00952923212042 -0.00371338164126 8.67035704809e-06 0.000118893109206
BPMYA.4L1.B1 26486.6562 -0.00950363616601 -0.00377840807602 4.48472971887e-05 0.000110451205034
BPMWB.4L1.B1 26507.7887 -0.00887177272409 -0.00508793836418 8.21741977505e-05 8.63605765572e-05
BPMSY.4L1.B1 26600.5687 -0.00842558195295 -0.00579698514774 7.96745633832e-05 -8.86719292549e-05
BPMS.2L1.B1 26627.3542 -0.00781250390252 -0.00660001900039 3.32359211489e-05 -0.000114481968813
BPMSW.1L1.B1 26637.4082 -0.0075682531039 -0.00687873628925 7.10599342804e-09 -0.00011920884453
