BPMSW.1R1.B1 21.475 0.00918704857649 0.00351730229504 -0.000142550203227 7.82136141434e-06
BPMS.2R1.B1 31.529 0.00930845617001 0.00318212520329 -0.000134719846803 4.72471562758e-05
BPMSY.4R1.B1 58.3145 0.00957701024162 0.00224814410984 -0.000100812041278 0.000101087411325
BPMWB.4R1.B1 151.0945 0.0097288703633 0.00145683167768 0.000108655242891 9.26054561809e-05
BPMYA.4R1.B1 172.227 0.00983714229381 6.25180232002e-05 0.000135016675582 4.6392107388e-05
BPM.5R1.B1 199.635 0.00983262779433 0.000304479636701 0.000142337697154 -1.10323848575e-05
BPMR.6R1.B1 231.535 0.00983218760577 -0.000318377143356 0.000119185939925 -7.85903599623e-05
BPM_A.7R1.B1 259.259 0.00980852503952 -0.000752405234526 6.12112343628e-05 -0.000128976419414
BPM.8R1.B1 300.6979894 0.00921691066722 -0.00343828952607 -0.000111181101652 -8.95572160918e-05
BPM.9R1.B1 339.7649788 0.00929558931811 -0.00321951803014 -5.01044094803e-05 0.000133683511565
BPM.10R1.B1 380.2299682 0.00981126432161 0.000715799910027 0.000140377588001 2.59974172575e-05
BPM.11R1.B1 433.0126576 0.009435625887 -0.00278248831728 4.80255167016e-06 -0.000142683807425
BPM.12R1.B1 487.7391417 0.00981961017567 -0.000590366963787 -0.000142726004839 -3.31941945942e-06
BPM.13R1.B1 541.1906258 0.00972807044755 -0.00146216362738 -1.16933190261e-05 0.000142284914795
BPM.14R1.B1 594.6421099 0.00981436043603 -0.000672016640898 0.000142407041396 1.00978892484e-05
BPM.15R1.B1 648.093594 0.00946114431134 -0.00269444343345 5.81659081992e-06 -0.000142646063119
BPM.16R1.B1 701.5450781 0.00964774725173 -0.00192204320012 -0.000142702324247 -4.2165441666e-06
BPM.17R1.B1 754.9965622 0.00903872162179 -0.00388262649935 7.41433655983e-08 0.000142764585358
BPM.18R1.B1 808.4480463 0.00932261466457 -0.00314040330011 0.000142754808499 -1.67221569452e-06
BPM.19R1.B1 861.8995304 0.00846775576417 -0.00500703399419 -5.9589134391e-06 -0.000142640189047
BPM.20R1.B1 915.3510145 0.00884423883476 -0.00430728644944 -0.000142564396469 7.55808805687e-06
BPM.21R1.B1 968.8024986 0.00775766046161 -0.00604913062251 1.18390132658e-05 0.000142272869883
BPM.22R1.B1 1022.253983 0.00822061227546 -0.00540322227638 0.000142131426591 -1.34309695721e-05
BPM.23R1.B1 1075.705467 0.00692005532047 -0.00699186037077 -1.76939656699e-05 -0.000141663884359
BPM.24R1.B1 1129.156951 0.00737126500801 -0.00641622562933 -0.000142837081358 0.000109966579782
BPM.25R1.B1 1182.608435 0.00587911608775 -0.00780637516284 0.000114208347784 0.000139468755587
BPM.26R1.B1 1236.059919 0.00649000283013 -0.00730639188414 0.000138181848897 -0.000115762066904
BPM.27R1.B1 1289.511403 0.00483202869553 -0.00849440979865 -0.000119861267609 -0.000134641583354
BPM.28R1.B1 1342.962887 0.00541138709273 -0.00808236468795 -0.000134669111338 0.000212047728112
BPM.29R1.B1 1396.414371 0.00361620474895 -0.00902944031923 0.000215997321546 0.000128238706934
BPM.30R1.B1 1449.865855 0.00433312387574 -0.00870814370111 0.000125813125501 -0.000217419101685
BPM.31R1.B1 1503.31734 0.00243107438736 -0.00941794067562 -0.000221101332718 -0.000119223358731
BPM.32R1.B1 1556.768824 0.00318335838721 -0.0091909715805 -0.000116736826382 0.000222424194502
BPM.33R1.B1 1610.220308 0.00120662822102 -0.00965151685455 0.000225830550007 0.000110002599835
BPM.34R1.B1 1663.671792 0.00198159034642 -0.00952265871164 0.00010746660648 -0.000227048314687
BPM.33L2.B1 1717.123276 -3.83229275892e-05 -0.00972657496721 -0.000230174760188 -0.000100596164752
BPM.32L2.B1 1770.57476 0.000746951847832 -0.00969792721029 -9.80106036306e-05 0.000231287547962
BPM.31L2.B1 1824.026244 -0.00128194607521 -0.00964180188216 0.000234127580304 9.10180381598e-05
BPM.30L2.B1 1877.477728 -0.000499667725142 -0.00971380777175 8.83887710387e-05 -0.000235132798903
BPM.29L2.B1 1930.929212 -0.00250519946347 -0.00939849482164 -0.000237682139942 -8.12847370596e-05
BPM.28L2.B1 1984.380696 -0.0017383449297 -0.00957005152299 -7.86177789412e-05 0.000238577562757
BPM.27L2.B1 2037.83218 -0.00368661516474 -0.00900092205851 0.000240831956337 7.14141080954e-05
BPM.26L2.B1 2091.283665 -0.00303867926951 -0.00927482165874 6.73283797336e-05 -0.000150933818037
BPM.25L2.B1 2144.735149 -0.00489770058906 -0.00844206239425 -0.000152888337464 -6.27637039448e-05
BPM.24L2.B1 2198.186633 -0.00420029749203 -0.00880984616623 -6.10478935831e-05 0.000153581514295
BPM.23L2.B1 2251.638117 -0.00593726809364 -0.00774627239543 0.000155346446545 5.64057482465e-05
BPM.22L2.B1 2305.089601 -0.00538321138269 -0.00820594035779 5.32792355813e-05 -6.5284848374e-05
BPM.21L2.B1 2358.541085 -0.00696924141546 -0.00690985499425 -6.68560427905e-05 -5.12938357856e-05
BPM.20L2.B1 2411.992569 -0.0063887953458 -0.00744981315099 -5.05419415185e-05 6.74262571586e-05
BPM.19L2.B1 2465.444053 -0.00779589081684 -0.00596158605243 6.89143153341e-05 4.84933586566e-05
BPM.18L2.B1 2518.895537 -0.00728929046041 -0.00657135195457 4.77177477783e-05 -6.945361517e-05
BPM.17L2.B1 2572.347021 -0.00849451565949 -0.00491524420891 -7.0855807813e-05 -4.56096787436e-05
BPM.16L2.B1 2625.798506 -0.00807008221163 -0.00558481826953 -4.48134603022e-05 7.13620472876e-05
BPM.15L2.B1 2679.24999 -0.00905349184714 -0.00378823275215 7.26762534702e-05 4.26491502192e-05
BPM.14L2.B1 2732.701474 -0.00871820194997 -0.00450659258257 4.18316309941e-05 -7.31498616528e-05
BPM.13L2.B1 2786.152958 -0.00946373269083 -0.00259888159463 -7.43735195377e-05 -3.9615248602e-05
BPM.12L2.B1 2839.604442 -0.00872056931382 -0.00450200986178 -4.43510132e-05 7.16503753066e-05
BPM.11L2.B1 2893.055926 -0.00877630859752 -0.00439236034064 6.80849917023e-05 4.9651001207e-05
BPM.10L2.B1 2944.896615 -0.00868328076251 -0.00457351693477 4.59000175943e-05 -7.06680696937e-05
BPM.9L2.B1 2983.963605 -0.0097695273058 0.000934215252921 -5.52326987133e-05 -6.36406852893e-05
BPM.8L2.B1 3024.428594 -0.00956040541149 0.00221699577774 -8.23291123467e-05 1.79639773902e-05
BPM.7L2.B1 3063.496584 -0.00717138249984 0.00669982798198 -2.4466896656e-05 8.06359680296e-05
BPMR.6L2.B1 3095.602584 -0.00322449439546 0.00926925335945 4.09656774273e-05 7.36383145401e-05
BPMYB.5L2.B1 3167.801584 -0.00532028782808 0.00824687573027 4.37364644571e-05 -7.20271500106e-05
BPMYB.4L2.B1 3188.371584 -0.00777956734048 0.00598287171847 -1.51321651233e-05 -8.28963568055e-05
BPMWI.4L2.B1 3212.839084 -0.00655725060871 0.00730197825246 -7.55515184111e-05 -3.73196488189e-05
BPMSX.4L2.B1 3262.996084 -0.0093210880614 0.00307143928714 -1.38978186685e-05 8.31122046901e-05
BPMS.2L2.B1 3300.907584 -0.00932491366029 0.00305980503488 4.27997709408e-05 7.25876848536e-05
BPMSW.1L2.B1 3310.841584 -0.00920343167837 0.00340782445539 6.00924857314e-05 5.90735219315e-05
BPMSW.1R2.B1 3354.031584 -0.00920344085222 0.00340779964016 -6.80860563222e-05 4.96495390198e-05
BPMS.2R2.B1 3363.965584 -0.00932491898698 0.00305978881753 -5.29559005421e-05 6.55473867617e-05
BPMSX.4R2.B1 3401.877084 -0.00932108862 0.00307143758474 1.59248646633e-06 8.42511243456e-05
BPMWB.4R2.B1 3452.110084 -0.00655840078287 0.00730094522037 8.01143549224e-05 -2.61242843312e-05
BPMYB.4R2.B1 3476.501584 -0.00779853287925 0.00595812948777 2.70547513259e-05 -7.98049360829e-05
BPMR.5R2.B1 3506.035584 -0.00397838735369 0.00897155817065 -5.27327155745e-05 -6.57270795912e-05
BPM.6R2.B1 3579.331584 -0.00812020708982 0.00551168385074 -4.26666176416e-05 7.26660106549e-05
BPM_A.7R2.B1 3592.206584 -0.00883437813938 0.00427436368756 -2.12738436422e-05 8.15365730336e-05
BPM.8R2.B1 3633.643594 -0.0097344443011 0.00124780450044 6.11674174134e-05 5.79597698914e-05
BPM.9R2.B1 3672.708605 -0.00901717378385 0.00387388679464 5.2722426547e-05 -6.57353309653e-05
BPM.10R2.B1 3713.171615 -0.00540004908066 0.0081948698498 -7.29972971831e-05 -4.20972899562e-05
BPM.11R2.B1 3765.010326 -0.00662510958478 0.0072404657915 -4.78919071487e-05 6.93336313442e-05
BPM.12R2.B1 3819.733842 -0.00622198400661 0.00758968622396 7.15431704011e-05 4.45237319987e-05
BPM.13R2.B1 3873.182358 -0.00756850861071 0.00624772754268 3.73822982844e-05 -7.5520535821e-05
BPM.14R2.B1 3926.630874 -0.00610728554985 0.0076822838498 -7.6604812458e-05 -3.51068440383e-05
BPM.15R2.B1 3980.07939 -0.00670729043707 0.00716440345836 -3.42556669846e-05 7.69891993102e-05
BPM.16R2.B1 4033.527906 -0.00507431642174 0.00840046039215 7.79799364358e-05 3.19361512204e-05
BPM.17R2.B1 4086.976421 -0.00573569640309 0.00796355503326 3.10689500238e-05 -7.83294824081e-05
BPM.18R2.B1 4140.424937 -0.00395814204181 0.00898050853376 -7.92241001099e-05 -2.87111506674e-05
BPM.19R2.B1 4193.873453 -0.00466990769597 0.00863182390914 -2.7831191972e-05 7.95374913336e-05
BPM.20R2.B1 4247.321969 -0.00277673285376 0.00941308539226 8.03348038635e-05 2.54383197141e-05
BPM.21R2.B1 4300.770485 -0.00352733573871 0.0091582926664 2.45455462224e-05 -8.06120593031e-05
BPM.22R2.B1 4354.219001 -0.00154992269964 0.00969093192446 -8.13104649877e-05 -2.21223148888e-05
BPM.23R2.B1 4407.667517 -0.00232686054814 0.00953426147794 -2.12194749787e-05 8.15507305685e-05
BPM.24R2.B1 4461.116033 -0.000184657133134 0.00978802969755 8.20360556995e-05 -9.61020438208e-05
BPM.25R2.B1 4514.564549 -0.000974068358194 0.00974119163398 -9.70060382656e-05 -8.09650929236e-05
BPM.26R2.B1 4568.013065 0.00106881582747 0.00973125153114 -7.80258301757e-05 9.93855443199e-05
BPM.27R2.B1 4621.46158 0.000280175365261 0.00978576135974 0.000100244580397 7.69190499978e-05
BPM.28R2.B1 4674.910096 0.00241771578969 0.00949303422421 7.37726209226e-05 -0.000217372722044
BPM.29R2.B1 4728.358612 0.00164354119645 0.00965721599547 -0.000218177785047 -7.13565272103e-05
BPM.30R2.B1 4781.807128 0.0036120976116 0.00910581128904 -6.47939386458e-05 0.000220215907876
BPM.31R2.B1 4835.255644 0.00286569875838 0.0093675407155 0.000220920557616 6.23490975113e-05
BPM.32R2.B1 4888.70416 0.00474731369958 0.00856890080668 5.57119899667e-05 -0.000222686943438
BPM.33R2.B1 4942.152676 0.00404015636698 0.00892413497029 -0.000223291493681 -5.32373103648e-05
BPM.34R2.B1 4995.601192 0.00580438071744 0.00789127447897 -4.65286803541e-05 0.000224785188873
BPM.33L3.B1 5049.049708 0.00514879409758 0.00833384471709 0.000225286948193 4.40351157952e-05
BPM.32L3.B1 5102.498224 0.00676618705897 0.00708390860777 3.72765378201e-05 -0.000226503341828
BPM.31L3.B1 5155.94674 0.00617233592051 0.00760692564228 -0.000226903189035 -3.47598139468e-05
BPM.30L3.B1 5209.395255 0.00761674034139 0.00616022037879 -2.795052992e-05 0.000227842197137
BPM.29L3.B1 5262.843771 0.00709487873755 0.00675468312991 0.000228137823648 2.54250717055e-05
BPM.28L3.B1 5316.292287 0.00834219607411 0.00513525200696 1.85901782684e-05 -0.000228796211304
BPM.27L3.B1 5369.740803 0.00790051327308 0.00579179924569 -0.000228988543492 -1.60483374499e-05
BPM.26L3.B1 5423.189319 0.00904339559024 0.00400447415211 -9.30041101553e-06 0.000114496252151
BPM.25L3.B1 5476.637835 0.00869077424573 0.00472115028922 0.000114592283764 8.03099983715e-06
BPM.24L3.B1 5530.086351 0.0094813560359 0.00281472996619 4.59912218037e-06 -0.000114781256215
BPM.23L3.B1 5583.534867 0.00922327451272 0.00357071761316 -0.000114825223819 -3.3249622172e-06
BPM.22L3.B1 5636.983383 0.00987639106743 0.00155726518553 -1.37675638047e-10 6.18576292586e-10
BPM.21L3.B1 5690.431899 0.00971851441187 0.00234918133116 6.16748011284e-10 1.38360083857e-10
BPM.20L3.B1 5743.880414 0.00999445715269 0.000281072148515 1.18124815146e-10 -6.29586696963e-10
BPM.19L3.B1 5797.32893 0.00993917791676 0.00108670036146 -6.2532852054e-10 -1.10063567781e-10
BPM.18L3.B1 5850.777446 0.0099483044361 -0.000999707029403 -8.80430427662e-11 6.29928663785e-10
BPM.17L3.B1 5904.225962 0.00999653315667 -0.000193649646962 6.32241086804e-10 7.76749875945e-11
BPM.16L3.B1 5957.674478 0.00973868917444 -0.00226409109797 6.1699594335e-11 -6.3117029555e-10
BPM.15L3.B1 6011.122994 0.0098896369068 -0.00147080153832 -6.34504985831e-10 -5.73359106401e-11
BPM.14L3.B1 6064.57151 0.00936906509689 -0.00349124541102 -3.46534478475e-11 6.30451254205e-10
BPM.13L3.B1 6118.020026 0.0096202422242 -0.00272380521065 6.34157557978e-10 3.39818454245e-11
BPM.12L3.B1 6171.468542 0.00860887863666 -0.00508481896791 2.79039830023e-11 -6.37446986418e-10
BPM.11L3.B1 6224.917058 0.00836030626304 -0.00548392692358 -6.34966943389e-10 -2.41000186457e-11
BPM.10L3.B1 6277.697768 0.00499049311527 -0.00866389945601 -7.53015787191e-11 6.32257665241e-10
BPM.9L3.B1 6316.762779 0.00533362725022 -0.00845698502177 4.23933062917e-10 4.76437022112e-10
BPM.8L3.B1 6357.225789 0.00857060358061 -0.0051490707503 5.35807319103e-10 -3.50300274507e-10
BPM.7L3.B1 6396.2898 0.008841555244 0.00466851970098 -4.6523309359e-10 -4.39101927858e-10
BPM.6L3.B1 6468.9288 0.00888481938098 0.00458564715992 -4.83775296546e-10 4.15816370718e-10
BPMWE.5L3.B1 6512.0583 0.00922547315479 0.00385471405047 -1.12231595439e-10 6.2820843854e-10
BPMW.5L3.B1 6539.6033 0.00999742197344 -0.000140460692941 2.59085814251e-10 5.83491986461e-10
BPMWE.4L3.B1 6614.7313 0.00979469157964 -0.00200803191581 6.3605424887e-10 2.31079419961e-11
BPMW.4L3.B1 6642.2763 0.00999779766006 -0.000110532483373 6.09317387509e-10 -2.06127649856e-10
BPMW.4R3.B1 6687.2413 0.00973277989534 -0.00228936034091 3.40556346556e-10 -5.32439189724e-10
BPMWE.4R3.B1 6714.7863 0.00464395116475 -0.00885448433812 -2.68244895004e-10 -5.7994603579e-10
BPMW.5R3.B1 6789.9143 0.00129874727377 -0.00991369914963 -6.32711244423e-10 8.5119203751e-11
BPMWE.5R3.B1 6817.4593 0.0042515758647 -0.00904943523232 -5.26727992469e-10 3.59833429139e-10
BPMWC.6R3.B1 6858.4503 0.0042872054926 -0.00903261005466 -2.4056995015e-10 5.85893967118e-10
BPMR.6R3.B1 6870.5288 0.00237075738288 -0.00971327363673 -5.83218529165e-11 6.34311139767e-10
BPM_A.7R3.B1 6926.3528 -0.0047287610118 -0.00880948322292 6.3402356514e-10 1.43195224239e-11
BPM.8R3.B1 6965.416811 -0.00719313154539 -0.00694456865893 3.01190771181e-10 -5.5777494731e-10
BPM.9R3.B1 7004.481821 -0.00903627821223 -0.00427946859366 -3.06460854321e-10 -5.57916367732e-10
BPM.10R3.B1 7044.944832 -0.00932168338075 -0.00361585318303 -6.26441710631e-10 -1.22349956717e-10
BPM.11R3.B1 7097.725542 -0.00913896650575 -0.00405554762204 -3.26669554666e-10 5.43268088804e-10
BPM.12R3.B1 7152.449058 -0.00865604526321 -0.00500410388763 4.87926117804e-10 4.10762250663e-10
BPM.13R3.B1 7205.897574 -0.00878175811363 -0.00478005227441 4.55852155409e-10 -4.44983421788e-10
BPM.14R3.B1 7259.34609 -0.00836719481934 -0.00547341083584 -4.49798198788e-10 -4.49902129434e-10
BPM.15R3.B1 7312.794606 -0.00932095874034 -0.00361772075789 -4.41093777297e-10 4.60249430592e-10
BPM.16R3.B1 7366.243122 -0.00899861362249 -0.00435811061907 4.63796574512e-10 4.38325987401e-10
BPM.17R3.B1 7419.691638 -0.00970715537572 -0.002395685658 4.25340888179e-10 -4.85478897582e-10
BPM.18R3.B1 7473.140154 -0.0094821713369 -0.00317121460147 -4.83021027107e-10 -4.13998503978e-10
BPM.19R3.B1 7526.58867 -0.00993386392058 -0.00113424994067 -4.02779070158e-10 4.96937961669e-10
BPM.20R3.B1 7580.037186 -0.00980993231564 -0.00193220166418 4.95678822802e-10 4.00865551036e-10
BPM.21R3.B1 7633.485701 -0.00999734577378 0.000145783330649 3.78028455876e-10 -5.10692700605e-10
BPM.22R3.B1 7686.934217 -0.00997650532534 -0.00066145053919 -5.12686738499e-10 -3.73844288854e-10
BPM.23R3.B1 7740.382733 -0.00989656174349 0.0014234609126 -3.5592208326e-10 5.23821421285e-10
BPM.24R3.B1 7793.831249 -0.00994779456393 0.000622152373599 4.82744970627e-07 -3.14076068964e-05
BPM.25R3.B1 7847.279765 -0.00960208691006 0.00267312874144 -3.14079817197e-05 4.57301241898e-07
BPM.26R3.B1 7900.728281 -0.00978648396706 0.00188955599198 8.05514159614e-07 3.1400978451e-05
BPM.27R3.B1 7954.176797 -0.00918124256513 0.00387949420355 3.13628035839e-05 -1.74493067009e-06
BPM.28R3.B1 8007.625313 -0.00943301516965 0.00312788244682 -1.61061025945e-06 -6.27492545541e-05
BPM.29R3.B1 8061.073829 -0.00857849508394 0.00501745412267 -6.26729700746e-05 3.48741885471e-06
BPM.30R3.B1 8114.522345 -0.00895540077226 0.00430885375376 4.1820139369e-06 6.26304565536e-05
BPM.31R3.B1 8167.97086 -0.00786614526847 0.00607364654583 6.24772284452e-05 -6.05468060502e-06
BPM.32R3.B1 8221.419376 -0.00833064463242 0.00541902055884 -6.74736860549e-06 -6.24062205954e-05
BPM.33R3.B1 8274.867892 -0.00702463940675 0.007029926384 -6.21763901959e-05 8.61165381058e-06
BPM.34R3.B1 8328.316408 -0.00756900009562 0.0064401600391 9.30048701769e-06 6.20770849663e-05
BPM.33L4.B1 8381.764924 -0.00606759650781 0.00787081294261 6.17709180662e-05 -1.11542568947e-05
BPM.32L4.B1 8435.21344 -0.00668300580843 0.00735546444041 -1.18387188237e-05 -6.16433946397e-05
BPM.31L4.B1 8488.661956 -0.00501099591292 0.00858226914679 -6.12615480193e-05 1.3677968572e-05
BPM.30L4.B1 8542.110472 -0.00568717884004 0.00814993378057 1.43564160244e-05 6.11061114103e-05
BPM.29L4.B1 8595.558988 -0.00387190286375 0.00915280241008 6.0649083497e-05 -1.61787810612e-05
BPM.28L4.B1 8649.007504 -0.00459794219884 0.00881046827909 -1.68504271748e-05 -6.0465911762e-05
BPM.27L4.B1 8702.45602 -0.00266936254537 0.00957287456088 -5.99345960242e-05 1.86522857802e-05
BPM.26L4.B1 8755.904535 -0.00340178141513 0.00932823118711 1.97980801941e-05 2.83162160565e-05
BPM.25L4.B1 8809.353051 -0.00139175202844 0.00983112608851 2.77110611455e-05 -2.06365980652e-05
BPM.24L4.B1 8862.801567 -0.00218060445766 0.00968674238728 -2.09426251555e-05 -2.74805142434e-05
BPM.23L4.B1 8916.250083 -0.000122767866981 0.00992839070149 -2.68414679036e-05 2.17556438024e-05
BPM.22L4.B1 8969.698599 -0.000892205931837 0.00988808369061 2.25342496801e-05 -4.80924145304e-06
BPM.21L4.B1 9023.147115 0.00117934231955 0.00985796035045 -5.48140963005e-06 -2.2380241658e-05
BPM.20L4.B1 9076.595631 0.000379965712604 0.00992098062622 -2.23180791989e-05 5.72925670529e-06
BPM.19L4.B1 9130.044147 0.00243069276998 0.00962610841086 6.39461591036e-06 2.21366212189e-05
BPM.18L4.B1 9183.492663 0.00164596607993 0.0097908644256 2.20643448485e-05 -6.63971238936e-06
BPM.17L4.B1 9236.941179 0.00364207419111 0.00923609907359 -7.29699821006e-06 -2.18557750778e-05
BPM.16L4.B1 9290.389694 0.00288485442977 0.00949988660188 -2.17735085067e-05 7.53893076265e-06
BPM.15L4.B1 9343.83821 0.00479364793748 0.00869431825751 8.18718750534e-06 2.15381317006e-05
BPM.14L4.B1 9397.286726 0.00407640237872 0.00905279924604 2.14460170205e-05 -8.42552243627e-06
BPM.13L4.B1 9450.735242 0.0058664207146 0.00800970277513 -9.06349764728e-06 -2.1184287107e-05
BPM.12L4.B1 9504.183758 0.00483691054522 0.00867032449914 -2.13223628748e-05 8.73373525719e-06
BPM.11L4.B1 9557.632274 0.00604597417655 0.00787505090499 8.76811292943e-06 2.13082461133e-05
BPMC.10L4.B1 9609.470985 0.00575367315795 0.00809107383042 2.10762174633e-05 -9.31204351231e-06
BPMC.9L4.B1 9648.535995 0.00750530051182 0.00649928417196 -5.02233589395e-06 -2.24877113909e-05
BPMC.8L4.B1 9688.999006 0.00446393538932 0.00886811768891 -1.91098238722e-05 1.28738465029e-05
BPMC.7L4.B1 9728.063016 0.00876262610305 0.00466761333074 1.43812010612e-05 1.80028354148e-05
BPMYB.6L4.B1 9824.667016 0.00951969744802 0.00281879246898 1.84186186324e-05 -1.38446921271e-05
BPMYA.5L4.B1 9861.667016 0.00965779694953 0.00230156196929 1.38952989494e-05 -1.83804347888e-05
BPMWA.B5L4.B1 9964.133516 0.00648081843164 0.00752125142358 -1.23854536552e-05 -1.94299145868e-05
BPMWA.A5L4.B1 9973.018516 0.00605561463439 0.00786764017547 -1.47167116469e-05 -1.77296231378e-05
BPMWA.A5R4.B1 10021.06752 0.00457038601241 0.00881372805429 -2.22825325531e-05 -5.86598999926e-06
BPMWA.B5R4.B1 10029.95252 0.00449050128023 0.00885469529423 -2.27661548498e-05 -3.55290395321e-06
BPMYB.5R4.B1 10132.34302 0.00631911727489 0.00765760977531 -1.56701045509e-05 1.68928595332e-05
BPMYA.6R4.B1 10163.90702 0.00615166854818 0.00779276616823 -1.13924810747e-05 2.00282944939e-05
BPMCA.7R4.B1 10260.42302 0.00331981862031 0.00935676412247 1.66037281368e-05 1.59761469714e-05
BPMC.8R4.B1 10298.21203 0.00260754651978 0.00957971459212 2.26925351651e-05 -3.99622969586e-06
BPMC.9R4.B1 10337.27704 0.00621530427817 0.00774210715892 -3.9349761654e-06 -2.27032391219e-05
BPMC.10R4.B1 10377.74005 0.00935963819276 0.00331170703023 -2.25601704033e-05 4.68611113684e-06
BPM.11R4.B1 10429.57876 0.00893290357993 0.00433283558207 1.56416903238e-06 2.2988568051e-05
BPM.12R4.B1 10484.30227 0.00931623413015 0.00343191085664 2.30128890465e-05 -1.15233140121e-06
BPM.13R4.B1 10537.75079 0.00896546101534 0.00426506029649 -1.58253681864e-06 -2.29873093162e-05
BPM.14R4.B1 10591.19931 0.00965541332135 0.00231154148863 -2.29296645471e-05 2.26975572816e-06
BPM.15R4.B1 10644.64782 0.00943739009949 0.00308316374202 2.52393471119e-06 2.29030746909e-05
BPM.16R4.B1 10698.09634 0.00987178130639 0.00105743291244 2.28172921399e-05 -3.20815649454e-06
BPM.17R4.B1 10751.54485 0.00975425077309 0.00185062756833 -3.46095245619e-06 -2.27803221255e-05
BPM.18R4.B1 10804.99337 0.00992594644142 -0.000214050801185 -2.26665318041e-05 4.14117943753e-06
BPM.19R4.B1 10858.44189 0.00991084777093 0.000587645297633 4.39232486273e-06 2.26192049698e-05
BPM.20R4.B1 10911.8904 0.0098170203724 -0.00148200591491 2.24776422131e-05 -5.06720028611e-06
BPM.21R4.B1 10965.33892 0.00990459830836 -0.000684954651217 -5.31613679419e-06 -2.24200710567e-05
BPM.22R4.B1 11018.78743 0.00954678790421 -0.00272563226834 -2.22509245681e-05 5.9847540497e-06
BPM.23R4.B1 11072.23595 0.00973560526678 -0.00194633519214 6.23117002391e-06 2.21831772481e-05
BPM.24R4.B1 11125.68447 0.00907495704197 -0.00391588811359 2.20315342688e-05 3.86482954703e-05
BPM.25R4.B1 11179.13298 0.00936136686446 -0.00317077836696 3.84016803141e-05 -2.24586314478e-05
BPM.26R4.B1 11232.5815 0.0084994716203 -0.00504460178746 -2.35977577493e-05 -3.77123962353e-05
BPM.27R4.B1 11286.03001 0.00887883788347 -0.00434226471258 -3.74482969736e-05 2.40146726762e-05
BPM.28R4.B1 11339.47853 0.00773962503392 -0.00608181982952 2.51695556677e-05 8.22529025439e-05
BPM.29R4.B1 11392.92705 0.00820518831228 -0.00543739025603 8.19688716502e-05 -2.60796793353e-05
BPM.30R4.B1 11446.37556 0.00689803174267 -0.00702192894396 -2.85208038059e-05 -8.11517713324e-05
BPM.31R4.B1 11499.82408 0.00744217277671 -0.00644239027312 -8.08303347729e-05 2.94194371858e-05
BPM.32R4.B1 11553.27259 0.0059431539907 -0.00784660746661 3.18253106126e-05 7.99136783772e-05
BPM.33R4.B1 11606.72111 0.00655699749314 -0.00734139714239 7.95559755774e-05 -3.270922265e-05
BPM.34R4.B1 11660.16962 0.00489055048898 -0.00854241441229 -3.50752796507e-05 -7.85415235976e-05
BPM.33L5.B1 11713.61814 0.00556393461219 -0.00811991130996 -7.81475882749e-05 3.59444119029e-05
BPM.32L5.B1 11767.06666 0.00375768401743 -0.00909780956602 3.82669712819e-05 7.70369046921e-05
BPM.31L5.B1 11820.51517 0.00447962689374 -0.00876488853527 7.66078903606e-05 -3.91187614558e-05
BPM.30L5.B1 11873.96369 0.00256296421712 -0.00950376464939 -4.13938006233e-05 -7.54029112216e-05
BPM.29L5.B1 11927.4122 0.0033215190152 -0.00926595054448 -7.49391667446e-05 4.22275693416e-05
BPM.28L5.B1 11980.86072 0.00132625994231 -0.00975353077828 4.44512340905e-05 7.36419306443e-05
BPM.27L5.B1 12034.30924 0.00210904543305 -0.00961468956527 7.31444532742e-05 -4.5265159509e-05
BPM.26L5.B1 12087.75775 2.29262653383e-05 -0.00983451135336 -4.73890390021e-05 -2.62167962177e-05
BPM.25L5.B1 12141.20627 0.000816495393793 -0.00980058541294 -2.5689692166e-05 4.76768358099e-05
BPM.24L5.B1 12194.65478 -0.00123521371278 -0.0097566585599 4.84242542152e-05 2.42514429062e-05
BPM.23L5.B1 12248.1033 -0.00044386154926 -0.00982451658381 2.37128530642e-05 -4.86902610131e-05
BPM.22L5.B1 12301.55182 -0.00251790229912 -0.00950994577989 -4.93333366618e-05 2.32950271441e-05
BPM.21L5.B1 12355.00033 -0.00174220101286 -0.00968212974359 2.38406211589e-05 4.90719961036e-05
BPM.20L5.B1 12408.44885 -0.00371366022258 -0.00910975458038 4.83365236408e-05 -2.52985447127e-05
BPM.19L5.B1 12461.89736 -0.00296646074424 -0.0093797127565 -2.58331041704e-05 -4.80529579417e-05
BPM.18L5.B1 12515.34588 -0.00484852014921 -0.0085598337103 -4.72584255005e-05 2.72594498069e-05
BPM.17L5.B1 12568.79439 -0.00414189825827 -0.0089232045562 2.77817839446e-05 4.6953261905e-05
BPM.16L5.B1 12622.24291 -0.00590361377961 -0.00786932303559 4.61007404588e-05 -2.91746134971e-05
BPM.15L5.B1 12675.69143 -0.00524936094507 -0.00832004269289 -2.96841301847e-05 -4.57743228883e-05
BPM.14L5.B1 12729.13994 -0.0068617853225 -0.00704945408259 -4.48656134162e-05 3.10404968591e-05
BPM.13L5.B1 12782.58846 -0.00627049585975 -0.00758022311129 3.15360770866e-05 4.45186709846e-05
BPM.12L5.B1 12836.03697 -0.00672456238445 -0.00718047083622 4.02110705325e-05 -3.68714829867e-05
BPM.11L5.B1 12889.48549 -0.004743164252 -0.00861865961785 -4.14601830973e-05 -3.5461099379e-05
BPM.10L5.B1 12942.2662 -0.00578761867873 -0.00795502173425 -3.33365424209e-05 4.3186933573e-05
BPM.9L5.B1 12981.33121 -0.00444972135439 -0.0087737609156 3.84012326295e-05 3.87528257332e-05
BPM.8L5.B1 13021.79422 -0.00880491805417 -0.00438774643612 1.585398043e-05 -5.22023644293e-05
BPMR.7L5.B1 13060.86023 -0.00486937836297 -0.00854798543985 -5.06755913735e-05 -2.02094157293e-05
BPM.6L5.B1 13097.75423 -0.00509403447367 -0.00841603906173 -5.04292403193e-05 2.08165273508e-05
BPMR.5L5.B1 13129.65423 -0.00455113936843 -0.00872158421379 -3.40376621683e-05 4.26365315355e-05
BPMYA.4L5.B1 13157.06023 -0.00476433813724 -0.00860697292874 -1.43114308444e-05 5.26461762237e-05
BPMWB.4L5.B1 13178.19473 -0.00349553780698 -0.00919565746312 5.96019440513e-06 5.42301797431e-05
BPMSY.4L5.B1 13270.97473 -0.00273117688529 -0.00945090331975 5.35986424322e-05 -1.01794645624e-05
BPMS.2L5.B1 13297.76023 -0.00178535944168 -0.00967426443802 4.38527296866e-05 -3.24557038972e-05
BPMSW.1L5.B1 13307.81423 -0.00143367770278 -0.00973259826443 3.30676944782e-05 -4.33931294248e-05
BPMSW.1R5.B1 13350.76423 -0.00143367902755 -0.00973259807169 3.06657057621e-05 4.51226193721e-05
BPMS.2R5.B1 13360.81823 -0.00178536007231 -0.00967426432233 4.2028023748e-05 3.47862039349e-05
BPMSY.4R5.B1 13387.60373 -0.00273117675642 -0.00945090335713 5.29676980325e-05 1.30713201015e-05
BPMWT.A4R5.B1 13478.00823 -0.00335317118763 -0.00924852116375 1.12758533728e-05 -5.3378754519e-05
BPMWT.B4R5.B1 13479.99023 -0.00347174160931 -0.00920466788839 9.28755664654e-06 -5.37603712197e-05
BPMWB.4R5.B1 13480.38373 -0.00349547196466 -0.00919568249149 8.89257475618e-06 -5.382711466e-05
BPMYA.4R5.B1 13501.51623 -0.00476415443434 -0.00860707460171 -1.14333225243e-05 -5.33452468475e-05
BPM.5R5.B1 13522.63423 -0.00482282057921 -0.00857433976052 -2.72989885855e-05 -4.72355970953e-05
BPMWT.A6R5.B1 13543.69223 -0.00433428177052 -0.00883135902904 -4.05494244346e-05 -3.64990511853e-05
BPMWT.B6R5.B1 13549.51423 -0.00446613548142 -0.00876541696893 -4.36645808208e-05 -3.27084166579e-05
BPMR.6R5.B1 13554.53423 -0.00469216367948 -0.0086465311415 -4.62354961545e-05 -2.89605750774e-05
BPM_A.7R5.B1 13588.54823 -0.00546063503231 -0.00818293136678 -5.42896221321e-05 5.39192872568e-06
BPM.8R5.B1 13629.98722 -0.00751246111701 -0.00635152176325 -7.39623601432e-06 5.40530489678e-05
BPM.9R5.B1 13669.05421 -0.00736027143963 -0.00652727393576 5.3640830461e-05 -9.95477652817e-06
BPM.10R5.B1 13709.5192 -0.00418191545347 -0.00890452041718 -1.91666842912e-05 -5.10790987545e-05
BPM.11R5.B1 13762.30189 -0.00704787517725 -0.00686340704191 -4.76549852181e-05 2.65600943637e-05
BPM.12R5.B1 13817.02837 -0.00532474438317 -0.0082720008464 2.70533558777e-05 4.7376702291e-05
BPM.13R5.B1 13870.47986 -0.00603998394066 -0.00776514614842 4.8883516245e-05 -2.42247457426e-05
BPM.14R5.B1 13923.93134 -0.00539340615776 -0.0082273975685 -2.47716910675e-05 -4.86086366969e-05
BPM.15R5.B1 13977.38283 -0.0069836142535 -0.00692878291451 -4.78425617206e-05 2.62207055828e-05
BPM.16R5.B1 14030.83431 -0.00640156501642 -0.00746986386051 2.67549951801e-05 4.75458344213e-05
BPM.17R5.B1 14084.28579 -0.00781258861989 -0.00597849143502 4.67204362208e-05 -2.81715615195e-05
BPM.18R5.B1 14137.73728 -0.00730459053452 -0.00658952637827 -2.86933275887e-05 -4.64018237425e-05
BPM.19R5.B1 14191.18876 -0.00851322027567 -0.00492990682009 -4.55189799012e-05 3.00742163319e-05
BPM.20R5.B1 14244.64025 -0.00808752777128 -0.00560096377866 3.05822547431e-05 4.5179218431e-05
BPM.21R5.B1 14298.09173 -0.00907393288088 -0.00380034772117 4.42398563388e-05 -3.19260230668e-05
BPM.22R5.B1 14351.54322 -0.00873760752914 -0.00452030036261 -3.2419742865e-05 -4.38793382377e-05
BPM.23R5.B1 14404.9947 -0.00948554618381 -0.00260831636883 -4.28857289342e-05 3.37231357078e-05
BPM.24R5.B1 14458.44618 -0.00925110500996 -0.00336586199316 3.4094095465e-05 4.9548902295e-05
BPM.25R5.B1 14511.89767 -0.00974825492515 -0.00137240547687 4.85020003574e-05 -3.55676404256e-05
BPM.26R5.B1 14565.34915 -0.00960568401034 -0.0021547170335 -3.61088732824e-05 -4.8100418439e-05
BPM.27R5.B1 14618.80064 -0.00984372680446 -0.000114076671899 -4.69941301122e-05 3.75373545535e-05
BPM.28R5.B1 14672.25212 -0.00980943742004 -0.000908652394854 3.79541091263e-05 5.36143120701e-05
BPM.29R5.B1 14725.7036 -0.00978441024616 0.00114718256971 5.24495505687e-05 -3.95481152088e-05
BPM.30R5.B1 14779.15509 -0.00984507986561 0.000353714747783 -4.01333187019e-05 -5.20031307241e-05
BPM.31R5.B1 14832.60657 -0.00955726976484 0.00238941547693 -5.07742195669e-05 4.16771771429e-05
BPM.32R5.B1 14886.05806 -0.00971893969047 0.00161025555537 4.22434180664e-05 5.03040992981e-05
BPM.33R5.B1 14939.50954 -0.00917305894626 0.00359245058698 4.901194284e-05 -4.3735999457e-05
BPM.34R5.B1 14992.96102 -0.00943309238757 0.00284033091243 -4.42823859952e-05 -4.85188522328e-05
BPM.33L6.B1 15046.41251 -0.00863814126131 0.00473637279302 -4.7166862555e-05 4.57197461521e-05
BPM.32L6.B1 15099.86399 -0.00899222481203 0.0040237550314 4.62453639902e-05 4.66516427911e-05
BPM.31L6.B1 15153.31548 -0.0079612270999 0.00580254898816 4.52409268812e-05 -4.76263407302e-05
BPM.30L6.B1 15206.76696 -0.00840360991041 0.00514101664728 -4.81301883788e-05 -4.47045111932e-05
BPM.29L6.B1 15260.21845 -0.00715355194441 0.00677328622177 -4.32386153378e-05 4.94512994886e-05
BPM.28L6.B1 15313.66993 -0.00767686434192 0.00617385338515 4.99326855667e-05 4.26817973541e-05
BPM.27L6.B1 15367.12141 -0.00622824510089 0.00763280254072 4.11621402231e-05 -5.1192648096e-05
BPM.26L6.B1 15420.5729 -0.00683105141194 0.00710472898702 -5.17579322878e-05 -3.35424743159e-05
BPM.25L6.B1 15474.02438 -0.00520764517308 0.00836784734339 -3.19725326784e-05 5.27421844725e-05
BPM.24L6.B1 15527.47587 -0.00586599186044 0.00792026368632 5.30971531291e-05 3.13795083795e-05
BPM.23L6.B1 15580.92735 -0.00409434038838 0.00896531171735 2.9769987269e-05 -5.40160054973e-05
BPM.22L6.B1 15634.37883 -0.00481166697543 0.00860513135327 -5.44534842447e-05 -2.21194048161e-05
BPM.21L6.B1 15687.83032 -0.00292080058713 0.0094164403351 -2.04735288725e-05 5.50934156541e-05
BPM.20L6.B1 15741.2818 -0.00367123529077 0.00914999760464 5.53193806212e-05 1.9854885273e-05
BPM.19L6.B1 15794.73329 -0.00169215593174 0.009712725311 1.8183904932e-05 -5.58909241253e-05
BPM.18L6.B1 15848.18477 -0.00247062005474 0.00954444661856 -5.6091126324e-05 -1.75566459359e-05
BPM.17L6.B1 15901.63625 -0.000435760997086 0.00984939272352 -1.58635349207e-05 5.65932692693e-05
BPM.16L6.B1 15955.08774 -0.00122924495595 0.00978209494473 5.67674674526e-05 1.52284043188e-05
BPM.15L6.B1 16008.53922 0.000827840951169 0.00982421009475 1.35161148586e-05 -5.71993364039e-05
BPM.14L6.B1 16061.99071 3.21588278173e-05 0.00985897512279 -5.73471775791e-05 -1.28744418788e-05
BPM.13L6.B1 16115.44219 0.00207780502202 0.0096375905185 -1.11456108328e-05 5.77081001138e-05
BPM.12L6.B1 16168.89367 0.00129332764338 0.00977382874153 5.7829439219e-05 1.04979025148e-05
BPM.11L6.B1 16222.34516 0.00282004473637 0.00944710391218 6.92924648918e-06 -5.83646739284e-05
BPM.10L6.B1 16274.18585 0.00205811707826 0.00964181408016 -5.86870312099e-05 -3.20651600019e-06
BPM.9L6.B1 16313.25284 0.00612412275909 0.0077262892212 -1.96505560047e-05 5.53922905345e-05
BPM.8L6.B1 16353.71783 0.00802805981639 0.00572282100456 5.40396448919e-05 2.3112044849e-05
BPMYA.5L6.B1 16450.80782 0.0096217435373 -0.00214999440033 -1.01514475188e-05 -5.7891259357e-05
BPMYB.4L6.B1 16487.20782 0.00968194493788 -0.00186020611022 -2.25043042327e-05 -5.42955595259e-05
BPMSA.B4L6.B1 16519.19832 0.00941482503675 -0.00292600312683 -3.4078979337e-05 -4.78860382702e-05
BPMSA.A4L6.B1 16519.78332 0.00940828902614 -0.00294695135254 -3.42961610498e-05 -4.77307278393e-05
BPMSE.4L6.B1 16616.45832 0.00778683442567 -0.00604695248384 -5.87528428324e-05 -1.59788910651e-06
BPMSA.4R6.B1 16708.02832 0.00814006544893 -0.00556235194869 -3.1485276175e-05 4.96299041168e-05
BPMSB.A4R6.B1 16804.83832 0.00975432514986 -0.00143302671323 2.55505694217e-05 5.29303126524e-05
BPMSB.B4R6.B1 16805.47332 0.00975804593558 -0.00140746731282 2.58275204221e-05 5.27957304682e-05
BPMYA.4R6.B1 16830.80782 0.00984733636168 -0.000479991018927 3.53820172192e-05 4.69314734025e-05
BPMYB.5R6.B1 16867.20782 0.00984737088756 -0.000479282110799 4.49392952674e-05 3.78802025293e-05
BPM.8R6.B1 16962.93481 0.00858808186905 0.00484203205883 1.25828882848e-05 -5.74118534209e-05
BPM.9R6.B1 17002.0018 0.00758566748963 0.00629746563508 -5.80128381116e-05 9.43186576074e-06
BPM.10R6.B1 17042.46678 0.00985888516819 5.29892817386e-05 7.30027551154e-06 5.83194297217e-05
BPM.11R6.B1 17094.30747 0.0098578246539 0.000154005838775 5.83247025719e-05 7.25805400334e-06
BPM.12R6.B1 17149.03396 0.00984803053434 -0.000465531143869 1.01379366903e-05 -5.78936284818e-05
BPM.13R6.B1 17202.48544 0.00985172924019 0.00037928302749 -5.80376914452e-05 -9.27775472594e-06
BPM.14R6.B1 17255.93693 0.00971590830844 -0.00167378325738 -7.52966301759e-06 5.82902590292e-05
BPM.15R6.B1 17309.38841 0.00981930526266 -0.000884120372499 5.83709320188e-05 6.8763443469e-06
BPM.16R6.B1 17362.83989 0.00942196292117 -0.00290293633676 5.11985540328e-06 -5.85511430359e-05
BPM.17R6.B1 17416.29138 0.0096255198822 -0.00213302406642 -5.86048536021e-05 -4.46327351861e-06
BPM.18R6.B1 17469.74286 0.00897317713055 -0.00408442368438 -2.70032549079e-06 5.87124993515e-05
BPM.19R6.B1 17523.19435 0.00927357151059 -0.00334683374521 5.87390633364e-05 2.04260469806e-06
BPM.20R6.B1 17576.64583 0.00837695165779 -0.00519876000739 2.77164036324e-07 -5.87739115696e-05
BPM.21R6.B1 17630.09731 0.00876920840843 -0.00450570844356 -5.87733290157e-05 3.8160457953e-07
BPM.22R6.B1 17683.5488 0.00764305429614 -0.00622769183941 2.1473516219e-06 5.87353257342e-05
BPM.23R6.B1 17737.00028 0.00812078493658 -0.00559046302041 5.87075998336e-05 -2.80504168278e-06
BPM.24R6.B1 17790.45177 0.00668081372254 -0.00713458703372 -4.45238479613e-06 4.60318124107e-05
BPM.25R6.B1 17843.90325 0.00723487424921 -0.00657207720051 4.60787996678e-05 3.93644359961e-06
BPM.26R6.B1 17897.35474 0.00571321172342 -0.00793062519167 2.55045978458e-06 -4.617625661e-05
BPM.27R6.B1 17950.80622 0.00633464933717 -0.00744364305185 -4.62019369041e-05 -2.03286804908e-06
BPM.28R6.B1 18004.2577 0.00454900740173 -0.00857665856286 -5.27889301974e-07 0.00015086900181
BPM.29R6.B1 18057.70919 0.00522647927279 -0.00818147021343 0.000150865451652 -1.16169827987e-06
BPM.30R6.B1 18111.16067 0.00341443770286 -0.00908813267953 -5.69285790589e-06 -0.000150762481691
BPM.31R6.B1 18164.61216 0.00413672990652 -0.00878293835256 -0.000150689207188 7.38225648995e-06
BPM.32R6.B1 18218.06364 0.00222378356759 -0.00945025539741 1.19067139222e-05 0.000150399349624
BPM.33R6.B1 18271.51512 0.00297936674528 -0.00923990877797 0.00015025654536 -1.35906314717e-05
BPM.34R6.B1 18324.96661 0.000996547611918 -0.00965709238279 -1.80983669026e-05 -0.000149780452113
BPM.33L7.B1 18378.41809 0.00177264044203 -0.00954517083491 -0.000149568252946 1.97755541172e-05
BPM.32L7.B1 18431.86958 -0.00024701009302 -0.00970523191157 2.42602944086e-05 0.00014890659044
BPM.31L7.B1 18485.32106 0.00053721623413 -0.00969349984008 0.000148625422282 -2.59271772503e-05
BPM.30L7.B1 18538.77254 -0.00148657765898 -0.00959388489258 -3.03807415215e-05 -0.000147779376066
BPM.29L7.B1 18592.22403 -0.000707481062613 -0.00968256221114 -0.000147429787052 3.20342477224e-05
BPM.28L7.B1 18645.67551 -0.00270163539229 -0.00932489714081 3.64488442254e-05 0.000146400873891
BPM.27L7.B1 18699.127 -0.00194010854854 -0.0095125453614 0.000145983166678 -3.8087399059e-05
BPM.26L7.B1 18752.57848 -0.00397509146527 -0.0088830626014 -4.23410790976e-05 -4.01458197133e-05
BPM.25L7.B1 18806.02997 -0.00324516188265 -0.0091749156765 -3.96690127566e-05 4.27881260878e-05
BPM.24L7.B1 18859.48145 -0.0050787689461 -0.00830158173797 4.39606354811e-05 3.83655651867e-05
BPM.23L7.B1 18912.93293 -0.00439215996921 -0.00868441616412 3.78704873486e-05 -4.43878344505e-05
BPM.22L7.B1 18966.38442 -0.00620180042498 -0.00756406608904 -4.53910893055e-05 6.81079023417e-05
BPM.21L7.B1 19019.8359 -0.00557100945446 -0.00803997997049 6.86122570871e-05 4.46250463038e-05
BPM.20L7.B1 19073.28739 -0.00711846247199 -0.00670857035907 4.25430770615e-05 -6.99222697281e-05
BPM.19L7.B1 19126.73887 -0.00655381679203 -0.00726119203257 -7.03944465884e-05 -4.17571405339e-05
BPM.18L7.B1 19180.19035 -0.0079181991734 -0.00574278209152 -3.96239411682e-05 7.16168997125e-05
BPM.17L7.B1 19233.64184 -0.00742882945536 -0.00636316879993 7.20564458297e-05 3.88188818547e-05
BPM.16L7.B1 19287.09332 -0.0085877847321 -0.00468266779063 3.66359628357e-05 -7.31904553487e-05
BPM.15L7.B1 19340.54481 -0.00818183863824 -0.00536049818038 -7.35962306528e-05 -3.58138444352e-05
BPM.14L7.B1 19393.99629 -0.00911626835775 -0.00354557125046 -3.35872122748e-05 7.46387037973e-05
BPM.13L7.B1 19447.44777 -0.00880034822786 -0.00426981209536 7.50104386136e-05 3.27486023482e-05
BPM.12L7.B1 19500.89926 -0.00949259631968 -0.00235966934354 3.04340882364e-05 -7.59789650411e-05
BPM.11L7.B1 19554.35074 -0.00924210090329 -0.00320327881436 -7.61955689997e-05 -2.98876602663e-05
BPM.10L7.B1 19607.13343 -0.00978082639701 0.000113398792235 -3.61314052565e-05 7.34408533604e-05
BPM.9L7.B1 19646.20042 -0.00972691174254 0.00103180044677 4.63120261881e-05 6.74850524008e-05
BPM.8L7.B1 19686.66541 -0.00613766170711 0.00761620200819 6.93435589021e-05 -4.34799644744e-05
BPM.7L7.B1 19725.7314 -0.00562176056904 0.00800457571148 2.07724832295e-06 -8.18212779914e-05
BPM.6L7.B1 19760.5494 -0.00654525148412 0.00726891375809 -5.15172813485e-05 -6.36003652742e-05
BPMWC.6L7.B1 19772.6519 -0.00793962219214 0.00571312731313 -6.84179136508e-05 -4.49224408066e-05
BPMWE.5L7.B1 19849.7059 -0.00401811412721 0.00891808180679 -2.40990434706e-05 7.82193881184e-05
BPMW.5L7.B1 19872.9109 0.00112149781084 0.00971697827864 3.05848898548e-05 7.5918382666e-05
BPMWE.4L7.B1 19907.9959 0.00156570059465 0.00965536150908 6.21478545026e-05 5.32604993343e-05
BPMW.4L7.B1 19936.1009 -0.00195185884635 0.00958476245467 8.05243567851e-05 1.46582664935e-05
BPMW.4R7.B1 20052.1479 0.000331912833988 0.00977585076289 -3.01593329143e-05 -7.60884444085e-05
BPMWE.4R7.B1 20080.2529 0.00414096747324 0.00886170482952 -6.56788646411e-05 -4.88397939934e-05
BPMW.5R7.B1 20115.3379 0.00415558622829 0.00885485896061 -7.97516425942e-05 -1.8404190552e-05
BPMWE.5R7.B1 20138.5429 0.00116527920621 0.00971182519669 -7.98125910598e-05 1.81380225735e-05
BPMR.6R7.B1 20217.7584 -0.00364317377253 0.00907770396008 2.56165586525e-05 7.77356381309e-05
BPM_A.7R7.B1 20255.7944 -0.00175474398918 0.00962280093422 7.51490682176e-05 3.24292286897e-05
BPM.8R7.B1 20294.86039 0.00206372369034 0.00956130058049 5.90603641552e-05 -5.6664894991e-05
BPM.9R7.B1 20333.92738 0.00755263701473 0.00621571382664 -4.65346786884e-05 -6.73317223876e-05
BPM.10R7.B1 20374.39237 0.00870608542896 0.00445886764977 -8.08832606264e-05 1.25273668309e-05
BPM.11R7.B1 20427.17506 0.00925110409946 0.00317718384802 5.23282636165e-06 8.16801949728e-05
BPM.12R7.B1 20481.90154 0.00908328571693 0.00362923474638 8.15207529551e-05 -7.30775525034e-06
BPM.13R7.B1 20535.35303 0.00966815918037 0.00148462868659 -1.0915446191e-05 -8.111652245e-05
BPM.14R7.B1 20588.80451 0.00951679559886 0.00226009420569 -8.09890741925e-05 1.1824016373e-05
BPM.15R7.B1 20642.25599 0.00977864627351 0.000235587172117 1.42522821241e-05 8.05972033982e-05
BPM.16R7.B1 20695.70748 0.00972772858523 0.00102407069778 8.04325731667e-05 -1.51538105098e-05
BPM.17R7.B1 20749.15896 0.00972843839825 -0.00101730555555 -1.75630523929e-05 -7.99410776528e-05
BPM.18R7.B1 20802.61045 0.00977880753626 -0.000228795532717 -7.97391539341e-05 1.8458200368e-05
BPM.19R7.B1 20856.06193 0.00951836763167 -0.00225346442626 2.08458327633e-05 7.91485154083e-05
BPM.20R7.B1 20909.51341 0.00966919650318 -0.00147785765679 7.89101546646e-05 -2.17307400831e-05
BPM.21R7.B1 20962.9649 0.0091518767762 -0.00345261867619 -2.40913597699e-05 -7.82217591018e-05
BPM.22R7.B1 21016.41638 0.00940068090715 -0.0027027065554 -7.79467550607e-05 2.49668004132e-05
BPM.23R7.B1 21069.86787 0.00863500967812 -0.00459500077525 2.72975369293e-05 7.7161396343e-05
BPM.24R7.B1 21123.31935 0.0088845763744 -0.00388888716436 7.54283872926e-05 6.51367280301e-05
BPM.25R7.B1 21176.77083 0.00788392148351 -0.00564826724163 6.28419091261e-05 -7.73506856953e-05
BPM.26R7.B1 21230.22232 0.00831404917564 -0.0049935685646 -7.80499132215e-05 -6.19713375375e-05
BPM.27R7.B1 21283.6738 0.00709654406752 -0.00661046163759 -5.95978135347e-05 7.98770012412e-05
BPM.28R7.B1 21337.12529 0.00751386406127 -0.00602189526558 7.91182947806e-05 0.000151994227187
BPM.29R7.B1 21390.57677 0.00610037164599 -0.00745029136724 0.000149549739536 -8.3647025228e-05
BPM.30R7.B1 21444.02826 0.00668169749469 -0.00693370710281 -8.53165910067e-05 -0.000148603596924
BPM.31R7.B1 21497.47974 0.0050970098328 -0.008169569539 -0.000145972281223 8.97443227791e-05
BPM.32R7.B1 21550.93122 0.00573987999595 -0.00773143928029 9.13747737169e-05 0.000144957229602
BPM.33R7.B1 21604.38271 0.00401019164574 -0.00875441252412 0.000142147529764 -9.56871477684e-05
BPM.34R7.B1 21657.83419 0.00470355030199 -0.00840226101908 -9.72732602867e-05 -0.000141066872438
BPM.33L8.B1 21711.28568 0.00285713526705 -0.0091955507583 -0.000138079997419 0.000101468536874
BPM.32L8.B1 21764.73716 0.00359016097299 -0.0089348821933 0.000103009622496 0.00013693416893
BPM.31L8.B1 21818.18864 0.00165749494953 -0.00948546710334 0.000133778185653 -0.000107076361412
BPM.30L8.B1 21871.64013 0.00241750213624 -0.00932078639637 -0.000108568150514 -0.000132570375128
BPM.29L8.B1 21925.09161 0.000430236167413 -0.00961957756427 -0.000129248433169 0.000112502406347
BPM.28L8.B1 21978.5431 0.00120542558638 -0.00955344570501 0.000113943729532 0.00012797958355
BPM.27L8.B1 22031.99458 -0.000803710170056 -0.00959559407441 0.000124498643788 -0.000117737154236
BPM.26L8.B1 22085.44606 -0.000119849295624 -0.00963504013935 -0.000120546663497 -2.98758454514e-05
BPM.25L8.B1 22138.89755 -0.00211700152692 -0.00940035461654 -2.62409228167e-05 0.000121389781786
BPM.24L8.B1 22192.34903 -0.00135126549466 -0.00954056832269 0.000121676242076 2.48788453569e-05
BPM.23L8.B1 22245.80052 -0.00330212578276 -0.0090523106252 2.12116915307e-05 -0.000122368822717
BPM.22L8.B1 22299.252 -0.00265389197403 -0.00929517831627 -0.000124021431329 7.34564055856e-05
BPM.21L8.B1 22352.70349 -0.0045252660481 -0.00854198160377 7.71490116323e-05 0.000121758736109
BPM.20L8.B1 22406.15497 -0.00382103050212 -0.00887936982241 0.000120886107491 -7.8509287339e-05
BPM.19L8.B1 22459.60645 -0.00558090612009 -0.00789284292241 -8.21059369026e-05 -0.000118472674112
BPM.18L8.B1 22513.05794 -0.00492568156284 -0.0083175202839 -0.000117546104379 8.34270427865e-05
BPM.17L8.B1 22566.50942 -0.00654469502705 -0.00711410215808 8.69206262959e-05 0.000114986797971
BPM.16L8.B1 22619.96091 -0.00594913098944 -0.00761914188152 0.000114004757143 -8.82047307726e-05
BPM.15L8.B1 22673.41239 -0.00740105518974 -0.00621834902337 -9.15902013373e-05 -0.000111303165217
BPM.14L8.B1 22726.86387 -0.00687503161652 -0.0067953971794 -0.000110271143658 9.28301349228e-05
BPM.13L8.B1 22780.31536 -0.00813570259341 -0.00522051969922 9.61009944582e-05 0.000107432566563
BPM.12L8.B1 22833.76684 -0.00777576701956 -0.00574290255828 0.000105391747162 -9.83348325158e-05
BPM.11L8.B1 22887.21833 -0.00857474573025 -0.00446287107059 -0.00010693315991 -9.6656389319e-05
BPM.10L8.B1 22939.05902 -0.00785648362139 -0.00563197546169 -9.10905343202e-05 0.000111712464922
BPM.9L8.B1 22978.126 -0.00932941892882 -0.00253089410754 8.08480720293e-05 0.000119334605428
BPM.8L8.B1 23018.59099 -0.00934687009327 -0.00246566461757 0.000114760825305 -8.7218756883e-05
BPM.7L8.B1 23057.65898 -0.00847627919413 0.0046471683343 -8.76279339875e-05 -0.000114448696167
BPMR.6L8.B1 23090.12798 -0.00452355066368 0.008542890145 -0.00014376682398 1.04049013231e-05
BPM.5L8.B1 23150.54698 0.00116706674406 0.00959590734417 5.50253542681e-05 0.000133226757768
BPMYB.4L8.B1 23171.31398 -0.000465040486491 0.00965542437576 0.000121536302874 7.74989495611e-05
BPMWB.4L8.B1 23195.70548 0.00136524130075 0.0095697230229 0.000134820428442 -5.09961886142e-05
BPMSX.4L8.B1 23245.93848 -0.00357615484817 0.00898079055784 -8.81405352744e-05 -0.000114054395119
BPMS.2L8.B1 23283.84998 -0.00358740176165 0.00897630387002 -0.000140841791383 -3.06716043554e-05
BPMSW.1L8.B1 23293.78398 -0.00324779159219 0.00910468738241 -0.000143985272443 6.73808841333e-06
BPMSW.1R8.B1 23336.97398 -0.00324768390181 0.00910472579567 1.68430497572e-05 -0.000143155406872
BPMS.2R8.B1 23346.90798 -0.00358732358906 0.00897633510703 -2.06952816613e-05 -0.000142649443569
BPMSX.4R8.B1 23384.81948 -0.00357617168351 0.00898078385459 -0.000107576516793 -9.59398380735e-05
BPMWB.4R8.B1 23434.97648 0.00136604211138 0.0095696087442 -6.07630054443e-05 0.000130709663631
BPMYB.4R8.B1 23459.44398 -0.000437097316776 0.00965672970005 6.87016723957e-05 0.000126717159817
BPMYB.5R8.B1 23480.02098 0.00184885704637 0.00948816158141 0.000131420651893 5.92095604922e-05
BPM.6R8.B1 23564.12898 -0.000636129956843 0.00964566333517 -3.11762545068e-05 -0.000140730945757
BPM_A.7R8.B1 23586.36898 -0.00230662510531 0.00938738319121 -8.59549159784e-05 -0.000115710466176
BPM.8R8.B1 23627.80599 -0.00648509743711 0.00716847220588 -0.000135887225317 4.80813995384e-05
BPM.9R8.B1 23666.871 -0.00835759964641 0.00485736663849 0.000110489273578 9.25704047878e-05
BPM.10R8.B1 23707.33402 -0.00415315473467 0.00872896260985 4.64714898443e-05 -0.000136446180128
BPM.11R8.B1 23759.17273 -0.00762924242324 0.00593617238735 -0.000141658936734 -2.66440323351e-05
BPM.12R8.B1 23813.89624 -0.00718531402791 0.00646643215722 -2.37519395461e-05 0.000142172448404
BPM.13R8.B1 23867.34476 -0.00805305203996 0.00534713337919 0.000143349051221 1.51065856388e-05
BPM.14R8.B1 23920.79327 -0.00676811274764 0.00690189338773 1.08099488115e-05 -0.000143736925712
BPM.15R8.B1 23974.24179 -0.0073030593272 0.00633315142553 -0.000143847909828 -9.21616481481e-06
BPM.16R8.B1 24027.69031 -0.00582962480756 0.00771096343922 -4.90831284233e-06 0.000144059248687
BPM.17R8.B1 24081.13882 -0.00643280890101 0.00721543152881 0.000144104842976 3.30964045395e-06
BPM.18R8.B1 24134.58734 -0.00479535160487 0.008393335781 -1.00513581303e-06 -0.000144139339172
BPM.19R8.B1 24188.03585 -0.00545711167454 0.00797893568863 -0.000144119337255 2.60291827697e-06
BPM.20R8.B1 24241.48437 -0.00368227602723 0.00893780318713 6.91403912651e-06 0.000143976924804
BPM.21R8.B1 24294.93289 -0.00439144801591 0.00861154265702 0.000143891365148 -8.51075690666e-06
BPM.22R8.B1 24348.3814 -0.00250872049333 0.00933540593852 -1.2813420304e-05 -0.000143572195382
BPM.23R8.B1 24401.82992 -0.00325397528543 0.00910247918905 -0.000143421293478 1.44045422831e-05
BPM.24R8.B1 24455.27843 -0.00116547118118 0.00955506116552 1.85614152143e-05 1.20787946577e-05
BPM.25R8.B1 24508.72695 -0.00193274833685 0.00942984627537 1.18722241302e-05 -1.86942197426e-05
BPM.26R8.B1 24562.17546 6.63562264268e-05 0.00962564874769 -1.90411322595e-05 -1.13074626661e-05
BPM.27R8.B1 24615.62398 -0.000710627769712 0.00959961067597 -1.10955896345e-05 1.91653686551e-05
BPM.28R8.B1 24669.0725 0.00142557301999 0.00951354953037 1.93603778438e-05 -0.000120329341681
BPM.29R8.B1 24722.52101 0.000653098311745 0.00959756978402 -0.000120536647539 -1.8024743105e-05
BPM.30R8.B1 24775.96953 0.00263081122662 0.00925303817541 -1.44091390916e-05 0.000121022113624
BPM.31R8.B1 24829.41804 0.00187562203419 0.00943514309041 0.000121174448749 1.30662960573e-05
BPM.32R8.B1 24882.86656 0.00379285105292 0.00884048437608 9.43471175182e-06 -0.000121511153369
BPM.33R8.B1 24936.31508 0.00306698754415 0.00911775578519 -0.000121608331956 -8.08629704693e-06
BPM.34R8.B1 24989.76359 0.00489256078875 0.00828267662194 -4.44278913287e-06 0.000121795884387
BPM.33L1.B1 25043.21211 0.00420827982694 0.00865044877722 0.000121837650743 3.09227079089e-06
BPM.32L1.B1 25096.66062 0.00591187613101 0.00758878144309 -5.54454168455e-07 -0.000121875629533
BPM.31L1.B1 25150.10914 0.00528013636808 0.00804114687613 -0.000121861971794 1.90659707198e-06
BPM.30L1.B1 25203.55766 0.00683407096127 0.00677018148474 5.55341784185e-06 0.000121750291917
BPM.29L1.B1 25257.00617 0.00626548727737 0.00729955836423 0.000121681265762 -6.90250761912e-06
BPM.28L1.B1 25310.45469 0.00764395183581 0.00584036672118 -1.05399380337e-05 -0.000121420283594
BPM.27L1.B1 25363.9032 0.00714768243607 0.00643820774537 -0.000121295849878 1.18867166785e-05
BPM.26L1.B1 25417.35172 0.00845678865678 0.0047900868809 1.53827291558e-05 -9.96082546435e-06
BPM.25L1.B1 25470.80023 0.00804264760838 0.00545692460972 -1.01308097653e-05 -1.52713150125e-05
BPM.24L1.B1 25524.24875 0.00900004838549 0.00366896931722 -1.49612807207e-05 1.05832993206e-05
BPM.23L1.B1 25577.69727 0.00867462350188 0.00438327660385 1.07485653375e-05 1.48430018665e-05
BPM.22L1.B1 25631.14578 0.00952400827346 0.00246303543568 1.43877576911e-05 -0.000142037760836
BPM.21L1.B1 25684.5943 0.00929416921049 0.0032236153287 -0.000142188707057 -1.28102483077e-05
BPM.20L1.B1 25738.04281 0.00976083200616 0.00122451444629 -8.54769695245e-06 0.00014250849168
BPM.19L1.B1 25791.49133 0.00963018840727 0.00200817039854 0.000142594443293 6.96832387468e-06
BPM.18L1.B1 25844.93985 0.00983728163145 -3.41643200476e-05 2.69959543389e-06 -0.000142739076598
BPM.17L1.B1 25898.38836 0.00980795393812 0.000759813569339 -0.000142760253072 -1.11487466176e-06
BPM.16L1.B1 25951.83688 0.00975209600029 -0.00129224638295 3.15945093872e-06 0.000142729637708
BPM.15L1.B1 26005.28539 0.00982457206001 -0.00050105982949 0.000142685878477 -4.7404529865e-06
BPM.14L1.B1 26058.73391 0.00950666974632 -0.00252913175391 -9.00683154465e-06 -0.000142480205808
BPM.13L1.B1 26112.18243 0.00967975903113 -0.00175372237371 -0.000142371442161 1.05880011384e-05
BPM.12L1.B1 26165.63094 0.00955367201258 -0.00234534180678 2.83644887629e-05 0.000139918502087
BPM.11L1.B1 26219.07946 0.00983696061057 8.65044984646e-05 0.000135466547201 -4.50615913564e-05
BPM.10L1.B1 26271.86017 0.0097699940933 -0.00114912685208 -5.18003274972e-05 -0.000133035555246
BPM.9L1.B1 26310.92518 0.0098284457711 0.000418247389483 -0.000138715069682 3.37618156053e-05
BPM.8L1.B1 26351.38819 0.00813800811897 -0.00552685271835 9.56144087014e-05 0.000106017059207
BPMR.7L1.B1 26390.4542 0.00983716913695 -5.81417606774e-05 0.000113720096362 -8.6310320388e-05
BPM.6L1.B1 26433.6382 0.00983628132796 0.000144384140046 5.25023827844e-06 -0.000142668029906
BPMR.5L1.B1 26465.5382 0.00983733977848 -4.81194153525e-06 -6.21480718819e-05 -0.000128527620842
BPMYA.4L1.B1 26486.6562 0.00983714305484 6.23987887872e-05 -9.86942016954e-05 -0.000103156134087
BPMWB.4L1.B1 26507.7887 0.00972887876305 0.00145677558595 -0.000129610872623 -5.98561098687e-05
BPMSY.4L1.B1 26600.5687 0.00957701175032 0.00224813768245 -4.95436247532e-05 0.000133892348854
BPMS.2L1.B1 26627.3542 0.00930846590448 0.0031820966616 1.35495015189e-05 0.000142120161739
BPMSW.1L1.B1 26637.4082 0.00918706466526 0.00351726026891 5.26279010603e-05 0.000132710347294
