BPMSW.1R1.B2 21.475 -0.0103103538885 0.000626290161472 0.000152780050386 5.64768110701e-05
BPMS.2R1.B2 31.529 -0.0103262760926 0.000252306668711 0.000162467327945 1.16508449903e-05
BPMSY.4R1.B2 58.3145 -0.0103007817475 -0.000767809933051 0.000151393471424 -6.00948436371e-05
BPMWB.4R1.B2 151.1705 -0.0102025831946 -0.00161336073649 -7.19488032891e-05 -0.000146132618977
BPMYA.4R1.B2 172.227 -0.00987217108846 -0.00303905820189 -0.000120302773672 -0.000109811728055
BPMR.5R1.B2 199.635 -0.00993948118732 -0.00281111196534 -0.000153980029455 -5.31180198634e-05
BPM.6R1.B2 231.535 -0.00968534399322 -0.0035902295827 -0.000160308373527 2.88547598722e-05
BPMRA.7R1.B2 259.259 -0.0093582181213 -0.00437257250385 -0.000120716718464 0.000109356514935
BPM.8R1.B2 300.6960106 -0.00722938977332 -0.00737777474837 8.10216715948e-05 0.000141304143738
BPM.9R1.B2 339.7610212 -0.00794925987751 -0.00659582474699 0.000115323114863 -0.000115030218441
BPM.10R1.B2 380.2240318 -0.00998199192879 -0.00265621420105 -0.000137302173276 -8.76326810916e-05
BPM.11R1.B2 433.0047424 -0.00739459150634 -0.00721218782278 -4.45664021081e-05 0.000156669106275
BPM.12R1.B2 487.7282583 -0.00845116709699 -0.00593914231245 0.000159795865328 3.15698378123e-05
BPM.13R1.B2 541.1767742 -0.00752723152048 -0.00707364279773 2.24430480657e-05 -0.000161330972187
BPM.14R1.B2 594.6252901 -0.00883137553395 -0.00535746609346 -0.0001619300717 -1.76075546923e-05
BPM.15R1.B2 648.073806 -0.00837020962229 -0.00605270415577 -1.58124186896e-05 0.000162115204236
BPM.16R1.B2 701.5223219 -0.00944409665889 -0.00418385885766 0.000162515900752 1.09524576303e-05
BPM.17R1.B2 754.9708378 -0.00907568296925 -0.00493230325477 9.1476762923e-06 -0.0001626274722
BPM.18R1.B2 808.4193537 -0.00990173337035 -0.00294131143009 -0.000162828335731 -4.27843201755e-06
BPM.19R1.B2 861.8678696 -0.00963207311986 -0.00373079135462 -2.47436353526e-06 0.000162865747193
BPM.20R1.B2 915.3163855 -0.0101966268279 -0.0016505871988 0.000162866817064 -2.40243916158e-06
BPM.21R1.B2 968.7649014 -0.010030174787 -0.00246804182859 -4.21042281842e-06 -0.000162830112052
BPM.22R1.B2 1022.213417 -0.010324000404 -0.000332644476447 -0.000162631284806 9.07944224212e-06
BPM.23R1.B2 1075.661933 -0.010263486324 -0.00116468245272 1.08804696506e-05 0.00016252072876
BPM.24R1.B2 1129.110449 -0.010234629384 0.000981737116958 0.000162073828688 -6.36784144186e-05
BPM.25R1.B2 1182.558965 -0.0102804746793 0.00015259995464 -6.54731601017e-05 -0.000161357155733
BPM.26R1.B2 1236.007481 -0.0100249700932 0.00228285370742 -0.000159326730264 7.02699017616e-05
BPM.27R1.B2 1289.455997 -0.0101764904594 0.00146645433066 7.20312970136e-05 0.000158538199316
BPM.28R1.B2 1342.904513 -0.00960346702457 0.00353753822906 0.000156261604946 -0.00012468258732
BPM.29R1.B2 1396.353029 -0.00985763869286 0.00275094801356 -0.000126408329851 -0.000154868887498
BPM.30R1.B2 1449.801545 -0.00907208880116 0.00473687242305 -0.000151019241924 0.000130983308454
BPM.31R1.B2 1503.25006 -0.00942471861388 0.00398941532535 0.000132649625632 0.000149557725189
BPM.32R1.B2 1556.698576 -0.00839155811895 0.00585854145378 0.000145518522709 -0.000137068581238
BPM.33R1.B2 1610.147092 -0.00883702509952 0.00516214519868 -0.000138674239076 -0.000143989208273
BPM.34R1.B2 1663.595608 -0.00757328083419 0.00688376153975 -0.000139777232835 0.000142918733034
BPM.33L2.B2 1717.044124 -0.00810399878601 0.00625027674029 0.000144459798362 0.000138183946095
BPM.32L2.B2 1770.49264 -0.00663038768789 0.00779607046467 0.000133796679696 -0.00014853243309
BPM.31L2.B2 1823.941156 -0.00723800754158 0.0072354683662 -0.000150007270943 -0.000132141046006
BPM.30L2.B2 1877.389672 -0.0055787750563 0.00858009466611 -0.000127594810539 0.000153892826779
BPM.29L2.B2 1930.838188 -0.00625283398807 0.00810202583834 0.000155298203266 0.000125880509869
BPM.28L2.B2 1984.286704 -0.00443523669462 0.00922330911768 0.000121174956666 -0.000158997063652
BPM.27L2.B2 2037.73522 -0.00516524282028 0.00883521489602 -0.000160331245366 -0.000119404058561
BPM.26L2.B2 2091.183735 -0.00317205837447 0.00970582667633 -0.000114600415726 0.000115895252415
BPM.25L2.B2 2144.632251 -0.00394479997161 0.00941825774876 0.0001171587192 0.000113308424588
BPM.24L2.B2 2198.080767 -0.00190427138078 0.0100318879738 0.000109750968622 -0.000120497673932
BPM.23L2.B2 2251.529283 -0.00270778255767 0.00984545273142 -0.000121707664533 -0.00010840761043
BPM.22L2.B2 2304.977799 -0.00055847042824 0.010184057963 -0.000104764164739 7.69607597589e-05
BPM.21L2.B2 2358.426315 -0.00137834592805 0.0101057947859 7.81175545957e-05 0.00010390446351
BPM.20L2.B2 2411.874831 0.000749020435658 0.0101718186296 0.000101520086083 -8.1192120216e-05
BPM.19L2.B2 2465.323347 -7.44088187722e-05 0.0101990876625 -8.23132128672e-05 -0.0001006132372
BPM.18L2.B2 2518.771863 0.0020438833438 0.00999247050004 -9.81048358097e-05 8.52873347743e-05
BPM.17L2.B2 2572.220379 0.001230983486 0.0101248015023 8.63698350757e-05 9.71531781864e-05
BPM.16L2.B2 2625.668894 0.00330547082899 0.00964887497933 9.45251703304e-05 -8.92383352906e-05
BPM.15L2.B2 2679.11741 0.00251591129594 0.00988418515402 -9.02813167285e-05 -9.35295301566e-05
BPM.14L2.B2 2732.565926 0.00451246172696 0.00914683633289 -9.07855326237e-05 9.30401896211e-05
BPM.13L2.B2 2786.014442 0.00375973641 0.00948110267567 9.40410715357e-05 8.97483463597e-05
BPM.12L2.B2 2839.462958 0.0058356554281 0.00836492985354 8.81823114576e-05 -9.55110867589e-05
BPM.11L2.B2 2892.911474 0.00412815475968 0.00932658909137 -8.65631847404e-05 -9.69809460756e-05
BPM.10L2.B2 2944.750185 0.00487138164997 0.00896083515103 -0.000111393880376 6.70066599087e-05
BPM.9L2.B2 2983.815195 0.00656723065813 0.00780374315872 4.29538301065e-05 0.000122692529977
BPM.8L2.B2 3024.278206 0.00907937776883 0.00464670046406 5.62498211008e-05 -0.000117194058385
BPM.7L2.B2 3063.344216 -8.08459801582e-05 0.0101990386658 -0.000123770569674 -3.97408539129e-05
BPM.6L2.B2 3095.450216 -0.00106103187622 0.0101440197764 -0.000128118273409 2.20044778697e-05
BPMYB.5L2.B2 3167.649216 0.00153099005954 0.0100837986522 1.44245662692e-05 0.000129191408615
BPMYB.4L2.B2 3188.219216 0.00344907426474 0.00959847970021 8.70486375909e-05 9.65454509818e-05
BPMWB.4L2.B2 3212.610716 0.00158825057619 0.0100749385062 0.000129444579835 -1.19410770114e-05
BPMSX.4L2.B2 3262.843716 0.00638911338731 0.0079502299293 -4.92169238832e-05 -0.000120317009358
BPMS.2L2.B2 3300.755216 0.00639899691542 0.00794227702308 -0.000115059610694 -6.04961053463e-05
BPMSW.1L2.B2 3310.689216 0.00609622089687 0.00817698089985 -0.000126779117166 -2.87322663881e-05
BPMSW.1R2.B2 3353.879216 0.00609631795629 0.00817690853826 4.90319022844e-05 -0.000120392531366
BPMS.2R2.B2 3363.813216 0.00639906578147 0.00794222153676 1.62799896993e-05 -0.000128970704115
BPMSX.4R2.B2 3401.724716 0.00638909852167 0.00795024187352 -7.04636423797e-05 -0.000109239935408
BPMWB.4R2.B2 3451.881716 0.00158641164477 0.0100752282303 -8.42191007855e-05 9.9023389048e-05
BPMYB.4R2.B2 3476.349216 0.0034067221184 0.00961359299 2.92270196197e-05 0.000126665975732
BPM.5R2.B2 3505.883216 -0.0030446287958 0.00973432901026 0.000126735020206 2.89261672084e-05
BPMR.6R2.B2 3579.179216 -0.00447522618524 0.00916511191456 3.64291894602e-05 -0.000124785425826
BPM_A.7R2.B2 3592.054216 -0.00408121674792 0.00934722395577 1.3642675285e-05 -0.000129276316541
BPM.8R2.B2 3633.493206 -0.000217235813885 0.0101970453766 -0.000107425869344 -7.31995330947e-05
BPM.9R2.B2 3672.560195 0.00879408106197 0.0051663395089 -2.53560182442e-05 0.000127497304464
BPM.10R2.B2 3713.025185 0.00915043201021 0.00450516591024 0.000110230539315 6.89036788051e-05
BPM.11R2.B2 3764.865874 0.00946455061526 0.00380121130411 7.92603560041e-05 -0.00010303534994
BPM.12R2.B2 3819.592358 0.00920534681083 0.00439186929235 -0.000109628921196 -6.98569102772e-05
BPM.13R2.B2 3873.043842 0.0101046809631 0.00138648780417 -5.76620826992e-05 0.000116505681144
BPM.14R2.B2 3926.495326 0.00995985091062 0.00219733831376 0.00011714360021 5.63548182279e-05
BPM.15R2.B2 3979.94681 0.0101990275005 8.22428852451e-05 5.28115265457e-05 -0.000118783133192
BPM.16R2.B2 4033.398294 0.0101591130882 0.000905177921496 -0.000119367609673 -5.14768181795e-05
BPM.17R2.B2 4086.849779 0.0101257524729 -0.00122313640659 -4.78658194022e-05 0.000120860886299
BPM.18R2.B2 4140.301263 0.010191438216 -0.000401886737962 0.000121389364035 4.65092631117e-05
BPM.19R2.B2 4193.752747 0.00988607965044 -0.00250845668795 4.28428921093e-05 -0.000122731312987
BPM.20R2.B2 4247.204231 0.0100562864111 -0.00170235995954 -0.000123203829269 -4.14645029682e-05
BPM.21R2.B2 4300.655715 0.00948395553929 -0.0037525342283 -3.77427930339e-05 0.000124394411694
BPM.22R2.B2 4354.107199 0.00975589430885 -0.00297480284807 0.000124809286943 3.63473415607e-05
BPM.23R2.B2 4407.558683 0.00892598189597 -0.00493495420383 3.25827268183e-05 -0.000125844570706
BPM.24R2.B2 4461.010167 0.00911924715712 -0.0042094788958 -0.000128884042498 0.000145036594575
BPM.25R2.B2 4514.461651 0.00804701557667 -0.00601048430306 0.000148842970619 0.000124468793067
BPM.26R2.B2 4567.913135 0.00850585869676 -0.00534141825861 0.000122795908342 -0.000150226069293
BPM.27R2.B2 4621.36462 0.0072118730096 -0.00699065583081 -0.000153847781905 -0.00011822677248
BPM.28R2.B2 4674.816104 0.00757674865529 -0.00639673631054 -0.000119171955581 0.00033136508362
BPM.29R2.B2 4728.267588 0.00608426598952 -0.00782988269572 0.00033479428765 0.000109167558734
BPM.30R2.B2 4781.719072 0.0066962587961 -0.00731337635646 0.000105417466343 -0.0003359939399
BPM.31R2.B2 4835.170556 0.005032234187 -0.0085441193074 -0.000339010634231 -9.52709925859e-05
BPM.32R2.B2 4888.62204 0.00570557817411 -0.00810997739534 -9.14601754375e-05 0.000340058537866
BPM.33R2.B2 4942.073524 0.00389831580362 -0.0091174826331 0.000342651834964 8.1206462287e-05
BPM.34R2.B2 4995.525008 0.00462130114169 -0.00877319391143 7.73675289446e-05 -0.000343538985361
BPM.33L3.B2 5048.976492 0.00269941570121 -0.009541410302 -0.000345708963968 -6.70080809163e-05
BPM.32L3.B2 5102.427976 0.00346092421528 -0.0092923279761 -6.31267041784e-05 0.000346438725441
BPM.31L3.B2 5155.87946 0.0014571685032 -0.00980826261969 0.000348178483113 5.26926501512e-05
BPM.30L3.B2 5209.330945 0.00224381845335 -0.0096587076993 4.8790804412e-05 -0.000348746652304
BPM.29L3.B2 5262.782429 0.000189904772558 -0.00991409561428 -0.000350055244959 -3.82896216587e-05
BPM.28L3.B2 5316.233913 0.000989723042484 -0.00986639772206 -3.43641186208e-05 0.000350462374987
BPM.27L3.B2 5369.685397 -0.00107938408986 -0.00985699171101 0.000351336558617 2.38200039884e-05
BPM.26L3.B2 5423.136881 -0.000456289761587 -0.00992306320007 1.71964345822e-05 -0.000175380362795
BPM.25L3.B2 5476.588365 -0.0025061032062 -0.00961222296741 -0.000175817818795 -1.1919900593e-05
BPM.24L3.B2 5530.039849 -0.00172197951062 -0.00978315747514 -9.94954839154e-06 0.000175940317793
BPM.23L3.B2 5583.491333 -0.00371492631223 -0.00921274693502 0.000176159835205 4.65864173277e-06
BPM.22L3.B2 5636.942817 -0.00313511358643 -0.00949366052679 -1.12618349095e-09 9.94969880933e-10
BPM.21L3.B2 5690.394301 -0.00503732372757 -0.00863619690909 1.02752742553e-09 1.09319655261e-09
BPM.20L3.B2 5743.845786 -0.00432384537353 -0.00901459309135 1.08105198522e-09 -1.03911060119e-09
BPM.19L3.B2 5797.29727 -0.00610073252098 -0.00792083266936 -1.07730380686e-09 -1.05380994333e-09
BPM.18L3.B2 5850.748754 -0.0054415270666 -0.008387389974 -1.04065391169e-09 1.08453488518e-09
BPM.17L3.B2 5904.200238 -0.00706389732598 -0.00707530084473 1.11121415874e-09 1.00945552905e-09
BPM.16L3.B2 5957.651722 -0.00646979117924 -0.00762235721438 9.95853337807e-10 -1.12714937751e-09
BPM.15L3.B2 6011.103206 -0.00791097388624 -0.00611351123085 -1.15565858605e-09 -9.60985103964e-10
BPM.14L3.B2 6064.55469 -0.00739173330444 -0.0067320729496 -9.45562307348e-10 1.16490833677e-09
BPM.13L3.B2 6118.006174 -0.0086280604008 -0.00505124748577 1.19302751993e-09 9.12305408872e-10
BPM.12L3.B2 6171.457658 -0.00725556224429 -0.0068786149757 9.99767414213e-10 -1.12286283988e-09
BPM.11L3.B2 6224.909142 -0.006518232299 -0.00758097454445 -1.07534209301e-09 -1.05007640103e-09
BPM.10L3.B2 6277.691832 -0.00286513927805 -0.0095785961566 -1.13260895126e-09 9.87466869739e-10
BPM.9L3.B2 6316.758821 -0.00443297878523 -0.00896142993706 2.42469094687e-11 1.50133721996e-09
BPM.8L3.B2 6357.223811 -0.00605106611881 -0.00795883950083 1.23183961036e-09 8.50532987112e-10
BPM.7L3.B2 6396.2898 -0.00883367553795 -0.0046823822843 1.32421168816e-09 -7.17473453729e-10
BPMR.6L3.B2 6468.9288 -0.00913670889847 0.004059443051 -1.24971190484e-09 -8.23414129004e-10
BPMWE.5L3.B2 6511.9823 -0.00904903918216 0.0042512841953 -1.50143304621e-09 7.16820412917e-11
BPMW.5L3.B2 6539.5273 -0.00991322132901 0.00129868022687 -1.31426446735e-09 7.30638848806e-10
BPMWE.4L3.B2 6614.6553 -0.0088540091222 0.00464381845133 3.19733272019e-10 1.4633000235e-09
BPMW.4L3.B2 6642.2003 -0.00228921698881 0.00973231796586 1.40797518797e-09 5.28365456359e-10
BPMW.4R3.B2 6687.1653 -0.000110526361245 0.00999731520499 1.42745264813e-09 -4.44692402137e-10
BPMWE.4R3.B2 6714.7103 -0.00200797208133 0.00979421132931 1.15926082498e-09 -9.49478475365e-10
BPMW.5R3.B2 6789.8383 -0.000140554262098 0.00999693812664 -3.36943106954e-10 -1.46333510712e-09
BPMWE.5R3.B2 6817.3833 0.00385446174486 0.0092250556722 -1.09555698953e-09 -1.02035005662e-09
BPMWC.6R3.B2 6858.3743 0.00471911395345 0.00881410749237 -1.49199447302e-09 -1.58732532019e-10
BPM.6R3.B2 6870.5288 0.00374500867061 0.00927002898975 -1.48555113553e-09 1.70160572703e-10
BPM_A.7R3.B2 6926.3528 0.00395143067996 0.00918393831624 -4.87329712167e-10 1.41857220783e-09
BPM.8R3.B2 6965.418789 -0.00164546728455 0.00986159037977 1.38436540478e-09 5.80981239017e-10
BPM.9R3.B2 7004.485779 -0.00920207869057 0.00390899928248 3.29790139931e-10 -1.45311657342e-09
BPM.10R3.B2 7044.950768 -0.00869023404119 0.00494351693697 -8.27170928491e-10 -1.25110395164e-09
BPM.11R3.B2 7097.733458 -0.00667323044867 0.0074448991114 -1.39099345169e-09 5.65499511984e-10
BPM.12R3.B2 7152.459942 -0.00396319726768 0.0091788667511 8.51249314671e-10 1.23527446487e-09
BPM.13R3.B2 7205.911426 -0.00530025672931 0.00847737023097 1.17936355522e-09 -9.26640156857e-10
BPM.14R3.B2 7259.36291 -0.00342541984344 0.00939281780412 -9.71122389138e-10 -1.14795558456e-09
BPM.15R3.B2 7312.814394 -0.00417236107666 0.00908569922897 -1.13972059104e-09 9.79954685999e-10
BPM.16R3.B2 7366.265878 -0.00219567982081 0.00975384629366 1.00985041945e-09 1.10852467703e-09
BPM.17R3.B2 7419.717362 -0.00297575880124 0.00954480942536 1.09268444911e-09 -1.02805849431e-09
BPM.18R3.B2 7473.168846 -0.000929862918108 0.00995459101859 -1.05293259067e-09 -1.06474238628e-09
BPM.19R3.B2 7526.62033 -0.00173028657132 0.00984706229066 -1.0555780338e-09 1.06590288727e-09
BPM.20R3.B2 7580.071814 0.000351237409848 0.00999175458495 1.10001431688e-09 1.01908497682e-09
BPM.21R3.B2 7633.523299 -0.000456354127233 0.00998750561048 1.01161272808e-09 -1.11209879049e-09
BPM.22R3.B2 7686.974783 0.0016265642537 0.00986472585029 -1.14356212919e-09 -9.72603427459e-10
BPM.23R3.B2 7740.426267 0.000825054814602 0.00996382516732 -9.59621207307e-10 1.15344754183e-09
BPM.24R3.B2 7793.877751 0.00300450316171 0.00955091184814 -1.43282521968e-07 -0.000131777304086
BPM.25R3.B2 7847.329235 0.00222373462754 0.00976227230855 -0.00013176741847 1.61990074178e-06
BPM.26R3.B2 7900.780719 0.00420164016472 0.0090880788009 5.57841986658e-06 0.000131659255954
BPM.27R3.B2 7954.232203 0.00345450469302 0.00939751848382 0.000131588509809 -7.05280078422e-06
BPM.28R3.B2 8007.683687 0.00545908200306 0.00845126651294 -1.11450853087e-05 -0.000263097025682
BPM.29R3.B2 8061.135171 0.00475899955496 0.00886438972882 -0.000262955501674 1.40946991195e-05
BPM.30R3.B2 8114.586655 0.00649539183495 0.00768344759687 2.19916444321e-05 0.000262413079185
BPM.31R3.B2 8168.03814 0.00585418509915 0.00818254232116 0.000262150523528 -2.49270352548e-05
BPM.32R3.B2 8221.489624 0.00742491570846 0.00678941151878 -3.27880880653e-05 -0.000261283752129
BPM.33R3.B2 8274.941108 0.00685260774793 0.00736663078644 -0.0002608994498 3.57174604359e-05
BPM.34R3.B2 8328.392592 0.00823248488931 0.00578374226177 4.3543428671e-05 0.000259707966416
BPM.33L4.B2 8381.844076 0.00773888359199 0.00642924278655 0.000259204634244 -4.644581424e-05
BPM.32L4.B2 8435.29556 0.00890471470376 0.00468311200352 -5.42083482657e-05 -0.000257693053613
BPM.31L4.B2 8488.747044 0.00849763266946 0.00538662427219 -0.000257068368855 5.70973624491e-05
BPM.30L4.B2 8542.198528 0.00943066411351 0.00350543241495 6.4798638974e-05 0.000255235957402
BPM.29L4.B2 8595.650012 0.00911699642976 0.00425509789658 0.000254495449837 -6.76485228288e-05
BPM.28L4.B2 8649.101496 0.00980160587906 0.00227024322076 -7.52601853882e-05 -0.000252349283871
BPM.27L4.B2 8702.55298 0.00958637847882 0.00305398586704 -0.000251488338826 7.80888816459e-05
BPM.26L4.B2 8756.004465 0.010140990408 0.000972979785859 8.54652710537e-05 0.000117251060171
BPM.25L4.B2 8809.455949 0.0100293762857 0.00178829176379 0.000116287416179 -8.67718880596e-05
BPM.24L4.B2 8862.907433 0.0101821391543 -0.000332292502716 -9.02261498965e-05 -0.000113628181011
BPM.23L4.B2 8916.358917 0.0101757394279 0.000490615074767 -0.000112608783257 9.14952745008e-05
BPM.22L4.B2 8969.810401 0.0101854669007 -0.00165686435837 9.46930599165e-05 -2.19716416306e-05
BPM.21L4.B2 9023.261885 0.0102859639286 -0.000829386219647 -2.30307869612e-05 -9.44410420711e-05
BPM.20L4.B2 9076.713369 0.00988981965275 -0.00294625231656 -9.37062394393e-05 2.58586298672e-05
BPM.19L4.B2 9130.164853 0.0100953561851 -0.00213839167387 2.69072839057e-05 9.34105192393e-05
BPM.18L4.B2 9183.616337 0.00943166627638 -0.00418719556964 9.25602550469e-05 -2.97006084493e-05
BPM.17L4.B2 9237.067821 0.00973883834918 -0.00341232517932 -3.0735418651e-05 -9.2221805565e-05
BPM.16L4.B2 9290.519306 0.00881849685767 -0.00535938883425 -9.12564662477e-05 3.34930610779e-05
BPM.15L4.B2 9343.97079 0.00922231385364 -0.00463010395102 3.45137353143e-05 9.08753527344e-05
BPM.14L4.B2 9397.422274 0.00806046504978 -0.00644343376053 8.97977590234e-05 -3.72275570295e-05
BPM.13L4.B2 9450.873758 0.00855419353718 -0.00577188949073 -3.82310007859e-05 -8.93751475302e-05
BPM.12L4.B2 9504.325242 0.00639184221108 -0.00810143744266 -9.03520584546e-05 3.58613232451e-05
BPM.11L4.B2 9557.776726 0.00667745182324 -0.00786769169534 2.05288538711e-05 9.5016279364e-05
BPMC.10L4.B2 9609.617415 0.0056503957553 -0.00863492694105 9.69508219021e-05 -7.07573538202e-06
BPMC.9L4.B2 9648.684405 0.00482063277405 -0.00912416764054 1.08961160444e-05 -9.6596079338e-05
BPMC.8L4.B2 9689.149394 0.00176713392272 -0.0101669156168 -7.59863131432e-05 6.06267989013e-05
BPMC.7L4.B2 9728.215384 0.00890652482593 -0.00521178962684 6.80344322815e-05 6.94322920843e-05
BPMYA.6L4.B2 9824.819384 0.00804196710021 -0.00646650606202 8.58018672586e-05 -4.56899119057e-05
BPMYB.5L4.B2 9861.819384 0.00805359559799 -0.00645201773504 7.03425142728e-05 -6.70928723887e-05
BPMWA.B5L4.B2 9964.209884 0.00368691408965 -0.00963823634933 -2.26469624397e-05 -9.45338209697e-05
BPMWA.A5L4.B2 9973.094884 0.00334183491404 -0.00976325124323 -3.13946572784e-05 -9.19994763072e-05
BPMWA.A5R4.B2 10021.14388 0.00221788995613 -0.0100781893029 -6.97975529191e-05 -6.76596602907e-05
BPMWA.B5R4.B2 10030.02888 0.00215543225077 -0.010091731628 -7.50313267748e-05 -6.18047598771e-05
BPMYA.5R4.B2 10132.49538 0.00376218645436 -0.00960910445605 -9.63432381465e-05 1.29426137742e-05
BPMYB.6R4.B2 10164.05938 0.00351906481454 -0.00970077925877 -9.12868140086e-05 3.34102796961e-05
BPMCA.7R4.B2 10260.57538 0.00666106683439 -0.00788156863162 4.33254710848e-05 8.70197183671e-05
BPMC.8R4.B2 10298.36637 0.00851823331 -0.00582482933401 8.4086384243e-05 -4.87750789256e-05
BPMC.9R4.B2 10337.43336 0.00270232801154 -0.00995923484946 -7.76360511675e-05 -5.8499320989e-05
BPMC.10R4.B2 10377.89835 0.00231046910908 -0.010057368842 -7.71880670999e-05 5.9089161852e-05
BPM.11R4.B2 10429.73904 -0.00115283527707 -0.0102547504249 5.18450330746e-05 8.22290778014e-05
BPM.12R4.B2 10484.46553 -0.00151132638822 -0.0102080766072 8.46066673367e-05 -4.78668964243e-05
BPM.13R4.B2 10537.91701 -0.00361475622996 -0.00966553013747 -5.05016363618e-05 -8.30608977927e-05
BPM.14R4.B2 10591.36849 -0.00282286016897 -0.00992574409977 -8.24900061353e-05 5.1428847732e-05
BPM.15R4.B2 10644.81998 -0.00482146041541 -0.00912373032201 5.38839650017e-05 8.0907634653e-05
BPM.16R4.B2 10698.27146 -0.00406932613124 -0.00948311764654 8.02986296074e-05 -5.47873871747e-05
BPM.17R4.B2 10751.72295 -0.00594908507175 -0.00843192280959 -5.71750355468e-05 -7.86164293224e-05
BPM.18R4.B2 10805.17443 -0.00524913284696 -0.00888456750958 -7.79711974465e-05 5.80518723112e-05
BPM.19R4.B2 10858.62591 -0.00697881442359 -0.00760165012777 6.0368255803e-05 7.61918678655e-05
BPM.20R4.B2 10912.0774 -0.00634249504482 -0.00814012850483 7.55103458575e-05 -6.12185829605e-05
BPM.21R4.B2 10965.52888 -0.0078939761563 -0.00664635808928 -6.34594495011e-05 -7.36371259419e-05
BPM.22R4.B2 11018.98037 -0.00733179144401 -0.00726180209816 -7.29219515723e-05 6.42799750877e-05
BPM.23R4.B2 11072.43185 -0.00867932820986 -0.00558195282187 6.64418851798e-05 7.0957760382e-05
BPM.24R4.B2 11125.88333 -0.0080788601272 -0.00625652115315 7.20627756855e-05 -0.000189077573528
BPM.25R4.B2 11179.33482 -0.00920156303453 -0.00444334060291 -0.000191156582498 -6.63515973994e-05
BPM.26R4.B2 11232.7863 -0.00881289660557 -0.00517154631367 -6.42090698944e-05 0.000191886861863
BPM.27R4.B2 11286.23779 -0.00969434459497 -0.00322981744275 0.000193729964942 5.84129608583e-05
BPM.28R4.B2 11339.68927 -0.00928039597863 -0.00399397688399 5.80869541965e-05 -0.00031621388452
BPM.29R4.B2 11393.14075 -0.00990729083175 -0.00198070421231 -0.000317815189038 -4.85676466242e-05
BPM.30R4.B2 11446.59224 -0.0097150951793 -0.00277390095825 -4.50127998988e-05 0.00031833812105
BPM.31R4.B2 11500.04372 -0.010079269534 -0.000697084323748 0.000319547611269 3.54207991353e-05
BPM.32R4.B2 11553.49521 -0.00999012254537 -0.00150832767959 3.18293424568e-05 -0.000319925307766
BPM.33R4.B2 11606.94669 -0.0100856304268 0.000598046599487 -0.000320736580402 -2.22116385654e-05
BPM.34R4.B2 11660.39818 -0.0101009960819 -0.000217896735162 -1.86255478742e-05 0.000320964794728
BPM.33L5.B2 11713.84966 -0.00992624316756 0.00188342703792 0.000321379730851 8.96559184029e-06
BPM.32L5.B2 11767.30114 -0.0100458807 0.00107604916108 5.35578764249e-06 -0.000321460157323
BPM.31L5.B2 11820.75263 -0.00960378792141 0.00313765173716 -0.000321476067503 4.29548767785e-06
BPM.30L5.B2 11874.20411 -0.00982567575492 0.00235238109291 7.88901158616e-06 0.000321407960567
BPM.29L5.B2 11927.6556 -0.00912340225906 0.00434063728676 0.000321025373085 -1.75505280154e-05
BPM.28L5.B2 11981.10708 -0.00944402796489 0.00358997725767 -2.11536232981e-05 -0.000320808099385
BPM.27L5.B2 12034.55856 -0.00849329980131 0.00547187895991 -0.000320028596088 3.0773519646e-05
BPM.26L5.B2 12088.01005 -0.0087855218509 0.00477629267604 3.62116768063e-05 0.000197818772054
BPM.25L5.B2 12141.46153 -0.00760279226638 0.00649583832338 0.00019664080295 -4.21419359281e-05
BPM.24L5.B2 12194.91302 -0.0081023652706 0.00586089096183 -4.43446389527e-05 -0.000196155816255
BPM.23L5.B2 12248.3645 -0.00670950237457 0.00741491360396 -0.000194735823137 5.02146343223e-05
BPM.22L5.B2 12301.81598 -0.00716437582635 0.00685691895865 5.42500507059e-05 7.23189106928e-05
BPM.21L5.B2 12355.26747 -0.00558514621551 0.00819461776664 7.06559818417e-05 -5.63988033589e-05
BPM.20L5.B2 12408.71895 -0.00622841002352 0.0077170283904 -5.71870627171e-05 -7.00195221096e-05
BPM.19L5.B2 12462.17044 -0.00449104039388 0.00884172917322 -6.82701885774e-05 5.92644434547e-05
BPM.18L5.B2 12515.62192 -0.00518991995009 0.00845046445064 6.00254727596e-05 6.76020451989e-05
BPM.17L5.B2 12569.07341 -0.00332294215841 0.00934364350719 6.57678656872e-05 -6.20296825733e-05
BPM.16L5.B2 12622.52489 -0.00406635290844 0.00904490975902 -6.27627927779e-05 -6.50686145006e-05
BPM.15L5.B2 12675.97637 -0.00210044657658 0.00969194215614 -6.31538472076e-05 6.46891401247e-05
BPM.14L5.B2 12729.42786 -0.00287572621972 0.00949082806352 6.53925148651e-05 6.24252618523e-05
BPM.13L5.B2 12782.87934 -0.000843218541508 0.00988102226882 6.04323505834e-05 -6.72385629518e-05
BPM.12L5.B2 12836.33083 -0.00284604735639 0.00949977015612 -6.32747268063e-05 -6.45709152391e-05
BPM.11L5.B2 12889.78231 -0.00207762045649 0.00969686092624 -7.12118964797e-05 5.56952371654e-05
BPM.10L5.B2 12942.565 -0.000959245398446 0.00987043397558 5.97725199835e-05 6.78257990017e-05
BPM.9L5.B2 12981.63199 0.00109140173075 0.0098566962429 7.28359717134e-05 -5.35538391002e-05
BPM.8L5.B2 13022.09698 -0.00604101227405 0.00786459085099 -8.13736922781e-05 -3.93880250213e-05
BPM.7L5.B2 13061.16497 -0.000338962278486 0.00991114136605 -4.68740922957e-05 7.7304029536e-05
BPMR.6L5.B2 13098.05897 -5.61960733856e-05 0.00991677672254 2.13420441645e-05 8.78499325221e-05
BPMWT.B6L5.B2 13109.36897 0.000757974076305 0.00988792667381 3.85315967255e-05 8.17827007249e-05
BPMWT.A6L5.B2 13115.19097 0.00093391722006 0.00987286266611 4.57714400767e-05 7.79619736774e-05
BPM.5L5.B2 13129.95897 0.000730117576536 0.0098900225919 6.15309812103e-05 6.62346754403e-05
BPMYA.4L5.B2 13157.36497 0.000502240817243 0.00990420984996 8.27469092169e-05 3.64148602914e-05
BPMWB.4L5.B2 13178.42347 0.00189701630476 0.00973380438357 9.03288519887e-05 3.71378450332e-06
BPMWT.B4L5.B2 13178.89297 0.00192697244943 0.00972791836692 9.03579169873e-05 2.9224085608e-06
BPMWT.A4L5.B2 13180.87497 0.00205181919393 0.00970235314648 9.04041301459e-05 -4.32171427066e-07
BPMSY.4L5.B2 13271.27947 0.00269190426254 0.00954459376103 -3.48330258321e-06 -9.03380359916e-05
BPMS.2L5.B2 13298.06497 0.00362047856412 0.00923242945185 -4.23868504472e-05 -7.98526666797e-05
BPMSW.1L5.B2 13308.11897 0.0039525942354 0.0090951974908 -6.29655622926e-05 -6.48724290151e-05
BPMSW.1R5.B2 13351.06897 0.00395271208088 0.0090951462766 8.14928013083e-05 -3.91409890558e-05
BPMS.2R5.B2 13361.12297 0.00362057110128 0.00923239315447 6.73523937563e-05 -6.03054454518e-05
BPMSY.4R5.B2 13387.90847 0.00269193877165 0.00954458402669 3.44621335291e-05 -8.3579034779e-05
BPMWB.4R5.B2 13480.76447 0.00189677656027 0.00973385110337 -8.60557410993e-05 -2.77038429968e-05
BPMYA.4R5.B2 13501.82097 0.000502064877409 0.00990421876941 -9.02314690069e-05 5.60134496733e-06
BPMR.5R5.B2 13522.93897 0.000425669473239 0.00990779612663 -8.41342036411e-05 3.3083677441e-05
BPM.6R5.B2 13554.83897 0.000467649524409 0.0099059034166 -5.87967589457e-05 6.86733926904e-05
BPMRA.7R5.B2 13588.85297 -0.000869705349603 0.00987872619251 -2.97234483718e-06 9.03562874492e-05
BPM.8R5.B2 13630.28998 -0.00428001111662 0.00894578802734 8.76319579894e-05 2.22201145796e-05
BPM.9R5.B2 13669.35499 -0.00333813778379 0.00933822545973 -1.37137547224e-06 -9.03947598885e-05
BPM.10R5.B2 13709.818 0.000883512702915 0.00987750089377 -8.79461335812e-05 2.09420749263e-05
BPM.11R5.B2 13762.59871 -0.00407644725299 0.00904036483871 4.52893155271e-05 7.8243032789e-05
BPM.12R5.B2 13817.32223 -0.00258075563426 0.00957524511137 7.42660932575e-05 -5.15523137182e-05
BPM.13R5.B2 13870.77074 -0.00390792728696 0.00911447875287 -5.56866354185e-05 -7.12186254043e-05
BPM.14R5.B2 13924.21926 -0.00193135905416 0.00972704841117 -6.95208872937e-05 5.77922095383e-05
BPM.15R5.B2 13977.66777 -0.00270989200733 0.00953950229031 5.855945029e-05 6.88758625115e-05
BPM.16R5.B2 14031.11629 -0.000671087394741 0.00989420336915 6.7092485394e-05 -6.05944902434e-05
BPM.17R5.B2 14084.56481 -0.00146746903569 0.00980775984441 -6.13349703083e-05 -6.64162212648e-05
BPM.18R5.B2 14138.01332 0.000599964457555 0.00989877069114 -6.45509607365e-05 6.32950826195e-05
BPM.19R5.B2 14191.46184 -0.000200675650592 0.00991490533858 6.40068785818e-05 6.3845227151e-05
BPM.20R5.B2 14244.91035 0.00186139794536 0.00974067843032 6.19012901832e-05 -6.58887261637e-05
BPM.21R5.B2 14298.35887 0.00106914806207 0.00985913490149 -6.65713149536e-05 -6.11666026583e-05
BPM.22R5.B2 14351.80738 0.00309202152326 0.00942258040535 -5.91467726203e-05 6.83721653672e-05
BPM.23R5.B2 14405.2559 0.00232167129764 0.00964134124383 6.90237070196e-05 5.83851126024e-05
BPM.24R5.B2 14458.70442 0.00443858904734 0.00891784750372 5.61291645847e-05 -0.00024040170046
BPM.25R5.B2 14512.15293 0.00370423616644 0.00924703797278 -0.000241009876275 -5.34574944916e-05
BPM.26R5.B2 14565.60145 0.00554281402251 0.00827685263494 -4.6217904076e-05 0.000242502308343
BPM.27R5.B2 14619.04996 0.00485700385729 0.00869704492253 0.000242999447332 4.35285128749e-05
BPM.28R5.B2 14672.49848 0.00672269420361 0.00746805611391 3.60802826289e-05 -0.000413858373774
BPM.29R5.B2 14725.947 0.00609786474825 0.00798639623954 -0.000414233739238 -3.14792555361e-05
BPM.30R5.B2 14779.39551 0.00762273834124 0.00654678086524 -1.90575825385e-05 0.000414990771986
BPM.31R5.B2 14832.84403 0.00706975702614 0.00714037918924 0.000415176226091 1.44650310296e-05
BPM.32R5.B2 14886.29254 0.00839759420886 0.00551787014153 2.04617370333e-06 -0.000415423100542
BPM.33R5.B2 14939.74106 0.00792478421145 0.00617772406339 -0.000415420169554 2.57318646518e-06
BPM.34R5.B2 14993.18958 0.00903443884082 0.00439833993701 1.50165180879e-05 0.000415156641823
BPM.33L6.B2 15046.63809 0.0086501309084 0.005112896889 0.000414965232383 -1.96059933423e-05
BPM.32L6.B2 15100.08661 0.00952285367413 0.0032065148201 -3.20025350908e-05 -0.000414193645523
BPM.31L6.B2 15153.53512 0.00923297970002 0.00396466458312 -0.000413811966103 3.66086637358e-05
BPM.30L6.B2 15206.98364 0.00985479344974 0.0019620207598 4.89886937675e-05 0.000412529563
BPM.29L6.B2 15260.43215 0.0096643495298 0.00275078671746 0.000411962964164 -5.35448712878e-05
BPM.28L6.B2 15313.88067 0.010024813457 0.000685269674128 -6.58369431183e-05 -0.000410178052471
BPM.27L6.B2 15367.32919 0.00993680924553 0.00149207956106 -0.0004094198967 7.03980074331e-05
BPM.26L6.B2 15420.7777 0.0101968385765 -0.000634513172247 8.24560964601e-05 0.00023747036008
BPM.25L6.B2 15474.22622 0.01021478697 0.000190397249036 0.000236543591042 -8.50782361858e-05
BPM.24L6.B2 15527.67473 0.0100318928114 -0.00193371418774 -9.21159309373e-05 -0.000233892783635
BPM.23L6.B2 15581.12325 0.0101552226423 -0.00111784479861 -0.000232854330343 9.47103089386e-05
BPM.22L6.B2 15634.57177 0.00986885510766 -0.0032329055213 0.000101470122605 6.02504052071e-05
BPM.21L6.B2 15688.02028 0.0100975511342 -0.0024259926537 5.91227005403e-05 -0.000102131307686
BPM.20L6.B2 15741.4688 0.0093741909773 -0.00446883908498 -0.000103855025229 -5.60395483365e-05
BPM.19L6.B2 15794.91731 0.0097042567662 -0.00369775335139 -5.48831378953e-05 0.000104470753409
BPM.18L6.B2 15848.36583 0.0087255813195 -0.00563118192375 0.000106066227222 5.17325079972e-05
BPM.17L6.B2 15901.81435 0.00915153037816 -0.00490871378527 5.05542450656e-05 -0.00010663285657
BPM.16L6.B2 15955.26286 0.0079334811236 -0.00670118321566 -0.000108098136808 -4.73401626973e-05
BPM.15L6.B2 16008.71138 0.00844840593363 -0.00603907412576 -4.61373945941e-05 0.000108616936449
BPM.14L6.B2 16062.15989 0.00701119351097 -0.00766088407557 0.000109948847844 4.28666258179e-05
BPM.13L6.B2 16115.60841 0.00760651029917 -0.00707014711639 4.16456443545e-05 -0.000110417101471
BPM.12L6.B2 16169.05693 0.00584552252128 -0.00858346350104 -0.000111266657836 -3.93195568728e-05
BPM.11L6.B2 16222.50544 0.00722096315477 -0.00746348915139 -4.71099980389e-05 0.000108198636117
BPM.10L6.B2 16274.34415 0.00582583628095 -0.00859683725759 9.80718319341e-05 6.56369806232e-05
BPM.9L6.B2 16313.40916 0.00459121182295 -0.00931486732313 9.5777738274e-05 -6.89414349603e-05
BPM.8L6.B2 16353.87217 -0.00124986649791 -0.0103094041023 -0.000100090333034 -6.25157834711e-05
BPMYB.5L6.B2 16450.96018 0.00755615852374 -0.00712393484032 4.00817181153e-05 0.000110994384018
BPMYA.4L6.B2 16487.36018 0.00727085231976 -0.00741489620603 6.47056709396e-05 9.86887722837e-05
BPMSB.B4L6.B2 16518.13068 0.00806357943895 -0.00654405576544 8.53593802311e-05 8.14866479915e-05
BPMSB.A4L6.B2 16518.76568 0.00808069811006 -0.00652290558548 8.57833346665e-05 8.10402147587e-05
BPMSA.4L6.B2 16615.57568 0.0100499563383 -0.00261617217224 0.000115039255644 -2.63109634173e-05
BPMSE.4R6.B2 16707.14568 0.0101247445316 -0.00230987606072 3.99724400212e-05 -0.000111033783217
BPMSA.A4R6.B2 16803.82068 0.00862228493607 -0.00578810691885 -6.40114809627e-05 -9.91404432289e-05
BPMSA.B4R6.B2 16804.40568 0.00860918516228 -0.00580757350906 -6.44638983679e-05 -9.88468632027e-05
BPMYB.4R6.B2 16830.96018 0.00801346817895 -0.00660532413825 -8.21383958243e-05 -8.47324094894e-05
BPMYA.5R6.B2 16867.36018 0.00794737294382 -0.00668470211765 -9.83500038744e-05 -6.52194322384e-05
BPM.8R6.B2 16963.08519 0.00422148688913 -0.00948815196263 -4.97545969617e-05 0.000107008305016
BPM.9R6.B2 17002.1502 -0.00334941597696 -0.00982992328609 0.000111785619105 3.7818968668e-05
BPM.10R6.B2 17042.61322 -0.00525071701794 -0.00895968470586 6.71436045938e-05 -9.70465573966e-05
BPM.11R6.B2 17094.45193 -0.00738977011374 -0.00729638793913 -0.000104857400884 -5.41407559819e-05
BPM.12R6.B2 17149.17544 -0.00566886919655 -0.00870114367472 -3.94163481612e-05 0.000111232409243
BPM.13R6.B2 17202.62396 -0.00736158749942 -0.00732482141176 0.000112401346252 3.59476563792e-05
BPM.14R6.B2 17256.07247 -0.00674650219831 -0.00789497861256 3.46980246915e-05 -0.000112793369376
BPM.15R6.B2 17309.52099 -0.00823816287547 -0.00632286735875 -0.000113781074291 -3.13075737607e-05
BPM.16R6.B2 17362.96951 -0.00770103600085 -0.00696706708137 -3.00448781268e-05 0.000114121002091
BPM.17R6.B2 17416.41802 -0.00897925621273 -0.0052171771167 0.000114969153133 2.66156133021e-05
BPM.18R6.B2 17469.86654 -0.00852896526828 -0.00592475574559 2.53378679993e-05 -0.00011525749087
BPM.19R6.B2 17523.31505 -0.0095728928059 -0.00402563070687 -0.000115963993612 -2.18780707683e-05
BPM.20R6.B2 17576.76357 -0.0092168060537 -0.00478502511872 -2.0591889913e-05 0.000116199268798
BPM.21R6.B2 17630.21209 -0.0100091915261 -0.00276804339019 0.000116763578903 1.71044829234e-05
BPM.22R6.B2 17683.6606 -0.0097531726395 -0.00356673557543 1.58073178709e-05 -0.000116946247038
BPM.23R6.B2 17737.10912 -0.0102810515732 -0.00146490880822 -0.000117366831233 -1.23014216074e-05
BPM.24R6.B2 17790.55763 -0.0100299203896 -0.00228348960944 -9.47074060521e-06 1.79609130894e-05
BPM.25R6.B2 17844.00615 -0.0102854492031 -0.000152192402704 1.8236281222e-05 8.92899437824e-06
BPM.26R6.B2 17897.45466 -0.0102396207603 -0.000981730360517 8.7261685212e-06 -1.83342031902e-05
BPM.27R6.B2 17950.90318 -0.0102204198507 0.00116475143368 -1.85871328202e-05 -8.17358798787e-06
BPM.28R6.B2 18004.3517 -0.0101816912052 0.000342467396484 -6.43904589265e-06 -8.08560086125e-05
BPM.29R6.B2 18057.80021 -0.00988893612253 0.00244807312348 -8.06271745709e-05 8.85517305976e-06
BPM.30R6.B2 18111.24873 -0.0100542387313 0.00164207285127 9.74832496841e-06 8.05240743691e-05
BPM.31R6.B2 18164.69724 -0.00949452710776 0.00369297639517 8.01961685985e-05 -1.21544028246e-05
BPM.32R6.B2 18218.14576 -0.00976158148953 0.00291472923166 -1.30434162624e-05 -8.00563887273e-05
BPM.33R6.B2 18271.59428 -0.00894414414514 0.00487713084117 -7.96303292755e-05 1.54326352986e-05
BPM.34R6.B2 18325.04279 -0.00930853843437 0.00413947241646 1.63144280093e-05 7.9454355795e-05
BPM.33L7.B2 18378.49131 -0.00824674667581 0.00598124476116 7.89303837859e-05 -1.86855393031e-05
BPM.32L7.B2 18431.93982 -0.00870254480457 0.00529620935475 -1.95600034412e-05 -7.87182482703e-05
BPM.31L7.B2 18485.38834 -0.00741393160501 0.00698696914437 -7.80978174379e-05 2.19063030951e-05
BPM.30L7.B2 18538.83686 -0.00795355634652 0.00636592971175 2.27708142598e-05 7.78501449429e-05
BPM.29L7.B2 18592.28537 -0.00645918304204 0.00787801206483 7.71336445399e-05 -2.50909593442e-05
BPM.28L7.B2 18645.73389 -0.00707390016075 0.00733103378097 -2.59449953211e-05 -7.68505833924e-05
BPM.27L7.B2 18699.1824 -0.00539845253749 0.00863949245574 -7.60399461566e-05 2.82326395448e-05
BPM.26L7.B2 18752.63092 -0.00597867567448 0.00818192756354 3.06023686944e-05 -2.38102867553e-05
BPM.25L7.B2 18806.07943 -0.00415047912014 0.00924456729758 -2.47154784591e-05 -2.98760800751e-05
BPM.24L7.B2 18859.52795 -0.004882963042 0.00887948046788 -2.96002253167e-05 2.50451943262e-05
BPM.23L7.B2 18912.97647 -0.00293378424992 0.00969955727927 2.59197473162e-05 2.88375054309e-05
BPM.22L7.B2 18966.42498 -0.00360767015227 0.00943740795703 3.00759049843e-05 -0.000125769508647
BPM.21L7.B2 19019.8735 -0.00157062873692 0.00998063516009 -0.000126613188571 -2.62988845503e-05
BPM.20L7.B2 19073.32201 -0.00237084738236 0.00982135609666 -2.48936531681e-05 0.000126896951632
BPM.19L7.B2 19126.77053 -0.000280803070825 0.0100995595186 0.000127585096233 2.10848847882e-05
BPM.18L7.B2 19180.21905 -0.00109498475158 0.0100439514727 1.9668395482e-05 -0.000127811129543
BPM.17L7.B2 19233.66756 0.00101322883512 0.0100525280494 -0.000128342480357 -1.58347111891e-05
BPM.16L7.B2 19287.11608 0.000198790458953 0.0101015065806 -1.44105554044e-05 0.000128510176774
BPM.15L7.B2 19340.56459 0.00229101921809 0.00984028372559 0.000128883855181 1.05584728051e-05
BPM.14L7.B2 19394.01311 0.00148936929738 0.009993084205 9.12859995313e-06 -0.00012899301787
BPM.13L7.B2 19447.46163 0.003530773594 0.00946644551055 -0.000129208435738 -5.26396886126e-06
BPM.12L7.B2 19500.91014 0.00254850991371 0.0097767607147 -5.56684304566e-06 0.000129195742799
BPM.11L7.B2 19554.35866 0.00472654733265 0.00892970901531 0.000129098274281 7.49433835684e-06
BPM.10L7.B2 19607.13937 0.00477257576694 0.0089051936188 1.32579027884e-05 -0.000128634203967
BPM.9L7.B2 19646.20438 0.00782036418284 0.00639701936899 -0.000114452363334 -6.01929200938e-05
BPM.8L7.B2 19686.66739 0.00955780791252 0.00327540237238 -7.29749063753e-05 0.000106757624844
BPM.7L7.B2 19725.7314 0.00948976603673 -0.00346760629512 0.000100337568981 8.15775846362e-05
BPMR.6L7.B2 19760.5494 0.00953177290053 -0.00335041165656 0.000128608935822 -1.35008338771e-05
BPMWC.6L7.B2 19772.7279 0.00896254912253 -0.00466397534806 0.00011967089877 -4.90041403964e-05
BPMWE.5L7.B2 19849.7819 0.0100938435177 0.000440767332156 -5.44962775088e-05 -0.000117271846073
BPMW.5L7.B2 19872.9869 0.00944502765352 0.00358767409715 -0.000100101764213 -8.18667670267e-05
BPMWE.4L7.B2 19908.0719 0.00945093439553 0.00357208511471 -0.000124529511742 -3.48558173137e-05
BPMW.4L7.B2 19936.1769 0.0100946206896 -0.000422594350982 -0.000124239769972 3.58749139556e-05
BPMW.4R7.B2 20052.2239 0.00971920712768 -0.00275988508075 9.61690525364e-05 8.64525482537e-05
BPMWE.4R7.B2 20080.3289 0.0100670082711 0.000857494789022 0.000126640223138 2.61683828094e-05
BPMW.5R7.B2 20115.4139 0.0100957306737 0.000395189886248 0.000124438760679 -3.517847866e-05
BPMWE.5R7.B2 20138.6189 0.00887100472934 -0.00483582753239 7.44464407726e-05 -0.000105736737697
BPM.6R7.B2 20217.7584 0.0055580154619 -0.00843732285754 -0.000124290560589 -3.56985532139e-05
BPM_A.7R7.B2 20255.7944 0.00805716595618 -0.00609606673431 -0.000110927742043 6.64647690167e-05
BPM.8R7.B2 20294.85841 0.00810993237569 -0.00602569080917 -1.13586021715e-05 0.00012881580697
BPM.9R7.B2 20333.92342 0.00378384931424 -0.00936816082407 0.000128343934608 1.58229075731e-05
BPM.10R7.B2 20374.38643 -0.00104295416034 -0.0100494875216 2.93237501498e-05 -0.000125947003427
BPM.11R7.B2 20427.16714 -0.000737140773761 -0.0100765359286 -0.000120808066311 -4.6129595732e-05
BPM.12R7.B2 20481.89066 -0.00206928517458 -0.00988928772183 -4.52561966009e-05 0.000121137962711
BPM.13R7.B2 20535.33917 -0.00116195252535 -0.010036424621 0.000121960659214 4.29898508346e-05
BPM.14R7.B2 20588.78769 -0.00321962203614 -0.00957674196869 3.93206613512e-05 -0.000123192599327
BPM.15R7.B2 20642.23621 -0.00243642822666 -0.00980529297599 -0.000123620938816 -3.79525300023e-05
BPM.16R7.B2 20695.68472 -0.00441829124953 -0.00908617935513 -3.42365894388e-05 0.000124701185967
BPM.17R7.B2 20749.13324 -0.00367052446059 -0.00941313991348 0.000125073347602 3.28509971858e-05
BPM.18R7.B2 20802.58175 -0.00554423627138 -0.00844638366674 2.90926414013e-05 -0.000126000583759
BPM.19R7.B2 20856.03027 -0.00484465284164 -0.00886618811523 -0.000126315319143 -2.76942228431e-05
BPM.20R7.B2 20909.47879 -0.00657919000592 -0.0076677383734 -2.39026051996e-05 0.000127087355899
BPM.21R7.B2 20962.9273 -0.00593887188048 -0.00817372336386 0.000127344752134 2.2490948993e-05
BPM.22R7.B2 21016.37582 -0.00750595798783 -0.00676317584709 1.86689422535e-05 -0.000127960928475
BPM.23R7.B2 21069.82433 -0.006935774536 -0.00734676693726 -0.000128159974806 -1.72496659779e-05
BPM.24R7.B2 21123.27285 -0.00840783850543 -0.00572869794437 -1.33117195336e-05 0.000228784004658
BPM.25R7.B2 21176.72137 -0.00791803492308 -0.00638861889151 0.000228917721578 1.07703445297e-05
BPM.26R7.B2 21230.16988 -0.00907156014927 -0.00460613991329 3.91115393866e-06 -0.000229137567388
BPM.27R7.B2 21283.6184 -0.00867032812598 -0.00532307605296 -0.000229166831134 -1.37358770445e-06
BPM.28R7.B2 21337.06691 -0.00968466684214 -0.00338910809053 5.57547403015e-06 0.000329273168769
BPM.29R7.B2 21390.51543 -0.00937953504043 -0.00415970526264 0.00032919084637 -9.23508273232e-06
BPM.30R7.B2 21443.96394 -0.0100386311151 -0.00212243040623 -1.90905046282e-05 -0.000328766565002
BPM.31R7.B2 21497.41246 -0.00983464164611 -0.00292551690485 -0.000328535267248 2.2726325645e-05
BPM.32R7.B2 21550.86098 -0.0102276612703 -0.000820835211287 3.25397814657e-05 0.000327708809857
BPM.33R7.B2 21604.30949 -0.0101280551895 -0.00164357037985 0.000327326762379 -3.6181407983e-05
BPM.34R7.B2 21657.75801 -0.0102486385171 0.000494200440906 -4.59684775105e-05 -0.000326096306114
BPM.33L8.B2 21711.20652 -0.0102550955183 -0.000334427017518 -0.000325567949051 4.95723245499e-05
BPM.32L8.B2 21764.65504 -0.0101012175573 0.00180117442574 5.9285804521e-05 0.000323939955597
BPM.31L8.B2 21818.10356 -0.0102136248093 0.000980149871973 0.000323260672584 -6.28843324813e-05
BPM.30L8.B2 21871.55207 -0.0097878404347 0.00307847448041 -7.25366249131e-05 -0.000321232537382
BPM.29L8.B2 21925.00059 -0.0100043504653 0.00227855157303 -0.000320410656256 7.60849353377e-05
BPM.28L8.B2 21978.4491 -0.00931360451292 0.00430529864552 8.56335708247e-05 0.000317991815293
BPM.27L8.B2 22031.89762 -0.00963064286329 0.00353970952032 0.000317019982108 -8.91640999642e-05
BPM.26L8.B2 22085.34614 -0.00878480937876 0.00548007845388 -9.85151595221e-05 -0.000214045878882
BPM.25L8.B2 22138.79465 -0.00919840099954 0.0047532677924 -0.000212942303042 0.000100878395198
BPM.24L8.B2 22192.24317 -0.00801155865143 0.00655889195366 0.000107204197532 0.000209828820586
BPM.23L8.B2 22245.69168 -0.00851470285258 0.00589100764569 0.000208624920639 -0.000109528602189
BPM.22L8.B2 22299.1402 -0.00720520477945 0.00754859565744 -0.000115624763937 -0.000105088241984
BPM.21L8.B2 22352.58871 -0.00779084631555 0.00694254896064 -0.000103800871998 0.000116781873328
BPM.20L8.B2 22406.03723 -0.00618027310071 0.00840835874178 0.000119835967196 0.000100259495525
BPM.19L8.B2 22459.48575 -0.00683867661241 0.00788218082331 9.89231701687e-05 -0.000120941434482
BPM.18L8.B2 22512.93426 -0.00505405640709 0.00912977470451 -0.000123847555111 -9.52596951657e-05
BPM.17L8.B2 22566.38278 -0.00577430069667 0.00869216450207 -9.38814231622e-05 0.000124895568685
BPM.16L8.B2 22619.83129 -0.00384448619605 0.00970135032863 0.00012764920391 9.01016443913e-05
BPM.15L8.B2 22673.27981 -0.00461486191987 0.00935945093441 8.86796718193e-05 -0.000128641130794
BPM.14L8.B2 22726.72833 -0.00257210131804 0.0101133855424 -0.000131237258835 -8.47903666082e-05
BPM.13L8.B2 22780.17684 -0.00337980298518 0.0098728518707 -8.33303544797e-05 0.000132169121803
BPM.12L8.B2 22833.62536 -0.000364337670517 0.0104289755195 0.000130567608304 8.58179703429e-05
BPM.11L8.B2 22887.07387 -0.00110953554479 0.010376184425 0.000104972359522 -0.000115729981583
BPM.10L8.B2 22938.91258 0.00084020271778 0.0104014581539 -9.25664625999e-05 -0.000125873250481
BPM.9L8.B2 22977.9776 0.00292411307957 0.0100172768285 -0.000148175292875 4.95651804214e-05
BPM.8L8.B2 23018.44061 0.010002368299 0.00297471020974 8.32509199886e-05 0.000132219173131
BPM.7L8.B2 23057.50662 0.00904245078074 0.00520868085093 0.000156012777949 8.5228106635e-06
BPM.6L8.B2 23089.97562 0.00417860363468 0.009562193474 8.67347687662e-05 -0.000129960402613
BPMR.5L8.B2 23150.39462 -0.00143359502275 0.0103363957755 -0.000155847760706 -1.11400063728e-05
BPMYB.4L8.B2 23171.16162 0.000896817616803 0.0103967297993 -0.00013121108333 8.48308747538e-05
BPMWB.4L8.B2 23195.62912 -0.00105924284557 0.0103814390581 -1.01171396873e-05 0.00015591750789
BPMSX.4L8.B2 23245.78612 0.0042462863131 0.00953233050531 0.000152190048945 -3.5366863285e-05
BPMS.2L8.B2 23283.69762 0.004258148993 0.00952703728155 9.38125183975e-05 -0.00012494733622
BPMSW.1L8.B2 23293.63162 0.00389735939552 0.00968023047552 5.83655856463e-05 -0.000144934757879
BPMSW.1R8.B2 23336.82162 0.00389740154895 0.00968021350343 0.000133470975531 8.12288326299e-05
BPMS.2R8.B2 23346.75562 0.00425817891142 0.00952702391914 0.000149919799421 4.40078103094e-05
BPMSX.4R8.B2 23384.66712 0.00424627703361 0.00953233463862 0.00014311364182 -6.26985770603e-05
BPMWI.4R8.B2 23434.90012 -0.00105828913107 0.0103815363232 -0.000101754483351 -0.000118569179556
BPMYB.4R8.B2 23459.29162 0.000910531790937 0.0103955377056 -0.000155889103756 1.05457832115e-05
BPMYB.5R8.B2 23479.86862 -0.00102468282847 0.0103849071935 -0.000121002739198 9.88481801016e-05
BPMR.6R8.B2 23563.97662 9.38160798774e-05 0.0104349159491 0.000127564321532 9.02217692993e-05
BPM_A.7R8.B2 23586.21662 0.00103754108387 0.0103836304225 0.000150733834948 4.11331299436e-05
BPM.8R8.B2 23627.65561 0.00381249053201 0.00971396871885 8.67390088164e-05 -0.000129957567457
BPM.9R8.B2 23666.7226 0.00937876033082 0.00457549199603 -0.000155679343825 1.32878070427e-05
BPM.10R8.B2 23707.18758 0.008623672366 0.00587609966547 -1.97383479006e-05 0.000154993624792
BPM.11R8.B2 23759.02827 0.00966699657363 0.00393006991802 0.000149178708561 4.64579240918e-05
BPM.12R8.B2 23813.75476 0.00990773185166 0.00327614436174 4.87339335551e-05 -0.000148450763813
BPM.13R8.B2 23867.20624 0.0104315657962 0.000280548338056 -0.000152397924289 -3.4460099614e-05
BPM.14R8.B2 23920.65773 0.0103749016764 0.00112146669867 -3.27496597436e-05 0.000152774622452
BPM.15R8.B2 23974.10921 0.0103817343806 -0.00105634443125 0.00015368930632 2.8146418619e-05
BPM.16R8.B2 24027.56069 0.0104331225586 -0.00021500234103 2.64248155731e-05 -0.000153994653233
BPM.17R8.B2 24081.01218 0.0101612872458 -0.00237581855556 -0.00015471924251 -2.17848917487e-05
BPM.18R8.B2 24134.46366 0.0103198987031 -0.0015478898763 -2.00480096206e-05 0.000154953874708
BPM.19R8.B2 24187.91515 0.0097738959256 -0.00365612236458 0.000155486089675 1.53851334728e-05
BPM.20R8.B2 24241.36663 0.0100370844718 -0.00285538221847 1.36440490504e-05 -0.000155648530742
BPM.21R8.B2 24294.81811 0.00922582271182 -0.00487652207949 -0.000155988273916 -8.96016082716e-06
BPM.22R8.B2 24348.2696 0.00958934356178 -0.00411591574209 -7.21008479517e-06 0.000156078956928
BPM.23R8.B2 24401.72108 0.00852625995527 -0.00601657406539 0.000156225089299 2.51918655863e-06
BPM.24R8.B2 24455.17257 0.00885465507397 -0.00531694182275 -1.20647448698e-06 -2.66558861739e-05
BPM.25R8.B2 24508.62405 0.00755825336269 -0.0070390051153 -2.66076101154e-05 2.0067544256e-06
BPM.26R8.B2 24562.07554 0.00810173674725 -0.00640598536814 2.30477736842e-06 2.65834540577e-05
BPM.27R8.B2 24615.52702 0.00659568848125 -0.00794806141404 2.65022125847e-05 -3.10240680306e-06
BPM.28R8.B2 24668.9785 0.00708634887391 -0.00739788264048 -5.37368174991e-06 0.000103118761816
BPM.29R8.B2 24722.42999 0.00539661926964 -0.00870755466992 0.00010323364408 2.27405465529e-06
BPM.30R8.B2 24775.88147 0.00608175266755 -0.00824362131454 1.11778932417e-06 -0.00010325264019
BPM.31R8.B2 24829.33296 0.0042381912021 -0.00932645394593 -0.000103239597379 1.98553059774e-06
BPM.32R8.B2 24882.78444 0.00497719399714 -0.00895391242992 3.14247589236e-06 0.000103210860526
BPM.33R8.B2 24936.23592 0.00301044170516 -0.00979194815249 0.000103069900249 -6.24119466731e-06
BPM.34R8.B2 24989.68741 0.00379085332723 -0.00951706041249 -7.39536777432e-06 -0.000102993519025
BPM.33L1.B2 25043.13889 0.00173286467392 -0.0100966424071 -0.000102724789984 1.04868409169e-05
BPM.32L1.B2 25096.59038 0.00254223122872 -0.00992381319196 1.16372151031e-05 0.000102600837222
BPM.31L1.B2 25150.04186 0.000427191665771 -0.0102353561317 0.000102204959565 -1.47140330636e-05
BPM.30L1.B2 25203.49334 0.00125179734696 -0.0101674977906 -1.58582322481e-05 -0.000102033687069
BPM.29L1.B2 25256.94483 -0.00088589002444 -0.010205890789 -0.000101511148094 1.89167553956e-05
BPM.28L1.B2 25310.39631 -5.91468165219e-05 -0.0102440963251 2.00527749069e-05 0.000101292854875
BPM.27L1.B2 25363.8478 -0.00218403023968 -0.0100087471625 0.000100644692673 -2.30868268479e-05
BPM.26L1.B2 25417.29928 -0.00149844249377 -0.0101605483256 -2.61881909912e-05 2.92047421626e-05
BPM.25L1.B2 25470.75077 -0.00357467462161 -0.0096282798798 2.99783622301e-05 2.52989477559e-05
BPM.24L1.B2 25524.20225 -0.0027858817698 -0.00988538997468 2.4961482137e-05 -3.02599234573e-05
BPM.23L1.B2 25577.65373 -0.00477704081263 -0.00909186192733 -3.09961831207e-05 -2.40411186101e-05
BPM.22L1.B2 25631.10522 -0.00415691621555 -0.00945598669088 -2.56683124138e-05 0.000160849344049
BPM.21L1.B2 25684.5567 -0.00602894603681 -0.00838733845395 0.000161547990561 2.08235421259e-05
BPM.20L1.B2 25738.00819 -0.00533238641004 -0.00884654124012 1.90112622775e-05 -0.000161771273577
BPM.19L1.B2 25791.45967 -0.0070525195095 -0.00754702625467 -0.000162269329229 -1.41434741468e-05
BPM.18L1.B2 25844.91115 -0.00642032129202 -0.00809166924968 -1.23257300013e-05 0.000162417514633
BPM.17L1.B2 25898.36264 -0.00795992665277 -0.00658294800302 0.00016271456168 7.43941941917e-06
BPM.16L1.B2 25951.81412 -0.00740268235847 -0.00720388302087 5.61450404227e-06 -0.00016278774338
BPM.15L1.B2 26005.26561 -0.00873674320412 -0.0055104405426 -0.000162882938661 -7.22674165978e-07
BPM.14L1.B2 26058.71709 -0.00826344896096 -0.00619766472612 1.10077197628e-06 0.000162880816365
BPM.13L1.B2 26112.16857 -0.00936983700225 -0.00434761903328 0.000162774165336 -5.99537133116e-06
BPM.12L1.B2 26165.62006 -0.00828284580641 -0.00617171792251 4.32840914853e-06 -0.000162827019258
BPM.11L1.B2 26219.07154 -0.00874969690777 -0.00548984888765 -0.000161333589161 -2.24242545071e-05
BPM.10L1.B2 26271.85423 -0.00931814327312 -0.00445733582987 -1.29333563128e-05 0.000162370254774
BPM.9L1.B2 26310.92122 -0.0100356828528 -0.00244554830558 0.000160595684792 2.72102353982e-05
BPM.8L1.B2 26351.38621 -0.00554365951462 -0.00871570283554 -5.09531548343e-05 -0.0001547098869
BPM.7L1.B2 26390.4542 -0.00957915055272 -0.00386464894646 -0.000158819982482 3.61605832398e-05
BPMR.6L1.B2 26433.6382 -0.00986161715249 -0.00307313257298 -7.03094723032e-05 0.00014692838096
BPM.5L1.B2 26465.5382 -0.00984848357864 -0.00311496516202 6.79852154808e-06 0.000162742597271
BPMYA.4L1.B2 26486.6562 -0.00987219883351 -0.00303896806888 5.65262536121e-05 0.000152761763654
BPMWB.4L1.B2 26507.7127 -0.0102025947662 -0.00161328755711 0.000108362029662 0.000121610213845
BPMSY.4L1.B2 26600.5687 -0.0103007816105 -0.000767811789368 0.000112602815483 -0.00011769442891
BPMS.2L1.B2 26627.3542 -0.0103262764254 0.000252293376395 5.02840550203e-05 -0.000154928642712
BPMSW.1L1.B2 26637.4082 -0.0103103551775 0.000626268891557 5.10503891355e-06 -0.000162804527649
