BPMSW.1R1.B2 21.475 -0.00804687059107 -0.00576876057382 2.62399077894e-05 2.50956246726e-05
BPMS.2R1.B2 31.529 -0.00783257095961 -0.00605653009356 3.21952187784e-05 1.6786627604e-05
BPMSY.4R1.B2 58.3145 -0.00719676510251 -0.00679980123696 3.62910929307e-05 1.13146890637e-06
BPMWB.4R1.B2 151.1705 -0.0066124374891 -0.00736928729584 -1.75912588359e-06 -3.62660894435e-05
BPMYA.4R1.B2 172.227 -0.00550458600278 -0.00822983947049 -1.48687814005e-05 -3.31246612521e-05
BPMR.5R1.B2 199.635 -0.00569248079792 -0.00810101148824 -2.67829402517e-05 -2.45152554502e-05
BPM.6R1.B2 231.535 -0.00503233816585 -0.00852679877885 -3.53447618311e-05 -8.31091977733e-06
BPMRA.7R1.B2 259.259 -0.004315968577 -0.0089108439586 -3.4384327083e-05 1.16636871035e-05
BPM.8R1.B2 300.6960106 -0.000915532926624 -0.00985862689634 4.04340056166e-06 3.60828844088e-05
BPM.9R1.B2 339.7610212 -0.00192377213226 -0.00971235427733 3.37843813499e-05 -1.33018252281e-05
BPM.10R1.B2 380.2240318 -0.00581776547676 -0.00801151231277 -2.03119019689e-05 -3.00956805992e-05
BPM.11R1.B2 433.0047424 -0.00113847603406 -0.00983537478309 -2.30043540792e-05 2.80913383566e-05
BPM.12R1.B2 487.7282583 -0.00269415151084 -0.00952744837069 2.98829124206e-05 2.06236454891e-05
BPM.13R1.B2 541.1767742 -0.0013209328273 -0.0098125359241 1.88934274605e-05 -3.10058373743e-05
BPM.14R1.B2 594.6252901 -0.00332856708941 -0.00932477162655 -3.15572017799e-05 -1.79573532735e-05
BPM.15R1.B2 648.073806 -0.00256521530053 -0.00956297000205 -1.7606304731e-05 3.17543967005e-05
BPM.16R1.B2 701.5223219 -0.00449400667848 -0.00882239359987 3.22670610448e-05 1.66481203608e-05
BPM.17R1.B2 754.9708378 -0.00376740466096 -0.00915627582177 1.62892265401e-05 -3.24497236215e-05
BPM.18R1.B2 808.4193537 -0.00558567374818 -0.00817502132012 -3.29226494293e-05 -1.53108701893e-05
BPM.19R1.B2 861.8678696 -0.00490774359629 -0.00859911493136 -1.49448701352e-05 3.30903985258e-05
BPM.20R1.B2 915.3163855 -0.00658550306944 -0.00739336690034 3.35228293997e-05 1.39478903302e-05
BPM.21R1.B2 968.7649014 -0.00596739864088 -0.00790068846841 1.35752079659e-05 -3.36754688095e-05
BPM.22R1.B2 1022.213417 -0.00747717744968 -0.00649018815353 -3.40666269663e-05 -1.25613902184e-05
BPM.23R1.B2 1075.661933 -0.00692904248274 -0.00707241791065 -1.21828974423e-05 3.42038048612e-05
BPM.24R1.B2 1129.110449 -0.00822816811161 -0.00548380099138 3.45352353814e-05 -6.95531546458e-06
BPM.25R1.B2 1182.558965 -0.00775880824884 -0.00612990361895 -7.33790832457e-06 -3.44559699791e-05
BPM.26R1.B2 1236.007481 -0.00886206604053 -0.00438618390908 -3.42209617268e-05 8.36565789268e-06
BPM.27R1.B2 1289.455997 -0.00847920177679 -0.00508703853254 8.744602096e-06 3.41261026388e-05
BPM.28R1.B2 1342.904513 -0.00933254106153 -0.00321992445189 3.38311835931e-05 -2.7871107345e-05
BPM.29R1.B2 1396.353029 -0.00904226695959 -0.0039625300438 -2.8244577889e-05 -3.35200138396e-05
BPM.30R1.B2 1449.801545 -0.00966776404031 -0.00199964361817 -3.26598905106e-05 2.92349056845e-05
BPM.31R1.B2 1503.25006 -0.00947486427319 -0.00277329824243 2.95953001011e-05 3.23336658013e-05
BPM.32R1.B2 1556.698576 -0.00984413181519 -0.000746528575419 3.14333823777e-05 -3.05497957003e-05
BPM.33R1.B2 1610.147092 -0.00975178288214 -0.00153849496318 -3.08965040962e-05 -3.10926599474e-05
BPM.34R1.B2 1663.595608 -0.00985875326876 0.000518864300374 -3.01542817759e-05 3.18130112464e-05
BPM.33L2.B2 1717.044124 -0.00986847131596 -0.000278406174344 3.21454593794e-05 2.97996158153e-05
BPM.32L2.B2 1770.49264 -0.00971138609863 0.00177572976531 2.88241427738e-05 -3.3022975076e-05
BPM.31L2.B2 1823.941156 -0.00982301220683 0.000986238990989 -3.3340585385e-05 -2.84561597282e-05
BPM.30L2.B2 1877.389672 -0.00940445395624 0.00300341171758 -2.74458156006e-05 3.41771110531e-05
BPM.29L2.B2 1930.838188 -0.00961614845823 0.00223470915978 3.44793848934e-05 2.70651042801e-05
BPM.28L2.B2 1984.286704 -0.00894299332619 0.00418175878288 2.60210086842e-05 -3.52739996918e-05
BPM.27L2.B2 2037.73522 -0.00925129313061 0.00344642011022 -3.55603869323e-05 -2.56282433286e-05
BPM.26L2.B2 2091.183735 -0.0083168101967 0.00528797245281 -2.45704194149e-05 1.82022653722e-05
BPM.25L2.B2 2144.632251 -0.00871640693331 0.00459959070582 1.84736102191e-05 2.43670663271e-05
BPM.24L2.B2 2198.080767 -0.00757203948736 0.00630842314268 2.38032736446e-05 -1.9194597308e-05
BPM.23L2.B2 2251.529283 -0.00805643288484 0.00567678374256 -1.94574068363e-05 -2.35889280911e-05
BPM.22L2.B2 2304.977799 -0.00668508886906 0.00722179008517 -2.30138764156e-05 2.04557964333e-06
BPM.21L2.B2 2358.426315 -0.00724606201041 0.0066587724547 2.30063045347e-06 2.29897808308e-05
BPM.20L2.B2 2411.874831 -0.00570634367214 0.0080176247789 2.29106379006e-05 -2.98761615226e-06
BPM.19L2.B2 2465.323347 -0.00633475053211 0.00753097609114 -3.24154008033e-06 -2.28760841394e-05
BPM.18L2.B2 2518.771863 -0.00463387305188 0.00868169832153 -2.27688407655e-05 3.92465702229e-06
BPM.17L2.B2 2572.220379 -0.00531934348155 0.00827944745326 4.17688706573e-06 2.2723922505e-05
BPM.16L2.B2 2625.668894 -0.00348522169305 0.00920314592754 2.25887401841e-05 -4.85506417144e-06
BPM.15L2.B2 2679.11741 -0.0042165459512 0.00889187300067 -5.10529956897e-06 -2.2533501554e-05
BPM.14L2.B2 2732.565926 -0.00227935349725 0.00957335953765 -2.23706291622e-05 5.77733584232e-06
BPM.13L2.B2 2786.014442 -0.00304445458944 0.00935820289946 6.02503710565e-06 2.2305198572e-05
BPM.12L2.B2 2839.462958 -0.000815059963906 0.00980715771583 2.2202564138e-05 -6.39288744258e-06
BPM.11L2.B2 2892.911474 -0.00267552777565 0.00947028068911 -4.2222135721e-06 -2.27155390286e-05
BPM.10L2.B2 2944.750185 -0.00189818681865 0.00965616652786 -2.31044744543e-05 -7.82300604638e-08
BPM.9L2.B2 2983.815195 7.39665600152e-05 0.00984069073573 -4.7751106994e-06 2.26057761101e-05
BPM.8L2.B2 3024.278206 0.00388397617276 0.00904209014683 1.93466232528e-05 -1.2630549125e-05
BPM.7L2.B2 3063.344216 -0.0063394810398 0.00752699443461 -1.51509648739e-05 -1.74433675255e-05
BPM.6L2.B2 3095.450216 -0.00703377534214 0.00688263536967 -2.15004075574e-05 -8.45903850724e-06
BPMYB.5L2.B2 3167.649216 -0.00507118776282 0.00843372514748 -9.71002811066e-06 2.09651656554e-05
BPMYB.4L2.B2 3188.219216 -0.00334750530432 0.00925412737363 4.33601572658e-06 2.26940933135e-05
BPMWB.4L2.B2 3212.610716 -0.00502326066862 0.00846235886243 2.07748608253e-05 1.01107844592e-05
BPMSX.4L2.B2 3262.843716 -0.000148504667664 0.00983984814786 3.6040666517e-06 -2.2821778876e-05
BPMS.2L2.B2 3300.755216 -0.000136231051719 0.00984002572668 -1.19148622744e-05 -1.97954451907e-05
BPMSW.1L2.B2 3310.689216 -0.000505656052748 0.00982796912722 -1.66224910006e-05 -1.60472902672e-05
BPMSW.1R2.B2 3353.879216 -0.000505633216308 0.00982797030253 1.8544240382e-05 -1.37816463669e-05
BPMS.2R2.B2 3363.813216 -0.000136213817479 0.00984002596474 1.4356461039e-05 -1.81028990283e-05
BPMSX.4R2.B2 3401.724716 -0.000148512020669 0.00983984803646 -6.45812623016e-07 -2.30955787509e-05
BPMWB.4R2.B2 3451.881716 -0.00502468420746 0.00846151368281 -2.19238055743e-05 7.29174759463e-06
BPMYB.4R2.B2 3476.349216 -0.00338823916008 0.00923929113129 -7.22751662447e-06 2.19450658851e-05
BPM.5R2.B2 3505.883216 -0.0082552197817 0.00535686582616 1.6597929169e-05 1.60727056393e-05
BPMR.6R2.B2 3579.179216 -0.00896749152434 0.00405324077523 1.70335722899e-05 -1.56102679152e-05
BPM_A.7R2.B2 3592.054216 -0.00878690764697 0.00443113066709 1.39839234898e-05 -1.83921985098e-05
BPM.8R2.B2 3633.493206 -0.00643958492163 0.00744153285678 -9.58412923821e-06 -2.10230226208e-05
BPM.9R2.B2 3672.560195 0.00335212376841 0.00925245542831 -1.5600430779e-05 1.70425775893e-05
BPM.10R2.B2 3713.025185 0.0040238947729 0.00898069797221 1.04061179632e-05 2.06285136412e-05
BPM.11R2.B2 3764.865874 0.00469067698304 0.00865113949659 2.1539664174e-05 -8.35856051875e-06
BPM.12R2.B2 3819.592358 0.00413449797574 0.00893031867866 -1.02270299939e-05 -2.07178850346e-05
BPM.13R2.B2 3873.043842 0.00665297504221 0.00725138526465 -1.94980472198e-05 1.23955301831e-05
BPM.14R2.B2 3926.495326 0.00604613104707 0.00776459687179 1.26130047583e-05 1.93580748008e-05
BPM.15R2.B2 3979.94681 0.00752607184452 0.00634057629854 1.89704174616e-05 -1.31888664964e-05
BPM.16R2.B2 4033.398294 0.00698974859995 0.00692734290663 -1.34005846105e-05 -1.88214555672e-05
BPM.17R2.B2 4086.849779 0.00827535164585 0.00532571313516 -1.84103379405e-05 1.39600224106e-05
BPM.18R2.B2 4140.301263 0.00781851481469 0.00597624391356 1.41654135413e-05 1.82527783984e-05
BPM.19R2.B2 4193.752747 0.0088886686223 0.00422329673387 1.78189862599e-05 -1.47073662458e-05
BPM.20R2.B2 4247.204231 0.0085187938963 0.00492694791476 -1.49060807474e-05 -1.76530910223e-05
BPM.21R2.B2 4300.655715 0.00935590294683 0.00305151525033 -1.71972586127e-05 1.54297404745e-05
BPM.22R2.B2 4354.107199 0.0090790904282 0.00379668041731 1.56214578693e-05 1.70233068197e-05
BPM.23R2.B2 4407.558683 0.00966940473915 0.00182955655489 1.65463327332e-05 -1.61258115527e-05
BPM.24R2.B2 4461.010167 0.00937908409908 0.00259698604596 -1.80054599373e-05 9.49131019871e-05
BPM.25R2.B2 4514.461651 0.00971385830196 0.000593727198259 9.54111081996e-05 1.51464363187e-05
BPM.26R2.B2 4567.913135 0.00963424612319 0.00137581129734 1.40773123945e-05 -9.55746949085e-05
BPM.27R2.B2 4621.36462 0.00970999835936 -0.000653824835541 -9.59545672975e-05 -1.11988978922e-05
BPM.28R2.B2 4674.816104 0.00961998103448 0.000125015469025 -1.18157002564e-05 0.000207348872455
BPM.29R2.B2 4728.267588 0.00943643926885 -0.00187437399347 0.000207610169362 5.5842745519e-06
BPM.30R2.B2 4781.719072 0.00955693264211 -0.00110666273467 3.26124264564e-06 -0.000207659650945
BPM.31R2.B2 4835.170556 0.00911909425888 -0.00306623284308 -0.000207663847571 2.98249693197e-06
BPM.32R2.B2 4888.62204 0.00933683729479 -0.00232015802696 5.31212462001e-06 0.000207617316723
BPM.33R2.B2 4942.073524 0.00865197103257 -0.00420750058657 0.000207364193501 -1.15437623425e-05
BPM.34R2.B2 4995.525008 0.00896331004542 -0.00349553100139 -1.3863473999e-05 -0.000207222030471
BPM.33L3.B2 5048.976492 0.0080425413365 -0.00527988567909 -0.000206711650618 2.00862853785e-05
BPM.32L3.B2 5102.427976 0.00844249829291 -0.00461344627904 2.24035832545e-05 0.000206473356341
BPM.31L3.B2 5155.87946 0.00730114903761 -0.00626521241807 0.000205707537066 -2.85933555712e-05
BPM.30L3.B2 5209.330945 0.00778293381765 -0.00565558176706 -3.0894093183e-05 -0.000205374588878
BPM.29L3.B2 5262.782429 0.00643950553726 -0.00714789706051 -0.000204353167149 3.7053328646e-05
BPM.28L3.B2 5316.233913 0.0069955115043 -0.00660473183575 3.93424286937e-05 0.000203924848993
BPM.27L3.B2 5369.685397 0.00547239148062 -0.00791281210704 0.000202651422107 -4.54485415406e-05
BPM.26L3.B2 5423.136881 0.00598203915159 -0.00745236590956 -4.94119773635e-05 -9.08530222444e-05
BPM.25L3.B2 5476.588365 0.00430494017016 -0.00853170792614 -8.93271729467e-05 5.21197736798e-05
BPM.24L3.B2 5530.039849 0.00497958861949 -0.00815636237619 5.31174508415e-05 8.8737534644e-05
BPM.23L3.B2 5583.491333 0.00317825592827 -0.0090122826887 8.71019363998e-05 -5.57590072219e-05
BPM.22L3.B2 5636.942817 0.00378418181242 -0.00873337277764 -5.84273429216e-05 2.4803397301e-05
BPM.21L3.B2 5690.394301 0.00188914788843 -0.00932860934509 2.65475717073e-05 5.76557836879e-05
BPM.20L3.B2 5743.845786 0.00263594055136 -0.00914569021122 5.73547759553e-05 -2.71917743576e-05
BPM.19L3.B2 5797.29727 0.000680215587479 -0.00949363675366 -2.89026433642e-05 -5.65119441951e-05
BPM.18L3.B2 5850.748754 0.00144421562902 -0.00940776664552 -5.61845442462e-05 2.95340493555e-05
BPM.17L3.B2 5904.200238 -0.000539827842068 -0.00950265320559 3.12086555919e-05 5.52719030797e-05
BPM.16L3.B2 5957.651722 0.000228933766989 -0.00951522051226 5.49187757452e-05 -3.18259497196e-05
BPM.15L3.B2 6011.103206 -0.00175107589247 -0.00935550988786 -3.34615874631e-05 -5.39377886029e-05
BPM.14L3.B2 6064.55469 -0.000990287167447 -0.0094663173092 -5.35595196168e-05 3.4063771064e-05
BPM.13L3.B2 6118.006174 -0.0029334673928 -0.00905464527989 3.56574274935e-05 5.25120080289e-05
BPM.12L3.B2 6171.457658 -0.000800598091265 -0.00948424349873 5.50627638408e-05 -3.15761799484e-05
BPM.11L3.B2 6224.909142 0.000168228068726 -0.00951648734396 -2.9119795656e-05 -5.6400361353e-05
BPM.10L3.B2 6277.691832 0.00402986457064 -0.00862276194727 -5.85503324393e-05 2.45116552468e-05
BPM.9L3.B2 6316.758821 0.00252464302599 -0.00917703708369 -1.90519799979e-05 6.05473787292e-05
BPM.8L3.B2 6357.223811 0.0007396340469 -0.00948919245987 3.83140742909e-05 5.06062741012e-05
BPM.7L3.B2 6396.2898 -0.00331319976375 -0.00892269798714 6.25096219448e-05 -1.10231673564e-05
BPMR.6L3.B2 6468.9288 -0.00906505132274 -0.0029011509025 -3.92511228498e-05 -4.98829842658e-05
BPMWE.5L3.B2 6511.9823 -0.00912423815648 -0.00270926375104 -6.11150566843e-05 -1.71438775624e-05
BPMW.5L3.B2 6539.5273 -0.00786853245098 -0.00535518712144 -6.23734862472e-05 1.17690707098e-05
BPMWE.4L3.B2 6614.6553 -0.00923421137814 -0.0023067666222 -6.92887791628e-06 6.30947946835e-05
BPMW.4L3.B2 6642.2003 -0.00779081296482 0.00546763801305 4.92923760707e-05 3.99903073782e-05
BPMW.4R3.B2 6687.1653 -0.00641007888775 0.00703581698897 6.34614079659e-05 1.26999534587e-06
BPMWE.4R3.B2 6714.7103 -0.00763010625356 0.0056897548838 5.93558798314e-05 -2.24909403667e-05
BPMW.5R3.B2 6789.8383 -0.00643120013512 0.00701651600492 6.19293797093e-06 -6.3171280749e-05
BPMWE.5R3.B2 6817.3833 -0.00310283046361 0.0089980150684 -3.02803255509e-05 -5.57858866654e-05
BPMWC.6R3.B2 6858.3743 -0.00222802119482 0.00925352654976 -5.76832845921e-05 -2.6487757715e-05
BPM.6R3.B2 6870.5288 -0.00320913256021 0.0089606528905 -6.20950220835e-05 -1.31594607421e-05
BPM_A.7R3.B2 6926.3528 -0.0030078796271 0.00903019890329 -3.85624954927e-05 5.04172302668e-05
BPM.8R3.B2 6965.418789 -0.00741512427403 0.00596722414876 4.77518915654e-05 4.18176989339e-05
BPM.9R3.B2 7004.485779 -0.00901622442249 -0.0030495129536 3.31527236962e-05 -5.41281694928e-05
BPM.10R3.B2 7044.950768 -0.00930761170737 -0.0019900242 -1.66345171903e-05 -6.12556560158e-05
BPM.11R3.B2 7097.733458 -0.00945816909212 0.00106530253481 -6.33472353636e-05 4.01137060842e-06
BPM.12R3.B2 7152.459942 -0.00863012187228 0.00401407879021 1.77063100593e-05 6.0954485557e-05
BPM.13R3.B2 7205.911426 -0.00913618893756 0.00266868577188 5.96951412323e-05 -2.15743553376e-05
BPM.14R3.B2 7259.36291 -0.00838338733901 0.00450673371141 -2.33577191298e-05 -5.9020164724e-05
BPM.15R3.B2 7312.814394 -0.00871978799815 0.0038153806339 -5.87549066715e-05 2.4017172154e-05
BPM.16R3.B2 7366.265878 -0.00773796836365 0.00554217264683 2.57713682201e-05 5.80068912007e-05
BPM.17R3.B2 7419.717362 -0.00816003246215 0.00489956143488 5.77143635965e-05 -2.64199828334e-05
BPM.18R3.B2 7473.168846 -0.00696540845279 0.00648651810564 -2.81421086461e-05 -5.68945058119e-05
BPM.19R3.B2 7526.62033 -0.00746623269003 0.00590315183361 -5.65757839529e-05 2.87774979019e-05
BPM.20R3.B2 7580.071814 -0.00607836182547 0.00732429857295 3.04641439703e-05 5.56857151131e-05
BPM.21R3.B2 7633.523299 -0.00664967349989 0.00680982191214 5.53407515109e-05 -3.10863923045e-05
BPM.22R3.B2 7686.974783 -0.00509146927413 0.00804168966489 -3.27350371386e-05 -5.43817992867e-05
BPM.23R3.B2 7740.426267 -0.00572393172569 0.00760450114721 -5.40117625603e-05 3.33420583149e-05
BPM.24R3.B2 7793.877751 -0.00385399604597 0.00859501479094 3.47622173215e-05 -0.000116966639273
BPM.25R3.B2 7847.329235 -0.00453521667545 0.00825586909774 -0.000117348710028 -3.34497745219e-05
BPM.26R3.B2 7900.780719 -0.00272283138837 0.00901741393222 -2.99095805845e-05 0.000118300563969
BPM.27R3.B2 7954.232203 -0.00344167405878 0.00876826348251 0.000118628282289 2.85820959603e-05
BPM.28R3.B2 8007.683687 -0.00138003291951 0.00925973774835 2.4817037132e-05 -0.000289383082546
BPM.29R3.B2 8061.135171 -0.00212310158345 0.0091180959493 -0.000289642908363 -2.15740765949e-05
BPM.30R3.B2 8114.586655 -0.000184146864841 0.00936019892748 -1.28629859016e-05 0.000290160297013
BPM.31R3.B2 8168.03814 -0.000938818687836 0.00931481902426 0.000290286208282 9.61107005794e-06
BPM.32R3.B2 8221.489624 0.00101479244691 0.00930684857158 8.85933111797e-07 -0.000290443920244
BPM.33R3.B2 8274.941108 0.000260111448534 0.00935839601955 -0.000290435609856 2.36887519632e-06
BPM.34R3.B2 8328.392592 0.00219705886679 0.00910055857348 1.10946512159e-05 0.000290233291591
BPM.33L4.B2 8381.844076 0.00145555736954 0.00924816667074 0.000290090839734 -1.43442798723e-05
BPM.32L4.B2 8435.29556 0.0033431899723 0.00874473069032 -2.30512291425e-05 -0.000289529092811
BPM.31L4.B2 8488.747044 0.00262631109681 0.00898608502306 -0.000289252446212 2.62959692336e-05
BPM.30L4.B2 8542.198528 0.00443443889715 0.00824517954228 3.49766945841e-05 0.000288331555713
BPM.29L4.B2 8595.650012 0.00375463824362 0.00857612532989 0.000287921995362 -3.82018034095e-05
BPM.28L4.B2 8649.101496 0.00545274452284 0.00761017812957 -4.6831761676e-05 -0.000286644794805
BPM.27L4.B2 8702.55298 0.00482060016834 0.00802552478282 -0.000286101406421 5.00443959527e-05
BPM.26L4.B2 8756.004465 0.00654841230498 0.00681827441832 5.8431062114e-05 0.00011451929582
BPM.25L4.B2 8809.455949 0.00597676093442 0.0073245408435 0.000113857905383 -5.97095977138e-05
BPM.24L4.B2 8862.907433 0.0073668121383 0.0059245800524 -6.31030480901e-05 -0.00011201278468
BPM.23L4.B2 8916.358917 0.00686457475974 0.00649986024399 -0.000111298166598 6.43550737558e-05
BPM.22L4.B2 8969.810401 0.00823115790389 0.00490165955709 6.74839281911e-05 -6.06381589286e-05
BPM.21L4.B2 9023.261885 0.00780865559312 0.00555005627821 -6.13905267343e-05 -6.68002218053e-05
BPM.20L4.B2 9076.713369 0.00879056338055 0.00380844092501 -6.49250844207e-05 6.33703398756e-05
BPM.19L4.B2 9130.164853 0.00845451526008 0.00450548538887 6.4093686335e-05 6.42111054276e-05
BPM.18L4.B2 9183.616337 0.00920554751018 0.00265256892892 6.22571894821e-05 -6.59932522472e-05
BPM.17L4.B2 9237.067821 0.00896141283494 0.00338693177615 -6.66867450986e-05 -6.15137759107e-05
BPM.16L4.B2 9290.519306 0.00946924246291 0.00145316000399 -5.94818146599e-05 6.85053298076e-05
BPM.15L4.B2 9343.97079 0.00932106471102 0.00221268603332 6.91673479998e-05 5.87106815305e-05
BPM.14L4.B2 9397.422274 0.00957733788887 0.00022983857675 5.66068863379e-05 -7.08994125141e-05
BPM.13L4.B2 9450.873758 0.00952754118802 0.00100209068342 -7.15293097256e-05 -5.58088202021e-05
BPM.12L4.B2 9504.325242 0.0093805773667 -0.00194499231744 -5.76751583732e-05 7.00331520361e-05
BPM.11L4.B2 9557.776726 0.0094441213606 -0.00160835274177 5.96048907628e-05 6.83982672881e-05
BPMC.10L4.B2 9609.617415 0.00917181293866 -0.00276696119568 7.60433259596e-05 -4.9482100505e-05
BPMC.9L4.B2 9648.684405 0.00887386427918 -0.00361009135413 -3.46349933595e-05 -8.38539468431e-05
BPMC.8L4.B2 9689.149394 0.00732518999174 -0.00617412490877 -3.47719319192e-05 8.37972544668e-05
BPMC.7L4.B2 9728.215384 0.00944374060061 0.00161058697435 8.68966964892e-05 2.60774202869e-05
BPMYA.6L4.B2 9824.819384 0.00957795716597 0.000202394137792 4.95269372554e-05 -7.60141365669e-05
BPMYB.5L4.B2 9861.819384 0.00957757712517 0.000219644542707 2.72456906623e-05 -8.65375094479e-05
BPMWA.B5L4.B2 9964.209884 0.00837461091365 -0.00465232403061 -6.11184055213e-05 -6.70492852903e-05
BPMWA.A5L4.B2 9973.094884 0.00820387276975 -0.00494719096183 -6.71250903124e-05 -6.10351403495e-05
BPMWA.A5R4.B2 10021.14388 0.00759271156316 -0.00584199948373 -8.75386969352e-05 -2.3833649634e-05
BPMWA.B5R4.B2 10030.02888 0.00755638746346 -0.00588890782301 -8.91769126572e-05 -1.66896544506e-05
BPMYA.5R4.B2 10132.49538 0.00841076202937 -0.00458664468728 -7.29018664131e-05 5.4003517308e-05
BPMYB.6R4.B2 10164.05938 0.00829261802582 -0.00479694830309 -5.95438667833e-05 6.8451410363e-05
BPMCA.7R4.B2 10260.57538 0.00944075289677 -0.00162800847584 7.46308518745e-05 5.1587813127e-05
BPMC.8R4.B2 10298.36637 0.00953357772533 0.000942932972028 4.67343413728e-05 -7.77622458561e-05
BPMC.9R4.B2 10337.43336 0.00786615924879 -0.00546825068148 -8.98157185409e-05 -1.281420603e-05
BPMC.10R4.B2 10377.89835 0.00764612599732 -0.0057719133752 -3.64471484892e-05 8.30823220523e-05
BPM.11R4.B2 10429.73904 0.00530142590063 -0.00797954323533 7.94341852137e-05 4.38323691953e-05
BPM.12R4.B2 10484.46553 0.00501863013971 -0.00816036631033 4.756895284e-05 -7.72545208171e-05
BPM.13R4.B2 10537.91701 0.00319919066605 -0.00903013875398 -7.8711100333e-05 -4.51179496463e-05
BPM.14R4.B2 10591.36849 0.00391762408832 -0.00874245093128 -4.42330009636e-05 7.9211794017e-05
BPM.15R4.B2 10644.81998 0.00201783244185 -0.00936517907272 8.05049178704e-05 4.18333002735e-05
BPM.16R4.B2 10698.27146 0.00276708755462 -0.00917177481808 4.09288656116e-05 -8.09684796638e-05
BPM.17R4.B2 10751.72295 0.000803063248942 -0.0095463771266 -8.21615815852e-05 -3.8477800321e-05
BPM.18R4.B2 10805.17443 0.00157099131775 -0.00945040809121 -3.7554772109e-05 8.2587565911e-05
BPM.19R4.B2 10858.62591 -0.000424638677197 -0.00957067964293 8.36785633071e-05 3.50565857656e-05
BPM.20R4.B2 10912.0774 0.000349165369868 -0.00957373022346 3.41168356088e-05 -8.40660939111e-05
BPM.21R4.B2 10965.52888 -0.00164562659144 -0.00943769780842 -8.50530989003e-05 -3.15758832572e-05
BPM.22R4.B2 11018.98037 -0.000878478375407 -0.0095397328358 -3.06210813522e-05 8.54014989856e-05
BPM.23R4.B2 11072.43185 -0.00283931694273 -0.0091496724627 8.62829549236e-05 2.80413635184e-05
BPM.24R4.B2 11125.88333 -0.002178729774 -0.0093545054532 2.57416937269e-05 7.4359158885e-07
BPM.25R4.B2 11179.33482 -0.00407289940939 -0.00869857034663 -3.00861150692e-08 -2.57524193941e-05
BPM.26R4.B2 11232.7863 -0.00335754851158 -0.0089989168063 -2.57504653682e-05 3.18589778099e-07
BPM.27R4.B2 11286.23779 -0.00515221327304 -0.00810606773407 1.09209939049e-06 2.5729269494e-05
BPM.28R4.B2 11339.68927 -0.00456827010886 -0.00850101857174 2.43840637538e-05 8.59557810272e-05
BPM.29R4.B2 11393.14075 -0.00623321244468 -0.00736773175056 8.5184336012e-05 -2.69556691589e-05
BPM.30R4.B2 11446.59224 -0.00561826852482 -0.00784674883593 -2.79085955306e-05 -8.48769062924e-05
BPM.31R4.B2 11500.04372 -0.00712459171753 -0.0065097312921 -8.4000236749e-05 3.04456951018e-05
BPM.32R4.B2 11553.49521 -0.00657589087351 -0.00706357329876 3.13846818279e-05 8.36539366227e-05
BPM.33R4.B2 11606.94669 -0.00789877461625 -0.00554488665472 8.26731203697e-05 -3.38841472221e-05
BPM.34R4.B2 11660.39818 -0.00742550464491 -0.00616427524291 -3.4808529718e-05 -8.22881847479e-05
BPM.33L5.B2 11713.84966 -0.0085432477705 -0.00448880007553 -8.12054859868e-05 3.72645827644e-05
BPM.32L5.B2 11767.30114 -0.00815304956113 -0.00516373812075 3.8171827576e-05 8.07829835764e-05
BPM.31L5.B2 11820.75263 -0.00904727090515 -0.0033590620328 7.95994472289e-05 -4.05820961188e-05
BPM.30L5.B2 11874.20411 -0.00874665716014 -0.00407828359755 -4.14716124418e-05 -7.91396525882e-05
BPM.29L5.B2 11927.6556 -0.00940265889201 -0.0021740318031 -7.7858296325e-05 4.38299533199e-05
BPM.28L5.B2 11981.10708 -0.00919650237169 -0.002925876393 4.46993143057e-05 7.73624599866e-05
BPM.27L5.B2 12034.55856 -0.00960351703412 -0.00095334625701 7.59842499122e-05 -4.70039671433e-05
BPM.26L5.B2 12088.01005 -0.00958244785051 -0.00173084545348 -4.91837876567e-05 1.18832350167e-05
BPM.25L5.B2 12141.46153 -0.00973301924601 0.000295751813947 1.33554430056e-05 4.88045957803e-05
BPM.24L5.B2 12194.91302 -0.00972513495418 -0.000490798268348 4.86518348671e-05 -1.39016296326e-05
BPM.23L5.B2 12248.3645 -0.00961521652921 0.00153842252699 -1.53570919366e-05 -4.82122036656e-05
BPM.22L5.B2 12301.81598 -0.00979522086647 0.000751864624973 -4.93696833561e-05 0.000103233821779
BPM.21L5.B2 12355.26747 -0.00942584654892 0.00276858612144 0.000104670699036 4.62453421482e-05
BPM.20L5.B2 12408.71895 -0.00961855848675 0.00199874583522 4.50685363559e-05 -0.000105182763
BPM.19L5.B2 12462.17044 -0.00899425032288 0.00395159630868 -0.000106489057728 -4.18887463915e-05
BPM.18L5.B2 12515.62192 -0.00928383310371 0.00321280176267 -4.06941465391e-05 0.000106951262396
BPM.17L5.B2 12569.07341 -0.00841479109324 0.00506980700486 0.000108125784042 3.74619909972e-05
BPM.16L5.B2 12622.52489 -0.00879655178272 0.00437405177691 3.62471205814e-05 -0.000108539085204
BPM.15L5.B2 12675.97637 -0.00769715193112 0.00610454784245 -0.000109578889895 -3.29704924687e-05
BPM.14L5.B2 12729.42786 -0.00816471656215 0.00546342892807 -3.17416938776e-05 0.000109941127665
BPM.13L5.B2 12782.87934 -0.00685288791652 0.00703914621393 0.000110845276909 2.84237713073e-05
BPM.12L5.B2 12836.33083 -0.00814752361071 0.00548903555162 3.5388777779e-05 -0.00010882197116
BPM.11L5.B2 12889.78231 -0.00768275126715 0.00612266161057 -0.000104207238339 -4.72804171408e-05
BPM.10L5.B2 12942.565 -0.00693517073818 0.00695809306579 -4.10934224906e-05 0.000106798491074
BPM.9L5.B2 12981.63199 -0.00535569918624 0.00823578402295 0.000102755617965 5.03574253692e-05
BPM.8L5.B2 13022.09698 -0.00956770448831 0.00222950288312 -3.47000810355e-06 -0.000114378953558
BPM.7L5.B2 13061.16497 -0.00648557479985 0.00737895465231 -0.000114197575878 -7.31440578248e-06
BPMR.6L5.B2 13098.05897 -0.00627254990221 0.00756087097795 -8.60727609836e-05 7.54060068929e-05
BPMWT.B6L5.B2 13109.36897 -0.0056307841497 0.00805021254981 -6.91960553723e-05 9.11399666158e-05
BPMWT.A6L5.B2 13115.19097 -0.00548655114976 0.00814919681702 -6.06681394593e-05 9.70255745774e-05
BPM.5L5.B2 13129.95897 -0.00565343898937 0.00803431887928 -3.82780259192e-05 0.000107839599819
BPMYA.4L5.B2 13157.36497 -0.00583689510358 0.00790204453454 7.60935488611e-06 0.000114178304365
BPMWB.4L5.B2 13178.42347 -0.00466144315902 0.00864769332882 4.87436940604e-05 0.000103530859261
BPMWT.B4L5.B2 13178.89297 -0.00463479891101 0.00866200273038 4.96487033205e-05 0.000103099916934
BPMWT.A4L5.B2 13180.87497 -0.00452310512384 0.00872084699507 5.34398787635e-05 0.000101186788719
BPMSY.4L5.B2 13271.27947 -0.00393360666208 0.00900213257475 9.93250452249e-05 -5.68253707844e-05
BPMS.2L5.B2 13298.06497 -0.00302621956692 0.00934631731726 6.47713617413e-05 -9.43358700765e-05
BPMSW.1L5.B2 13308.11897 -0.0026856183863 0.00944982042855 3.59082845828e-05 -0.000108651651795
BPMSW.1R5.B2 13351.06897 -0.0026855615395 0.00944983658405 9.16543033918e-05 6.85133257277e-05
BPMS.2R5.B2 13361.12297 -0.00302617681879 0.00934633115301 0.000107119454401 4.02493907503e-05
BPMSY.4R5.B2 13387.90847 -0.00393359251784 0.00900213875383 0.000113968107138 -1.02886942924e-05
BPMWB.4R5.B2 13480.76447 -0.00466156929765 0.00864762533369 -1.93227810296e-05 -0.000112788369729
BPMYA.4R5.B2 13501.82097 -0.0058369516724 0.00790200274628 -5.91394563259e-05 -9.79648481094e-05
BPMR.5R5.B2 13522.93897 -0.00589773435745 0.00785674116483 -8.64048837103e-05 -7.50252154461e-05
BPM.6R5.B2 13554.83897 -0.00586441769826 0.00788164052128 -0.00011149721264 -2.57479577641e-05
BPMRA.7R5.B2 13588.85297 -0.00687177917263 0.00702070532474 -0.000103127325536 4.95917527651e-05
BPM.8R5.B2 13630.28998 -0.0088980015877 0.00416379874615 2.63981799884e-05 0.000111345060296
BPM.9R5.B2 13669.35499 -0.00842300073963 0.00505615572667 0.000100625942215 -5.4488593391e-05
BPM.10R5.B2 13709.818 -0.00552799018379 0.00812114380865 -7.5014065159e-05 -8.64145624592e-05
BPM.11R5.B2 13762.59871 -0.00880148404918 0.00436411855314 -6.12658299194e-05 9.66492861575e-05
BPM.12R5.B2 13817.32223 -0.00799176927667 0.0057134294515 0.000101347317342 5.31348153715e-05
BPM.13R5.B2 13870.77074 -0.00871889905842 0.00452685889486 4.7292862126e-05 -0.000104201592013
BPM.14R5.B2 13924.21926 -0.00758968016773 0.00623766039161 -0.000105569648954 -4.41546844985e-05
BPM.15R5.B2 13977.66777 -0.00806826492913 0.00560488655113 -4.29822127843e-05 0.000106052420493
BPM.16R5.B2 14031.11629 -0.00672932091903 0.00715736629284 0.00010729137922 3.9788773702e-05
BPM.17R5.B2 14084.56481 -0.0072849987007 0.00659093666688 3.85955823607e-05 -0.000107726362707
BPM.18R5.B2 14138.01332 -0.00575857981516 0.00795929712729 -0.000108832965552 -3.53549431598e-05
BPM.19R5.B2 14191.46184 -0.00638204901791 0.00746867475656 -3.41466327067e-05 0.000109218107498
BPM.20R5.B2 14244.91035 -0.00469299076027 0.00863061353379 0.000110191164643 3.08624862008e-05
BPM.21R5.B2 14298.35887 -0.00537421882572 0.00822371109758 2.96379045605e-05 -0.000110526835922
BPM.22R5.B2 14351.80738 -0.00355056003536 0.00915997683855 -0.000111364196122 -2.63173585292e-05
BPM.23R5.B2 14405.2559 -0.00427810295765 0.0088436127978 -2.50812947625e-05 0.000111649071425
BPM.24R5.B2 14458.70442 -0.00220306562648 0.00951092549714 0.00011220206799 -0.00012743729689
BPM.25R5.B2 14512.15293 -0.00296357518138 0.00930206558208 -0.000128673889301 -0.000110781771555
BPM.26R5.B2 14565.60145 -0.000968499173327 0.00971458755344 -0.000106881843177 0.000131931200601
BPM.27R5.B2 14619.04996 -0.00174909892198 0.00960478292264 0.000133108239465 0.000105412367064
BPM.28R5.B2 14672.49848 0.000428708676949 0.00973068311552 0.000101235000281 -0.000285367801353
BPM.29R5.B2 14725.947 -0.00035824230096 0.00973353211789 -0.000286473133353 -9.8063497866e-05
BPM.30R5.B2 14779.39551 0.00166978759419 0.00959592592833 -8.94454884605e-05 0.000289279814032
BPM.31R5.B2 14832.84403 0.000890265084743 0.00969935117018 0.000290253597265 8.62331557123e-05
BPM.32R5.B2 14886.29254 0.00288369482387 0.00930345576398 7.75107187258e-05 -0.000292703593434
BPM.33R5.B2 14939.74106 0.00212324193219 0.00950588390109 -0.000293545669054 -7.42579879928e-05
BPM.34R5.B2 14993.18958 0.00405000355536 0.00885818583369 -6.54367648884e-05 0.00029563716835
BPM.33L6.B2 15046.63809 0.00332220650224 0.00915603238282 0.000296344102453 6.21568954441e-05
BPM.32L6.B2 15100.08661 0.0051499349547 0.00826729429278 5.32650166135e-05 -0.000298070698812
BPM.31L6.B2 15153.53512 0.00446576705445 0.00865603313606 -0.000298643660398 -4.9952663073e-05
BPM.30L6.B2 15206.98364 0.00616512695408 0.00754063622231 -4.09879625321e-05 0.000300005490433
BPM.29L6.B2 15260.43215 0.00553668577224 0.00801343220437 0.000300441045201 3.76628099049e-05
BPM.28L6.B2 15313.88067 0.00707910104103 0.00669001594753 2.86608104682e-05 -0.000301433014329
BPM.27L6.B2 15367.32919 0.00651599907719 0.00723959536912 -0.000301732763379 -2.53110101512e-05
BPM.26L6.B2 15420.7777 0.00802321301437 0.00570163419696 -1.64149880972e-05 0.000153192340614
BPM.25L6.B2 15474.22622 0.00753699352352 0.00633042717832 0.000153364810729 1.47166429385e-05
BPM.24L6.B2 15527.67473 0.00868665641608 0.00462845328987 1.01222604929e-05 -0.000153736413386
BPM.23L6.B2 15581.12325 0.00828477806631 0.00531441737089 -0.000153839307092 -8.41500721564e-06
BPM.22L6.B2 15634.57177 0.00935390394597 0.00345134351185 -3.95408876983e-06 4.85562401712e-06
BPM.21L6.B2 15688.02028 0.00904488437161 0.00419492046729 4.89918152098e-06 3.90000509444e-06
BPM.20L6.B2 15741.4688 0.00971855350229 0.00222643411547 3.75164720923e-06 -5.01369596875e-06
BPM.19L6.B2 15794.91731 0.0095071857351 0.00300344975379 -5.05499447083e-06 -3.69581317836e-06
BPM.18L6.B2 15848.36583 0.009923514756 0.000964959013278 -3.54287600393e-06 5.16333419034e-06
BPM.17L6.B2 15901.81435 0.00981328122374 0.00176261244654 5.20230301929e-06 3.48540455691e-06
BPM.16L6.B2 15955.26286 0.00996542545903 -0.000312388359467 3.32816751574e-06 -5.30427762655e-06
BPM.15L6.B2 16008.71138 0.00995813292839 0.000492828183118 -5.34085951213e-06 -3.26912709604e-06
BPM.14L6.B2 16062.15989 0.00984359588405 -0.00158458546153 -3.10783144862e-06 5.4363058985e-06
BPM.13L6.B2 16115.60841 0.00993936440218 -0.000785064558331 5.47043331012e-06 3.04735771406e-06
BPM.12L6.B2 16169.05693 0.00951653127994 -0.00297370534368 2.93191904816e-06 -5.53315519382e-06
BPM.11L6.B2 16222.50544 0.00988376832785 -0.00131088318327 -5.31132079824e-06 -3.31690974585e-06
BPM.10L6.B2 16274.34415 0.00950965016168 -0.00299563763596 -4.21028647441e-06 4.63524870332e-06
BPM.9L6.B2 16313.40916 0.00900869762105 -0.00427207890804 2.87114065223e-06 5.56494363022e-06
BPM.8L6.B2 16353.87217 0.00520634409315 -0.00850301547873 4.06220835111e-06 -4.76555189919e-06
BPMYB.5L6.B2 16450.96018 0.00993354433762 -0.000855562898847 -6.1384286444e-06 1.23762426946e-06
BPMYA.4L6.B2 16487.36018 0.0098923290196 -0.00124463532613 -5.68472493368e-06 2.62607314725e-06
BPMSB.B4L6.B2 16518.13068 0.00996963770448 -0.000116683660396 -4.9429849093e-06 3.84433511608e-06
BPMSB.A4L6.B2 16518.76568 0.00996990920818 -9.05614972152e-05 -4.92286507482e-06 3.87006751898e-06
BPMSA.4L6.B2 16615.57568 0.00912246678113 0.0040234178081 4.83333622123e-07 6.24326792505e-06
BPMSE.4R6.B2 16707.14568 0.00899611286575 0.00429851652609 5.51585905203e-06 2.96433727061e-06
BPMSA.A4R6.B2 16803.82068 0.00993934074419 0.000785363981056 5.7029561327e-06 -2.58616973963e-06
BPMSA.B4R6.B2 16804.40568 0.00994108981981 0.000762905112206 5.69107747248e-06 -2.61220950051e-06
BPMYB.4R6.B2 16830.96018 0.0099684605175 -0.000192577127614 5.08817577544e-06 -3.64999445482e-06
BPMYA.5R6.B2 16867.36018 0.00996605223314 -0.000291708604058 4.19051202223e-06 -4.65312927501e-06
BPM.8R6.B2 16963.08519 0.00883384174441 -0.00462282717321 -5.2282170376e-06 -3.44641317676e-06
BPM.9R6.B2 17002.1502 0.00334041339148 -0.0093940901325 -2.85721188505e-06 5.57210373925e-06
BPM.10R6.B2 17042.61322 0.00139084633889 -0.00987283330672 4.56966919778e-06 4.2813690757e-06
BPM.11R6.B2 17094.45193 -0.00121041559915 -0.00989657441373 3.65984556188e-06 -5.0810971771e-06
BPM.12R6.B2 17149.17544 0.000922102505306 -0.00992758872902 -5.53062076671e-06 -2.93671568879e-06
BPM.13R6.B2 17202.62396 -0.00117235765996 -0.00990115491148 -2.76379703112e-06 5.61902702767e-06
BPM.14R6.B2 17256.07247 -0.000369525260578 -0.00996347038488 5.64933193118e-06 2.70131023684e-06
BPM.15R6.B2 17309.52099 -0.00242928250253 -0.00966984371695 2.5310468408e-06 -5.72763982439e-06
BPM.16R6.B2 17362.96951 -0.00164102930032 -0.00983434359144 -5.7553518379e-06 -2.46737004494e-06
BPM.17R6.B2 17416.41802 -0.00364628376289 -0.00927965008702 -2.29403073299e-06 5.82661252251e-06
BPM.18R6.B2 17469.86654 -0.0028855345123 -0.00954363566027 5.85169647662e-06 2.22926856771e-06
BPM.19R6.B2 17523.31505 -0.00480337828622 -0.00873698163101 2.05315781044e-06 -5.91578921249e-06
BPM.20R6.B2 17576.76357 -0.00408266219404 -0.00909610688363 -5.93819306079e-06 -1.9874285983e-06
BPM.21R6.B2 17630.21209 -0.00588154518137 -0.00805075880656 -1.80883285323e-06 5.99500982784e-06
BPM.22R6.B2 17683.6606 -0.00521267556842 -0.00849913551193 6.01470517073e-06 1.7422307247e-06
BPM.23R6.B2 17737.10912 -0.00686307570058 -0.00723225296791 1.56145748777e-06 -6.06414473804e-06
BPM.24R6.B2 17790.55763 -0.00626558608849 -0.00776304038022 -6.21215196237e-06 7.0404836653e-06
BPM.25R6.B2 17844.00615 -0.00774027900036 -0.0062936830198 7.22323852675e-06 5.99867048481e-06
BPM.26R6.B2 17897.45466 -0.00720714426363 -0.00689778490474 5.91819221934e-06 -7.28932854838e-06
BPM.27R6.B2 17950.90318 -0.00848177804588 -0.00525183835492 -7.4631613926e-06 -5.69740258999e-06
BPM.28R6.B2 18004.3517 -0.00803882354843 -0.00591971235106 -5.74537536398e-06 1.60604961413e-05
BPM.29R6.B2 18057.80021 -0.00909235152349 -0.00412247766423 1.62252468e-05 5.26215673492e-06
BPM.30R6.B2 18111.24873 -0.00873002083478 -0.00484276930769 5.08185942215e-06 -1.62826107925e-05
BPM.31R6.B2 18164.69724 -0.00954500135387 -0.00292551320198 -1.64273918022e-05 -4.59234252721e-06
BPM.32R6.B2 18218.14576 -0.00927778911148 -0.00368623216428 -4.40991479392e-06 1.64772996187e-05
BPM.33R6.B2 18271.59428 -0.00984081453161 -0.00168049029233 1.66019022988e-05 3.91481444854e-06
BPM.34R6.B2 18325.04279 -0.00967310614144 -0.00246914883108 3.73042807056e-06 -1.66443034783e-05
BPM.33L7.B2 18378.49131 -0.00997493528591 -0.000407853355844 -1.67484728805e-05 -3.2306838442e-06
BPM.32L7.B2 18431.93982 -0.00990949076761 -0.00121147476127 -3.04478797838e-06 1.67832682838e-05
BPM.31L7.B2 18485.38834 -0.00994515864134 0.000871491801007 1.68668711481e-05 2.54114861094e-06
BPM.30L7.B2 18538.83686 -0.00998305118653 6.60860938384e-05 2.35389624731e-06 -1.68940113386e-05
BPM.29L7.B2 18592.28537 -0.00975197612504 0.00213650181194 -1.69568967672e-05 -1.84730328533e-06
BPM.28L7.B2 18645.73389 -0.00989258113911 0.00134257840696 -1.65918096899e-06 1.69763301967e-05
BPM.27L7.B2 18699.1824 -0.00939855406359 0.00336643132679 1.70183889821e-05 1.15037301161e-06
BPM.26L7.B2 18752.63092 -0.00964809048269 0.00259645990051 8.30512280171e-07 -8.49550249769e-06
BPM.25L7.B2 18806.07943 -0.00889916248568 0.00454226386592 -8.51655341805e-06 -5.75910244054e-07
BPM.24L7.B2 18859.52795 -0.0092366863203 0.0038093148604 -4.81439510921e-07 8.52241366609e-06
BPM.23L7.B2 18912.97647 -0.00824499866084 0.00564333686605 8.53300572372e-06 2.26177475232e-07
BPM.22L7.B2 18966.42498 -0.00868204016873 0.00495903215021 4.84867446161e-10 -3.79343226242e-10
BPM.21L7.B2 19019.8735 -0.00746382312828 0.00665290655961 -3.94783871016e-10 -4.73248748593e-10
BPM.20L7.B2 19073.32201 -0.00797635201185 0.0060288995584 -4.63124645839e-10 3.9936522797e-10
BPM.19L7.B2 19126.77053 -0.00655145995476 0.00755302547766 4.16185887959e-10 4.53724017123e-10
BPM.18L7.B2 19180.21905 -0.00713961368898 0.00699969555086 4.49815073036e-10 -4.13413217618e-10
BPM.17L7.B2 19233.66756 -0.00553146685064 0.00832902730586 -4.33318184567e-10 -4.37323315436e-10
BPM.16L7.B2 19287.11608 -0.00618555597552 0.00785548971278 -4.33174454304e-10 4.32646222908e-10
BPM.15L7.B2 19340.56459 -0.00442056790613 0.00896818826548 4.52640024112e-10 4.19896077788e-10
BPM.14L7.B2 19394.01311 -0.00512987357955 0.00858220358442 4.20638966369e-10 -4.52834857629e-10
BPM.13L7.B2 19447.46163 -0.00323705609305 0.00945998357523 -4.6678590624e-10 -4.03188378687e-10
BPM.12L7.B2 19500.91014 -0.00418355453542 0.00908117243495 -4.02575156117e-10 4.61195989423e-10
BPM.11L7.B2 19554.35866 -0.00198534301696 0.00979939970036 4.55011334395e-10 4.09716950171e-10
BPM.10L7.B2 19607.13937 -0.00193467325728 0.00980952907784 4.34470949871e-10 -4.39515623326e-10
BPM.9L7.B2 19646.20438 0.0019715231923 0.00980218943284 -2.42809498104e-10 -5.60736603444e-10
BPM.8L7.B2 19686.66739 0.00525968692044 0.0085032649545 -5.89572685544e-10 1.82269724113e-10
BPM.7L7.B2 19725.7314 0.00943818054126 0.00330008628048 1.31114786979e-10 6.01919936064e-10
BPMR.6L7.B2 19760.5494 0.00939680175596 0.0034161291173 5.2042227497e-10 3.29478625789e-10
BPMWC.6L7.B2 19772.7279 0.00978530053848 0.00205370755903 5.89768960759e-10 1.68232467584e-10
BPMWE.5L7.B2 19849.7819 0.00744834677815 0.00667022875572 1.43526840352e-10 -5.97389970227e-10
BPMW.5L7.B2 19872.9869 0.00497744784861 0.00867149550511 -1.29973680097e-10 -6.03096620511e-10
BPMWE.4L7.B2 19908.0719 0.00499175799672 0.00866326575346 -3.626776392e-10 -4.99538957211e-10
BPMW.4L7.B2 19936.1769 0.0079906198368 0.00600997637553 -5.67559367137e-10 -2.31321953365e-10
BPMW.4R7.B2 20052.2239 0.00916974757753 0.00398566817335 1.04793705295e-10 6.02160937528e-10
BPMWE.4R7.B2 20080.3289 0.0071663569283 0.00697231308323 3.97572478124e-10 4.75122733303e-10
BPMW.5R7.B2 20115.4139 0.00747838941185 0.00663652870159 5.67772887623e-10 2.37883263055e-10
BPMWE.5R7.B2 20138.6189 0.00982305731426 0.00186476979368 5.89268784112e-10 -1.73817997376e-10
BPM.6R7.B2 20217.7584 0.00954720830301 -0.00296995538244 -3.55374145075e-10 -5.05369387405e-10
BPM_A.7R7.B2 20255.7944 0.00999089078469 0.000389772643741 -6.08352666331e-10 -8.73295397383e-11
BPM.8R7.B2 20294.85841 0.00998712116962 0.000476688669416 -4.26328554902e-10 4.47861572039e-10
BPM.9R7.B2 20333.92342 0.00877336807885 -0.0047956056926 4.3046721265e-10 4.34910500271e-10
BPM.10R7.B2 20374.38643 0.00550686368623 -0.00834531447776 4.8778777358e-10 -3.83343595995e-10
BPM.11R7.B2 20427.16714 0.00575797482623 -0.00817407776431 -3.13501189243e-10 -5.30949376232e-10
BPM.12R7.B2 20481.89066 0.00462096188117 -0.00886659645377 -5.21219867361e-10 3.15462205977e-10
BPM.13R7.B2 20535.33917 0.00540754954166 -0.00841000769131 3.24924525293e-10 5.17538548361e-10
BPM.14R7.B2 20588.78769 0.00354443236563 -0.00934916149155 5.04389624833e-10 -3.41474968292e-10
BPM.15R7.B2 20642.23621 0.00428732662862 -0.00903264367718 -3.49075692906e-10 -5.09920714706e-10
BPM.16R7.B2 20695.68472 0.00231937400101 -0.00972575578664 -4.90126940472e-10 3.62463728245e-10
BPM.17R7.B2 20749.13324 0.00309666507248 -0.00950686524853 3.6594029018e-10 4.88677747418e-10
BPM.18R7.B2 20802.58175 0.00105620531191 -0.00994254754726 4.85153020397e-10 -3.82703520452e-10
BPM.19R7.B2 20856.03027 0.00185509863842 -0.00982488831499 -3.92132899278e-10 -4.76731880382e-10
BPM.20R7.B2 20909.47879 -0.000224318180598 -0.00999597432635 -4.64837125171e-10 4.03745723436e-10
BPM.21R7.B2 20962.9273 0.000583075915076 -0.00998147503468 4.07322115444e-10 4.58910409818e-10
BPM.22R7.B2 21016.37582 -0.00150115413098 -0.00988515845442 4.44690193602e-10 -4.21642975317e-10
BPM.23R7.B2 21069.82433 -0.00069855197091 -0.00997405867817 -4.28247971036e-10 -4.42631549581e-10
BPM.24R7.B2 21123.27285 -0.00284911128793 -0.0095936430097 9.53306685271e-08 9.75887221714e-05
BPM.25R7.B2 21176.72137 -0.00206554899056 -0.00979228924723 9.75816619341e-05 -1.17784427937e-06
BPM.26R7.B2 21230.16988 -0.00405291894049 -0.00915036990239 -4.09781663623e-06 -9.75026943991e-05
BPM.27R7.B2 21283.6184 -0.00330135719903 -0.00944756381105 -9.74512754789e-05 5.17845999162e-06
BPM.28R7.B2 21337.06691 -0.00528593091621 -0.00853849890973 8.18692043083e-06 0.000194841784321
BPM.29R7.B2 21390.51543 -0.00457952474098 -0.00893728048189 0.000194738923457 -1.0348955683e-05
BPM.30R7.B2 21443.96394 -0.00633475421245 -0.00779217032621 -1.61738316191e-05 -0.000194341848503
BPM.31R7.B2 21497.41246 -0.00568538556565 -0.00827788742716 -0.000194150741731 1.83258683132e-05
BPM.32R7.B2 21550.86098 -0.00727946894939 -0.00691782921795 2.41258242982e-05 0.000193515615841
BPM.33R7.B2 21604.30949 -0.00669738950069 -0.00748278044556 0.000193235815796 -2.62729534466e-05
BPM.34R7.B2 21657.75801 -0.00810460398154 -0.00592979119329 -3.20460317341e-05 -0.000192362679652
BPM.33L8.B2 21711.20652 -0.00759971056211 -0.00656440619279 -0.000191995985763 3.41744141733e-05
BPM.32L8.B2 21764.65504 -0.00879654489386 -0.00484436035252 3.99026081878e-05 0.000190887739936
BPM.31L8.B2 21818.10356 -0.00837688242896 -0.00553848987277 0.000190432781154 -4.20202801611e-05
BPM.30L8.B2 21871.55207 -0.0093439741103 -0.00367929029811 -4.77024622309e-05 -0.000189089458099
BPM.29L8.B2 21925.00059 -0.00901661498261 -0.00442127622917 -0.000188549738432 4.97930311799e-05
BPM.28L8.B2 21978.4491 -0.00973785767115 -0.00245380464669 5.54111842953e-05 0.000186975790914
BPM.27L8.B2 22031.89762 -0.00950806651573 -0.00323167145475 0.000186348669606 -5.74849553703e-05
BPM.26L8.B2 22085.34614 -0.0100676396053 -0.00116969886539 -6.2940421967e-05 -8.69571085378e-05
BPM.25L8.B2 22138.79465 -0.00994041564701 -0.00197830720615 -8.62545562073e-05 6.38998056055e-05
BPM.24L8.B2 22192.24317 -0.0101345567281 0.000127759689463 6.6452284326e-05 8.43037912068e-05
BPM.23L8.B2 22245.69168 -0.010111812849 -0.000690509634519 8.35608058834e-05 -6.73841744786e-05
BPM.22L8.B2 22299.1402 -0.010130855429 0.00144140709674 -6.97590747988e-05 1.60826296799e-05
BPM.21L8.B2 22352.58871 -0.0102141323255 0.000619182507759 1.68549323594e-05 6.95765046761e-05
BPM.20L8.B2 22406.03723 -0.00986323391481 0.0027255279988 6.90408237015e-05 -1.89299924654e-05
BPM.19L8.B2 22459.48575 -0.0100510155952 0.00192066959665 -1.969478261e-05 -6.88265578193e-05
BPM.18L8.B2 22512.93426 -0.00943357162559 0.00396479666397 -6.82064978268e-05 2.17451893483e-05
BPM.17L8.B2 22566.38278 -0.00972274546314 0.00319062797642 2.24999745121e-05 6.79612484369e-05
BPM.16L8.B2 22619.83129 -0.00884886782867 0.00513901005096 6.72573118432e-05 -2.45241424873e-05
BPM.15L8.B2 22673.27981 -0.00923473504391 0.00440812373818 -2.52687472147e-05 -6.69811150086e-05
BPM.14L8.B2 22726.72833 -0.00811883151557 0.00622868052116 -6.61950945119e-05 2.72614864966e-05
BPM.13L8.B2 22780.17684 -0.00859496695809 0.00555323591519 2.79936927992e-05 6.58887881515e-05
BPM.12L8.B2 22833.62536 -0.00660995761879 0.00781155211342 6.64069145866e-05 -2.67413842949e-05
BPM.11L8.B2 22887.07387 -0.00715191489741 0.00731860638879 -1.61532666733e-05 -6.97427525609e-05
BPM.10L8.B2 22938.91258 -0.00566542940638 0.00852143155927 -7.15617374612e-05 1.97424997114e-06
BPM.9L8.B2 22977.9776 -0.00382711193636 0.00949026345314 -2.00389853442e-05 6.87271318784e-05
BPM.8L8.B2 23018.44061 0.00589881413812 0.00836157150343 7.15178313156e-05 3.19076823678e-06
BPM.7L8.B2 23057.50662 0.00380362115302 0.00949970274807 4.39536943659e-05 -5.65071062462e-05
BPM.6L8.B2 23089.97562 -0.00258484551922 0.00990103326852 -2.62736289801e-05 -6.65933624791e-05
BPMR.5L8.B2 23150.39462 -0.00737723966523 0.00709141883069 -4.48959806856e-05 5.57613704024e-05
BPMYB.4L8.B2 23171.16162 -0.0056188850157 0.00855219371517 -2.33235499469e-06 7.15509593302e-05
BPMWB.4L8.B2 23195.62912 -0.00711627130071 0.00735326926739 5.60548596675e-05 4.45290085516e-05
BPMSX.4L8.B2 23245.78612 -0.00251458854013 0.00991910936618 2.64321592017e-05 -6.65305999608e-05
BPMS.2L8.B2 23283.69762 -0.00250224278499 0.00992223096662 -2.25379572795e-05 -6.7948667669e-05
BPMSW.1L8.B2 23293.63162 -0.0028730958879 0.00982126296247 -3.93199261779e-05 -5.98241048875e-05
BPMSW.1R8.B2 23336.82162 -0.00287301407948 0.0098212868949 6.54376195322e-05 -2.90326991179e-05
BPMS.2R8.B2 23346.75562 -0.00250218065597 0.00992224662969 5.57210560504e-05 -4.49459768739e-05
BPMSX.4R8.B2 23384.66712 -0.00251460320679 0.0099191056509 1.37722567764e-05 -7.02517255931e-05
BPMWI.4R8.B2 23434.90012 -0.00711560350495 0.00735391548506 -7.12116230668e-05 7.34061960654e-06
BPMYB.4R8.B2 23459.29162 -0.00560760449563 0.00855959449834 -3.67428672246e-05 6.14405524383e-05
BPMYB.5R8.B2 23479.86862 -0.00709171885773 0.00737695125572 5.61074051188e-06 7.13687511012e-05
BPMR.6R8.B2 23563.97662 -0.00626067709505 0.00809418362149 6.72804516023e-05 -2.44606102037e-05
BPM_A.7R8.B2 23586.21662 -0.00550268945925 0.00862741530817 5.48513739581e-05 -4.6003329253e-05
BPM.8R8.B2 23627.65561 -0.00295894793044 0.00979573954962 -2.62714486143e-05 -6.65942261388e-05
BPM.9R8.B2 23666.7226 0.00444697052437 0.00921609132506 -3.56555116608e-05 6.20778878993e-05
BPM.10R8.B2 23707.18758 0.00307608532765 0.00975958939868 5.31940094085e-05 4.79100960857e-05
BPM.11R8.B2 23759.02827 0.00506067026402 0.00889390255434 5.64501397594e-05 -4.40268272688e-05
BPM.12R8.B2 23813.75476 0.00564291001273 0.00853636062626 -4.31591076696e-05 -5.71162962005e-05
BPM.13R8.B2 23867.20624 0.00786441271037 0.00654697631793 -5.27736478437e-05 4.83727350954e-05
BPM.14R8.B2 23920.65773 0.00731046703361 0.00716023448436 4.89605297957e-05 5.22287900189e-05
BPM.15R8.B2 23974.10921 0.00863742841294 0.00548695876932 5.07346204897e-05 -5.0507203135e-05
BPM.16R8.B2 24027.56069 0.00816636100954 0.00616623337943 -5.10724825354e-05 -5.01655392743e-05
BPM.17R8.B2 24081.01218 0.00926837144882 0.0043369547915 -4.86081154412e-05 5.25569283295e-05
BPM.18R8.B2 24134.46366 0.00888810755789 0.00507084117283 5.30982099621e-05 4.80162454813e-05
BPM.19R8.B2 24187.91515 0.00974704096648 0.00311561847793 4.63997431482e-05 -5.4516450313e-05
BPM.20R8.B2 24241.36663 0.00946376527235 0.00389217587058 -5.5032921748e-05 -4.57859961867e-05
BPM.21R8.B2 24294.81811 0.0100655229752 0.00184313142805 -4.41114927597e-05 5.63840014721e-05
BPM.22R8.B2 24348.2696 0.00988392558627 0.00264950960906 5.6874644082e-05 4.34770584784e-05
BPM.23R8.B2 24401.72108 0.0102186071774 0.000540327256305 4.1749201103e-05 -5.81548309079e-05
BPM.24R8.B2 24455.17257 0.0100167699176 0.00135542955531 -6.05240677908e-05 8.39769778776e-05
BPM.25R8.B2 24508.62405 0.0100799625436 -0.000753142728754 8.57573089618e-05 5.79739712517e-05
BPM.26R8.B2 24562.07554 0.0101078639926 6.28839106791e-05 5.70105008335e-05 -8.6400816213e-05
BPM.27R8.B2 24615.52702 0.00990079018185 -0.00203647308162 -8.80747450705e-05 -5.43887506835e-05
BPM.28R8.B2 24668.9785 0.00990797438716 -0.00123857575349 -5.53000930095e-05 0.000213747241643
BPM.29R8.B2 24722.42999 0.00943515195942 -0.00326801681481 0.000215311494271 4.88563429327e-05
BPM.30R8.B2 24775.88147 0.00966812597588 -0.00249586990222 4.64453380505e-05 -0.000215844421298
BPM.31R8.B2 24829.33296 0.00893950140707 -0.00444829641398 -0.000217142926251 -3.99366096074e-05
BPM.32R8.B2 24882.78444 0.00926938878731 -0.00371220390765 -3.74971155397e-05 0.000217577456858
BPM.33R8.B2 24936.23592 0.00829709365369 -0.00555520145924 0.000218605334832 3.09465739459e-05
BPM.34R8.B2 24989.68741 0.00871835328436 -0.00486747803498 2.84991389828e-05 -0.00021893785249
BPM.33L1.B2 25043.13889 0.00751811988281 -0.00657114144112 -0.000219695550286 -2.19054954091e-05
BPM.32L1.B2 25096.59038 0.00802402135006 -0.00594281984659 -1.94393164683e-05 0.000219927478651
BPM.31L1.B2 25150.04186 0.00661591151163 -0.0074787526542 0.000220412045745 1.28262204174e-05
BPM.30L1.B2 25203.49334 0.00719786332572 -0.00692046169138 1.03587961788e-05 -0.000220541786263
BPM.29L1.B2 25256.94483 0.00560458613425 -0.00826381513934 -0.000220753492074 -3.7254490316e-06
BPM.28L1.B2 25310.39631 0.00625339938334 -0.00778440894182 -1.24951391117e-06 0.000220781385268
BPM.27L1.B2 25363.8478 0.00450164809202 -0.0089127543921 0.000220719329144 -5.38150602289e-06
BPM.26L1.B2 25417.29928 0.00508141364529 -0.00852824516971 -9.76009284418e-06 -9.55757566235e-05
BPM.25L1.B2 25470.75077 0.00320058294168 -0.00939723358861 -9.52393237063e-05 1.2627569434e-05
BPM.24L1.B2 25524.20225 0.00394868202449 -0.00910821829724 1.36940651442e-05 9.50918360224e-05
BPM.23L1.B2 25577.65373 0.00197227500945 -0.0097294327481 9.46375600954e-05 -1.6544391894e-05
BPM.22L1.B2 25631.10522 0.00262628870187 -0.00954637797273 -1.95099515522e-05 3.06216517779e-05
BPM.21L1.B2 25684.5567 0.000587703085978 -0.00988358891773 3.1193973818e-05 1.85811615586e-05
BPM.20L1.B2 25738.00819 0.00138349878552 -0.00980391023789 1.82305220874e-05 -3.14001863166e-05
BPM.19L1.B2 25791.45967 -0.000681543988001 -0.00987756157414 -3.19337113132e-05 -1.72789332184e-05
BPM.18L1.B2 25844.91115 0.000117921961821 -0.00990034439861 -1.69200542724e-05 3.21253068557e-05
BPM.17L1.B2 25898.36264 -0.00193950662548 -0.00970922442239 3.26191463369e-05 1.59472524972e-05
BPM.16L1.B2 25951.81412 -0.00114954013849 -0.00983408777058 1.55807897777e-05 -3.279577089e-05
BPM.15L1.B2 26005.26561 -0.00316568169804 -0.00938132102846 -3.32490611179e-05 -1.45884674468e-05
BPM.14L1.B2 26058.71709 -0.00239816314293 -0.00960622393795 -1.42150422403e-05 3.34104175454e-05
BPM.13L1.B2 26112.16857 -0.00433975553369 -0.00889928349271 3.38224146702e-05 1.32048495923e-05
BPM.12L1.B2 26165.62006 -0.00242828485488 -0.00959865394027 1.53212579978e-05 -3.29178155779e-05
BPM.11L1.B2 26219.07154 -0.00318776831565 -0.00937383902105 -3.10081695824e-05 -1.88895956599e-05
BPM.10L1.B2 26271.85423 -0.00423492837103 -0.00894964281353 -1.70400524964e-05 3.20618162145e-05
BPM.9L1.B2 26310.92122 -0.00598510675327 -0.00788728230075 3.0432998015e-05 1.98029219231e-05
BPM.8L1.B2 26351.38621 0.00114728669728 -0.00983435092109 3.2952545696e-06 -3.61588844211e-05
BPM.7L1.B2 26390.4542 -0.00478741773894 -0.00866668080497 -3.56880597758e-05 -6.68474836546e-06
BPMR.6L1.B2 26433.6382 -0.00547613440598 -0.00824879850081 -2.74057924468e-05 2.3816924942e-05
BPM.5L1.B2 26465.5382 -0.00544107923456 -0.00827196358688 -1.30374245146e-05 3.38873013633e-05
BPMYA.4L1.B2 26486.6562 -0.00550467711145 -0.00822977853358 -1.98214347585e-06 3.6254578575e-05
BPMWB.4L1.B2 26507.7127 -0.00661249296921 -0.00736923751375 1.13811228816e-05 3.44788873377e-05
BPMSY.4L1.B2 26600.5687 -0.00719676474467 -0.0067998016148 3.34642539693e-05 -1.40878404779e-05
BPMS.2L1.B2 26627.3542 -0.00783256962223 -0.00605653177701 2.4019960255e-05 -2.72280271572e-05
BPMSW.1L1.B2 26637.4082 -0.00804686877306 -0.00576876310675 1.54781458397e-05 -3.28443410183e-05
