BPMSW.1R1.B2 21.475 -0.00332243539352 0.0100929331379 2.72158016392e-06 0.000172220785748
BPMS.2R1.B2 31.529 -0.00368590412701 0.00996594135342 5.0619610388e-05 0.000164636148917
BPMSY.4R1.B2 58.3145 -0.00465118962266 0.00955365434604 0.000117122294545 0.000126292415542
BPMWB.4R1.B2 151.1705 -0.00542207755188 0.00913821379155 0.000116574141692 -0.000126798563068
BPMYA.4R1.B2 172.227 -0.00665918128123 0.00828016792641 6.22789886433e-05 -0.00016058871143
BPMR.5R1.B2 199.635 -0.00646695560488 0.00843115421862 -6.4919286954e-06 -0.000172119903311
BPM.6R1.B2 231.535 -0.00711504725298 0.00789189323543 -8.97317076936e-05 -0.000147022540653
BPMRA.7R1.B2 259.259 -0.00773842716931 0.00728166334934 -0.000153966014693 -7.7213155932e-05
BPM.8R1.B2 300.6960106 -0.00980111817231 0.00410413923974 -0.000108344743873 0.000133898552313
BPM.9R1.B2 339.7610212 -0.00932741638065 0.00508971315069 0.000157496515267 6.97298661412e-05
BPM.10R1.B2 380.2240318 -0.00633503875426 0.00853071862557 3.3913252634e-05 -0.000168870652005
BPM.11R1.B2 433.0047424 -0.00970572259574 0.00432490753054 -0.000171502024763 1.59518372942e-05
BPM.12R1.B2 487.7282583 -0.00889064491421 0.00581913303978 2.99583612756e-05 0.000169616927455
BPM.13R1.B2 541.1767742 -0.00962365466061 0.00450456959539 0.000167641475571 -3.95441901942e-05
BPM.14R1.B2 594.6252901 -0.00847939575684 0.00640357118625 -4.45429453253e-05 -0.000166383094352
BPM.15R1.B2 648.073806 -0.00896851779942 0.00569838263979 -0.00016587947156 4.63832499382e-05
BPM.16R1.B2 701.5223219 -0.00759052408462 0.00743571250375 5.13258070214e-05 0.00016441735835
BPM.17R1.B2 754.9708378 -0.00816578900346 0.00679895332031 0.000163837454107 -5.31478577088e-05
BPM.18R1.B2 808.4193537 -0.00657708065461 0.00834553091568 -5.80275907395e-05 -0.000162173377932
BPM.19R1.B2 861.8678696 -0.00722912984027 0.00778752579435 -0.000161520463442 5.98209426713e-05
BPM.20R1.B2 915.3163855 -0.00545538062172 0.00911837148625 6.46274257345e-05 0.000159658078244
BPM.21R1.B2 968.7649014 -0.00617338911569 0.00864841852637 0.000158931052958 -6.6395242857e-05
BPM.22R1.B2 1022.213417 -0.00424427564647 0.00974125251289 -7.11218622099e-05 -0.000156872836334
BPM.23R1.B2 1075.661933 -0.00501656843096 0.0093669588135 -0.000156074862224 7.28563167865e-05
BPM.24R1.B2 1129.110449 -0.0029109768159 0.0101941988012 7.74420894999e-05 0.000100658479826
BPM.25R1.B2 1182.558965 -0.00372414360137 0.00992603796197 9.97933099088e-05 -7.85538223428e-05
BPM.26R1.B2 1236.007481 -0.0015831872952 0.0104827951045 -8.15049594738e-05 -9.7397888503e-05
BPM.27R1.B2 1289.455997 -0.00242395179867 0.010320849426 -9.64880444662e-05 8.25800476486e-05
BPM.28R1.B2 1342.904513 -0.000176882653632 0.0105892209489 8.537827983e-05 4.08077329911e-05
BPM.29R1.B2 1396.353029 -0.00103090071611 0.010540404713 3.98585267632e-05 -8.58255167391e-05
BPM.30R1.B2 1449.801545 0.00117897203635 0.0105248711482 -8.69798840148e-05 -3.72722580321e-05
BPM.31R1.B2 1503.25006 0.00032585786367 0.0105856839378 -3.63051399015e-05 8.73879785456e-05
BPM.32R1.B2 1556.698576 0.00251577944783 0.010287552748 8.84352640587e-05 3.36738192194e-05
BPM.33R1.B2 1610.147092 0.00167732136561 0.0104570302105 3.26913657571e-05 -8.88031343339e-05
BPM.34R1.B2 1663.595608 0.00381094749052 0.00988127355149 -8.97417528679e-05 -3.00190038929e-05
BPM.33L2.B2 1717.044124 0.00300118329665 0.0101565637194 -2.90215015932e-05 9.00692743944e-05
BPM.32L2.B2 1770.49264 0.00504377013719 0.00931253298578 9.08973401097e-05 2.63134185836e-05
BPM.31L2.B2 1823.941156 0.00427575793707 0.00968920955704 2.53042733537e-05 -9.11834188736e-05
BPM.30L2.B2 1877.389672 0.00619348565833 0.00859090351114 -9.18999356426e-05 -2.25637722775e-05
BPM.29L2.B2 1930.838188 0.00548006812099 0.00906265640701 -2.1542666835e-05 9.21446452428e-05
BPM.28L2.B2 1984.286704 0.00724162709433 0.00772798322926 9.27479500187e-05 1.87760354229e-05
BPM.27L2.B2 2037.73522 0.00659433399305 0.00828719777575 1.77469432153e-05 -9.29503526073e-05
BPM.26L2.B2 2091.183735 0.008222847433 0.00672828570782 -9.3492446535e-05 -6.81229872806e-05
BPM.25L2.B2 2144.632251 0.00765307835048 0.00736990095728 -6.70809999747e-05 9.42428598036e-05
BPM.24L2.B2 2198.080767 0.00901600957309 0.00562108706034 9.62078565466e-05 6.42310504301e-05
BPM.23L2.B2 2251.529283 0.00853298873865 0.00633033582002 6.31612294979e-05 -9.69135624848e-05
BPM.22L2.B2 2304.977799 0.00971319375976 0.00441169256857 -9.8812843293e-05 -0.000113399102009
BPM.21L2.B2 2358.426315 0.00932549023189 0.00518115781708 -0.000112294779956 0.000100066070916
BPM.20L2.B2 2411.874831 0.0101977458983 0.00313291286347 0.000103381645029 0.000109250040357
BPM.19L2.B2 2465.323347 0.00991167447512 0.003945614453 0.000108098510697 -0.000104585124554
BPM.18L2.B2 2518.771863 0.0105147261847 0.00180269176981 -0.000107773422367 -0.000104920085641
BPM.17L2.B2 2572.220379 0.0103349540909 0.00264535220746 -0.000103716682906 0.000108932020863
BPM.16L2.B2 2625.668894 0.0106589417839 0.000442859324765 0.000111986786794 0.000100410629583
BPM.15L2.B2 2679.11741 0.0105884438612 0.00130154558681 9.91643794238e-05 -0.000113091824764
BPM.14L2.B2 2732.565926 0.0106280205946 -0.000924306531686 -0.0001160090585 -9.57352267935e-05
BPM.13L2.B2 2786.014442 0.0106679482231 -6.36010969977e-05 -9.4440945211e-05 0.000117065122306
BPM.12L2.B2 2839.462958 0.0103685128132 -0.00251059880543 0.000118609710727 9.24936287096e-05
BPM.11L2.B2 2892.911474 0.0106572680942 -0.000481457308917 0.000103501340156 -0.000109136656574
BPM.10L2.B2 2944.750185 0.0105830431697 -0.00134475337976 -8.7972192719e-05 -0.000122000936594
BPM.9L2.B2 2983.815195 0.0100993748203 -0.00343682886799 -0.000137340754818 6.13257745874e-05
BPM.8L2.B2 3024.278206 0.00797666190002 -0.00708392753716 0.000140540398114 5.35885442959e-05
BPM.7L2.B2 3063.344216 0.00990919003045 0.00395184985782 3.39237501696e-05 -0.000146535027777
BPM.6L2.B2 3095.450216 0.00948333870168 0.00488625126157 -3.7690225506e-05 -0.000145611748292
BPMYB.5L2.B2 3167.649216 0.0104089393113 0.00233733753707 -0.000147577501835 2.90553991466e-05
BPMYB.4L2.B2 3188.219216 0.0106643639135 0.000283737086322 -0.000102950851525 0.000109656083045
BPMWB.4L2.B2 3212.610716 0.0104220301096 0.00227825651245 2.62175544126e-05 0.00014810798384
BPMSX.4L2.B2 3262.843716 0.010174509881 -0.00320757119694 0.000133999424652 -6.83190271345e-05
BPMS.2L2.B2 3300.755216 0.0101704879251 -0.00322030105346 5.86925083045e-05 -0.000138486563541
BPMSW.1L2.B2 3310.689216 0.0102842410435 -0.00283611534067 2.09406454284e-05 -0.00014894570043
BPMSW.1R2.B2 3353.879216 0.0102842564442 -0.00283605955364 0.000143534145169 4.49586978976e-05
BPMS.2R2.B2 3363.813216 0.0101705019142 -0.00322025714731 0.000150275660869 6.36942289468e-06
BPMSX.4R2.B2 3401.724716 0.0101745091356 -0.00320757356737 0.000119184157066 -9.17522287046e-05
BPMWB.4R2.B2 3451.881716 0.0104216524836 0.00227998331228 -0.000122276928035 -8.75881745609e-05
BPMYB.4R2.B2 3476.349216 0.0106630109775 0.000330698052586 -0.000143242158238 4.5880505495e-05
BPM.5R2.B2 3505.883216 0.00833066215512 0.00666402524226 -2.11651568544e-05 0.000148913971634
BPMR.6R2.B2 3579.179216 0.00723273822501 0.00784198073663 0.00014738706622 3.00064133841e-05
BPM_A.7R2.B2 3592.054216 0.0075598576812 0.00752713201039 0.000150374339986 3.3007854179e-06
BPM.8R2.B2 3633.493206 0.00985545158103 0.0040840223392 7.40747813925e-05 -0.000130905548447
BPM.9R2.B2 3672.560195 0.00837459707817 -0.00660872818036 -0.000149449223958 -1.69783710886e-05
BPM.10R2.B2 3713.025185 0.00786563003512 -0.00720701245023 -6.88498390338e-05 0.000133727471521
BPM.11R2.B2 3764.865874 0.00729894264503 -0.00778039848245 0.000126427623099 8.1482462352e-05
BPM.12R2.B2 3819.592358 0.00777605417443 -0.00730357075395 7.00074396439e-05 -0.000133125103142
BPM.13R2.B2 3873.043842 0.00518846627536 -0.00932142596659 -0.000139881315985 -5.52860981019e-05
BPM.14R2.B2 3926.495326 0.00592382528429 -0.00887228597404 -5.37158273863e-05 0.000140491790586
BPM.15R2.B2 3979.94681 0.00395343552776 -0.00990855750707 0.000142042027152 4.94711740558e-05
BPM.16R2.B2 4033.398294 0.00474018602104 -0.00955718582042 4.78774053844e-05 -0.000142587129649
BPM.17R2.B2 4086.849779 0.0026531525218 -0.0103329543714 -0.000143961254501 -4.35716788271e-05
BPM.18R2.B2 4140.301263 0.00347858427634 -0.0100850689505 -4.19554619692e-05 0.000144440556132
BPM.19R2.B2 4193.752747 0.00130973255258 -0.0105874342972 0.000145635796505 3.75971989474e-05
BPM.20R2.B2 4247.204231 0.00215988259854 -0.0104472040061 3.5963448127e-05 -0.000146047821869
BPM.21R2.B2 4300.655715 -5.56895222458e-05 -0.0106679924552 -0.000147062355343 -3.15594648257e-05
BPM.22R2.B2 4354.107199 0.000805634404591 -0.0106376744409 -2.99097103226e-05 0.000147406733149
BPM.23R2.B2 4407.558683 -0.00141971476629 -0.0105732480497 0.000148238816328 2.54673916939e-05
BPM.24R2.B2 4461.010167 -0.000593516398785 -0.010655341786 2.3320240577e-05 -0.000116721920419
BPM.25R2.B2 4514.461651 -0.00279228221932 -0.0103000839944 -0.000117369793139 -1.98033206957e-05
BPM.26R2.B2 4567.913135 -0.0019517543623 -0.0104918647164 -1.84872715385e-05 0.000117584272958
BPM.27R2.B2 4621.36462 -0.00408684035489 -0.00985831153069 0.000118086673315 1.49458312574e-05
BPM.28R2.B2 4674.816104 -0.00330961218568 -0.0101579973983 1.31371006655e-05 -8.64538341636e-05
BPM.29R2.B2 4728.267588 -0.00534595592124 -0.0092498215812 -8.68094438405e-05 -1.05341654544e-05
BPM.30R2.B2 4781.719072 -0.00458190224157 -0.00965114583005 -9.56109240059e-06 8.69220008283e-05
BPM.31R2.B2 4835.170556 -0.006485255983 -0.00848998815275 8.71700440206e-05 6.94490782359e-06
BPM.32R2.B2 4888.62204 -0.00577889342701 -0.00898570168276 5.96758759188e-06 -8.72424017279e-05
BPM.33R2.B2 4942.073524 -0.00751812661383 -0.00759053463707 -8.73822817065e-05 -3.3443388557e-06
BPM.34R2.B2 4995.525008 -0.00688092602066 -0.00817259451579 -2.36535283405e-06 8.74142622526e-05
BPM.33L3.B2 5048.976492 -0.00842734454566 -0.00656645321914 8.744587071e-05 -2.62482161074e-07
BPM.32L3.B2 5102.427976 -0.00786988081769 -0.00722519341741 -1.24249067308e-06 -8.74374373217e-05
BPM.31L3.B2 5155.87946 -0.00919815600247 -0.00543436933835 -8.73606619091e-05 3.8682448432e-06
BPM.30L3.B2 5209.330945 -0.00872951815805 -0.00615905485385 4.84649867914e-06 8.73118555352e-05
BPM.29L3.B2 5262.782429 -0.00981776554282 -0.00421306584067 8.71267799396e-05 -7.46808561218e-06
BPM.28L3.B2 5316.233913 -0.00944569691549 -0.004991718512 -8.44409573223e-06 -8.70376103155e-05
BPM.27L3.B2 5369.685397 -0.0102760702243 -0.00292246894393 -8.67447193245e-05 1.10545156007e-05
BPM.26L3.B2 5423.136881 -0.0100384106003 -0.00374435131048 1.15404099508e-05 0.000118409010308
BPM.25L3.B2 5476.588365 -0.0105969690579 -0.00157927228431 0.000118008685174 -1.50938564367e-05
BPM.24L3.B2 5530.039849 -0.0104349297751 -0.00242942271508 -1.64157740384e-05 -0.000117832067893
BPM.23L3.B2 5583.491333 -0.0107119315399 -0.000210658166168 -0.000117285912234 1.99471694037e-05
BPM.22L3.B2 5636.942817 -0.0106917314704 -0.0010765370299 2.07741550858e-05 0.00014884900705
BPM.21L3.B2 5690.394301 -0.0106823380805 0.00116606474537 0.000148157349442 -2.52387255179e-05
BPM.20L3.B2 5743.845786 -0.0107416028871 0.000300035366794 -2.68982993729e-05 -0.000147865054624
BPM.19L3.B2 5797.29727 -0.0104454086764 0.00252299256022 -0.000146990620489 3.13265108553e-05
BPM.18L3.B2 5850.748754 -0.0106149568453 0.00167174908624 3.29703020348e-05 0.000146630665199
BPM.17L3.B2 5904.200238 -0.0100367995132 0.00383858168448 0.000145573432408 -3.73626576768e-05
BPM.16L3.B2 5957.651722 -0.0103138930764 0.00301590176834 -3.89923480763e-05 -0.000145145402126
BPM.15L3.B2 6011.103206 -0.00946332355304 0.00509092930078 -0.000143908989982 4.33335429355e-05
BPM.14L3.B2 6064.55469 -0.00984331025478 0.00431060287115 4.49422465172e-05 0.000143414741526
BPM.13L3.B2 6118.006174 -0.00873423154679 0.00625981255021 0.00014199918663 -4.92323582334e-05
BPM.12L3.B2 6171.457658 -0.00992761187177 0.00411273344005 -3.83326052345e-05 -0.000145321036586
BPM.11L3.B2 6224.909142 -0.0102944664694 0.00308156031496 -0.000146869046369 3.18916201781e-05
BPM.10L3.B2 6277.691832 -0.0106569761127 -0.00137873636859 2.0031429852e-05 0.000148950778422
BPM.9L3.B2 6316.758821 -0.010737166763 0.00043046922439 0.000126721736291 8.08034297745e-05
BPM.8L3.B2 6357.223811 -0.0104609743481 0.00245765530051 0.000139275729278 -5.64788681667e-05
BPM.7L3.B2 6396.2898 -0.00846214059645 0.00662300765125 1.32419501096e-05 -0.000149707190786
BPMR.6L3.B2 6468.9288 -1.30446438984e-05 0.0107457844593 -0.000138198686707 5.90653624236e-05
BPMWE.5L3.B2 6511.9823 0.000213706007751 0.0107436671401 -7.67889416813e-05 0.000129193847614
BPMW.5L3.B2 6539.5273 -0.00306293789613 0.0103000225835 -1.145431408e-05 0.000149854567982
BPMWE.4L3.B2 6614.6553 0.000684553656796 0.0107239656906 0.000140003611359 5.4649614252e-05
BPMW.4L3.B2 6642.2003 0.00855245418664 0.00650596506173 0.000121755473279 -8.81090203824e-05
BPMW.4R3.B2 6687.1653 0.00976593340396 0.00448314606447 4.19381875949e-05 -0.000144321794041
BPMWE.4R3.B2 6714.7103 0.00873624632274 0.00625700040256 -1.49158253993e-05 -0.000149549694342
BPMW.5R3.B2 6789.8383 0.00975240028665 0.0045125095553 -0.000140630611987 -5.30153083708e-05
BPMWE.5R3.B2 6817.3833 0.010742817573 0.000252832657973 -0.000146177719093 3.49237479241e-05
BPMWC.6R3.B2 6858.3743 0.0107177503091 -0.000775810696832 -9.60417533945e-05 0.000115600925387
BPM.6R3.B2 6870.5288 0.0107390723125 0.00037997331896 -6.82799999976e-05 0.000133885899455
BPM_A.7R3.B2 6926.3528 0.0107448847596 0.000139661584799 9.15608032832e-05 0.000119181422924
BPM.8R3.B2 6965.418789 0.00896104959737 0.00593056860719 0.000124986243939 -8.34627596475e-05
BPM.9R3.B2 7004.485779 -0.00018933759263 0.0107441242155 -0.000103371670532 -0.000109095788726
BPM.10R3.B2 7044.950768 0.00105019741107 0.0106943508104 -0.000150291263654 3.57811259422e-07
BPM.11R3.B2 7097.733458 0.00438850350074 0.00980882719099 -2.97899673971e-05 0.000147309708497
BPM.12R3.B2 7152.459942 0.00727665820445 0.00790710434947 0.000150261855677 -2.99458109791e-06
BPM.13R3.B2 7205.911426 0.00600285339148 0.00891278884558 -1.26117983574e-05 -0.000149761595421
BPM.14R3.B2 7259.36291 0.00772190115218 0.00747290415745 -0.000149315082864 1.71054864623e-05
BPM.15R3.B2 7312.814394 0.00709362263661 0.00807171429702 1.87781006041e-05 0.000149113964414
BPM.16R3.B2 7366.265878 0.00861452531922 0.00642355099314 0.000148482753046 -2.32478927804e-05
BPM.17R3.B2 7419.717362 0.00806791684462 0.00709794136513 -2.49092355727e-05 -0.000148213100013
BPM.18R3.B2 7473.168846 0.00936543149468 0.00526884681332 -0.000147397483032 2.93525961502e-05
BPM.19R3.B2 7526.62033 0.00890965187174 0.00600750841453 3.10030249682e-05 0.000147059187393
BPM.20R3.B2 7580.071814 0.00996254240878 0.00402738161402 0.000146061837931 -3.54052660544e-05
BPM.21R3.B2 7633.523299 0.00960496442803 0.00481837236085 -3.70386849221e-05 -0.000145656197667
BPM.22R3.B2 7686.974783 0.0103958801507 0.00271987678744 -0.000144477103864 4.13999898091e-05
BPM.23R3.B2 7740.426267 0.0101424455096 0.00355004970981 4.30169241675e-05 0.000144003946442
BPM.24R3.B2 7793.877751 0.0105717592909 0.00138409254148 0.000142742673253 4.08611934277e-05
BPM.25R3.B2 7847.329235 0.0104255591475 0.00223282849093 3.92612179188e-05 -0.000143191002535
BPM.26R3.B2 7900.780719 0.0106619601307 2.03173790928e-05 -0.000144306176287 -3.49404519726e-05
BPM.27R3.B2 7954.232203 0.0106255337231 0.000880817659194 -3.33195425346e-05 0.000144689027753
BPM.28R3.B2 8007.683687 0.0104903009774 -0.00132724067989 0.000145721006638 0.000117139833331
BPM.29R3.B2 8061.135171 0.0105631987538 -0.000476250443706 0.0001155028671 -0.000147021905493
BPM.30R3.B2 8114.586655 0.0102343070231 -0.00265837209231 -0.000150425797217 -0.000111033467108
BPM.31R3.B2 8168.03814 0.0104154845576 -0.00182364025956 -0.000109338035634 0.000151662610441
BPM.32R3.B2 8221.489624 0.00981016977386 -0.00394570036715 0.000154878798471 0.000104732562836
BPM.33R3.B2 8274.941108 0.0100966173946 -0.00314106663148 0.000102993836518 -0.000156040447847
BPM.34R3.B2 8328.392592 0.00922475227138 -0.00516835833802 -0.000159064585694 -9.82588863719e-05
BPM.33L4.B2 8381.844076 0.0096118203185 -0.00440691417842 -9.64675218112e-05 0.000160157324556
BPM.32L4.B2 8435.29556 0.00848786877749 -0.00630587551976 0.000162982904716 9.16129007684e-05
BPM.31L4.B2 8488.747044 0.0089691090994 -0.00560027359525 8.97839980121e-05 -0.000163997515674
BPM.30L4.B2 8542.198528 0.0076113226194 -0.00734001024056 -0.000166621238647 -8.48157622232e-05
BPM.29L4.B2 8595.650012 0.00817895052935 -0.00670169759193 -8.29408824864e-05 0.000167562409489
BPM.28L4.B2 8649.101496 0.00660995345641 -0.00825327194019 0.000169978268433 7.78700313839e-05
BPM.27L4.B2 8702.55298 0.00725447620444 -0.00769289005359 7.59631982532e-05 -0.000170838940496
BPM.26L4.B2 8756.004465 0.00541305886137 -0.00901457142844 -0.000172946543609 1.73875577361e-05
BPM.25L4.B2 8809.455949 0.00612309135526 -0.00854818440511 1.93256943065e-05 0.000172740703983
BPM.24L4.B2 8862.907433 0.00421559782389 -0.00963288322685 0.000172082293321 -2.45054438205e-05
BPM.23L4.B2 8916.358917 0.00497919877699 -0.00926127873299 -2.64306277159e-05 -0.000171797133349
BPM.22L4.B2 8969.810401 0.00286185836591 -0.0100765179939 -0.000170827395153 0.000119762753236
BPM.21L4.B2 9023.261885 0.00366603040859 -0.0098125770961 0.000121669884694 0.00016947434951
BPM.20L4.B2 9076.713369 0.00154954369422 -0.0103597954866 0.000165743145778 -0.000126705664616
BPM.19L4.B2 9130.164853 0.00238041192418 -0.0102009846203 -0.000128554095457 -0.000164313607133
BPM.18L4.B2 9183.616337 0.000211259270003 -0.0104729087501 -0.000160376905934 0.000133432990356
BPM.17L4.B2 9237.067821 0.00105609674362 -0.0104216653076 0.000135222014708 0.00015887140329
BPM.16L4.B2 9290.519306 -0.00112999234832 -0.0104139121106 0.000154737095469 -0.000139934085319
BPM.15L4.B2 9343.97079 -0.000286023600439 -0.0104711335909 -0.000141658469039 -0.000153160026723
BPM.14L4.B2 9397.422274 -0.00245316066107 -0.0101837346274 -0.000148835491219 0.000146195460959
BPM.13L4.B2 9450.873758 -0.00162297670503 -0.0103485455402 0.000147854339406 0.000147187672406
BPM.12L4.B2 9504.325242 -0.00469540575388 -0.00936373926219 0.000151034799321 -0.00014392222283
BPM.11L4.B2 9557.776726 -0.00435781221602 -0.00952554045058 -0.000117149923747 -0.00017262969411
BPMC.10L4.B2 9609.617415 -0.0055053367621 -0.00891166175739 -0.000187282335052 9.19262874144e-05
BPMC.9L4.B2 9648.684405 -0.00631211914481 -0.00835964114535 5.58717543249e-05 0.000201006127115
BPMC.8L4.B2 9689.149394 -0.00858525612175 -0.00600165189565 0.000102556051479 -0.000181679308201
BPMC.7L4.B2 9728.215384 -0.000956748325252 -0.0104312549969 -0.000191158797875 -8.35669220195e-05
BPMYA.6L4.B2 9824.819384 -0.00248231952204 -0.0101766663477 -0.000134087705862 0.000159829922424
BPMYB.5L4.B2 9861.819384 -0.0024639472439 -0.0101811301985 -8.61335390478e-05 0.000190016136292
BPMWA.B5L4.B2 9964.209884 -0.00727274113848 -0.00753881188006 0.000120977531812 0.000169969268434
BPMWA.A5L4.B2 9973.094884 -0.00753622189902 -0.00727542491253 0.00013635344698 0.000157901405918
BPMWA.A5R4.B2 10021.14388 -0.00830959960083 -0.00637785251026 0.000193245049318 7.86223054742e-05
BPMWA.B5R4.B2 10030.02888 -0.00834893528119 -0.00632627282839 0.000198960952397 6.27666720245e-05
BPMYA.5R4.B2 10132.49538 -0.00721349498902 -0.00759552093819 0.000181361086317 -0.000103117736914
BPMYB.6R4.B2 10164.05938 -0.00740245688958 -0.00741148298941 0.000154862751183 -0.000139795011391
BPMCA.7R4.B2 10260.57538 -0.00437765931022 -0.00951643563251 -0.000156101705022 -0.000138410166213
BPMC.8R4.B2 10298.36637 -0.00168739575689 -0.0103382369752 -0.000128195969037 0.000164593163766
BPMC.9R4.B2 10337.43336 -0.0079916708795 -0.00677197495238 0.000201491228196 5.40962058656e-05
BPMC.10R4.B2 10377.89835 -0.00825062748925 -0.00645395957479 0.000106182711257 -0.000179583812456
BPM.11R4.B2 10429.73904 -0.00992320353154 -0.00335506780363 -0.000169212956693 -0.000122033161399
BPM.12R4.B2 10484.46553 -0.0100346396485 -0.00300540434664 -0.000129963052606 0.000163201476388
BPM.13R4.B2 10537.91701 -0.0104414370583 -0.000838355766463 0.000167204921369 0.00012477030917
BPM.14R4.B2 10591.36849 -0.0103397024318 -0.0016783926309 0.000122885320338 -0.000168595107965
BPM.15R4.B2 10644.81998 -0.0104628951809 0.000504254517388 -0.000172210370074 -0.000117765465082
BPM.16R4.B2 10698.27146 -0.0104694602854 -0.000341832560231 -0.00011583255712 0.000173516371993
BPM.17R4.B2 10751.72295 -0.0103124104542 0.00183865136018 0.000176918655554 0.000110566296961
BPM.18R4.B2 10805.17443 -0.0104271708229 0.00100027837269 0.00010857319068 -0.000178148747416
BPM.19R4.B2 10858.62591 -0.0099924947387 0.0031426894727 -0.000181329600468 -0.000103173115052
BPM.20R4.B2 10912.0774 -0.0102135341921 0.00232597666968 -0.000101138955679 0.000182471990702
BPM.21R4.B2 10965.52888 -0.00950830408409 0.00439529311881 0.000185428832223 9.56099610004e-05
BPM.22R4.B2 11018.98037 -0.00983205616654 0.00361346367515 9.35225992148e-05 -0.000186490320055
BPM.23R4.B2 11072.43185 -0.00886799233492 0.00557540672416 -0.00018921523323 -8.78789533039e-05
BPM.24R4.B2 11125.88333 -0.00921022666757 0.00484646433179 -8.45515397688e-05 0.000111248562801
BPM.25R4.B2 11179.33482 -0.00800367986093 0.00665263860651 0.000113738677053 8.1170916256e-05
BPM.26R4.B2 11232.7863 -0.00851453724439 0.00598490995993 7.98900854482e-05 -0.000114641966222
BPM.27R4.B2 11286.23779 -0.00708696791233 0.0076217699765 -0.000116990244178 -7.64099951883e-05
BPM.28R4.B2 11339.68927 -0.00760020739805 0.0070298621707 -7.38913377116e-05 3.89015840276e-05
BPM.29R4.B2 11393.14075 -0.00597555023779 0.00845428376474 4.11037410974e-05 7.2689373326e-05
BPM.30R4.B2 11446.59224 -0.00663840967661 0.00794440882328 7.22240438033e-05 -4.19159923438e-05
BPM.31R4.B2 11500.04372 -0.00484497100775 0.00914922786721 -4.40671117114e-05 -7.09320284987e-05
BPM.32R4.B2 11553.49521 -0.00556761998166 0.0087283287245 -7.04340743363e-05 4.48587049062e-05
BPM.33R4.B2 11606.94669 -0.00363467577375 0.00969387676017 4.69543776628e-05 6.90546802668e-05
BPM.34R4.B2 11660.39818 -0.00440521810279 0.00936889364442 6.85240645591e-05 -4.77254129744e-05
BPM.33L5.B2 11713.84966 -0.00236476832231 0.010079185751 -4.97626984184e-05 -6.70592055254e-05
BPM.32L5.B2 11767.30114 -0.00317057014738 0.00985543502415 -6.64976281138e-05 5.05106679917e-05
BPM.31L5.B2 11820.75263 -0.00105587135345 0.010298895587 5.24855841161e-05 6.49501840158e-05
BPM.30L5.B2 11874.20411 -0.00188365761064 0.0101800760597 6.43579217928e-05 -5.32101559757e-05
BPM.29L5.B2 11927.6556 0.000270235202755 0.0103493520326 -5.51197434696e-05 -6.27301854858e-05
BPM.28L5.B2 11981.10708 -0.000565969152558 0.0103373978129 -6.21087790983e-05 5.58190122913e-05
BPM.27L5.B2 12034.55856 0.00159205016181 0.0102297356208 5.76597109195e-05 6.04038120929e-05
BPM.26L5.B2 12088.01005 0.000839929424866 0.010329843478 6.0957174188e-05 -0.000137269270717
BPM.25L5.B2 12141.46153 0.00296553139285 0.00993059772855 -0.000139038744297 -5.68054323298e-05
BPM.24L5.B2 12194.91302 0.0021543990247 0.0101375397691 -5.52438513862e-05 0.000139666556693
BPM.23L5.B2 12248.3645 0.00421174402315 0.00946954909466 0.00014126310851 5.10231755287e-05
BPM.22L5.B2 12301.81598 0.00351237983378 0.00978362083688 5.0641695129e-05 -0.000220762745302
BPM.21L5.B2 12355.26747 0.00546638813022 0.00884164292227 -0.000222184775534 -4.39851741644e-05
BPM.20L5.B2 12408.71895 0.00473503593122 0.00925394421381 -4.14913461483e-05 0.000222663961966
BPM.19L5.B2 12462.17044 0.00655279003919 0.008069509993 0.000223809732734 3.4784690526e-05
BPM.18L5.B2 12515.62192 0.00588001480978 0.00857213360887 3.22771192397e-05 -0.000224185099078
BPM.17L5.B2 12569.07341 0.0075310672988 0.00716512903646 -0.000225053855478 -2.55251442824e-05
BPM.16L5.B2 12622.52489 0.00692826594715 0.00774952771099 -2.29994764529e-05 0.000225325976526
BPM.15L5.B2 12675.97637 0.00838594507587 0.00614263575484 0.000225915063157 1.62221384092e-05
BPM.14L5.B2 12729.42786 0.00786274266196 0.00679950929444 1.3692852521e-05 -0.000226082455087
BPM.13L5.B2 12782.87934 0.00910274992372 0.0050195610026 -0.000226391871259 -6.89134578744e-06
BPM.12L5.B2 12836.33083 0.00788402164677 0.0067748248276 -2.12186922778e-05 0.000225500640959
BPM.11L5.B2 12889.78231 0.00840038796219 0.00612286948957 0.000221737764732 4.61858674255e-05
BPM.10L5.B2 12942.565 0.00904320691597 0.00512605671776 3.3116153851e-05 -0.000224062692672
BPM.9L5.B2 12981.63199 0.00990415213819 0.00315655177465 -0.000220266763501 -5.27572354573e-05
BPM.8L5.B2 13022.09698 0.0049563031113 0.00913734689237 5.6236559731e-05 0.00021940424005
BPM.7L5.B2 13061.16497 0.00934667164505 0.00454926125083 0.000223724480853 -3.53288597855e-05
BPMR.6L5.B2 13098.05897 0.00947255784221 0.00428096913 0.000133582576033 -0.000182911087683
BPMWT.B6L5.B2 13109.36897 0.0097919696088 0.00348903710261 9.41740996815e-05 -0.000205990311978
BPMWT.A6L5.B2 13115.19097 0.00985253845357 0.00331414162421 7.51549041241e-05 -0.000213664483623
BPM.5L5.B2 13129.95897 0.00978208819943 0.00351664600961 2.72282851085e-05 -0.000224854155243
BPMYA.4L5.B2 13157.36497 0.00969851891202 0.00374095973617 -6.41423491891e-05 -0.000217224612817
BPMWB.4L5.B2 13178.42347 0.0101298900209 0.00233267590915 -0.000138976962695 -0.000178846792222
BPMWT.B4L5.B2 13178.89297 0.0101370230707 0.00230148039853 -0.000140538249224 -0.000177622556151
BPMWT.A4L5.B2 13180.87497 0.0101657606203 0.00217102734874 -0.000147031924316 -0.000172285764192
BPMSY.4L5.B2 13271.27947 0.0102875515431 0.00149074881329 -0.000167220918028 0.000152767588028
BPMS.2L5.B2 13298.06497 0.0103844420645 0.000468413687878 -8.42389425352e-05 0.000210248837802
BPMSW.1L5.B2 13308.11897 0.0103945953063 9.1853990258e-05 -2.229364459e-05 0.000225396902822
BPMSW.1R5.B2 13351.06897 0.0103945954732 9.18360123726e-05 -0.000206688627282 -9.26314189396e-05
BPMS.2R5.B2 13361.12297 0.0103844425281 0.000468404262289 -0.000224317296575 -3.13450914623e-05
BPMSY.4R5.B2 13387.90847 0.0102875514423 0.00149074950861 -0.000215657217522 6.92295963617e-05
BPMWB.4R5.B2 13480.76447 0.0101298770135 0.00233273240502 8.61678307327e-05 0.000209465693865
BPMYA.4R5.B2 13501.82097 0.0096985334064 0.00374092214611 0.000156647085911 0.000163592354095
BPMR.5R5.B2 13522.93897 0.00966939949184 0.00381559461368 0.000199371073425 0.000107479983857
BPM.6R5.B2 13554.83897 0.00968547661325 0.00377459817619 0.000226492137432 1.44205293416e-06
BPMRA.7R5.B2 13588.85297 0.00908937375515 0.00504374201039 0.000177699955481 -0.000140440372377
BPM.8R5.B2 13630.28998 0.00674212970046 0.00791199948537 -9.92052146236e-05 -0.000203615075252
BPM.9R5.B2 13669.35499 0.00751946521216 0.00717730392921 -0.000170746302365 0.000148816903237
BPM.10R5.B2 13709.818 0.00983554182387 0.00336424820004 0.00018230414622 0.000134409716299
BPM.11R5.B2 13762.59871 0.00691958140889 0.00775728314787 7.64705596218e-05 -0.000213197149869
BPM.12R5.B2 13817.32223 0.00806923606808 0.00655312735516 -0.00021874974187 -5.87309263573e-05
BPM.13R5.B2 13870.77074 0.00706240276246 0.00762748425006 -4.62111449073e-05 0.000221732498224
BPM.14R5.B2 13924.21926 0.00849163859306 0.00599567534156 0.000223015380668 3.95589610907e-05
BPM.15R5.B2 13977.66777 0.00798005633092 0.00666143751181 3.70865620796e-05 -0.000223439834744
BPM.16R5.B2 14031.11629 0.00918874723497 0.00486034700756 -0.000224449969229 -3.03806168593e-05
BPM.17R5.B2 14084.56481 0.00876659198219 0.00558595684026 -2.78861258312e-05 0.000224773517859
BPM.18R5.B2 14138.01332 0.00973504672779 0.00364484760078 0.000225507077705 2.1150193783e-05
BPM.19R5.B2 14191.46184 0.00940914460997 0.00441860232307 1.86517882756e-05 -0.000225727453004
BPM.20R5.B2 14244.91035 0.0101212891162 0.0023697163191 -0.000226184701747 -1.18848630135e-05
BPM.21R5.B2 14298.35887 0.00989705679664 0.00317872860364 -9.3719536208e-06 0.000226302760539
BPM.22R5.B2 14351.80738 0.0103412787092 0.00105546361171 0.000226481823734 2.59923613828e-06
BPM.23R5.B2 14405.2559 0.010222376173 0.00188655085879 9.13172648653e-08 -0.000226496719429
BPM.24R5.B2 14458.70442 0.0103097342033 -0.000260466351519 -0.000226313345686 8.97313800025e-05
BPM.25R5.B2 14512.15293 0.0102971285166 0.000572369074819 9.22379179627e-05 0.000225303395295
BPM.26R5.B2 14565.60145 0.0101917188829 -0.00157712658762 0.000222444719228 -9.89333062965e-05
BPM.27R5.B2 14619.04996 0.0102857474699 -0.000749573914601 -0.00010139199937 -0.000221334852069
BPM.28R5.B2 14672.49848 0.00982463096037 -0.00285235703802 -0.000218112914915 0.000191014337321
BPM.29R5.B2 14725.947 0.0100227865387 -0.0020501375932 0.000193421865587 0.000215980791835
BPM.30R5.B2 14779.39551 0.00937908462319 -0.00408559491294 0.000210102034766 -0.00019979202813
BPM.31R5.B2 14832.84403 0.00967815312081 -0.00331551902024 -0.000202109474597 -0.000207873720409
BPM.32R5.B2 14886.29254 0.00877933575154 -0.00525191183395 -0.000201726076606 0.000208245785163
BPM.33R5.B2 14939.74106 0.00917459611887 -0.00452615734415 0.000210470192655 0.000199404159548
BPM.34R5.B2 14993.18958 0.00803548758056 -0.00633168646144 0.000193022339264 -0.000216337924804
BPM.33L6.B2 15046.63809 0.00852012328193 -0.00566275670212 -0.00021846520726 -0.000190611318239
BPM.32L6.B2 15100.08661 0.00715939469517 -0.00730769332426 -0.000183982570711 0.000224076172887
BPM.31L6.B2 15153.53512 0.00772591499745 -0.00670593406206 0.00022610265379 0.000181486386841
BPM.30L6.B2 15206.98364 0.00616594089397 -0.0081633624851 0.000174643850755 -0.000231428705417
BPM.29L6.B2 15260.43215 0.00680440411327 -0.00763933235773 -0.000233351323022 -0.000172066491395
BPM.28L6.B2 15313.88067 0.00507084789771 -0.00888514579404 -0.000165001798545 0.000238399095558
BPM.27L6.B2 15367.32919 0.00577155748499 -0.00844680047731 0.000240214214358 0.000162347932802
BPM.26L6.B2 15420.7777 0.00381128708905 -0.00944511541518 0.000155169995436 -0.000161924163949
BPM.25L6.B2 15474.22622 0.00456084722187 -0.00910685385091 -0.000163634602253 -0.00015336519023
BPM.24L6.B2 15527.67473 0.00257155016612 -0.00985511259248 -0.000148398034827 0.000168152269838
BPM.23L6.B2 15581.12325 0.00335868651046 -0.00961536995838 0.000169788034022 0.000146523675159
BPM.22L6.B2 15634.57177 0.00120847832949 -0.0100874804865 0.000141459013517 -9.1058149075e-05
BPM.21L6.B2 15688.02028 0.00201839284077 -0.0099570966029 -9.2620769489e-05 -0.000140440851174
BPM.20L6.B2 15741.4688 -9.2052180485e-05 -0.0101591933155 -0.000137605889995 9.67825307971e-05
BPM.19L6.B2 15794.91731 0.000728267450564 -0.0101334746724 9.83030596843e-05 0.000136523798683
BPM.18L6.B2 15848.36583 -0.00139064236344 -0.0100639851067 0.000133520924957 -0.000102344529091
BPM.17L6.B2 15901.81435 -0.000574156530745 -0.010143373537 -0.000103818549487 -0.000132378051483
BPM.16L6.B2 15955.26286 -0.00266679892325 -0.00980335993217 -0.00012921208064 0.000107733367428
BPM.15L6.B2 16008.71138 -0.00186680015301 -0.00998662803989 0.000109160055127 0.000128009071465
BPM.14L6.B2 16062.15989 -0.00389874670184 -0.00938176191094 0.000124684572297 -0.000112942453967
BPM.13L6.B2 16115.60841 -0.00312911954948 -0.00966572776762 -0.000114317875552 -0.000123424730586
BPM.12L6.B2 16169.05693 -0.00519837884707 -0.00872894837829 -0.00012099989834 0.000116881413359
BPM.11L6.B2 16222.50544 -0.00363697585718 -0.009486310612 0.00010800713909 0.000128983325188
BPM.10L6.B2 16274.34415 -0.00521832674657 -0.00871703782178 0.000146165090761 -8.32946957385e-05
BPM.9L6.B2 16313.40916 -0.00636509013955 -0.00791854215969 -2.6948831271e-05 -0.000166060230111
BPM.8L6.B2 16353.87217 -0.00965924930609 -0.00314906100573 -0.000143470065056 8.7855443839e-05
BPMYB.5L6.B2 16450.96018 -0.00319741247068 -0.00964335190154 0.000167092618586 1.95524443972e-05
BPMYA.4L6.B2 16487.36018 -0.00357329786074 -0.00951047972836 0.000167076406962 -1.96906458218e-05
BPMSB.B4L6.B2 16518.13068 -0.00247360954573 -0.00985387934872 0.000158286672687 -5.69874556129e-05
BPMSB.A4L6.B2 16518.76568 -0.00244778280094 -0.00986032665544 0.000157987211845 -5.78124670419e-05
BPMSA.4L6.B2 16615.57568 0.00183015275967 -0.00999340899436 3.96917200488e-05 -0.000163483352435
BPMSE.4R6.B2 16707.14568 0.00213259227033 -0.00993326394765 -0.000116169535769 -0.000121683515907
BPMSA.A4R6.B2 16803.82068 -0.00157262100045 -0.0100371582432 -0.000167210300871 1.85190448223e-05
BPMSA.B4R6.B2 16804.40568 -0.00159529476046 -0.0100335794731 -0.000167123918036 1.9283021833e-05
BPMYB.4R6.B2 16830.96018 -0.0025487898235 -0.00983470146191 -0.00016037528645 5.08134439562e-05
BPMYA.5R6.B2 16867.36018 -0.00264646305245 -0.00980886923523 -0.000145809548552 8.39155069441e-05
BPM.8R6.B2 16963.08519 -0.00667131609951 -0.00766232496824 0.000104804839201 0.000131598575962
BPM.9R6.B2 17002.1502 -0.0101010830043 -0.00108894652202 0.000119414834144 -0.000118500358707
BPM.10R6.B2 17042.61322 -0.0101144720019 0.000956628739749 -8.10285305109e-05 -0.000147433430889
BPM.11R6.B2 17094.45193 -0.00952274409047 0.003540484061 -0.00013582370023 9.92681362348e-05
BPM.12R6.B2 17149.17544 -0.0100578710829 0.00143419374706 0.00011677595451 0.000121101677242
BPM.13R6.B2 17202.62396 -0.00953627358831 0.00350387905774 0.000117419975985 -0.000120477343341
BPM.14R6.B2 17256.07247 -0.00978793939739 0.00272285231741 -0.000121772050706 -0.000116076734115
BPM.15R6.B2 17309.52099 -0.00900972991842 0.00469493868317 -0.00011238285919 0.000125189182742
BPM.16R6.B2 17362.96951 -0.00935919205234 0.00395262022029 0.000126427844869 0.000110987568398
BPM.17R6.B2 17416.41802 -0.00833510597323 0.00580893198693 0.000107152166502 -0.00012969446002
BPM.18R6.B2 17469.86654 -0.00877673567118 0.00511728378952 -0.000130874702162 -0.000105707395627
BPM.19R6.B2 17523.31505 -0.00752359988293 0.00682738070046 -0.000101745639178 0.000133977851281
BPM.20R6.B2 17576.76357 -0.008049953222 0.00619805902554 0.000135098034611 0.000100253476263
BPM.21R6.B2 17630.21209 -0.00658837356642 0.00773375821861 9.61636471823e-05 -0.00013803909529
BPM.22R6.B2 17683.6606 -0.0071910738339 0.00717677779048 -0.000139096957219 -9.46270371298e-05
BPM.23R6.B2 17737.10912 -0.00554502366448 0.00851295453916 -9.04238546022e-05 0.000141865305446
BPM.24R6.B2 17790.55763 -0.00610806851354 0.00804441989987 0.000144486223463 -1.71343315498e-05
BPM.25R6.B2 17844.00615 -0.00430567198983 0.00913686933452 -2.14513556762e-05 -0.000143908625734
BPM.26R6.B2 17897.45466 -0.00502901937328 0.00875957514185 -0.000143661998508 2.30452631667e-05
BPM.27R6.B2 17950.90318 -0.00310145538948 0.0096126045898 2.73335207906e-05 0.000142908125827
BPM.28R6.B2 18004.3517 -0.00376127995539 0.00933763705412 0.000144222407619 -0.000134894963876
BPM.29R6.B2 18057.80021 -0.00174170239455 0.00991489613868 -0.000139150536196 -0.000140120955143
BPM.30R6.B2 18111.24873 -0.0025361232684 0.00974201064542 -0.000138569740461 0.00014069534493
BPM.31R6.B2 18164.69724 -0.000458839622727 0.0100562497422 0.000144779157777 0.000134297242683
BPM.32R6.B2 18218.14576 -0.00126888042366 0.00998642254127 0.000132683254897 -0.00014625972478
BPM.33R6.B2 18271.59428 0.000831069872585 0.0100323484577 -0.00015016490334 -0.000128246857428
BPM.34R6.B2 18325.04279 1.87909750431e-05 0.0100666945707 -0.000126573395732 0.000151578127804
BPM.33L7.B2 18378.49131 0.00210782249594 0.00984356525776 0.00015529799006 0.000121980686006
BPM.32L7.B2 18431.93982 0.00130656426643 0.00998156212684 0.00012025167885 -0.000156640628927
BPM.31L7.B2 18485.38834 0.00334945447897 0.00949314739032 -0.000160169251276 -0.00011551002413
BPM.30L7.B2 18538.83686 0.00257248179727 0.00973247296801 -0.000113725488323 0.000161441216105
BPM.29L7.B2 18592.28537 0.00453651134894 0.00898658764316 0.000164772020476 0.00010884362376
BPM.28L7.B2 18645.73389 0.00379648491638 0.00932337894521 0.000107011275658 -0.000165967891576
BPM.27L7.B2 18699.1824 0.00564861279461 0.00833257860523 -0.000169096279826 -0.000101996093849
BPM.26L7.B2 18752.63092 0.00506352637397 0.00876795428078 -9.84869614896e-05 6.42410951995e-05
BPM.25L7.B2 18806.07943 0.00677304016344 0.00752610447882 6.7159644887e-05 9.65203780453e-05
BPM.24L7.B2 18859.52795 0.0061436350426 0.0080481097209 9.57702666413e-05 -6.82250420363e-05
BPM.23L7.B2 18912.97647 0.00768008786178 0.00659792179954 -7.10604968884e-05 -9.36856824042e-05
BPM.22L7.B2 18966.42498 0.00722834148733 0.00720293757399 -9.12649471588e-05 -3.38827833625e-05
BPM.21L7.B2 19019.8735 0.0085658606587 0.00554592295775 -3.11358820103e-05 9.22382295846e-05
BPM.20L7.B2 19073.32201 0.0080904267762 0.00621902121415 9.25777111823e-05 3.01114788943e-05
BPM.19L7.B2 19126.77053 0.00920493703929 0.00440458447461 2.73281466645e-05 -9.34371779241e-05
BPM.18L7.B2 19180.21905 0.00881943950428 0.00513310014719 -9.37346270325e-05 -2.6289788298e-05
BPM.17L7.B2 19233.66756 0.00969273629119 0.00319093927851 -2.34722322253e-05 9.447956626e-05
BPM.16L7.B2 19287.11608 0.00940364482859 0.00396266252092 9.47339247447e-05 2.24235732369e-05
BPM.15L7.B2 19340.56459 0.0100212946676 0.00192480739318 1.95792712405e-05 -9.53623954947e-05
BPM.14L7.B2 19394.01311 0.00983326979549 0.00272727618703 -9.55737784729e-05 -1.85199097775e-05
BPM.13L7.B2 19447.46163 0.010185184273 0.000627097818714 -1.56507115555e-05 9.60853170739e-05
BPM.12L7.B2 19500.91014 0.0100683846995 0.00166098158852 9.60482334008e-05 1.58767198714e-05
BPM.11L7.B2 19554.35866 0.0101806713699 -0.000696534809367 1.73088521249e-05 -9.58005057117e-05
BPM.10L7.B2 19607.13937 0.0101769366881 -0.000749126139369 -9.49312104462e-05 -2.15731022256e-05
BPM.9L7.B2 19646.20438 0.00911324385944 -0.00459129792695 -5.53629764752e-05 8.00766777276e-05
BPM.8L7.B2 19686.66739 0.00694567079052 -0.00747588707649 7.31661885955e-05 6.42187074524e-05
BPM.7L7.B2 19725.7314 0.000695068254225 -0.0101807716022 7.00658943654e-05 -6.7587749931e-05
BPMR.6L7.B2 19760.5494 0.000820408159118 -0.0101714384789 1.57352441839e-06 -9.73388802468e-05
BPMWC.6L7.B2 19772.7279 -0.000625461899373 -0.0101852848615 -2.57703891304e-05 -9.3878755601e-05
BPMWE.5L7.B2 19849.7819 0.00454974080819 -0.00913406201064 -9.25836092711e-05 3.00933446095e-05
BPMW.5L7.B2 19872.9869 0.0071875190144 -0.0072436731284 -7.02593805114e-05 6.73866109401e-05
BPMWE.4L7.B2 19908.0719 0.0071755597287 -0.00725552015028 -3.73414155548e-05 8.99052480962e-05
BPMW.4L7.B2 19936.1769 0.0037533752281 -0.00948912033266 1.55441755477e-05 9.61026122615e-05
BPMW.4R7.B2 20052.2239 0.00144235922793 -0.0101020210924 7.33311405141e-05 -6.40302834229e-05
BPMWE.4R7.B2 20080.3289 0.00492335377379 -0.00893822230328 3.10418104718e-05 -9.226992883e-05
BPMW.5R7.B2 20115.4139 0.00450848833769 -0.00915449415012 -1.50051996702e-05 -9.61882380101e-05
BPMWE.5R7.B2 20138.6189 -0.000821643712557 -0.010171338747 -7.22703824254e-05 -6.52251893553e-05
BPM.6R7.B2 20217.7584 -0.00550491992113 -0.00859226901869 -3.7950297727e-05 8.96499197108e-05
BPM_A.7R7.B2 20255.7944 -0.0023185124147 -0.00993759178355 3.96119338148e-05 8.89282179871e-05
BPM.8R7.B2 20294.85841 -0.00223191818786 -0.0099573978267 9.52389435669e-05 2.01712067324e-05
BPM.9R7.B2 20333.92342 -0.00709224320061 -0.00733698280517 2.34638540648e-05 -9.44816457467e-05
BPM.10R7.B2 20374.38643 -0.00970212429493 -0.00316227993887 -9.14659489818e-05 -3.33363643168e-05
BPM.11R7.B2 20427.16714 -0.00960151856081 -0.00345573026016 -4.54304780562e-05 8.61011261251e-05
BPM.12R7.B2 20481.89066 -0.00997550826456 -0.00214952673949 8.64270899068e-05 4.48072771663e-05
BPM.13R7.B2 20535.33917 -0.00973891359735 -0.00304709569925 4.31876366675e-05 -8.72476998449e-05
BPM.14R7.B2 20588.78769 -0.0101592575596 -0.000959539525108 -8.85008485994e-05 -4.05577753682e-05
BPM.15R7.B2 20642.23621 -0.010048690686 -0.00177624485952 -3.95746455947e-05 8.89448188767e-05
BPM.16R7.B2 20695.68472 -0.0101985396637 0.000347877864116 9.00894456797e-05 3.68947905057e-05
BPM.17R7.B2 20749.13324 -0.0101933510375 -0.000476261405396 3.58925859844e-05 -9.04934054634e-05
BPM.18R7.B2 20802.58175 -0.0100702512854 0.00164962703055 -9.15268286321e-05 -3.31688562686e-05
BPM.19R7.B2 20856.03027 -0.0101705291652 0.000831604929426 -3.21526783679e-05 9.1888728502e-05
BPM.20R7.B2 20909.47879 -0.00977649928483 0.00292425922764 9.28099255075e-05 2.93879481649e-05
BPM.21R7.B2 20962.9273 -0.00998059919497 0.00212576340145 2.8355997767e-05 -9.31303978524e-05
BPM.22R7.B2 21016.37582 -0.00932212016673 0.00415081990825 -9.39371174568e-05 -2.55568225567e-05
BPM.23R7.B2 21069.82433 -0.00962667291358 0.00338502568341 -2.45143824053e-05 9.42145341955e-05
BPM.24R7.B2 21123.27285 -0.00858416499833 0.00528428614864 9.47733114122e-05 -0.000111025632098
BPM.25R7.B2 21176.72137 -0.0089826357455 0.00457425665246 -0.000112069796537 -9.35362580922e-05
BPM.26R7.B2 21230.16988 -0.00783771440201 0.00633891171969 -9.01422309859e-05 0.000114817454546
BPM.27R7.B2 21283.6184 -0.00832363633591 0.00568582859664 0.000115810089009 8.88633430735e-05
BPM.28R7.B2 21337.06691 -0.00683206826468 0.00726451508547 8.52218060105e-05 -0.00025112380798
BPM.29R7.B2 21390.51543 -0.00739614011497 0.00668935330797 -0.000252052820509 -8.24336233201e-05
BPM.30R7.B2 21443.96394 -0.00584672512279 0.00807874628903 -7.48583978378e-05 0.000254405478352
BPM.31R7.B2 21497.41246 -0.00647944288138 0.00758070947895 0.000255220489508 7.20307286082e-05
BPM.32R7.B2 21550.86098 -0.00476520034386 0.00876031973967 6.43569333319e-05 -0.000257262728647
BPM.33R7.B2 21604.30949 -0.00545678118998 0.00834708783549 -0.000257960269451 -6.15014245382e-05
BPM.34R7.B2 21657.75801 -0.00360549752825 0.00929788813809 -5.3757211762e-05 0.000259684592181
BPM.33L8.B2 21711.20652 -0.00434385544642 0.00897670630889 0.000260264983387 5.08730232666e-05
BPM.32L8.B2 21764.65504 -0.00238643964754 0.0096827290602 4.30594003961e-05 -0.000261671194818
BPM.31L8.B2 21818.10356 -0.00316025571659 0.00945849459962 -0.00026213253904 -4.01554103613e-05
BPM.30L8.B2 21871.55207 -0.00112827094252 0.00990844795805 -3.22942030836e-05 0.000263216660076
BPM.29L8.B2 21925.00059 -0.00192395257936 0.00978512865107 0.000263558608324 2.9373228719e-05
BPM.28L8.B2 21978.4491 0.00014851719164 0.00997137296954 2.14723579325e-05 -0.000264319626613
BPM.27L8.B2 22031.89762 -0.00065687048609 0.00995082194742 -0.000264541543222 -1.85391120524e-05
BPM.26L8.B2 22085.34614 0.00155305499105 0.00984558238509 -1.07447257245e-05 0.000132271676997
BPM.25L8.B2 22138.79465 0.000753592070659 0.00993879123915 0.000132382665431 9.27765488978e-06
BPM.24L8.B2 22192.24317 0.00279975128934 0.00956602660258 5.31194129567e-06 -0.000132601012247
BPM.23L8.B2 22245.69168 0.00201854423505 0.00976078641596 -0.000132651786144 -3.84046363953e-06
BPM.22L8.B2 22299.1402 0.00413068521156 0.00910446217772 5.14412099435e-10 1.21877085364e-09
BPM.21L8.B2 22352.58871 0.00338251405052 0.00940810238845 1.21263663391e-09 -5.27020598154e-10
BPM.20L8.B2 22406.03723 0.00526139659538 0.00850126447668 -5.65184556115e-10 -1.19765202902e-09
BPM.19L8.B2 22459.48575 0.0045581866212 0.00889813051004 -1.18290277007e-09 5.74977331584e-10
BPM.18L8.B2 22512.93426 0.00630563851072 0.00775839640685 6.09473896198e-10 1.1688987724e-09
BPM.17L8.B2 22566.38278 0.00565900144621 0.00824193511807 1.16899650977e-09 -6.25235336978e-10
BPM.16L8.B2 22619.83129 0.00724629731383 0.00688803070366 -6.61971967577e-10 -1.13828199965e-09
BPM.15L8.B2 22673.27981 0.0066667974033 0.00745034255647 -1.14277112889e-09 6.7313497563e-10
BPM.14L8.B2 22726.72833 0.0080678667442 0.00590451674476 7.02697827599e-10 1.1222080255e-09
BPM.13L8.B2 22780.17684 0.00756508649364 0.00653630309792 1.11071863935e-09 -7.18033989316e-10
BPM.12L8.B2 22833.62536 0.00913821774937 0.00405546153077 -6.95520464901e-10 -1.12046746539e-09
BPM.11L8.B2 22887.07387 0.00882465427557 0.00469885823996 -1.2162944009e-09 5.13636915664e-10
BPM.10L8.B2 22938.91258 0.00954480587188 0.0029749744178 2.68364742222e-10 1.29201632035e-09
BPM.9L8.B2 22977.9776 0.00994900825612 0.000985406819792 1.31590500224e-09 1.43227063945e-10
BPM.8L8.B2 23018.44061 0.00622266851495 -0.00782509989771 -1.70405369976e-10 -1.30989830657e-09
BPM.7L8.B2 23057.50662 0.0078646447636 -0.00617261327199 -1.16486812682e-09 -6.22453642214e-10
BPM.6L8.B2 23089.97562 0.00999341942598 -0.000292164399044 -1.1273176248e-09 6.92621720207e-10
BPMR.5L8.B2 23150.39462 0.00867343648201 0.00497245325535 1.15043754982e-09 6.38515495784e-10
BPMYB.4L8.B2 23171.16162 0.00956087620064 0.00292291602045 1.30383308311e-09 -1.84507598091e-10
BPMWB.4L8.B2 23195.62912 0.00884737123056 0.00465594396087 6.31614282146e-10 -1.15933838138e-09
BPMSX.4L8.B2 23245.78612 0.00999109801662 -0.000362976920063 -1.29199816029e-09 -2.68640681515e-10
BPMS.2L8.B2 23283.69762 0.00999063763638 -0.000375435242256 -1.15641260711e-09 6.27182688997e-10
BPMSW.1L8.B2 23293.63162 0.00999768932146 8.0703477667e-09 -9.64818463933e-10 9.03358872061e-10
BPMSW.1R8.B2 23336.82162 0.00999768931238 -2.29520340544e-08 -7.45244210094e-10 -1.10212122404e-09
BPMS.2R8.B2 23346.75562 0.00999063676638 -0.000375458379385 -9.86583745188e-10 -8.6944293926e-10
BPMSX.4R8.B2 23384.66712 0.00999109832285 -0.000362968532529 -1.32214876972e-09 -3.25176026028e-11
BPMWI.4R8.B2 23434.90012 0.00884781580116 0.00465509907501 3.58769548523e-10 1.2706490233e-09
BPMYB.4R8.B2 23459.29162 0.0095647259272 0.00291029376708 1.235195395e-09 4.75786571159e-10
BPMYB.5R8.B2 23479.86862 0.00886285302921 0.00462640551076 1.27482370023e-09 -3.25338661262e-10
BPMR.6R8.B2 23563.97662 0.00930743361104 0.00365040701954 -6.61239377008e-10 -1.13505929818e-09
BPM_A.7R8.B2 23586.21662 0.00959952924965 0.00279335462199 -1.00842665337e-09 -8.52667905674e-10
BPM.8R8.B2 23627.65561 0.00999730623004 8.75213875531e-05 -1.12667919187e-09 6.88073158076e-10
BPM.9R8.B2 23666.7226 0.00742219360242 -0.00669812167381 1.24274810275e-09 4.48676918432e-10
BPM.10R8.B2 23707.18758 0.00830792078576 -0.0055616763812 7.04716121639e-10 -1.12789842714e-09
BPM.11R8.B2 23759.02827 0.00695175340464 -0.00718518729516 -9.83661345868e-10 -8.83723718251e-10
BPM.12R8.B2 23813.75476 0.00645673009444 -0.00763311393246 -9.02050147097e-10 9.67523266285e-10
BPM.13R8.B2 23867.20624 0.00398186191927 -0.0091705271112 1.04473532499e-09 8.05822018809e-10
BPM.14R8.B2 23920.65773 0.00470891120326 -0.00881929402635 7.93999539803e-10 -1.056151103e-09
BPM.15R8.B2 23974.10921 0.00277584142649 -0.00960460807143 -1.08303399185e-09 -7.62401341155e-10
BPM.16R8.B2 24027.56069 0.00354200110539 -0.0093492256366 -7.50199118035e-10 1.08817861512e-09
BPM.17R8.B2 24081.01218 0.00152436890978 -0.00988079406045 1.11154230156e-09 7.16919148907e-10
BPM.18R8.B2 24134.46366 0.00231688099756 -0.00972552591563 7.00115440028e-10 -1.12170915262e-09
BPM.19R8.B2 24187.91515 0.000247806655801 -0.00999461773696 -1.13324842497e-09 -6.68886110938e-10
BPM.20R8.B2 24241.36663 0.00105368700914 -0.00994200862967 -6.53695318468e-10 1.14435304154e-09
BPM.21R8.B2 24294.81811 -0.00103279249563 -0.00994420089829 1.16194281569e-09 6.23610395106e-10
BPM.22R8.B2 24348.2696 -0.000226813895876 -0.00999511617276 6.12066379096e-10 -1.17101349357e-09
BPM.23R8.B2 24401.72108 -0.00229644985808 -0.0097303704939 -1.19600281951e-09 -5.76367431652e-10
BPM.24R8.B2 24455.17257 -0.00173644815744 -0.0098987440289 -3.55953922502e-06 0.000233457569144
BPM.25R8.B2 24508.62405 -0.00375302025197 -0.00932283350662 0.000233459103056 -3.45724195482e-06
BPM.26R8.B2 24562.07554 -0.00298848424422 -0.00959527735253 -6.0737762793e-06 -0.000233405689846
BPM.27R8.B2 24615.52702 -0.00491512927329 -0.00876595059408 -0.000233117963292 1.30813888431e-05
BPM.28R8.B2 24668.9785 -0.00442431730158 -0.00914896382355 1.21275087021e-05 0.000466419230074
BPM.29R8.B2 24722.42999 -0.0062266616965 -0.00803161295736 0.00046584385022 -2.61434857441e-05
BPM.30R8.B2 24775.88147 -0.00555837096541 -0.008507798471 -3.13693179395e-05 -0.000465521147726
BPM.31R8.B2 24829.33296 -0.0072033746821 -0.00716864811382 -0.000464369650182 4.53299002598e-05
BPM.32R8.B2 24882.78444 -0.00660105451708 -0.00772684941596 5.05204734946e-05 0.000463833650174
BPM.33R8.B2 24936.23592 -0.00806093499525 -0.00618865491084 0.000462104600245 -6.44462073203e-05
BPM.34R8.B2 24989.68741 -0.00753531791351 -0.00681887868521 -6.96298456986e-05 -0.000461351989781
BPM.33L1.B2 25043.13889 -0.00878661981789 -0.00510621531368 -0.000459054647482 8.34434235593e-05
BPM.32L1.B2 25096.59038 -0.00834569275845 -0.00579892533267 8.85706257696e-05 0.00045809302546
BPM.31L1.B2 25150.04186 -0.00936750894281 -0.00394054551116 0.000455221350223 -0.000102310751177
BPM.30L1.B2 25203.49334 -0.00901898340906 -0.00468359487026 -0.000107415658222 -0.000454043887934
BPM.29L1.B2 25256.94483 -0.0097947145277 -0.0027095553066 -0.00045061690696 0.000120989162082
BPM.28L1.B2 25310.39631 -0.0095440215299 -0.003491385925 0.000126019345756 0.000449236129022
BPM.27L1.B2 25363.8478 -0.0100608373762 -0.00143445944754 0.000445240959431 -0.000139479244482
BPM.26L1.B2 25417.29928 -0.0101453642301 -0.00225650102498 -0.000148020078824 -0.00021019628889
BPM.25L1.B2 25470.75077 -0.0103927806024 -0.000101604897252 -0.000205658688828 0.000154262516317
BPM.24L1.B2 25524.20225 -0.0103506721402 -0.000940105546504 0.000156556294325 0.00020391799505
BPM.23L1.B2 25577.65373 -0.0103203890058 0.00122873226476 0.000199117860844 -0.000162617644695
BPM.22L1.B2 25631.10522 -0.01061902652 0.000377030554674 -0.000168399327418 3.61811013642e-05
BPM.21L1.B2 25684.5567 -0.0103095059887 0.00257292878578 4.12227357287e-05 0.000167236640305
BPM.20L1.B2 25738.00819 -0.0104835351129 0.00173244562014 0.000166763563688 -4.3096642045e-05
BPM.19L1.B2 25791.45967 -0.00989567566271 0.00387059161688 -4.8088452421e-05 -0.000165393185704
BPM.18L1.B2 25844.91115 -0.0101757972238 0.00305925270923 -0.000164844822159 4.9935868334e-05
BPM.17L1.B2 25898.36264 -0.00931917814878 0.00510478157219 5.48649004962e-05 0.000163270476365
BPM.16L1.B2 25951.81412 -0.00970078111679 0.00433597993272 0.000162644676004 -5.66931717604e-05
BPM.15L1.B2 26005.26561 -0.00858962724407 0.00625493245759 -6.15546998958e-05 -0.000160867725489
BPM.14L1.B2 26058.71709 -0.00906646181563 0.00554122245837 -0.000160168832086 6.33510022488e-05
BPM.13L1.B2 26112.16857 -0.00771879870822 0.00730246689461 6.81338857696e-05 0.000158193492889
BPM.12L1.B2 26165.62006 -0.00904893879117 0.00556979200765 0.000162191853181 -5.7975941627e-05
BPM.11L1.B2 26219.07154 -0.00857486325109 0.0062751570879 -3.95659818409e-05 -0.000167636329646
BPM.10L1.B2 26271.85423 -0.00780417460697 0.00721115350755 -0.000165030239849 4.9319614494e-05
BPM.9L1.B2 26310.92122 -0.00615402301477 0.00866220970781 3.45631594314e-05 0.000168738832937
BPM.8L1.B2 26351.38621 -0.0104388359864 0.00198408152476 0.000133055540052 -0.000109378381509
BPM.7L1.B2 26390.4542 -0.0073369565804 0.00768602266727 -9.63658415819e-05 -0.000142762148297
BPMR.6L1.B2 26433.6382 -0.00668786293095 0.00825701917721 -0.000171739434133 -1.31519931428e-05
BPM.5L1.B2 26465.5382 -0.00672282182388 0.00822858085823 -0.000157854188605 6.8916336526e-05
BPMYA.4L1.B2 26486.6562 -0.0066591717838 0.00828017556958 -0.000129004057434 0.00011412869757
BPMWB.4L1.B2 26507.7127 -0.00542211219357 0.00913819323595 -7.84752450568e-05 0.000153326586419
BPMSY.4L1.B2 26600.5687 -0.00465116563243 0.00955366602604 0.000159083399519 6.60293779549e-05
BPMS.2L1.B2 26627.3542 -0.00368582864161 0.00996596926959 0.000171971967884 -9.64615320964e-06
BPMSW.1L1.B2 26637.4082 -0.00332233348069 0.010092966686 0.00016246692642 -5.72005611949e-05
