BPMSW.1R1.B2 21.475 -0.00605249412793 0.00801238705109 0.000131340955842 0.00010523562392
BPMS.2R1.B2 31.529 -0.00633881734102 0.00778783834976 0.000155469430678 6.4453416744e-05
BPMSY.4R1.B2 58.3145 -0.00707629841988 0.00712439696051 0.000168032179857 -9.49579734776e-06
BPMWB.4R1.B2 151.1705 -0.00763897184124 0.00651744893362 -2.28345367816e-05 -0.000166744016909
BPMYA.4R1.B2 172.227 -0.00848340853171 0.00537241203597 -8.20936726101e-05 -0.000146920426356
BPMR.5R1.B2 199.635 -0.0083575691059 0.00556615397493 -0.000133614182544 -0.000102333935324
BPM.6R1.B2 231.535 -0.0087725366474 0.0048860650935 -0.000166574708643 -2.40384754693e-05
BPMRA.7R1.B2 259.259 -0.00914374728889 0.00415005022862 -0.000154038011438 6.78032045688e-05
BPM.8R1.B2 300.6960106 -0.0100185140647 0.000678533212508 3.33041192019e-05 0.000164972178068
BPM.9R1.B2 339.7610212 -0.00989574705449 0.00170447107014 0.000150602684994 -7.51253324209e-05
BPM.10R1.B2 380.2240318 -0.00826999623888 0.00569545376353 -0.000105998299478 -0.000130726217813
BPM.11R1.B2 433.0047424 -0.0100005884207 0.000905131293345 -9.48290765354e-05 0.000139041109025
BPM.12R1.B2 487.7282583 -0.00972778318429 0.00249023407019 0.000146348469539 8.31090197569e-05
BPM.13R1.B2 541.1767742 -0.00998205332569 0.00109070747054 7.46615418437e-05 -0.000150833142857
BPM.14R1.B2 594.6252901 -0.00953839691316 0.00313847347481 -0.000152998898839 -7.0116474958e-05
BPM.15R1.B2 648.073806 -0.00976054646791 0.00235855126079 -6.84181410649e-05 0.000153765867306
BPM.16R1.B2 701.5223219 -0.00905852208255 0.00433292154077 0.000155744899784 6.37848625844e-05
BPM.17R1.B2 754.9708378 -0.00937865646771 0.00358773385832 6.20511313412e-05 -0.000156443734027
BPM.18R1.B2 808.4193537 -0.00842990415437 0.00545598271278 -0.000158230189436 -5.73427395567e-05
BPM.19R1.B2 861.8678696 -0.00884266727805 0.00475796878049 -5.55869823486e-05 0.000158855508741
BPM.20R1.B2 915.3163855 -0.00766262433537 0.0064896240047 0.00016044820566 5.08070480126e-05
BPM.21R1.B2 968.7649014 -0.00816137767496 0.00585003810011 4.90222423343e-05 -0.000161002498625
BPM.22R1.B2 1022.213417 -0.00676965402472 0.0074163883281 -0.000162397107571 -4.41832759703e-05
BPM.23R1.B2 1075.661933 -0.00734600445574 0.00684596596215 -4.23817483045e-05 0.000162876551759
BPM.24R1.B2 1129.110449 -0.00553988687767 0.00817839008787 0.000163841952737 -0.000191937960691
BPM.25R1.B2 1182.558965 -0.00618198367774 0.00770451094201 -0.000193743334527 -0.000161703078645
BPM.26R1.B2 1236.007481 -0.00444838867389 0.00881976469365 -0.00015583561533 0.000198493391828
BPM.27R1.B2 1289.455997 -0.00514540210677 0.00843215560698 0.000200209185145 0.000153625021874
BPM.28R1.B2 1342.904513 -0.00305820036529 0.00927329590627 0.00014733085896 -0.000434136319526
BPM.29R1.B2 1396.353029 -0.0037969555691 0.00899609553219 -0.00043574280859 -0.00014250940815
BPM.30R1.B2 1449.801545 -0.00184704356342 0.00958827599311 -0.00012941085614 0.000439810818935
BPM.31R1.B2 1503.25006 -0.0026143557474 0.00940806836742 0.000441219201971 0.000124524458953
BPM.32R1.B2 1556.698576 -0.000605154915851 0.00974578852564 0.000111262236519 -0.000444748738248
BPM.33R1.B2 1610.147092 -0.00139007948419 0.0096651065942 -0.000445955341003 -0.000106322907367
BPM.34R1.B2 1663.595608 0.000646330086721 0.009743144455 -9.29295881414e-05 0.000448937432386
BPM.33L2.B2 1717.044124 -0.000141601004625 0.00976353192241 0.000449940032589 8.79471183001e-05
BPM.32L2.B2 1770.49264 0.001887492536 0.00958039552375 7.44455529091e-05 -0.000452369963967
BPM.31L2.B2 1823.941156 0.00110780399478 0.00970151414759 -0.000453168290568 -6.94206495161e-05
BPM.30L2.B2 1877.389672 0.00309740239475 0.00926027563414 -5.58229965877e-05 0.000455043428551
BPM.29L2.B2 1930.838188 0.00234039795319 0.00947993374824 0.00045563388798 5.07787614562e-05
BPM.28L2.B2 1984.286704 0.0042565981196 0.00878794509007 3.71280593567e-05 -0.000456948831306
BPM.27L2.B2 2037.73522 0.00353320160031 0.00910291672461 -0.000457333008906 -3.20507567025e-05
BPM.26L2.B2 2091.183735 0.00557096581794 0.00812836484553 -1.85737078957e-05 0.000228670470412
BPM.25L2.B2 2144.632251 0.00489701518182 0.00855132841132 0.00022886222281 1.60389976496e-05
BPM.24L2.B2 2198.080767 0.00656500105344 0.00734892757936 9.18547024283e-06 -0.00022923960301
BPM.23L2.B2 2251.529283 0.00595041055014 0.00785484497298 -0.000229327450204 -6.63983610138e-06
BPM.22L2.B2 2304.977799 0.00767642637633 0.00640589528718 4.68954776072e-10 1.20086714846e-09
BPM.21L2.B2 2358.426315 0.00713446425018 0.00700445830293 1.20132327544e-09 -4.83625947883e-10
BPM.20L2.B2 2411.874831 0.00843281149542 0.00537128537879 -5.14386537481e-10 -1.18415186257e-09
BPM.19L2.B2 2465.323347 0.00797184053249 0.00603429986335 -1.17960430298e-09 5.32806355423e-10
BPM.18L2.B2 2518.771863 0.00905061511488 0.00424845646118 5.61833865363e-10 1.15919927665e-09
BPM.17L2.B2 2572.220379 0.00867826869541 0.00496494398449 1.14984693703e-09 -5.73750228686e-10
BPM.16L2.B2 2625.668894 0.00951972732453 0.00305578271478 -6.0957222178e-10 -1.14108687392e-09
BPM.15L2.B2 2679.11741 0.00924207318635 0.00381406600576 -1.12369995481e-09 6.1805423489e-10
BPM.14L2.B2 2732.565926 0.00983240888964 0.00181294008618 6.60333819224e-10 1.10892584198e-09
BPM.13L2.B2 2786.014442 0.00965404796837 0.00260045652355 1.10367206536e-09 -6.71625912981e-10
BPM.12L2.B2 2839.462958 0.0099931863809 0.000315027365064 -6.86943547735e-10 -1.09432805832e-09
BPM.11L2.B2 2892.911474 0.00974849949127 0.00222030941528 -1.15029346065e-09 5.7360775899e-10
BPM.10L2.B2 2944.750185 0.00989652869268 0.00142187766684 3.52694658767e-10 1.24486735183e-09
BPM.9L2.B2 2983.815195 0.00998079950243 -0.000588776359656 1.28669369551e-09 -9.73324499641e-11
BPM.8L2.B2 3024.278206 0.00897162696666 -0.00441281382432 -9.75054931162e-10 -8.44651321999e-10
BPM.7L2.B2 3063.344216 0.00796804868939 0.00603930594989 -6.99201492719e-10 1.08338590163e-09
BPM.6L2.B2 3095.450216 0.00735050876408 0.0067773916189 -1.19668088096e-10 1.2857639134e-09
BPMYB.5L2.B2 3167.649216 0.00882184799919 0.00470510511416 1.27555060226e-09 1.90722926301e-10
BPMYB.4L2.B2 3188.219216 0.00956427039872 0.00291337400494 1.15570548038e-09 -5.82795776112e-10
BPMWB.4L2.B2 3212.610716 0.00884839648229 0.00465498614137 2.19614022065e-10 -1.27174630478e-09
BPMSX.4L2.B2 3262.843716 0.00999155967587 -0.000362975879758 -1.28061543016e-09 1.5794825252e-10
BPMS.2L2.B2 3300.755216 0.00999109905852 -0.000375441013373 -8.70984776924e-10 9.44738991257e-10
BPMSW.1L2.B2 3310.689216 0.00999815065099 1.55958684667e-08 -5.96566834502e-10 1.13888768102e-09
BPMSW.1R2.B2 3353.879216 0.00999815066005 -7.92965884541e-09 -1.01383760307e-09 -7.74278396559e-10
BPMS.2R2.B2 3363.813216 0.00999109840777 -0.000375458511847 -1.18254401059e-09 -4.8923622275e-10
BPMSX.4R2.B2 3401.724716 0.00999155994931 -0.000362968398463 -1.22682471557e-09 3.95265426414e-10
BPMWB.4R2.B2 3451.881716 0.0088476114745 0.00465647801253 7.32686188679e-10 1.06301037782e-09
BPMYB.4R2.B2 3476.349216 0.00955134337486 0.00295547899176 1.29258086457e-09 4.60451501285e-11
BPM.5R2.B2 3505.883216 0.00586619041654 0.00809634647705 6.03270746685e-10 -1.14076447685e-09
BPMR.6R2.B2 3579.179216 0.00458066752789 0.0088870974604 -1.1099464788e-09 -6.71053601795e-10
BPM_A.7R2.B2 3592.054216 0.00495465754465 0.00868414560504 -1.20794487854e-09 -4.58113802836e-10
BPM.8R2.B2 3633.493206 0.00788656159651 0.00614533664479 -9.77437949154e-10 8.40159354322e-10
BPM.9R2.B2 3672.560195 0.00921282511727 -0.00388418197965 1.15917042838e-09 5.69839796585e-10
BPM.10R2.B2 3713.025185 0.00890202301614 -0.00455159341403 9.49453886785e-10 -8.84857898215e-10
BPM.11R2.B2 3764.865874 0.00853284410892 -0.00521091045043 -7.85411339116e-10 -1.02597833367e-09
BPM.12R2.B2 3819.592358 0.00884514322586 -0.00466116483275 -9.50896608214e-10 8.70893463629e-10
BPM.13R2.B2 3873.043842 0.00701016336264 -0.00712885867049 9.6412508723e-10 8.55304842451e-10
BPM.14R2.B2 3926.495326 0.00756256331882 -0.0065399275443 8.38781154823e-10 -9.76180479567e-10
BPM.15R2.B2 3979.94681 0.00604046417211 -0.00796717069403 -1.00104789687e-09 -8.13277549328e-10
BPM.16R2.B2 4033.398294 0.00666381093795 -0.00745363267228 -8.02321182587e-10 1.01276028841e-09
BPM.17R2.B2 4086.849779 0.00497162496334 -0.00867444300784 1.0384642699e-09 7.70866456626e-10
BPM.18R2.B2 4140.301263 0.00565552427435 -0.00824488092161 7.58647002319e-10 -1.04123315262e-09
BPM.19R2.B2 4193.752747 0.00382107677177 -0.00923917683485 -1.06887562465e-09 -7.26579846023e-10
BPM.20R2.B2 4247.204231 0.00455432714682 -0.00890062472398 -7.18322702368e-10 1.07494748328e-09
BPM.21R2.B2 4300.655715 0.00260774834429 -0.0096520808554 1.09586053119e-09 6.82660834016e-10
BPM.22R2.B2 4354.107199 0.00337827039673 -0.00941011718481 6.72352013119e-10 -1.10100887734e-09
BPM.23R2.B2 4407.558683 0.00135155721259 -0.0099063772073 -1.11925015115e-09 -6.36980439871e-10
BPM.24R2.B2 4461.010167 0.00204230843673 -0.00977154680002 -1.59574820182e-06 0.000104677455278
BPM.25R2.B2 4514.461651 -3.02426493006e-05 -0.00998264674497 0.0001046781422 -1.54985983529e-06
BPM.26R2.B2 4567.913135 0.000775485657832 -0.00995252594535 -2.72227998163e-06 -0.000104654217648
BPM.27R2.B2 4621.36462 -0.00130721243766 -0.00989673412186 -0.000104525199966 5.86508775892e-06
BPM.28R2.B2 4674.816104 -0.000608478622419 -0.00997656693061 5.44059844293e-06 0.000209129490957
BPM.29R2.B2 4728.267588 -0.00266578430219 -0.00963305392844 0.000208871605822 -1.1721653815e-05
BPM.30R2.B2 4781.719072 -0.00187975363891 -0.00981675405734 -1.40612285083e-05 -0.000208727157019
BPM.31R2.B2 4835.170556 -0.00387650454593 -0.00921275455385 -0.000208210591276 2.03247187968e-05
BPM.32R2.B2 4888.62204 -0.00312012268819 -0.00949562890792 2.26557430031e-05 0.000207969858223
BPM.33R2.B2 4942.073524 -0.00502294625156 -0.0086413045825 0.000207195112042 -2.88951608711e-05
BPM.34R2.B2 4995.525008 -0.00430924999483 -0.00901845321665 -3.12155696836e-05 -0.000206858241142
BPM.33L3.B2 5048.976492 -0.00608735740152 -0.00792756039822 -0.000205827412146 3.74141908779e-05
BPM.32L3.B2 5102.427976 -0.00542752367849 -0.00839309958749 3.9716854711e-05 0.00020539550897
BPM.31L3.B2 5155.87946 -0.007051303625 -0.00708387261031 0.000204109005774 -4.58721776927e-05
BPM.30L3.B2 5209.330945 -0.00645665392006 -0.00762979384363 -4.81574183674e-05 -0.000203581943128
BPM.29L3.B2 5262.782429 -0.00789972654384 -0.00612343486126 -0.000202044013569 5.42490615943e-05
BPM.28L3.B2 5316.233913 -0.00737963787152 -0.00674114818777 5.65079235163e-05 0.0002014239263
BPM.27L3.B2 5369.685397 -0.00861806984372 -0.00506270739051 0.000199634285733 -6.25371559331e-05
BPM.26L3.B2 5423.136881 -0.00828587990121 -0.00574833752862 -6.6365804128e-05 -9.42455508108e-05
BPM.25L3.B2 5476.588365 -0.00929855909068 -0.00390333049108 -9.22099297033e-05 6.91662648859e-05
BPM.24L3.B2 5530.039849 -0.00895315503806 -0.00464114263774 7.01949942871e-05 9.14292421602e-05
BPM.23L3.B2 5583.491333 -0.0097214797658 -0.00268179441538 8.92782066986e-05 -7.29112091901e-05
BPM.22L3.B2 5636.942817 -0.0095778367882 -0.00346428312193 -7.55029015221e-05 1.62215769533e-05
BPM.21L3.B2 5690.394301 -0.0100882980156 -0.00140087768196 1.84822917917e-05 7.49815539022e-05
BPM.20L3.B2 5743.845786 -0.00994231580419 -0.00221055909004 7.47696173607e-05 -1.93217947286e-05
BPM.19L3.B2 5797.29727 -0.0101846181962 -9.88297796696e-05 -2.15596988068e-05 -7.41552914461e-05
BPM.18L3.B2 5850.748754 -0.0101434144952 -0.000920520209281 -7.3909249507e-05 2.23886280154e-05
BPM.17L3.B2 5904.200238 -0.0101135766906 0.00120489900046 2.45987443579e-05 7.32033426933e-05
BPM.16L3.B2 5957.651722 -0.0101778304805 0.000384684052198 7.2922955721e-05 -2.54178976971e-05
BPM.15L3.B2 6011.103206 -0.0098763499341 0.00248876013711 -2.75975032608e-05 -7.21263167446e-05
BPM.14L3.B2 6064.55469 -0.0100450005966 0.00168350174014 -7.18127862587e-05 2.84033835704e-05
BPM.13L3.B2 6118.006174 -0.00947680675732 0.0037318023517 3.05478699847e-05 7.09271113431e-05
BPM.12L3.B2 6171.457658 -0.0100766667315 0.00148222895171 7.30376671436e-05 -2.50863880834e-05
BPM.11L3.B2 6224.909142 -0.0101751736773 0.000449506122922 -2.18447305376e-05 -7.40718260129e-05
BPM.10L3.B2 6277.691832 -0.00947594318303 -0.00373399462514 -7.55828680535e-05 1.58447553703e-05
BPM.9L3.B2 6316.758821 -0.00996842284454 -0.0020896796601 -3.66636209322e-05 6.79676893059e-05
BPM.8L3.B2 6357.223811 -0.0101838011314 -0.000162510249495 3.41593467182e-05 6.92601344059e-05
BPM.7L3.B2 6396.2898 -0.00931075421636 0.00412868877828 7.72168065178e-05 1.17999768433e-06
BPMR.6L3.B2 6468.9288 -0.00249923747692 0.00987370381935 -3.54450906473e-05 -6.86110253412e-05
BPMWE.5L3.B2 6511.9823 -0.00229041034281 0.00992422468184 -6.90842112616e-05 -3.45137677964e-05
BPMW.5L3.B2 6539.5273 -0.00519941187757 0.00875798671215 -7.72253933232e-05 -2.57447676674e-07
BPMWE.4L3.B2 6614.6553 -0.00185319938151 0.0100150819832 -2.27629103894e-05 7.3794833817e-05
BPMW.4L3.B2 6642.2003 0.00635480655494 0.00795943772748 4.97140769523e-05 5.90960207681e-05
BPMW.4R3.B2 6687.1653 0.00793839271544 0.00638107641425 7.55318562847e-05 1.60862196127e-05
BPMWE.4R3.B2 6714.7103 0.00658141603475 0.00777310607659 7.60814396029e-05 -1.32454668288e-05
BPMW.5R3.B2 6789.8383 0.00791918751676 0.00640489532852 2.19022741799e-05 -7.40548298631e-05
BPMWE.5R3.B2 6817.3833 0.00981545825664 0.00271900612888 -2.33714141119e-05 -7.36043744175e-05
BPMWC.6R3.B2 6858.3743 0.0100305176723 0.00176774723549 -6.28387280475e-05 -4.48901130205e-05
BPM.6R3.B2 6870.5288 0.0097825891491 0.00283498935793 -7.11697356055e-05 -2.99782707524e-05
BPM_A.7R3.B2 6926.3528 0.00984355471953 0.00261546278177 -5.76483318814e-05 5.13857726108e-05
BPM.8R3.B2 6965.418789 0.0068635441875 0.00752515622816 4.7454017665e-05 6.09257261793e-05
BPM.9R3.B2 7004.485779 -0.00266083423966 0.00983138729602 5.20372593199e-05 -5.70609492413e-05
BPM.10R3.B2 7044.950768 -0.00151004365433 0.0100725360884 -5.81187165205e-06 -7.70068168821e-05
BPM.11R3.B2 7097.733458 0.00176310117374 0.0100313353713 -7.660787904e-05 -9.74990344717e-06
BPM.12R3.B2 7152.459942 0.00485783061009 0.00895196608876 7.16271379214e-06 7.68929322383e-05
BPM.13R3.B2 7205.911426 0.00345438508215 0.00958141110619 7.62763604331e-05 -1.20724654533e-05
BPM.14R3.B2 7259.36291 0.00536769771996 0.00865586715821 -1.43576978261e-05 -7.58794099216e-05
BPM.15R3.B2 7312.814394 0.00465151906728 0.00906088215574 -7.57136876185e-05 1.5207408217e-05
BPM.16R3.B2 7366.265878 0.00643091561844 0.00789807187849 1.74754747817e-05 7.52225720006e-05
BPM.17R3.B2 7419.717362 0.00577249873006 0.00839133323719 7.50221820801e-05 -1.83166675115e-05
BPM.18R3.B2 7473.168846 0.007388449914 0.0070104937725 -2.05620801649e-05 -7.4438085664e-05
BPM.19R3.B2 7526.62033 0.00679849288631 0.00758397715722 -7.4202879442e-05 2.13953297909e-05
BPM.20R3.B2 7580.071814 0.00822457327897 0.00600771249485 2.36152162517e-05 7.35265233863e-05
BPM.21R3.B2 7633.523299 0.00771286589048 0.00665191061477 7.32575104828e-05 -2.4436957798e-05
BPM.22R3.B2 7686.974783 0.008925546682 0.00490620336962 -2.66266025127e-05 -7.24903544497e-05
BPM.23R3.B2 7740.426267 0.00850042685539 0.00561061122537 -7.2187260399e-05 2.74376975162e-05
BPM.24R3.B2 7793.877751 0.00945514573536 0.0037287864456 2.96221182824e-05 9.64684154944e-05
BPM.25R3.B2 7847.329235 0.00912335399945 0.00447973672619 9.61307830521e-05 -3.07001075317e-05
BPM.26R3.B2 7900.780719 0.00985447425836 0.00248856712582 -3.35739063556e-05 -9.51652114322e-05
BPM.27R3.B2 7954.232203 0.00962146068649 0.00327583937059 -9.47827105538e-05 3.46390190833e-05
BPM.28R3.B2 8007.683687 0.0100671565005 0.00121219949954 3.74993122249e-05 0.000118837071337
BPM.29R3.B2 8061.135171 0.00993647776353 0.00202076155473 0.000118409960615 -3.88269167876e-05
BPM.30R3.B2 8114.586655 0.01013951338 -8.56508283754e-05 -4.2366125124e-05 -0.000117190271979
BPM.31R3.B2 8168.03814 0.0101133452237 0.000733018424578 -0.000116707689031 4.36779453194e-05
BPM.32R3.B2 8221.489624 0.0100452517351 -0.00138202212964 4.71651366288e-05 0.000115342521419
BPM.33R3.B2 8274.941108 0.0101240239171 -0.000566751562253 0.000114807445198 -4.84530426664e-05
BPM.34R3.B2 8328.392592 0.00978590493381 -0.00265577338404 -5.18798482855e-05 -0.000113300168987
BPM.33L4.B2 8381.844076 0.00996833058976 -0.00185727029331 -0.000112711159184 5.31473562887e-05
BPM.32L4.B2 8435.29556 0.00936577968784 -0.00388577385864 5.65100312213e-05 0.000111063334525
BPM.31L4.B2 8488.747044 0.00964885138186 -0.00311716772543 0.000110423878022 -5.77495871433e-05
BPM.30L4.B2 8542.198528 0.00879169484618 -0.00505204605871 -6.10406686201e-05 -0.000108639236882
BPM.29L4.B2 8595.650012 0.00917076921383 -0.00432597499001 -0.00010794787059 6.22551689206e-05
BPM.28L4.B2 8649.101496 0.00807321964574 -0.00613516031758 6.5470456242e-05 0.000106028612842
BPM.27L4.B2 8702.55298 0.0085420622172 -0.00546353738485 0.000105289058331 -6.66532996998e-05
BPM.26L4.B2 8756.004465 0.00719727545752 -0.00711287390265 -6.97587156664e-05 -7.81005713097e-05
BPM.25L4.B2 8809.455949 0.00774789133564 -0.00650875787443 -7.73136103262e-05 7.06299011477e-05
BPM.24L4.B2 8862.907433 0.0062282994844 -0.00797508838377 7.2920800351e-05 7.51567333622e-05
BPM.23L4.B2 8916.358917 0.00685165444132 -0.00744638037508 7.43354271427e-05 -7.3757862626e-05
BPM.22L4.B2 8969.810401 0.00513211290687 -0.00870166013582 -7.59302269168e-05 -4.69475127062e-05
BPM.21L4.B2 9023.261885 0.00581771886894 -0.00825903257794 -4.60935962105e-05 7.64516162211e-05
BPM.20L4.B2 9076.713369 0.00397688567396 -0.00928664914483 7.78018648078e-05 4.37759933362e-05
BPM.19L4.B2 9130.164853 0.00471342257248 -0.00893538581696 4.29017084603e-05 -7.82873712507e-05
BPM.18L4.B2 9183.616337 0.00275607374341 -0.00971913213851 -7.95409663589e-05 -4.05302850144e-05
BPM.17L4.B2 9237.067821 0.00353156279408 -0.0094649636116 -3.96365042985e-05 7.99901034788e-05
BPM.16L4.B2 9290.519306 0.00149022178608 -0.00999183221617 8.11448061474e-05 3.72154442651e-05
BPM.15L4.B2 9343.97079 0.00229177978772 -0.00983896424657 3.63039288919e-05 -8.1556691601e-05
BPM.14L4.B2 9397.422274 0.000199623021024 -0.0101003773515 -8.26105546272e-05 -3.38373418563e-05
BPM.13L4.B2 9450.873758 0.00101422953486 -0.0100513088932 -3.29097662688e-05 8.29844319344e-05
BPM.12L4.B2 9504.325242 -0.0020927452843 -0.00988321249462 8.20876625822e-05 3.50868102351e-05
BPM.11L4.B2 9557.776726 -0.00173808845449 -0.00995170942674 4.80972295113e-05 -7.52072169404e-05
BPMC.10L4.B2 9609.617415 -0.00295870934966 -0.00965937425283 -6.77639683693e-05 -5.81163779295e-05
BPMC.9L4.B2 9648.684405 -0.00384642701202 -0.0093414383901 -6.95997294786e-05 5.59047895148e-05
BPMC.8L4.B2 9689.149394 -0.0065432529188 -0.00769696779225 8.87486219605e-05 9.65149768648e-06
BPMC.7L4.B2 9728.215384 0.00165628840908 -0.00996565003722 5.83517701446e-07 -8.92699726041e-05
BPMYA.6L4.B2 9824.819384 0.000170678613219 -0.0101009079202 -8.54815053018e-05 -2.5736753009e-05
BPMYB.5L4.B2 9861.819384 0.000188870489045 -0.0101005841407 -8.92540144489e-05 -1.78540070565e-06
BPMWA.B5L4.B2 9964.209884 -0.00494321421896 -0.0088103408069 -4.64045255807e-05 7.62632846019e-05
BPMWA.A5L4.B2 9973.094884 -0.00525338496023 -0.00862898710556 -3.90636961531e-05 8.02713939205e-05
BPMWA.A5R4.B2 10021.14388 -0.00619421625692 -0.00798054866337 1.71253225377e-06 8.92554535692e-05
BPMWA.B5R4.B2 10030.02888 -0.00624351666845 -0.00794203825414 8.91170679329e-06 8.88259515495e-05
BPMYA.5R4.B2 10132.49538 -0.00487406447433 -0.0088487833889 7.11636658082e-05 5.38999273245e-05
BPMYB.6R4.B2 10164.05938 -0.00509530668389 -0.00872326325173 8.1111047792e-05 3.72889890918e-05
BPMCA.7R4.B2 10260.57538 -0.00175881640562 -0.00994806699007 2.80661077653e-05 -8.47452791982e-05
BPMC.8R4.B2 10298.36637 0.000951779492816 -0.0100574145676 -8.63595995213e-05 -2.26161070991e-05
BPMC.9R4.B2 10337.43336 -0.00580131075412 -0.00827056621598 1.27479723713e-05 8.83569902767e-05
BPMC.10R4.B2 10377.89835 -0.00612054505006 -0.00803718858121 8.85369756916e-05 1.14312027802e-05
BPM.11R4.B2 10429.73904 -0.00843812408469 -0.00555477578387 1.94133909879e-05 -8.7135459408e-05
BPM.12R4.B2 10484.46553 -0.0086275362791 -0.00525576728797 -8.61110123537e-05 -2.35448977645e-05
BPM.13R4.B2 10537.91701 -0.00953656469056 -0.00333337754515 -2.08282989523e-05 8.68081177954e-05
BPM.14R4.B2 10591.36849 -0.00923640408336 -0.00409222575494 8.70361510252e-05 1.98539082504e-05
BPM.15R4.B2 10644.81998 -0.00988463508953 -0.00208601561994 1.72293541714e-05 -8.75934841921e-05
BPM.16R4.B2 10698.27146 -0.00968402209499 -0.00287701026846 -8.77809244219e-05 -1.62474033587e-05
BPM.17R4.B2 10751.72295 -0.0100702771089 -0.000804357455032 -1.36035425909e-05 8.8229311237e-05
BPM.18R4.B2 10805.17443 -0.00997250254951 -0.00161451692902 8.83762725536e-05 1.26136257355e-05
BPM.19R4.B2 10858.62591 -0.0100904350609 0.000490502079645 9.9521350983e-06 -8.87154068058e-05
BPM.20R4.B2 10912.0774 -0.0100971037208 -0.000325527963717 -8.88212915609e-05 -8.95808357413e-06
BPM.21R4.B2 10965.52888 -0.0099447784344 0.00177731648209 -6.28618881075e-06 8.90502848345e-05
BPM.22R4.B2 11018.98037 -0.0100557814947 0.000968881065664 8.91151539698e-05 5.28753361574e-06
BPM.23R4.B2 11072.43185 -0.00963570456719 0.00303490848827 2.60725869458e-06 -8.92338049128e-05
BPM.24R4.B2 11125.88333 -0.009783272891 0.00225140866113 -8.82502793541e-05 -6.7663279143e-05
BPM.25R4.B2 11179.33482 -0.00910291452975 0.00423299143502 -6.49823911324e-05 9.02425590974e-05
BPM.26R4.B2 11232.7863 -0.00941484749801 0.00348452521956 9.09649932722e-05 6.39671778797e-05
BPM.27R4.B2 11286.23779 -0.00848658908374 0.00536274883687 6.12044651309e-05 -9.28463389202e-05
BPM.28R4.B2 11339.68927 -0.00882583142709 0.004664353763 -9.2519706583e-05 -0.000126215027455
BPM.29R4.B2 11393.14075 -0.00766550977276 0.00639464277364 -0.000123379799497 9.62681385095e-05
BPM.30R4.B2 11446.59224 -0.0081565563519 0.00575517895636 9.76439667731e-05 0.000122293843259
BPM.31R4.B2 11500.04372 -0.00678439208695 0.00732280822609 0.000119303803357 -0.000101275522795
BPM.32R4.B2 11553.49521 -0.0073533828093 0.0067512411913 -0.000102606260826 -0.00011816126079
BPM.33R4.B2 11606.94669 -0.00579197432424 0.00813046922264 -0.000115026465525 0.000106108627784
BPM.34R4.B2 11660.39818 -0.00642919031301 0.00763655735702 0.000107390354571 0.000113830747262
BPM.33L5.B2 11713.84966 -0.00470415420893 0.00880468225003 0.000110551961982 -0.000110762773067
BPM.32L5.B2 11767.30114 -0.00539957909343 0.00839619211319 -0.000111994775441 -0.000109303693756
BPM.31L5.B2 11820.75263 -0.00353928778171 0.00933407404882 -0.000105890511445 0.00011522729246
BPM.30L5.B2 11874.20411 -0.00428095954402 0.00901803092412 0.000116406145477 0.000104593202718
BPM.29L5.B2 11927.6556 -0.00231598137488 0.00971018674445 0.000101048116688 -0.000119496471572
BPM.28L5.B2 11981.10708 -0.0030923140916 0.00949152726559 -0.000120621408356 -9.97025764334e-05
BPM.27L5.B2 12034.55856 -0.00105491069008 0.00992666408144 -9.60340920241e-05 0.000123562059346
BPM.26L5.B2 12088.01005 -0.00178661193171 0.00981331831886 0.00012563700178 2.85883622184e-05
BPM.25L5.B2 12141.46153 0.000289048348007 0.00997043878945 2.48008820594e-05 -0.000126439185973
BPM.24L5.B2 12194.91302 -0.000516747069675 0.00996123341161 -0.000126709192918 -2.33823026489e-05
BPM.23L5.B2 12248.3645 0.00156212035264 0.00985154701597 -1.95648022996e-05 0.00012735450748
BPM.22L5.B2 12301.81598 0.000827888800808 0.00994965005675 0.000128572820424 -4.79182767543e-05
BPM.21L5.B2 12355.26747 0.00287485902173 0.00956117784285 -5.17591287382e-05 -0.000127075268104
BPM.20L5.B2 12408.71895 0.00209372119472 0.00976203194435 -0.000126487050949 5.31804261332e-05
BPM.19L5.B2 12462.17044 0.00407443150318 0.0091148200211 5.69568483204e-05 0.000124832081316
BPM.18L5.B2 12515.62192 0.003325518695 0.00941391850077 0.000124186564804 -5.83509050629e-05
BPM.17L5.B2 12569.07341 0.00520692656931 0.00851873533907 -6.20551911822e-05 -0.000122377629144
BPM.16L5.B2 12622.52489 0.00450233427881 0.00891122450467 -0.000121674073129 6.34235747473e-05
BPM.15L5.B2 12675.97637 0.0062539688077 0.00778259662661 6.70508071102e-05 0.000119713493639
BPM.14L5.B2 12729.42786 0.00560545417639 0.00826195010834 0.000118955494937 -6.83865591474e-05
BPM.13L5.B2 12782.87934 0.00719814625192 0.00691864340208 -7.19291745666e-05 -0.000116847437817
BPM.12L5.B2 12836.33083 0.00563124298587 0.00824439437162 -0.000121169306844 6.43826721972e-05
BPM.11L5.B2 12889.78231 0.00627227558919 0.00776785009274 5.04978951018e-05 0.000127581712381
BPM.10L5.B2 12942.565 0.00711642335868 0.00700267482408 0.000124403896732 -5.78861057764e-05
BPM.9L5.B2 12981.63199 0.00840453209487 0.00538932059417 -4.66813421457e-05 -0.000129027057662
BPM.8L5.B2 13022.09698 0.00232793466152 0.00970884423382 -9.22820468383e-05 0.000101543852244
BPM.7L5.B2 13061.16497 0.00754122350023 0.00654300269074 9.24053378598e-05 0.000101431669038
BPMR.6L5.B2 13098.05897 0.00772470895373 0.00632533064127 0.000137050427966 6.65672286595e-06
BPMWT.B6L5.B2 13109.36897 0.00821782092547 0.00566995197931 0.00013559985004 -2.09716983754e-05
BPMWT.A6L5.B2 13115.19097 0.00831747192663 0.00552273455684 0.000133146936875 -3.31515572046e-05
BPM.5L5.B2 13129.95897 0.00820180282542 0.00569309815011 0.000122842878095 -6.11290311083e-05
BPMYA.4L5.B2 13157.36497 0.00806854872585 0.00588043005158 8.85444058883e-05 -0.000104818979447
BPMWB.4L5.B2 13178.42347 0.00881865785969 0.00468104792474 4.41967851891e-05 -0.000129899093724
BPMWT.B4L5.B2 13178.89297 0.00883302635031 0.0046538781261 4.3057246637e-05 -0.000130281249993
BPMWT.A4L5.B2 13180.87497 0.00889209982423 0.00453998864195 3.81937548033e-05 -0.00013178910173
BPMSY.4L5.B2 13271.27947 0.00917410560828 0.00393912711291 -0.000133003456115 -3.37225632552e-05
BPMS.2L5.B2 13298.06497 0.00951800567553 0.00301471452505 -0.000134445620249 2.74136961431e-05
BPMSW.1L5.B2 13308.11897 0.00962098589107 0.00266787679537 -0.000121475139755 6.38037691996e-05
BPMSW.1R5.B2 13351.06897 0.00962099224921 0.00266785387764 -2.19826097706e-05 -0.000135439636842
BPMS.2R5.B2 13361.12297 0.0095180118231 0.00301469535783 -5.88647638499e-05 -0.000123943831952
BPMSY.4R5.B2 13387.90847 0.00917410911455 0.00393911894841 -0.000106869203686 -8.6058724147e-05
BPMWB.4R5.B2 13480.76447 0.00881860063925 0.00468115572359 -7.72828140385e-05 0.000113377677289
BPMYA.4R5.B2 13501.82097 0.00806851207554 0.00588048033629 -3.05925018581e-05 0.000133758101851
BPMR.5R5.B2 13522.93897 0.00802292739511 0.00594252237418 1.20326319606e-05 0.000136683381547
BPM.6R5.B2 13554.83897 0.00804803519595 0.00590847404335 7.47217285212e-05 0.000115081680972
BPMRA.7R5.B2 13588.85297 0.00717966801487 0.00693781689764 0.000130257908978 4.31278098072e-05
BPM.8R5.B2 13630.28998 0.00428941848149 0.0090156433592 6.99782027788e-05 -0.000118026189827
BPM.9R5.B2 13669.35499 0.00519307930646 0.00852718379217 -0.000132178976293 -3.68218732497e-05
BPM.10R5.B2 13709.818 0.00828921748584 0.0055650525223 -7.2791508139e-06 0.000137018773637
BPM.11R5.B2 13762.59871 0.00449243067229 0.00891622132821 0.000133348893857 -3.23296085174e-05
BPM.12R5.B2 13817.32223 0.00585827845637 0.00808464654103 -4.31535455676e-05 -0.000130249382161
BPM.13R5.B2 13870.77074 0.0046571160953 0.0088313195951 -0.000127588176849 5.04815692202e-05
BPM.14R5.B2 13924.21926 0.00638854101336 0.00767251457577 5.42766619468e-05 0.000126020532664
BPM.15R5.B2 13977.66777 0.00574859120341 0.00816300406031 0.000125411478759 -5.56694912253e-05
BPM.16R5.B2 14031.11629 0.00731749125944 0.006792294 -5.93970906213e-05 -0.000123689591279
BPM.17R5.B2 14084.56481 0.00674546762631 0.00736067949356 -0.000123022545374 6.0766639162e-05
BPM.18R5.B2 14138.01332 0.00812626289708 0.00580041269216 6.4421468126e-05 0.000121148695871
BPM.19R5.B2 14191.46184 0.0076317024531 0.00643723961098 0.000120427694731 -6.57594153392e-05
BPM.20R5.B2 14244.91035 0.00880147487736 0.00471327658871 -6.93334221645e-05 -0.000118406119734
BPM.21R5.B2 14298.35887 0.00839239994795 0.00540819371124 -0.000117628928104 7.06439357902e-05
BPM.22R5.B2 14351.80738 0.00933209268354 0.00354865922059 7.41328333701e-05 0.000115461912301
BPM.23R5.B2 14405.2559 0.00901529855118 0.00429014314181 0.000114633818723 -7.54070082761e-05
BPM.24R5.B2 14458.70442 0.00971953215411 0.0023238157282 -7.88135136837e-05 -0.00012267168932
BPM.25R5.B2 14512.15293 0.00950029750189 0.00310060835087 -0.000121788821872 8.0171040967e-05
BPM.26R5.B2 14565.60145 0.00993694193155 0.00106141876956 8.37801353194e-05 0.000119334833729
BPM.27R5.B2 14619.04996 0.00981888303612 0.00185982813766 0.000118399786649 -8.50964424697e-05
BPM.28R5.B2 14672.49848 0.0100012470861 -0.000220397818296 -8.86113613912e-05 -0.000126146023274
BPM.29R5.B2 14725.947 0.00998641350176 0.000587421363558 -0.000125154038237 9.00069917656e-05
BPM.30R5.B2 14779.39551 0.00989089627542 -0.0014978949783 9.37123279361e-05 0.000122404213081
BPM.31R5.B2 14832.84403 0.00997951409702 -0.000694850253192 0.000121359048786 -9.50619494585e-05
BPM.32R5.B2 14886.29254 0.00961800979924 -0.0027508918491 -9.86509575811e-05 -0.000118460040745
BPM.33R5.B2 14939.74106 0.00980863633331 -0.00196574967068 -0.000117357105605 9.99605026024e-05
BPM.34R5.B2 14993.18958 0.00918713528151 -0.00395854313749 0.000103427852907 0.0001143130396
BPM.33L6.B2 15046.63809 0.00947661379481 -0.0032042642644 0.000113160638545 -0.000104687451931
BPM.32L6.B2 15100.08661 0.00860522916102 -0.00510132821928 -0.000108026973956 -0.000109977113025
BPM.31L6.B2 15153.53512 0.00898883938406 -0.00439024885054 -0.000108770787061 0.000109241517627
BPM.30L6.B2 15206.98364 0.00788205262791 -0.0061600945439 0.000112447606418 0.000105452964797
BPM.29L6.B2 15260.43215 0.00835344198909 -0.00550395543835 0.000104200936716 -0.000113608792346
BPM.28L6.B2 15313.88067 0.00702919719762 -0.00711785819279 -0.000116676307329 -0.000100754314252
BPM.27L6.B2 15367.32919 0.00758068612545 -0.00652738204529 -9.9452860381e-05 0.000117787610187
BPM.26L6.B2 15420.7777 0.00607122690112 -0.00796039925303 0.00012070078708 8.55382798979e-05
BPM.25L6.B2 15474.22622 0.00669378794565 -0.00744452519204 8.41955823071e-05 -0.000121641199256
BPM.24L6.B2 15527.67473 0.00500290218022 -0.00867171967475 -0.000124106497552 -8.05174238187e-05
BPM.23L6.B2 15581.12325 0.00568641123093 -0.00823968929291 -7.91352477667e-05 0.000124992357601
BPM.22L6.B2 15634.57177 0.00386285420181 -0.00924231678384 0.00012729429654 6.50141560929e-05
BPM.21L6.B2 15688.02028 0.00459604416558 -0.00890047414805 6.35991331747e-05 -0.000128007138674
BPM.20L6.B2 15741.4688 0.00264865035914 -0.00966057520946 -0.000129853159689 -5.9739718478e-05
BPM.19L6.B2 15794.91731 0.00341965845185 -0.00941530659102 -5.82955824304e-05 0.000130507866604
BPM.18L6.B2 15848.36583 0.00139132201813 -0.00991999421135 0.000132193912816 5.43640399914e-05
BPM.17L6.B2 15901.81435 0.00218724536837 -0.00977537824354 5.28948653633e-05 -0.000132788596566
BPM.16L6.B2 15955.26286 0.000110718942677 -0.0100164765975 -0.000134312056076 -4.8897336488e-05
BPM.15L6.B2 16008.71138 0.000918736339169 -0.00997486770226 -4.74049095058e-05 0.0001348460341
BPM.14L6.B2 16062.15989 -0.0011712839959 -0.00994837453564 0.000136204313283 4.33481764759e-05
BPM.13L6.B2 16115.60841 -0.000364720085823 -0.0100104466125 4.1834727774e-05 -0.000136676749625
BPM.12L6.B2 16169.05693 -0.00257978589793 -0.00967919246596 -0.000137524299202 -3.8958250724e-05
BPM.11L6.B2 16222.50544 -0.000894973773434 -0.00997702781664 -4.8612873944e-05 0.000134415277003
BPM.10L6.B2 16274.34415 -0.00260192000414 -0.00967326596457 0.000123601239479 7.17872578905e-05
BPM.9L6.B2 16313.40916 -0.00390454337674 -0.0092247820095 0.000110462983624 -9.07116699766e-05
BPM.8L6.B2 16353.87217 -0.00831352378333 -0.00558814678049 -0.000125801410577 -6.78578099587e-05
BPMYB.5L6.B2 16450.96018 -0.000435729383373 -0.0100076072078 5.69972311459e-05 0.000131080110524
BPMYA.4L6.B2 16487.36018 -0.000828009210372 -0.00998280836426 8.58143845651e-05 0.00011430910067
BPMSB.B4L6.B2 16518.13068 0.000307527797975 -0.0100123667903 0.00010945539037 9.19249493289e-05
BPMSB.A4L6.B2 16518.76568 0.0003337608751 -0.0100115266449 0.000109933475496 9.13526637557e-05
BPMSA.4L6.B2 16615.57568 0.00442724425698 -0.00898563133245 0.000137029542212 -4.06642751256e-05
BPMSE.4R6.B2 16707.14568 0.00469793969446 -0.00884711392 3.97651249159e-05 -0.000137293165139
BPMSA.A4R6.B2 16803.82068 0.00121155761893 -0.00994355018192 -8.50116097389e-05 -0.000114907370727
BPMSA.B4R6.B2 16804.40568 0.00118908775208 -0.00994626223284 -8.55358643733e-05 -0.000114517655585
BPMYB.4R6.B2 16830.96018 0.000231136277808 -0.0100144215076 -0.000105813016941 -9.60951826069e-05
BPMYA.5R6.B2 16867.36018 0.000131512304259 -0.0100162251686 -0.000123906007446 -7.12599350802e-05
BPM.8R6.B2 16963.08519 -0.00426416815856 -0.00906415644295 -5.19013474548e-05 0.00013318005921
BPM.9R6.B2 17002.1502 -0.00928740838484 -0.00375314636839 0.00013803581764 3.71051340585e-05
BPM.10R6.B2 17042.61322 -0.00985099763158 -0.0018165648217 7.36861428415e-05 -0.000122478698224
BPM.11R6.B2 17094.45193 -0.00998560957687 0.000793513376974 -0.00013091847084 -5.73675164394e-05
BPM.12R6.B2 17149.17544 -0.00992592279194 -0.00134837636877 -3.90790386635e-05 0.000137490018453
BPM.13R6.B2 17202.62396 -0.00998858243539 0.000755170880581 0.000138636023324 3.47955670467e-05
BPM.14R6.B2 17256.07247 -0.0100169462718 -5.33803509598e-05 3.32540899714e-05 -0.000139013837082
BPM.15R6.B2 17309.52099 -0.00980993356138 0.00202663899051 -0.00013994647559 -2.90802726126e-05
BPM.16R6.B2 17362.96951 -0.00994147998557 0.00122842900471 -2.75283588252e-05 0.000140259999517
BPM.17R6.B2 17416.41802 -0.00947006371928 0.00326495869251 0.000141021197703 2.33173868654e-05
BPM.18R6.B2 17469.86654 -0.00970266743935 0.0024900415041 2.17503091039e-05 -0.000141271379964
BPM.19R6.B2 17523.31505 -0.00897466351641 0.00444943557428 -0.000141858846931 -1.7514139588e-05
BPM.20R6.B2 17576.76357 -0.00930442951536 0.00371074838195 -1.59414947107e-05 0.000142044175932
BPM.21R6.B2 17630.21209 -0.00833168428657 0.00556103399623 0.00014245771815 1.16823394323e-05
BPM.22R6.B2 17683.6606 -0.00875331451469 0.0048704770933 1.01003307466e-05 -0.000142578621284
BPM.23R6.B2 17737.10912 -0.00755197840354 0.00658100936614 -0.000142816976946 -5.83016645234e-06
BPM.24R6.B2 17790.55763 -0.00797619133161 0.00595533029818 -2.981938738e-06 6.05362542392e-05
BPM.25R6.B2 17844.00615 -0.00656654196059 0.00748105030944 6.05983799118e-05 1.16887323463e-06
BPM.26R6.B2 17897.45466 -0.00714886804212 0.00692670720987 4.96586218581e-07 -6.06076168632e-05
BPM.27R6.B2 17950.90318 -0.00555570030653 0.00825952669093 -6.05953353506e-05 1.31727867764e-06
BPM.28R6.B2 18004.3517 -0.00612191423458 0.00778943120272 3.25343397933e-06 -2.17583763089e-05
BPM.29R6.B2 18057.80021 -0.00437203908003 0.00889035131977 -2.18459976164e-05 -2.60090271165e-06
BPM.30R6.B2 18111.24873 -0.00507521174953 0.00850854264918 -2.35850369579e-06 2.18734902347e-05
BPM.31R6.B2 18164.69724 -0.00319885139744 0.00937658904099 2.19342767268e-05 1.70279594889e-06
BPM.32R6.B2 18218.14576 -0.00394509781549 0.00908786419174 1.45942110931e-06 -2.1951814416e-05
BPM.33R6.B2 18271.59428 -0.00197314862833 0.00970874640719 -2.19856567293e-05 -8.0190930123e-07
BPM.34R6.B2 18325.04279 -0.00275017953271 0.00951785610495 -5.5805715104e-07 2.19931954327e-05
BPM.33L7.B2 18378.49131 -0.000714969615317 0.00988139113419 2.2000039744e-05 -1.00423951561e-07
BPM.32L7.B2 18431.93982 -0.00151006224575 0.0097914648715 -3.44402730552e-07 -2.19975803108e-05
BPM.31L7.B2 18485.38834 0.000554892469004 0.00989167157953 -2.19774244551e-05 1.0024832267e-06
BPM.30L7.B2 18538.83686 -0.000245136756493 0.00990419003688 1.24614432602e-06 2.19649545262e-05
BPM.29L7.B2 18592.28537 0.00181570802731 0.00973941870352 2.19178203921e-05 -1.90296213134e-06
BPM.28L7.B2 18645.73389 0.00102381133153 0.0098541809741 -2.14590680776e-06 -2.18953673524e-05
BPM.27L7.B2 18699.1824 0.00304661568122 0.00942715255259 -2.18213496175e-05 2.80012970176e-06
BPM.26L7.B2 18752.63092 0.00235807617111 0.00964747006338 4.30630387791e-06 -6.05464444935e-05
BPM.25L7.B2 18806.07943 0.00430890388361 0.00894804722822 -6.06482033974e-05 -2.49226809517e-06
BPM.24L7.B2 18859.52795 0.00357279020833 0.00926657282898 -1.81944042015e-06 6.06721178138e-05
BPM.23L7.B2 18912.97647 0.00541819535793 0.00832330228315 6.0699390101e-05 3.19586211448e-09
BPM.22L7.B2 18966.42498 0.00481096828982 0.00873863899601 5.95061894618e-07 -0.000143031876397
BPM.21L7.B2 19019.8735 0.0065197473898 0.00754997492623 -0.000142985594836 3.68663007781e-06
BPM.20L7.B2 19073.32201 0.00588927556574 0.00805143842501 5.27295611056e-06 0.00014293588698
BPM.19L7.B2 19126.77053 0.00743207367215 0.00665383410325 0.000142714154693 -9.54680473895e-06
BPM.18L7.B2 19180.21905 0.00687083579385 0.00723193217277 -1.11279275634e-05 -0.000142599581023
BPM.17L7.B2 19233.66756 0.00822209886032 0.00564856775295 -0.000142202551245 1.53918059629e-05
BPM.16L7.B2 19287.11608 0.00773948889884 0.00629361096154 1.69689017316e-05 0.000142022980924
BPM.15L7.B2 19340.56459 0.00887715969855 0.00455030362772 0.000141451806798 -2.12098567071e-05
BPM.14L7.B2 19394.01311 0.00848098523061 0.00525186794698 -2.27761416559e-05 -0.000141208069335
BPM.13L7.B2 19447.46163 0.00938627621381 0.00337743190778 -0.000140462894293 2.69934465631e-05
BPM.12L7.B2 19500.91014 0.00899356144311 0.00431567839506 2.66649655085e-05 0.000140525626641
BPM.11L7.B2 19554.35866 0.00974449046811 0.0021340414543 0.000140908151248 -2.45634839239e-05
BPM.10L7.B2 19607.13937 0.0097553893784 0.0020836519526 -1.82392823814e-05 -0.000141865434671
BPM.9L7.B2 19646.20438 0.00980925876951 -0.00181319326004 -0.000138458553334 -3.58845620238e-05
BPM.8L7.B2 19686.66739 0.0085650056318 -0.00511369786564 -5.15933710216e-05 0.00013340388086
BPM.7L7.B2 19725.7314 0.00344003547006 -0.00936351340859 0.000128665028448 6.24802445001e-05
BPMR.6L7.B2 19760.5494 0.00355515194181 -0.00932041426309 0.000135073979747 -4.70477513894e-05
BPMWC.6L7.B2 19772.7279 0.00220212054497 -0.00972933155443 0.000116474670551 -8.30188068355e-05
BPMWE.5L7.B2 19849.7819 0.00677067711665 -0.00732578724336 -8.83264017587e-05 -0.000112502973209
BPMW.5L7.B2 19872.9869 0.00872838283343 -0.00482955075551 -0.000128484576099 -6.28504994388e-05
BPMWE.4L7.B2 19908.0719 0.00872039568538 -0.00484395772497 -0.000142904941638 -6.05394188654e-06
BPMW.4L7.B2 19936.1769 0.00612050460751 -0.00787709659274 -0.000124713523883 7.00357689586e-05
BPMW.4R7.B2 20052.2239 0.00411973990456 -0.00908498599171 0.000125408631251 6.87833355068e-05
BPMWE.4R7.B2 20080.3289 0.00706771725036 -0.00703964489647 0.000142981723282 -3.8338105689e-06
BPMW.5R7.B2 20115.4139 0.00673763209577 -0.00735619066084 0.000125103821749 -6.93361650506e-05
BPMWE.5R7.B2 20138.6189 0.00201418630923 -0.00976996831704 5.34352127603e-05 -0.00013267686225
BPM.6R7.B2 20217.7584 -0.00281325666609 -0.00957051797742 -0.000142860652782 -7.0217853661e-06
BPM_A.7R7.B2 20255.7944 0.000545275572748 -0.00996051715103 -0.0001026469452 9.96096218762e-05
BPM.8R7.B2 20294.85841 0.000632016545932 -0.00995538962207 2.03300792576e-05 0.000141580930539
BPM.9R7.B2 20333.92342 -0.00464641614048 -0.00882723311404 0.000142201143787 -1.5404780622e-05
BPM.10R7.B2 20374.38643 -0.0082387534996 -0.00562424823173 -2.62331414809e-07 -0.000143032868958
BPM.11R7.B2 20427.16714 -0.00806403663641 -0.00587201332451 -0.000141747484577 -1.9134343156e-05
BPM.12R7.B2 20481.89066 -0.00877266629489 -0.00474863700992 -1.81118191003e-05 0.000141881758365
BPM.13R7.B2 20535.33917 -0.00830482716351 -0.00552621689887 0.000142194887234 1.54624508549e-05
BPM.14R7.B2 20588.78769 -0.00927091016744 -0.00368231612815 1.11988244452e-05 -0.000142594031872
BPM.15R7.B2 20642.23621 -0.00894354363279 -0.00441839956497 -0.000142709353593 -9.61833137226e-06
BPM.16R7.B2 20695.68472 -0.0096657932227 -0.00246610397646 -5.34494125253e-06 0.000142933215332
BPM.17R7.B2 20749.13324 -0.00943524536307 -0.003238112465 0.00014298374008 3.75788286494e-06
BPM.18R7.B2 20802.58175 -0.00990184366805 -0.00120942937474 -5.24320125081e-07 -0.000143032153416
BPM.19R7.B2 20856.03027 -0.00977195689251 -0.00200451637145 -0.000143017562924 2.10879602792e-06
BPM.20R7.B2 20909.47879 -0.00997520500931 6.71748044654e-05 6.38621818089e-06 0.000142890479165
BPM.21R7.B2 20962.9273 -0.00994809154193 -0.000738039355756 0.000142810766624 -7.97216829723e-06
BPM.22R7.B2 21016.37582 -0.00988466546923 0.00134261534603 -1.22438255461e-05 -0.000142508105803
BPM.23R7.B2 21069.82433 -0.00996077385473 0.000540566036566 -0.000142363731493 1.38217441789e-05
BPM.24R7.B2 21123.27285 -0.00958216083492 0.00258659621789 1.80257592364e-05 9.14679660092e-05
BPM.25R7.B2 21176.72137 -0.0097596426193 0.00180489949942 9.12622924769e-05 -1.90397401796e-05
BPM.26R7.B2 21230.16988 -0.00917257802447 0.0037910550822 -2.17627989216e-05 -9.06515182473e-05
BPM.27R7.B2 21283.6184 -0.0094485953672 0.00303847525988 -9.04047820247e-05 2.27660745095e-05
BPM.28R7.B2 21337.06691 -0.0085627163424 0.00492382361697 2.54116367619e-05 3.9265187022e-05
BPM.29R7.B2 21390.51543 -0.00893213524937 0.00421676535857 3.89808598709e-05 -2.5845666303e-05
BPM.30R7.B2 21443.96394 -0.00786254630316 0.00597867174803 -2.70006640414e-05 -3.81899216506e-05
BPM.31R7.B2 21497.41246 -0.00831936774767 0.00532468501299 -3.78882258106e-05 2.74224047887e-05
BPM.32R7.B2 21550.86098 -0.00703312641224 0.00693536466814 2.85439273555e-05 3.70506434577e-05
BPM.33R7.B2 21604.30949 -0.00756986241687 0.00634518188616 3.67317426062e-05 -2.89531554867e-05
BPM.34R7.B2 21657.75801 -0.00608822149671 0.00777802733587 -3.00394474916e-05 -3.58488163491e-05
BPM.33L8.B2 21711.20652 -0.00669603313553 0.00726135596242 -3.55135387347e-05 3.04350847816e-05
BPM.32L8.B2 21764.65504 -0.00504319276909 0.0084929592557 3.14842017917e-05 3.45868626254e-05
BPM.31L8.B2 21818.10356 -0.00571211486151 0.00805828108636 3.42355367639e-05 -3.186587142e-05
BPM.30L8.B2 21871.55207 -0.00391540034978 0.00906828486184 -3.28761508395e-05 -3.32665678412e-05
BPM.29L8.B2 21925.00059 -0.00463441848111 0.00872274701818 -3.28999539171e-05 3.32430270452e-05
BPM.28L8.B2 21978.4491 -0.00272316495364 0.00949465759634 3.42126748016e-05 3.18904191181e-05
BPM.27L8.B2 22031.89762 -0.00348048987898 0.00924393532801 3.15090470893e-05 -3.45642331768e-05
BPM.26L8.B2 22085.34614 -0.00143681361088 0.00975552419523 -3.55413524036e-05 -8.08776975167e-05
BPM.25L8.B2 22138.79465 -0.00221941058893 0.00960775220041 -8.04785791986e-05 3.64360894146e-05
BPM.24L8.B2 22192.24317 -0.000177026858601 0.00985917578584 3.88280735988e-05 7.93521948753e-05
BPM.23L8.B2 22245.69168 -0.000972034983375 0.00981273833486 7.89167652485e-05 -3.97055958771e-05
BPM.22L8.B2 22299.1402 0.00113503053838 0.00979137785554 -4.20990725786e-05 -0.000128110354251
BPM.21L8.B2 22352.58871 0.000341114520251 0.00985104134216 -0.000127635491365 4.35175460476e-05
BPM.20L8.B2 22406.03723 0.00237827566237 0.00956572943031 4.73177176702e-05 0.000126276001448
BPM.19L8.B2 22459.48575 0.00159864779409 0.00972644333123 0.000125743708336 -4.87146305567e-05
BPM.18L8.B2 22512.93426 0.00358231963029 0.00918293856691 -5.24556720668e-05 -0.00012422961777
BPM.17L8.B2 22566.38278 0.00282953231832 0.00944209306799 -0.000123639929689 5.3830874776e-05
BPM.16L8.B2 22619.83129 0.00472762339438 0.00864921682798 5.75069900768e-05 0.000121973523374
BPM.15L8.B2 22673.27981 0.00401428100964 0.00900249535418 0.000121328740516 -5.88551857718e-05
BPM.14L8.B2 22726.72833 0.00579513631932 0.0079734415225 -6.24594730941e-05 -0.000119513222628
BPM.13L8.B2 22780.17684 0.00513275094455 0.00841511986706 -0.000118812618118 6.37821015412e-05
BPM.12L8.B2 22833.62536 0.00735699782675 0.00656002725642 6.15212168698e-05 0.000119998894953
BPM.11L8.B2 22887.07387 0.00686886587521 0.00706951598152 0.000128067967252 -4.22278508826e-05
BPM.10L8.B2 22938.91258 0.00806419665203 0.00566816610182 -1.59402804273e-05 -0.000133904821739
BPM.9L8.B2 22977.9776 0.00904297884585 0.00392223255761 -0.000132351827061 -2.58377208213e-05
BPM.8L8.B2 23018.44061 0.00819898533771 -0.00547138136893 6.24615519755e-06 0.000134705531917
BPM.7L8.B2 23057.50662 0.00924261790637 -0.00342540346386 0.000113518654356 7.27881232999e-05
BPM.6L8.B2 23089.97562 0.00946956210199 0.00273619592643 0.000120429394234 -6.0674174055e-05
BPMR.5L8.B2 23150.39462 0.0066443886307 0.00728089790227 -0.000112280274381 -7.46842471049e-05
BPMYB.4L8.B2 23171.16162 0.0080949159994 0.00562420746031 -0.000134620924118 7.86149741692e-06
BPMWB.4L8.B2 23195.62912 0.00690301301631 0.0070361769404 -7.39445058537e-05 0.000112768812922
BPMSX.4L8.B2 23245.78612 0.0094887079913 0.00266904390083 0.0001293247435 3.82061047309e-05
BPMS.2L8.B2 23283.69762 0.00949203504929 0.00265718746551 0.000123610566198 -5.3898260248e-05
BPMSW.1L8.B2 23293.63162 0.00938555667335 0.00301176034644 0.000105500177417 -8.3989911698e-05
BPMSW.1R8.B2 23336.82162 0.00938554720696 0.00301178986311 6.56540281108e-05 0.000117788552216
BPMS.2R8.B2 23346.75562 0.00949202899901 0.0026572091485 9.38436549503e-05 9.68399092317e-05
BPMSX.4R8.B2 23384.66712 0.00948870773387 0.00266904480424 0.000134140092747 1.38213611197e-05
BPMWI.4R8.B2 23434.90012 0.00690374117207 0.00703546249181 -2.59473956963e-05 -0.000132330374426
BPMYB.4R8.B2 23459.29162 0.00810234485935 0.00561350001161 -0.000121539503551 -5.84187008548e-05
BPMYB.5R8.B2 23479.86862 0.00692643484458 0.007013121623 -0.000132920647513 2.27309853275e-05
BPMR.6R8.B2 23563.97662 0.00763787174601 0.00623075356751 5.73922120341e-05 0.000122027582985
BPM_A.7R8.B2 23586.21662 0.0081702791595 0.00551415572772 9.56781659575e-05 9.50278231486e-05
BPM.8R8.B2 23627.65561 0.00935883347465 0.00309380196895 0.000120431396209 -6.06702091075e-05
BPM.9R8.B2 23666.7226 0.00898552228022 -0.00405213079686 -0.000122548758162 -5.62707449739e-05
BPM.10R8.B2 23707.18758 0.00947469046917 -0.00271838465033 -8.07766972381e-05 0.000107980189138
BPM.11R8.B2 23759.02827 0.00869066863547 -0.00465098412363 9.22443648957e-05 9.83644859745e-05
BPM.12R8.B2 23813.75476 0.00836087896307 -0.00522063957139 9.97636261042e-05 -9.07293380321e-05
BPM.13R8.B2 23867.20624 0.00650061179677 -0.00740954930245 -9.97663865783e-05 -9.0726308734e-05
BPM.14R8.B2 23920.65773 0.00707736939239 -0.00686077379698 -8.96026525944e-05 0.000100776783491
BPM.15R8.B2 23974.10921 0.00549933223731 -0.0081802640295 0.000103423244448 8.65345500072e-05
BPM.16R8.B2 24027.56069 0.00614161088508 -0.00770973348253 8.53712894226e-05 -0.000104385527302
BPM.17R8.B2 24081.01218 0.00440753403065 -0.00881663305387 -0.000106903272991 -8.2196626963e-05
BPM.18R8.B2 24134.46366 0.00510478656301 -0.00843211295321 -8.09929338935e-05 0.000107818083274
BPM.19R8.B2 24187.91515 0.00324359330396 -0.00930797921739 0.000110202688894 7.77171925202e-05
BPM.20R8.B2 24241.36663 0.00398424099797 -0.00901583042694 7.64782244975e-05 -0.000111066087605
BPM.21R8.B2 24294.81811 0.00202603142355 -0.00964647973712 -0.000113313630457 -7.31068842712e-05
BPM.22R8.B2 24348.2696 0.00279804191353 -0.00945147269363 -7.18322927226e-05 0.000114125882313
BPM.23R8.B2 24401.72108 0.000775522308216 -0.00982638996716 0.000116232454472 6.83711214074e-05
BPM.24R8.B2 24455.17257 0.00147109615421 -0.00973773218858 6.56133552779e-05 -2.1783387106e-05
BPM.25R8.B2 24508.62405 -0.000582151426558 -0.00983100461844 -2.37446880085e-05 -6.49293299255e-05
BPM.26R8.B2 24562.07554 0.000213193337073 -0.00984591796973 -6.46592132912e-05 2.44706814057e-05
BPM.27R8.B2 24615.52702 -0.00183497890399 -0.00967576376555 2.64022974999e-05 6.38948095731e-05
BPM.28R8.B2 24668.9785 -0.00114297388681 -0.0097983210839 6.2143801402e-05 6.80912622953e-05
BPM.29R8.B2 24722.42999 -0.00315180182394 -0.00934770724233 6.61935203463e-05 -6.41614327579e-05
BPM.30R8.B2 24775.88147 -0.00238714981687 -0.00957157255182 -6.48990638483e-05 -6.54704855766e-05
BPM.31R8.B2 24829.33296 -0.00432181432106 -0.00886766070031 -6.34912319436e-05 6.68366321336e-05
BPM.32R8.B2 24882.78444 -0.003591897032 -0.00918758733667 6.75437777334e-05 6.27384218568e-05
BPM.33R8.B2 24936.23592 -0.00542064215648 -0.00824197331131 6.06806670844e-05 -6.93983300369e-05
BPM.34R8.B2 24989.68741 -0.00473781936233 -0.00865254604472 -7.00738432208e-05 -5.98993257785e-05
BPM.33L1.B2 25043.13889 -0.00643053326808 -0.00748075712938 -5.77673227683e-05 7.18415510701e-05
BPM.32L1.B2 25096.59038 -0.00580569517529 -0.0079754240575 7.24842901906e-05 5.69587575075e-05
BPM.31L1.B2 25150.04186 -0.00733464083958 -0.00659670593529 5.47549758921e-05 -7.41630908724e-05
BPM.30L1.B2 25203.49334 -0.00677834222229 -0.00716711672054 -7.47718720539e-05 -5.39206799294e-05
BPM.29L1.B2 25256.94483 -0.00811830483964 -0.00560416023118 -5.16504291656e-05 7.63577519792e-05
BPM.28L1.B2 25310.39631 -0.00763944951129 -0.0062411774999 7.69317097811e-05 5.07915750405e-05
BPM.27L1.B2 25363.8478 -0.00876850268338 -0.00451960684355 4.84567839112e-05 -7.8423286257e-05
BPM.26L1.B2 25417.29928 -0.00847018590633 -0.00521857378915 -8.04131422568e-05 4.76326647746e-05
BPM.25L1.B2 25470.75077 -0.00936886526573 -0.00334692773638 5.00269220105e-05 7.89458752459e-05
BPM.24L1.B2 25524.20225 -0.00906815078177 -0.00409221249592 7.83799623463e-05 -5.09090091043e-05
BPM.23L1.B2 25577.65373 -0.00972005239673 -0.00212088261125 -5.32409338192e-05 -7.68150245877e-05
BPM.22L1.B2 25631.10522 -0.00961223091255 -0.00290448761181 -7.76677128611e-05 0.000149307432212
BPM.21L1.B2 25684.5567 -0.0100057485411 -0.000846184096804 0.00015157388301 7.31460244743e-05
BPM.20L1.B2 25738.00819 -0.00990480480303 -0.00165102186874 7.14405460134e-05 -0.000152385148203
BPM.19L1.B2 25791.45967 -0.0100317869673 0.000440773923778 -0.000154462212649 -6.68311964961e-05
BPM.18L1.B2 25844.91115 -0.010034634759 -0.000370319707095 -6.50991291407e-05 0.00015520014557
BPM.17L1.B2 25898.36264 -0.00989297028546 0.00172051456389 0.000157086346486 6.04058139696e-05
BPM.16L1.B2 25951.81412 -0.00999956323036 0.000916387785834 5.86392948798e-05 -0.00015775429467
BPM.15L1.B2 26005.26561 -0.00959160341671 0.00297189759244 -0.000159444370377 -5.38746418672e-05
BPM.14L1.B2 26058.71709 -0.00980016734036 0.00218809312967 -5.20875566592e-05 0.000160037085113
BPM.13L1.B2 26112.16857 -0.00913257233248 0.00417458429275 0.000161530143812 4.725460387e-05
BPM.12L1.B2 26165.62006 -0.00979325340716 0.00221883282536 5.73915089021e-05 -0.000158212508994
BPM.11L1.B2 26219.07154 -0.00958457684403 0.00299448127996 -0.000150841939462 -7.46437699908e-05
BPM.10L1.B2 26271.85423 -0.00918101285441 0.00406694411278 -6.56786666476e-05 0.000154955792208
BPM.9L1.B2 26310.92122 -0.00814819387642 0.0058683871673 0.000148555716828 7.90960323183e-05
BPM.8L1.B2 26351.38621 -0.00994165100392 -0.00141230545789 5.46641312063e-07 -0.000168299392351
BPM.7L1.B2 26390.4542 -0.00890815107567 0.0046342071431 -0.000167500251144 -1.63904976983e-05
BPMR.6L1.B2 26433.6382 -0.00850191118956 0.00534308314925 -0.000116885766047 0.00012108964235
BPM.5L1.B2 26465.5382 -0.00852448851744 0.00530698850642 -4.64561731239e-05 0.000161761577284
BPMYA.4L1.B2 26486.6562 -0.00848331482454 0.00537256000693 5.55137436974e-06 0.00016820869165
BPMWB.4L1.B2 26507.7127 -0.00763887740085 0.00651755962535 6.65360860275e-05 0.000154589562086
BPMSY.4L1.B2 26600.5687 -0.00707630978192 0.00712438567583 0.000148805811282 -7.86245052267e-05
BPMS.2L1.B2 26627.3542 -0.00633885465218 0.00778780797622 9.98664708811e-05 -0.000135468339816
BPMSW.1L1.B2 26637.4082 -0.00605254520936 0.00801234846467 5.81466877884e-05 -0.000157936524916
