BPMSW.1R1.B2 21.475 -7.17868159274e-08 0.00999990775114 -5.03944501371e-08 3.88635160411e-08
BPMS.2R1.B2 31.529 -0.000362381924456 0.00999333950137 -3.75822617967e-08 5.13698769058e-08
BPMSY.4R1.B2 58.3145 -0.00134662320959 0.00990882238139 -1.15114031276e-08 6.25915542137e-08
BPMWB.4R1.B2 151.1705 -0.00215799014649 0.00976428356707 6.33081378619e-08 6.49994089349e-09
BPMYA.4R1.B2 172.227 -0.00351631480186 0.00936128651535 6.13168420143e-08 -1.70455730502e-08
BPMR.5R1.B2 199.635 -0.00330002203537 0.00943970389427 4.95347944952e-08 -3.99568642314e-08
BPM.6R1.B2 231.535 -0.00403801048071 0.00914836741621 2.37069942443e-08 -5.90609265308e-08
BPMRA.7R1.B2 259.259 -0.00477480377141 0.00878631913631 -1.1161058861e-08 -6.26521560183e-08
BPM.8R1.B2 300.6960106 -0.00755371008937 0.00655283289254 -6.3589400492e-08 -2.49044231874e-09
BPM.9R1.B2 339.7610212 -0.00684028303263 0.00729442821742 1.41555873224e-08 6.20369558883e-08
BPM.10R1.B2 380.2240318 -0.00315282004658 0.00948988307399 5.75037180167e-08 -2.7275401632e-08
BPM.11R1.B2 433.0047424 -0.00740347739688 0.00672210364749 -4.26195208436e-08 -4.72560499634e-08
BPM.12R1.B2 487.7282583 -0.00623518184757 0.00781797047732 -4.3604915642e-08 4.63541417407e-08
BPM.13R1.B2 541.1767742 -0.00727728444263 0.00685851924188 4.87559128897e-08 4.09035158288e-08
BPM.14R1.B2 594.6252901 -0.0056956039295 0.00821938263562 3.94253134518e-08 -4.99565807383e-08
BPM.15R1.B2 648.073806 -0.00634030270391 0.00773296299935 -5.03946681427e-08 -3.88680740911e-08
BPM.16R1.B2 701.5223219 -0.0045973048689 0.00888048101034 -3.73432253977e-08 5.15314304641e-08
BPM.17R1.B2 754.9708378 -0.005298966291 0.00848051361803 5.19464020662e-08 3.67677961804e-08
BPM.18R1.B2 808.4193537 -0.00342363628979 0.00939557712992 3.51978916265e-08 -5.3018909904e-08
BPM.19R1.B2 861.8678696 -0.00417065506571 0.00908866279636 -5.34080100078e-08 -3.46043729316e-08
BPM.20R1.B2 915.3163855 -0.002193549918 0.00975635658401 -3.29943141553e-08 5.44176652783e-08
BPM.21R1.B2 968.7649014 -0.00297373686768 0.00954751507216 5.47825566487e-08 3.23872473975e-08
BPM.22R1.B2 1022.213417 -0.000927573860817 0.00995679475453 3.07330843346e-08 -5.57261220646e-08
BPM.23R1.B2 1075.661933 -0.00172802071975 0.00984947203864 -5.60617766506e-08 -3.01148872769e-08
BPM.24R1.B2 1129.110449 7.67611201741e-05 0.0100465995857 2.4864443677e-07 0.000282303952226
BPM.25R1.B2 1182.558965 -0.000734025416678 0.0100200430217 0.000282283870138 -3.37675262273e-06
BPM.26R1.B2 1236.007481 0.00136123053749 0.00995425069608 -1.18226285678e-05 -0.000282056397033
BPM.27R1.B2 1289.455997 0.000553303955458 0.0100316454404 -0.000281907753367 1.495333157e-05
BPM.28R1.B2 1342.904513 0.00234642736818 0.00975120637752 2.36655427636e-05 0.000563578912292
BPM.29R1.B2 1396.353029 0.00155227794767 0.00990869216229 0.00056328247429 -2.99015482392e-05
BPM.30R1.B2 1449.801545 0.00357445780875 0.00937096572354 -4.67373194827e-05 -0.00056213599561
BPM.31R1.B2 1503.25006 0.00280621254396 0.00962896247495 -0.000561581614814 5.29843933763e-05
BPM.32R1.B2 1556.698576 0.00474389045094 0.00883669907363 6.97759638494e-05 0.000559743304297
BPM.33R1.B2 1610.147092 0.00401563702773 0.00919056072548 0.000558937710076 -7.59598230329e-05
BPM.34R1.B2 1663.595608 0.00583523487828 0.0081573145747 -9.26415854095e-05 -0.000556416023319
BPM.33L2.B2 1717.044124 0.00515765159591 0.00860176593473 -0.000555350440133 9.88288457706e-05
BPM.32L2.B2 1770.49264 0.00683083613161 0.00734380180066 0.000115415811607 0.000552141688042
BPM.31L2.B2 1823.941156 0.0062161487021 0.0078709111605 0.000550833361306 -0.000121506632528
BPM.30L2.B2 1877.389672 0.0077140862907 0.00640972853052 -0.000137924035452 -0.000546953575506
BPM.29L2.B2 1930.838188 0.00717150295043 0.00701151143742 -0.000545383091242 0.000144008808767
BPM.28L2.B2 1984.286704 0.00847067064975 0.00537024078064 0.000160277760308 0.000540825564189
BPM.27L2.B2 2037.73522 0.00800980298015 0.00603612486761 0.000539023997458 -0.000166235937369
BPM.26L2.B2 2091.183735 0.00881076256259 0.00429535945302 -0.000182012187616 -0.000251554083152
BPM.25L2.B2 2144.632251 0.00843536778073 0.0049924162584 -0.000249512876769 0.000184800483089
BPM.24L2.B2 2198.080767 0.00928783479736 0.00313301364498 0.000192184789033 0.000243870655723
BPM.23L2.B2 2251.529283 0.00900473929641 0.00387224997969 0.000241732161765 -0.000194867802901
BPM.22L2.B2 2304.977799 0.00933500758136 0.0019719573472 -0.000201733870384 4.64509647931e-05
BPM.21L2.B2 2358.426315 0.00914542843688 0.002718845539 4.86891149023e-05 0.000201205409544
BPM.20L2.B2 2411.874831 0.00951055944077 0.00076173581422 0.00019965953821 -5.46837535819e-05
BPM.19L2.B2 2465.323347 0.00941807637087 0.00152670226358 -5.68911807025e-05 -0.000199041805555
BPM.18L2.B2 2518.771863 0.00952985909606 -0.000461267744307 -0.000197248591584 6.28270589519e-05
BPM.17L2.B2 2572.220379 0.0095359996397 0.000309343179396 6.50135597733e-05 0.000196538760427
BPM.16L2.B2 2625.668894 0.00939259826499 -0.00167632937501 0.000194506879277 -7.08612555007e-05
BPM.15L2.B2 2679.11741 0.00949723237896 -0.000912994793204 -7.30115374105e-05 -0.000193709990847
BPM.14L2.B2 2732.565926 0.00910092379404 -0.00286429196824 -0.000191436410208 7.87803560412e-05
BPM.13L2.B2 2786.014442 0.0093024135388 -0.0021203973015 8.09003983483e-05 0.00019055018183
BPM.12L2.B2 2839.462958 0.00856738100382 -0.00419892427885 0.000189188922398 -8.40345004312e-05
BPM.11L2.B2 2892.911474 0.00921221416193 -0.0024831618018 -6.53982913668e-05 -0.000196411075364
BPM.10L2.B2 2944.750185 0.0089802672688 -0.00322269795898 -0.000205149233151 2.77135327519e-05
BPM.9L2.B2 2983.815195 0.00815303888534 -0.00495569765437 -1.45823774239e-05 0.000206498430216
BPM.8L2.B2 3024.278206 0.00559375785599 -0.00772922087915 0.000156173247018 -0.000135882891121
BPM.7L2.B2 3063.344216 0.00941712146084 0.0015325813717 -0.000155910209594 -0.000136184630315
BPM.6L2.B2 3095.450216 0.00922615526872 0.00243085197319 -0.000201217098487 -4.8640785239e-05
BPMYB.5L2.B2 3167.649216 0.00954098025461 2.60406083813e-05 -6.03960210418e-05 0.000198006477716
BPMYB.4L2.B2 3188.219216 0.00936651167239 -0.00181643645205 6.63886522917e-05 0.00019607853839
BPMWB.4L2.B2 3212.610716 0.00954097485205 -2.795029748e-05 0.000196809673835 6.41887733564e-05
BPMSX.4L2.B2 3262.843716 0.00826304379245 -0.00477001987724 3.92910759197e-06 -0.0002069753799
BPMS.2L2.B2 3300.755216 0.00825702661866 -0.00478042822757 -0.000130081898504 -0.000161037083354
BPMSW.1L2.B2 3310.689216 0.0084307039909 -0.00446701383711 -0.000167254826056 -0.000121983883678
BPMSW.1R2.B2 3353.879216 0.00843081341335 -0.00446680732444 0.000147637535231 -0.000145111706421
BPMS.2R2.B2 3363.813216 0.00825711680493 -0.00478027248728 0.000105158324851 -0.000178314282552
BPMSX.4R2.B2 3401.724716 0.00826303147176 -0.00477004122261 -3.41255128624e-05 -0.000204180551964
BPMWB.4R2.B2 3451.881716 0.00954097897148 -2.65065960991e-05 -0.000185608626904 9.16716102308e-05
BPMYB.4R2.B2 3476.349216 0.00937441120855 -0.00177521741267 -3.71589082561e-05 0.000203650345608
BPM.5R2.B2 3505.883216 0.0085638125733 0.00420619739611 0.000167071014372 0.000122235518357
BPMR.6R2.B2 3579.179216 0.00783310233024 0.0054473379285 0.000131982492825 -0.000159483138047
BPM_A.7R2.B2 3592.054216 0.00805778078429 0.00510912436001 0.000101497206091 -0.00018042330528
BPM.8R2.B2 3633.493206 0.00939577778326 0.00165841556948 -0.000110904282803 -0.00017479841628
BPM.9R2.B2 3672.560195 0.00603306782246 -0.00739141901092 -0.000117499082285 0.000170435361516
BPM.10R2.B2 3713.025185 0.00547299132987 -0.00781519982382 0.000117718245863 0.000170284061704
BPM.11R2.B2 3764.865874 0.00486721870856 -0.00820616624183 0.000180888794656 -0.000100665237697
BPM.12R2.B2 3819.592358 0.00537592951929 -0.00788228165979 -0.000116238056773 -0.000171297872089
BPM.13R2.B2 3873.043842 0.00272601771757 -0.00914329315684 -0.00015780511146 0.000133984293712
BPM.14R2.B2 3926.495326 0.00345521395509 -0.00889339524141 0.000135741527819 0.000156296143826
BPM.15R2.B2 3979.94681 0.00153412797561 -0.00941686963379 0.00015214717154 -0.000140376229884
BPM.16R2.B2 4033.398294 0.00228890822056 -0.00926239069865 -0.000142072961454 -0.000150563999806
BPM.17R2.B2 4086.849779 0.000316549110682 -0.00953576315838 -0.000146228614833 0.000146531357075
BPM.18R2.B2 4140.301263 0.00108542862361 -0.00947907311092 0.000148159619436 0.000144578606457
BPM.19R2.B2 4193.752747 -0.000905659187447 -0.00949793471265 0.000140060532975 -0.00015243783379
BPM.20R2.B2 4247.204231 -0.000136365260731 -0.00954004124043 -0.000153998330334 -0.000138342907842
BPM.21R2.B2 4300.655715 -0.00211349066559 -0.0093039851419 -0.000133656112976 0.000158083170887
BPM.22R2.B2 4354.107199 -0.00135542058564 -0.00944424784659 0.000159570022827 0.000131877425962
BPM.23R2.B2 4407.558683 -0.00328616695579 -0.00895723669236 0.000127020909381 -0.000163462330235
BPM.24R2.B2 4461.010167 -0.00263100506208 -0.00919815926253 -0.000166072072667 -4.66804748531e-05
BPM.25R2.B2 4514.461651 -0.00448276433834 -0.00845181313926 -4.16733228772e-05 0.00016739872932
BPM.26R2.B2 4567.913135 -0.00378585381581 -0.00878610450242 0.000167855092881 3.97953444645e-05
BPM.27R2.B2 4621.36462 -0.00552712971508 -0.0078089153245 3.47307922028e-05 -0.000168975660398
BPM.28R2.B2 4674.816104 -0.00495724305497 -0.00823447331656 -0.000170551201949 4.56651118017e-05
BPM.29R2.B2 4728.267588 -0.00655829630564 -0.00702634748706 5.07650770031e-05 0.000169103285491
BPM.30R2.B2 4781.719072 -0.00596976412298 -0.00753277676699 0.000168523557571 -5.26576469933e-05
BPM.31R2.B2 4835.170556 -0.00740334836324 -0.0061295385207 -5.77002184201e-05 -0.000166864318135
BPM.32R2.B2 4888.62204 -0.00688447527546 -0.00670707161833 -0.000166207916893 5.95646216645e-05
BPM.33R2.B2 4942.073524 -0.00812657677985 -0.00513220803916 6.45279703047e-05 0.000164344624591
BPM.34R2.B2 4995.525008 -0.00768584610328 -0.00577135852365 0.000163610576732 -6.63671309619e-05
BPM.33L3.B2 5048.976492 -0.00871641623959 -0.00405029596586 -7.12555795405e-05 -0.000161541503271
BPM.32L3.B2 5102.427976 -0.00836105119961 -0.00474063628335 -0.000160734012972 7.30588169448e-05
BPM.31L3.B2 5155.87946 -0.009162893162 -0.00290210240631 7.78521220708e-05 0.000158467855891
BPM.30L3.B2 5209.330945 -0.0088987909696 -0.00363212455399 0.000157584424365 -7.96251541378e-05
BPM.29L3.B2 5262.782429 -0.00945889136609 -0.00170592603747 -8.43259446089e-05 -0.000155119801309
BPM.28L3.B2 5316.233913 -0.00929032128147 -0.00246388716608 -0.000154166730485 8.60559887893e-05
BPM.27L3.B2 5369.685397 -0.00959939971641 -0.00048201095267 9.06468658865e-05 0.000151512905169
BPM.26L3.B2 5423.136881 -0.00960757545286 -0.00126007451408 0.000149291507424 -1.38383373583e-05
BPM.25L3.B2 5476.588365 -0.0096598843645 0.000761530001436 -1.83197754001e-05 -0.000148808064584
BPM.24L3.B2 5530.039849 -0.00968983300529 -2.07421154122e-05 -0.00014859372939 1.99840011379e-05
BPM.23L3.B2 5583.491333 -0.00948312244687 0.00199089993102 2.44371519828e-05 0.000147926608576
BPM.22L3.B2 5636.942817 -0.0096912390242 0.00121421140413 0.000146447759651 5.2409314257e-05
BPM.21L3.B2 5690.394301 -0.00922816934438 0.00319926768648 4.79833066192e-05 -0.00014795703046
BPM.20L3.B2 5743.845786 -0.00945632403981 0.00244384099719 -0.000148485016125 -4.63236679461e-05
BPM.19L3.B2 5797.29727 -0.00874314607798 0.00435336878999 -4.18439347339e-05 0.000149809103031
BPM.18L3.B2 5850.748754 -0.00906591796442 0.00363366958996 0.000150268811701 4.01617364068e-05
BPM.17L3.B2 5904.200238 -0.0081143100934 0.00543621144736 3.56272944591e-05 -0.000151407984854
BPM.16L3.B2 5957.651722 -0.00852670213777 0.00476337839834 -0.0001517974016 -3.39297864622e-05
BPM.15L3.B2 6011.103206 -0.0073522990369 0.00642947292645 -2.93551993743e-05 0.00015274800263
BPM.14L3.B2 6064.55469 -0.00784711891241 0.00581525132712 0.000153067497095 2.76409459508e-05
BPM.13L3.B2 6118.006174 -0.00646928796349 0.00731729023882 2.30290658735e-05 -0.000153828943055
BPM.12L3.B2 6171.457658 -0.00796206153824 0.00565685418765 -0.000151641694694 -3.46190436478e-05
BPM.11L3.B2 6224.909142 -0.00849614900768 0.00481766283723 -4.12673594409e-05 0.000149968950677
BPM.10L3.B2 6277.691832 -0.00972172475313 0.000939409944428 0.00014618449744 5.31391959979e-05
BPM.9L3.B2 6316.758821 -0.00942589908964 0.0025586812134 0.000134919658241 -7.73974521969e-05
BPM.8L3.B2 6357.223811 -0.00877014879687 0.00429871065372 1.50769311864e-05 -0.000154810751267
BPM.7L3.B2 6396.2898 -0.0061546542766 0.00758384163394 -0.000130903690576 -8.40113399014e-05
BPMR.6L3.B2 6468.9288 0.00216745209234 0.00952347491966 -1.21879275235e-05 0.000155064941006
BPMWE.5L3.B2 6511.9823 0.00236795470374 0.00947561152202 8.15911183868e-05 0.000132425720016
BPMW.5L3.B2 6539.5273 -0.000625125509299 0.00974698113882 0.000131898472097 8.24407268043e-05
BPMWE.4L3.B2 6614.6553 0.0027810169463 0.00936271156967 0.000117317534464 -0.000102128732364
BPMW.4L3.B2 6642.2003 0.00889672536234 0.00403022344801 -2.23319431458e-05 -0.000153931695862
BPMW.4R3.B2 6687.1653 0.00956174016559 0.00199187054384 -0.000112190337627 -0.000107735830136
BPMWE.4R3.B2 6714.7103 0.0090091174531 0.00377229716675 -0.000144277541119 -5.81177440531e-05
BPMW.5R3.B2 6789.8383 0.00955572551523 0.00202052791775 -0.000116118517383 0.000103489956277
BPMWE.5R3.B2 6817.3833 0.00956947286228 -0.00195438283406 -3.81529757236e-05 0.000150791348986
BPMWC.6R3.B2 6858.3743 0.00933869850125 -0.00286061767416 5.98846130811e-05 0.000143553177104
BPM.6R3.B2 6870.5288 0.00959195087786 -0.00184089694594 8.99767038358e-05 0.000126877395636
BPM_A.7R3.B2 6926.3528 0.00954839063626 -0.00205491106118 0.000153228749127 -2.67326045422e-05
BPM.8R3.B2 6965.418789 0.00914207631135 0.00343756656071 -1.65209679503e-05 -0.000154663308422
BPM.9R3.B2 7004.485779 0.00201079311943 0.0095577787286 -0.00014965137168 4.2404576521e-05
BPM.10R3.B2 7044.950768 0.00309903356306 0.00926231149435 -7.1820482672e-05 0.000137969194676
BPM.11R3.B2 7097.733458 0.00587725733764 0.00780078645823 0.000120762852468 9.80306839776e-05
BPM.12R3.B2 7152.459942 0.00805045430063 0.00553033531162 6.93914613621e-05 -0.000139206700322
BPM.13R3.B2 7205.911426 0.00712579615202 0.00667962965748 -0.000143365538699 -6.03324501532e-05
BPM.14R3.B2 7259.36291 0.00835699781923 0.00505519639468 -5.59957142412e-05 0.000145114305479
BPM.15R3.B2 7312.814394 0.0079217271758 0.00571320065589 0.000145732278053 5.43671258731e-05
BPM.16R3.B2 7366.265878 0.00893500633412 0.00394462736403 4.99679797157e-05 -0.000147298627087
BPM.17R3.B2 7419.717362 0.00858748765693 0.0046529000536 -0.000147849538057 -4.83135013043e-05
BPM.18R3.B2 7473.168846 0.00936623811739 0.00276911658845 -4.38461579958e-05 0.000149235370729
BPM.19R3.B2 7526.62033 0.00911216277471 0.00351609339193 0.000149716917984 4.21725852143e-05
BPM.20R3.B2 7580.071814 0.00964351086355 0.00154826398575 3.76590422346e-05 -0.000150915463138
BPM.21R3.B2 7633.523299 0.0094871046842 0.00232147967554 -0.000151328259141 -3.59644283137e-05
BPM.22R3.B2 7686.974783 0.00976234375988 0.000301773896803 -3.13985040813e-05 0.000152341114588
BPM.23R3.B2 7740.426267 0.0097061256215 0.00108882899621 0.00015268304478 2.96912429376e-05
BPM.24R3.B2 7793.877751 0.00920673601347 -0.000851358298992 2.56729127287e-05 0.000369593160056
BPM.25R3.B2 7847.329235 0.009245412169 -0.000105606864865 0.000369283219719 -2.98011390132e-05
BPM.26R3.B2 7900.780719 0.0090221538017 -0.00202226104267 -4.0874266898e-05 -0.000368222078115
BPM.27R3.B2 7954.232203 0.00915595181031 -0.00128737928099 -0.00036773963363 4.50085040639e-05
BPM.28R3.B2 8007.683687 0.00817544734545 -0.00306148967116 5.66618268415e-05 0.000889254863825
BPM.29R3.B2 8061.135171 0.0083958796796 -0.00239162344297 0.000888568822585 -6.6559956104e-05
BPM.30R3.B2 8114.586655 0.00771656651457 -0.00408231056492 -9.31765321228e-05 -0.000886173190234
BPM.31R3.B2 8168.03814 0.00802084905921 -0.00344624994279 -0.000885066570935 0.000103159824488
BPM.32R3.B2 8221.489624 0.0071310204138 -0.00503579250837 0.000129747653499 0.000881561304684
BPM.33R3.B2 8274.941108 0.00751426838809 -0.0044436954076 0.000880061494048 -0.000139558411975
BPM.34R3.B2 8328.392592 0.0064280817618 -0.00590681159187 -0.000165896945885 -0.000875478717808
BPM.33L4.B2 8381.844076 0.0068837544623 -0.00536885302455 -0.000873554095661 0.000175749905127
BPM.32L4.B2 8435.29556 0.00561981269071 -0.00668044636362 0.000201947719318 0.000867872054963
BPM.31L4.B2 8488.747044 0.00614081009559 -0.00620492624154 0.000865567115864 -0.000211608960805
BPM.30L4.B2 8542.198528 0.00471878439331 -0.00734463968833 -0.000237491321988 -0.000858826324918
BPM.29L4.B2 8595.650012 0.00529601056017 -0.00693995175926 -0.000856098911123 0.000247142542971
BPM.28L4.B2 8649.101496 0.00374074740743 -0.00788780496302 0.000272771897411 0.000848280776733
BPM.27L4.B2 8702.55298 0.00436538484712 -0.0075600313145 0.000845183746944 -0.000282221933109
BPM.26L4.B2 8756.004465 0.00218703798067 -0.00820338474213 -0.00030690653842 -0.000313254434278
BPM.25L4.B2 8809.455949 0.00284205907096 -0.00800008478399 -0.000309787338023 0.000310405814408
BPM.24L4.B2 8862.907433 0.00112005958128 -0.00841570691544 0.00031957509995 0.000300319365589
BPM.23L4.B2 8916.358917 0.00179560085898 -0.00829785959641 0.000296727491023 -0.000322912925934
BPM.22L4.B2 8969.810401 -0.000479664413839 -0.00839170911941 -0.000331107784871 0.000236157581067
BPM.21L4.B2 9023.261885 0.000199559497133 -0.00840303730267 0.00023985903896 0.000328436307685
BPM.20L4.B2 9076.713369 -0.0015487966882 -0.00826148223496 0.000321079089177 -0.000249621684007
BPM.19L4.B2 9130.164853 -0.000877285501481 -0.00835949938995 -0.000253197463977 -0.00031826688742
BPM.18L4.B2 9183.616337 -0.0025933647377 -0.0079953310917 -0.000310520397603 0.00026264015787
BPM.17L4.B2 9237.067821 -0.00193926859927 -0.00817863663485 0.000266108081166 0.000307553663765
BPM.16L4.B2 9290.519306 -0.00359447860148 -0.00759806445432 0.000299414603081 -0.00027523383249
BPM.15L4.B2 9343.97079 -0.00296978918294 -0.00786328252745 -0.000278566388933 -0.000296316608545
BPM.14L4.B2 9397.422274 -0.00453729374581 -0.00707557950574 -0.000287820616297 0.000287336142145
BPM.13L4.B2 9450.873758 -0.00395115528001 -0.00741884302644 0.000290547171949 0.000284578827984
BPM.12L4.B2 9504.325242 -0.00602146472186 -0.00586453941307 0.000292134672092 -0.000282948934124
BPM.11L4.B2 9557.776726 -0.00580808022622 -0.00607594140758 -0.000231101857201 -0.00033465609117
BPMC.10L4.B2 9609.617415 -0.00651674868121 -0.0053087518859 -0.000363623003068 0.000182156749622
BPMC.9L4.B2 9648.684405 -0.00698328458913 -0.00467809750339 0.000112089207822 0.000390946000895
BPMC.8L4.B2 9689.149394 -0.00808660199953 -0.00229297362275 0.000197034867246 -0.00035578086734
BPMC.7L4.B2 9728.215384 -0.00346783615608 -0.00765669460641 -0.000373955834889 -0.000159874340282
BPMYA.6L4.B2 9824.819384 -0.0045575430264 -0.00706255346235 -0.000258856910644 0.000313681152039
BPMYB.5L4.B2 9861.819384 -0.00454478815044 -0.00707076803299 -0.000164901290889 0.000371766505511
BPMWA.B5L4.B2 9964.209884 -0.00749574439259 -0.0038032454396 0.000238512760927 0.000329415285211
BPMWA.A5L4.B2 9973.094884 -0.00762624640041 -0.00353429281624 0.000268295102933 0.000305647683434
BPMWA.A5R4.B2 10021.14388 -0.00797657038683 -0.00265050651222 0.000377943605091 0.00015020451986
BPMWA.B5R4.B2 10030.02888 -0.0079928286517 -0.00260106709214 0.000388835156242 0.00011920565422
BPMYA.5R4.B2 10132.49538 -0.00746567081393 -0.00386194500445 0.000351899398446 -0.000203886198317
BPMYB.6R4.B2 10164.05938 -0.00756053596496 -0.00367275861471 0.000299663025663 -0.000274963336701
BPMCA.7R4.B2 10260.57538 -0.00582075014349 -0.00606380471713 -0.000306488455978 -0.000267334233062
BPMC.8R4.B2 10298.36637 -0.00399737247963 -0.00739404308576 -0.00024729674728 0.000322873176074
BPMC.9R4.B2 10337.43336 -0.00783915390388 -0.00303290718221 0.000393630481787 0.000102263430586
BPMC.10R4.B2 10377.89835 -0.00795182053315 -0.00272385941442 0.000204137575126 -0.000351753641936
BPM.11R4.B2 10429.73904 -0.00840515381737 6.5185581532e-05 -0.000331788487466 -0.00023520026636
BPM.12R4.B2 10484.46553 -0.00839770537982 0.000359728028684 -0.000250760198448 0.000320190712456
BPM.13R4.B2 10537.91701 -0.00813634176776 0.00210969252096 0.000327911098274 0.000240576550347
BPM.14R4.B2 10591.36849 -0.00828010477615 0.00144593387762 0.000236873582273 -0.000330595939433
BPM.15R4.B2 10644.81998 -0.0077997162793 0.00313293566656 -0.000337563931925 -0.000226833327022
BPM.16R4.B2 10698.27146 -0.0080270798164 0.00249336108991 -0.000223050877314 0.000340075105406
BPM.17R4.B2 10751.72295 -0.00733467939323 0.00410528172916 0.000346621981237 0.000212734498992
BPM.18R4.B2 10805.17443 -0.00764216994736 0.00349972833338 0.000208824141549 -0.000348991756955
BPM.19R4.B2 10858.62591 -0.00674946005173 0.00500955575786 -0.000355108872773 -0.000198243423035
BPM.20R4.B2 10912.0774 -0.00713167291107 0.00444860667518 -0.000194265156854 0.000357300732229
BPM.21R4.B2 10965.52888 -0.00605286986244 0.0058321202262 0.00036297487547 0.000183444833491
BPM.22R4.B2 11018.98037 -0.00650395756214 0.00532441507468 0.000179354581131 -0.000365013293544
BPM.23R4.B2 11072.43185 -0.00525738522831 0.00655825895112 -0.000370237976088 -0.000168305104874
BPM.24R4.B2 11125.88333 -0.00584249154194 0.00610807143015 -0.000165277016181 0.000445309222653
BPM.25R4.B2 11179.33482 -0.00444722088701 0.00718786966684 0.000450073072578 0.000151825636865
BPM.26R4.B2 11232.7863 -0.0050130312448 0.0068053480225 0.000146760779347 -0.000451750002307
BPM.27R4.B2 11286.23779 -0.00349165165963 0.00769750691194 -0.00045595604973 -0.000133119776175
BPM.28R4.B2 11339.68927 -0.00417439563333 0.00738609428592 -0.000129132555251 0.000530629554841
BPM.29R4.B2 11393.14075 -0.00255008508777 0.00809178804536 0.000534268961552 0.00011313540627
BPM.30R4.B2 11446.59224 -0.00319510744469 0.00785946920466 0.00010713149902 -0.000535505168405
BPM.31R4.B2 11500.04372 -0.00149461216877 0.00835141318533 -0.000538482816589 -9.09901125855e-05
BPM.32R4.B2 11553.49521 -0.00216354121595 0.00820360025626 -8.49592500641e-05 0.000539467212146
BPM.33R4.B2 11606.94669 -0.000413315459805 0.00847402726194 0.0005417753338 6.87199178759e-05
BPM.34R4.B2 11660.39818 -0.00109617370597 0.00841298822948 6.26404143238e-05 -0.000542511864524
BPM.33L5.B2 11713.84966 0.000673497907888 0.00845732631202 -0.000544149613273 -4.63048769094e-05
BPM.32L5.B2 11767.30114 -1.10550691601e-05 0.00848409367611 -4.02076242656e-05 0.000544634090564
BPM.31L5.B2 11820.75263 0.0017504919705 0.00830155079391 0.000545595753783 2.38372609099e-05
BPM.30L5.B2 11874.20411 0.00107451346713 0.00841578211072 1.77233200377e-05 -0.000545828571205
BPM.29L5.B2 11927.6556 0.00279753729653 0.00800960378857 -0.000546114678789 -1.3042550916e-06
BPM.28L5.B2 11981.10708 0.00214215679959 0.00820921019203 4.81746493313e-06 0.000546094988354
BPM.27L5.B2 12034.55856 0.00379969604832 0.00758566263526 0.000545704311583 -2.12071917312e-05
BPM.26L5.B2 12088.01005 0.00310181540566 0.00786303122373 -2.84319607259e-05 -0.000472217625433
BPM.25L5.B2 12141.46153 0.00466606836338 0.007048143367 -0.000471149031398 4.26198265809e-05
BPM.24L5.B2 12194.91302 0.00408210077642 0.00740168711038 4.79013361037e-05 0.00047064139551
BPM.23L5.B2 12248.3645 0.00552967694715 0.00639305808811 0.000468991813866 -6.20043590356e-05
BPM.22L5.B2 12301.81598 0.00492249190611 0.00681393160884 -6.83661724946e-05 -0.000395053286542
BPM.21L5.B2 12355.26747 0.00622944207576 0.00564399167629 -0.00039281843367 8.02166204089e-05
BPM.20L5.B2 12408.71895 0.00575362099909 0.00612833059907 8.4618224091e-05 0.000391893847446
BPM.19L5.B2 12462.17044 0.00690041185081 0.00480051109463 0.000389177972941 -9.63407212887e-05
BPM.18L5.B2 12515.62192 0.00649042818183 0.00534180985832 -0.000100688837146 -0.000388075751062
BPM.17L5.B2 12569.07341 0.00745774306559 0.00387848667958 -0.000384871608416 0.000112315964332
BPM.16L5.B2 12622.52489 0.00712036745706 0.00446776877215 0.000116627758339 0.000383587013858
BPM.15L5.B2 12675.97637 0.00789267627355 0.00289244736841 0.00037991456726 -0.000128085718988
BPM.14L5.B2 12729.42786 0.00763349083589 0.00352000116084 -0.000132327097362 -0.000378458149408
BPM.13L5.B2 12782.87934 0.00819783025675 0.00185907762945 -0.000374306543448 0.000143651117184
BPM.12L5.B2 12836.33083 0.00764442068208 0.0034962012176 0.000119654285617 0.000382653735143
BPM.11L5.B2 12889.78231 0.00789946218223 0.00287386286058 0.000393595719272 -7.63114585235e-05
BPM.10L5.B2 12942.565 0.00817545520666 0.00195512728216 -9.92359197111e-05 -0.000388449817966
BPM.9L5.B2 12981.63199 0.00840278645912 0.000231884246452 -0.000395689716283 6.45807690607e-05
BPM.8L5.B2 13022.09698 0.00589940103864 0.00598812641256 0.000241929001857 0.00031970515958
BPM.7L5.B2 13061.16497 0.00828188797828 0.00143906985005 0.000341067830114 -0.00021074573564
BPMR.6L5.B2 13098.05897 0.00831955802247 0.00120230812967 9.29352549173e-05 -0.000390005219886
BPMWT.B6L5.B2 13109.36897 0.0083901713513 0.00051537864631 1.2808411536e-05 -0.000400720572619
BPMWT.A6L5.B2 13115.19097 0.00839801792011 0.000365903720873 -2.3491921226e-05 -0.00040023637984
BPM.5L5.B2 13129.95897 0.0083886858928 0.000539017200097 -0.000109390209484 -0.000385713383839
BPMYA.4L5.B2 13157.36497 0.00837405180095 0.00073201568753 -0.000253337665414 -0.000310742751133
BPMWB.4L5.B2 13178.42347 0.00839345059592 -0.000458887415002 -0.00034925141663 -0.000196886974684
BPMWT.B4L5.B2 13178.89297 0.00839199814627 -0.0004847243025 -0.000350962673467 -0.000193820100844
BPMWT.A4L5.B2 13180.87497 0.00838507638163 -0.000592523930855 -0.000357912511743 -0.000180664505132
BPMSY.4L5.B2 13271.27947 0.00832719554696 -0.0011482181319 -0.000168465987404 0.000363813473541
BPMS.2L5.B2 13298.06497 0.00817328208611 -0.00196419198356 6.33427639254e-06 0.000400875177729
BPMSW.1L5.B2 13308.11897 0.00809675727164 -0.00225900693701 0.000117826191814 0.000383220591973
BPMSW.1R5.B2 13351.06897 0.00809668674811 -0.00225925968489 -0.000400805238632 -9.8074957138e-06
BPMS.2R5.B2 13361.12297 0.00817323686685 -0.00196438019202 -0.000387652194029 0.000102307496674
BPMSY.4R5.B2 13387.90847 0.00832718721146 -0.00114827858301 -0.000304698896436 0.000260575541399
BPMWB.4R5.B2 13480.76447 0.00839346809166 -0.000458567290729 0.000283991973289 0.000283001044698
BPMYA.4R5.B2 13501.82097 0.00837403347925 0.000732225299713 0.000367663284777 0.000159889793441
BPMR.5R5.B2 13522.93897 0.00836814003085 0.000796757722738 0.000399018552213 3.90540502105e-05
BPM.6R5.B2 13554.83897 0.0083714441649 0.000761257628741 0.000370743962288 -0.000152610450783
BPMRA.7R5.B2 13588.85297 0.00819285419943 0.00188088558838 0.000194016544564 -0.000350854119291
BPM.8R5.B2 13630.28998 0.00701224720134 0.00463562074651 -0.000301268392511 -0.000264534284468
BPM.9R5.B2 13669.35499 0.00745142828093 0.00389060497986 -0.000176921541576 0.000359777428361
BPM.10R5.B2 13709.818 0.00839603685943 0.000408846701444 0.000389581890835 9.46941627644e-05
BPM.11R5.B2 13762.59871 0.00711543143545 0.00447562576727 -2.10226929516e-05 -0.000400373672359
BPM.12R5.B2 13817.32223 0.00773867138614 0.00328230950267 -0.000397300212523 5.37919624319e-05
BPM.13R5.B2 13870.77074 0.00719722473154 0.00434287309517 7.62757474444e-05 0.000393602643438
BPM.14R5.B2 13924.21926 0.0079418435983 0.00275457995842 0.000391147411193 -8.80041537533e-05
BPM.15R5.B2 13977.66777 0.00769368030006 0.00338642495527 -9.23274543104e-05 -0.000390149551618
BPM.16R5.B2 14031.11629 0.00822895197583 0.00171608271578 -0.00038720828838 0.00010397486214
BPM.17R5.B2 14084.56481 0.00806360090252 0.00237464334534 0.000108271849459 0.000386028805045
BPM.18R5.B2 14138.01332 0.00838086764486 0.000649344321176 0.000382619835799 -0.00011976264387
BPM.19R5.B2 14191.46184 0.00830115449056 0.00132341402431 -0.000123989013739 -0.000381271236451
BPM.20R5.B2 14244.91035 0.00839507599763 -0.000428123275719 -0.000377385499143 0.000135355888095
BPM.21R5.B2 14298.35887 0.00840223997771 0.000250906078041 0.000139542144028 0.00037585771925
BPM.22R5.B2 14351.80738 0.00827136063207 -0.00149839375992 0.000371518278422 -0.000150715634045
BPM.23R5.B2 14405.2559 0.00836528231437 -0.000826221743239 -0.000154817077419 -0.000369827939267
BPM.24R5.B2 14458.70442 0.0084029391577 -0.00261904402107 -0.000365426349509 -0.000232397714631
BPM.25R5.B2 14512.15293 0.00858692607659 -0.00193222117077 -0.000228312370437 0.000367992624693
BPM.26R5.B2 14565.60145 0.00799896649733 -0.00367223542909 0.000374659710933 0.000217198559405
BPM.27R5.B2 14619.04996 0.00826915652143 -0.00301493423845 0.000213049128108 -0.000377034726355
BPM.28R5.B2 14672.49848 0.0078545862986 -0.00474034370544 -0.00038362509177 -0.00059992397886
BPM.29R5.B2 14725.947 0.00821154203621 -0.00409096099289 -0.000595605029535 0.000390296851808
BPM.30R5.B2 14779.39551 0.00718387928456 -0.00570589719547 0.00040795740883 0.00058365036436
BPM.31R5.B2 14832.84403 0.00762086855453 -0.00510761654088 0.00057911855064 -0.000414365405758
BPM.32R5.B2 14886.29254 0.00639468323455 -0.00657825285976 -0.000431501203735 -0.000566465979539
BPM.33R5.B2 14939.74106 0.00690471527382 -0.00604071943845 -0.000561617805153 0.000437792683925
BPM.34R5.B2 14993.18958 0.00550102805565 -0.00734193943469 0.000454410809895 0.000548258887874
BPM.33L6.B2 15046.63809 0.00607553129512 -0.00687410385625 0.000543213008306 -0.000460430908136
BPM.32L6.B2 15100.08661 0.00451620219903 -0.00798556836014 -0.000476475266164 -0.000529195912936
BPM.31L6.B2 15153.53512 0.00514593193792 -0.00759504897277 -0.000523853870032 0.000482342318992
BPM.30L6.B2 15206.98364 0.00345813131942 -0.00849745327238 0.000497807179577 0.000509180726519
BPM.29L6.B2 15260.43215 0.00413253603113 -0.00819069779168 0.000503651874121 -0.000503400226397
BPM.28L6.B2 15313.88067 0.00234211060598 -0.00887016923504 -0.000518244029412 -0.000488364738506
BPM.27L6.B2 15367.32919 0.00305033142857 -0.00865221720256 -0.00048256761685 0.000523646339107
BPM.26L6.B2 15420.7777 0.00157980674517 -0.00917156232339 0.00053746448165 6.84528690902e-05
BPM.25L6.B2 15474.22622 0.0023144605923 -0.00901424522537 6.25003694948e-05 -0.000538189153496
BPM.24L6.B2 15527.67473 0.000392881666531 -0.00929833258134 -0.000539818291513 -4.63688906e-05
BPM.23L6.B2 15581.12325 0.00114229096895 -0.00923626093943 -4.03701949536e-05 0.000540300017735
BPM.22L6.B2 15634.57177 -0.000408161177951 -0.00934693757173 0.000540870679068 -0.000374059969257
BPM.21L6.B2 15688.02028 0.000346838977042 -0.00934941390031 -0.000380028123629 -0.000536694118637
BPM.20L6.B2 15741.4688 -0.00160116365516 -0.00921781495283 -0.000525089086644 0.000395908330837
BPM.19L6.B2 15794.91731 -0.000851494077441 -0.00931701644161 0.000401713460186 0.000520661359631
BPM.18L6.B2 15848.36583 -0.00276650796641 -0.00893746447136 0.000508394832864 -0.00041712905857
BPM.17L6.B2 15901.81435 -0.00203679524378 -0.00913144581557 -0.000422735473163 -0.000503742665284
BPM.16L6.B2 15955.26286 -0.00388762037648 -0.00850989103019 -0.000490881830035 0.000437603683559
BPM.15L6.B2 16008.71138 -0.00318772068332 -0.00879603742573 0.000443026286442 0.000485993483876
BPM.14L6.B2 16062.15989 -0.00494378326783 -0.00794297454261 0.000472498530931 -0.000457391616836
BPM.13L6.B2 16115.60841 -0.00428709649703 -0.00831580670545 -0.000462597719965 -0.000467402722178
BPM.12L6.B2 16169.05693 -0.00602752175075 -0.00715547476121 -0.000457617282363 0.000472279976993
BPM.11L6.B2 16222.50544 -0.00472159310127 -0.00807702891759 0.000438646011508 0.000489950641963
BPM.10L6.B2 16274.34415 -0.00604362869739 -0.00714187578351 0.000560259381639 -0.000344341956106
BPM.9L6.B2 16313.40916 -0.00696652865991 -0.00624494323207 -0.000126791229118 -0.000645279736253
BPM.8L6.B2 16353.87217 -0.00924761622781 -0.00141895440495 -0.0005491544035 0.000361789150417
BPMYB.5L6.B2 16450.96018 -0.00434551555197 -0.00828542890674 0.000655333910584 5.47669677305e-05
BPMYA.4L6.B2 16487.36018 -0.00466724071433 -0.00810855731569 0.000650191927775 -9.85514995936e-05
BPMSB.B4L6.B2 16518.13068 -0.00371921422131 -0.00858482866174 0.000611023576875 -0.000243129874919
BPMSB.A4L6.B2 16518.76568 -0.0036967079877 -0.00859454406105 0.000609746828033 -0.000246314349818
BPMSA.4L6.B2 16615.57568 0.000170615130606 -0.00935428928529 0.000133907913637 -0.000643840527027
BPMSE.4R6.B2 16707.14568 0.000454124414698 -0.00934481720415 -0.00046960077338 -0.000460366238126
BPMSA.A4R6.B2 16803.82068 -0.0029283275526 -0.00888576025571 -0.000650868666508 9.39783885345e-05
BPMSA.B4R6.B2 16804.40568 -0.00294839595452 -0.00887912151386 -0.000650432386727 9.69518840754e-05
BPMYB.4R6.B2 16830.96018 -0.00378509846383 -0.00855598429209 -0.00061998934327 0.00021926051648
BPMYA.5R6.B2 16867.36018 -0.00386998083444 -0.0085179273282 -0.000558804036635 0.000346698734435
BPM.8R6.B2 16963.08519 -0.00720654677097 -0.00596636582616 0.000426470126387 0.000500584844334
BPM.9R6.B2 17002.1502 -0.00934143180009 0.000519123715973 0.000451191991769 -0.000478422137091
BPM.10R6.B2 17042.61322 -0.00904813590414 0.00237972145218 -0.000335655845969 -0.000565506069844
BPM.11R6.B2 17094.45193 -0.00812458453706 0.0046392848191 -0.000517801675938 0.000405392876703
BPM.12R6.B2 17149.17544 -0.00892527717719 0.00280557746118 0.000471883105854 0.000458026517733
BPM.13R6.B2 17202.62396 -0.00814218879406 0.00460831848013 0.000443147004354 -0.000485883409907
BPM.14R6.B2 17256.07247 -0.00848768623364 0.00393586331241 -0.000490770858258 -0.000437728132923
BPM.15R6.B2 17309.52099 -0.00748599618101 0.00561174649295 -0.00042286971327 0.000503629986749
BPM.16R6.B2 17362.96951 -0.0079141928495 0.00498972835779 0.000508285728883 0.000417261991808
BPM.17R6.B2 17416.41802 -0.00670639325699 0.00652350573182 0.000401842278113 -0.000520561947904
BPM.18R6.B2 17469.86654 -0.00721127818272 0.00596064631767 -0.000524989117695 -0.000396040883493
BPM.19R6.B2 17523.31505 -0.00581711454217 0.00732755183873 -0.000380171654246 0.000536592464602
BPM.20R6.B2 17576.76357 -0.00638906390469 0.00683459581139 0.000540772524763 0.00037420186832
BPM.21R6.B2 17630.21209 -0.00483164529233 0.00801168155339 0.000357835817944 -0.000551738600485
BPM.22R6.B2 17683.6606 -0.00546288019374 0.00759531286408 -0.000555676245828 -0.000351690017909
BPM.23R6.B2 17737.10912 -0.00376747248577 0.00856376019171 -0.000334914768336 0.000565945276987
BPM.24R6.B2 17790.55763 -0.00408797822137 0.00825452487664 0.000575127768364 -2.99936522259e-05
BPM.25R6.B2 17844.00615 -0.00228625942747 0.00892310286228 -4.71925156344e-05 -0.000573972498969
BPM.26R6.B2 17897.45466 -0.00299921352937 0.00870938948088 -0.000573413697174 5.3556529401e-05
BPM.27R6.B2 17950.90318 -0.00112594941477 0.00914226365747 7.06942344515e-05 0.000571553925297
BPM.28R6.B2 18004.3517 -0.00150200432784 0.00904418757089 0.000576240593128 -0.000435630300059
BPM.29R6.B2 18057.80021 0.000407012680847 0.00915902213835 -0.000452673225756 -0.000562951087843
BPM.30R6.B2 18111.24873 -0.00033350072673 0.00916199340338 -0.000557891251936 0.000458894684265
BPM.31R6.B2 18164.69724 0.00157589082849 0.00903160638951 0.000475391005854 0.000543902904827
BPM.32R6.B2 18218.14576 0.000841959240399 0.00912931818307 0.000538607457423 -0.000481382366973
BPM.33R6.B2 18271.59428 0.00271767116909 0.00875600418083 -0.000497279179611 -0.000523966021433
BPM.34R6.B2 18325.04279 0.00200220203543 0.00894676102663 -0.000518404021244 0.000503074791546
BPM.33L7.B2 18378.49131 0.00381596367029 0.00833617221278 0.000518368033901 0.000503111873873
BPM.32L7.B2 18431.93982 0.00313079404748 0.00861692952834 0.000497352542033 -0.000523896388665
BPM.31L7.B2 18485.38834 0.00485047394708 0.00777986171823 -0.000538541998484 -0.000481455592808
BPM.30L7.B2 18538.83686 0.00420686441275 0.00814589698276 -0.000475428373481 0.00054387023595
BPM.29L7.B2 18592.28537 0.00580624658 0.00709512836564 0.000557856064447 0.000458937460882
BPM.28L7.B2 18645.73389 0.00521470601134 0.00754056941219 0.00045275286492 -0.000562887041238
BPM.27L7.B2 18699.1824 0.00666581001163 0.00629446763911 -0.000576183963948 -0.000435705191602
BPM.26L7.B2 18752.63092 0.00649403404619 0.00683460385348 -0.000423777460407 0.000222402441263
BPM.25L7.B2 18806.07943 0.00777120783581 0.00533784758226 0.000234990563738 0.000416928803991
BPM.24L7.B2 18859.52795 0.0073151610912 0.00594749579902 0.000414307210722 -0.00023958239973
BPM.23L7.B2 18912.97647 0.00839013240989 0.00429999607971 -0.000251868456667 -0.000406955114802
BPM.22L7.B2 18966.42498 0.00837371995884 0.00498586596864 -0.000398636958827 -0.000102242622315
BPM.21L7.B2 19019.8735 0.00922616775466 0.00313940662597 -9.02536747432e-05 0.000401521183796
BPM.20L7.B2 19073.32201 0.00894278963987 0.00387357185351 0.000402495619806 8.58035756185e-05
BPM.19L7.B2 19126.77053 0.00955198486591 0.00193329526202 7.37341109622e-05 -0.000404880547897
BPM.18L7.B2 19180.21905 0.00936479129914 0.00269791203936 -0.00040567484799 -6.92307647361e-05
BPM.17L7.B2 19233.66756 0.00972081039974 0.000695622531855 -5.70454392525e-05 0.000407566920413
BPM.16L7.B2 19287.11608 0.00963298017307 0.00147774776082 0.000408173305125 5.25312643414e-05
BPM.15L7.B2 19340.56459 0.00972992874972 -0.000553653306368 4.03067747524e-05 -0.000409561156872
BPM.14L7.B2 19394.01311 0.00974287383766 0.000233355558195 -0.000409983792816 -3.57529301542e-05
BPM.13L7.B2 19447.46163 0.00957918260197 -0.00179368506189 -2.34542271394e-05 0.000410870874153
BPM.12L7.B2 19500.91014 0.00971204259762 -0.000808872095289 0.000410814177165 2.44273496889e-05
BPM.11L7.B2 19554.35866 0.0092664134655 -0.00301854715572 3.05671576061e-05 -0.000410403009289
BPM.10L7.B2 19607.13937 0.00925065932569 -0.00306648781094 -0.000408627445812 -4.88731942911e-05
BPM.9L7.B2 19646.20438 0.0073697754294 -0.00637686879155 -0.000197476563409 0.000361065069095
BPM.8L7.B2 19686.66739 0.00468999721111 -0.00854294864384 0.000335912993788 0.000237754993765
BPM.7L7.B2 19725.7314 -0.00172957553057 -0.00959096522073 0.000264795852081 -0.000315036726648
BPMR.6L7.B2 19760.5494 -0.00161145423528 -0.00961151708679 -3.62786576349e-05 -0.000409937603284
BPMWC.6L7.B2 19772.7279 -0.00295381819103 -0.0092872495149 -0.00014971708491 -0.000383340285792
BPMWE.5L7.B2 19849.7819 0.00208408312368 -0.00952022284378 -0.00037599247497 0.000167315985989
BPMW.5L7.B2 19872.9869 0.00496784741995 -0.00838442231613 -0.000265700186973 0.000314274377983
BPMWE.4L7.B2 19908.0719 0.00495407453144 -0.00839256761031 -0.000117378638612 0.000394445476456
BPMW.4L7.B2 19936.1769 0.00126399705484 -0.00966335122468 0.000107697856889 0.000397197874567
BPMW.4R7.B2 20052.2239 -0.00101910393434 -0.00969223774993 0.000280092025128 -0.000301518550822
BPMWE.4R7.B2 20080.3289 0.00247602988602 -0.00942588571025 8.98525949074e-05 -0.000401611119374
BPMW.5R7.B2 20115.4139 0.00204128263553 -0.00952949162437 -0.000105470323928 -0.000397795160849
BPMWE.5R7.B2 20138.6189 -0.00313234840523 -0.0092285664594 -0.000332589989176 -0.000242381681277
BPM.6R7.B2 20217.7584 -0.00710154887763 -0.00667428265893 -0.000120060580158 0.00039363744343
BPM_A.7R7.B2 20255.7944 -0.00446401163565 -0.00866317756759 0.000205721675933 0.000356431723031
BPM.8R7.B2 20294.85841 -0.00438832916042 -0.00870175917047 0.000409303826065 4.28410690678e-05
BPM.9R7.B2 20333.92342 -0.00827892076463 -0.00514174254592 5.70094417129e-05 -0.000407571958594
BPM.10R7.B2 20374.38643 -0.009722822341 -0.000666911735703 -0.000399242703578 -9.98511315963e-05
BPM.11R7.B2 20427.16714 -0.00969806460689 -0.000962075019847 -0.000153073468788 0.000382012421746
BPM.12R7.B2 20481.89066 -0.00973991198146 0.00033490299733 0.000383109716144 0.000150306100729
BPM.13R7.B2 20535.33917 -0.00973004396543 -0.000551624748211 0.000143123248665 -0.000385850635802
BPM.14R7.B2 20588.78769 -0.00963268357591 0.00147967989993 -0.000389958908756 -0.000131518177538
BPM.15R7.B2 20642.23621 -0.00972066770981 0.000697613594087 -0.000127200624297 0.000391388520177
BPM.16R7.B2 20695.68472 -0.00936421725854 0.00269990380994 0.000395021538305 0.00011542515311
BPM.17R7.B2 20749.13324 -0.0095515772756 0.00193530799108 0.000111022590007 -0.000396281422715
BPM.18R7.B2 20802.58175 -0.00894201143315 0.00387536797919 -0.000399424855459 -9.91199450732e-05
BPM.19R7.B2 20856.03027 -0.00922553753714 0.003141258129 -9.46984566071e-05 0.000400496172516
BPM.20R7.B2 20909.47879 -0.0083726599345 0.0049876458447 0.000403152018093 8.26645649506e-05
BPM.21R7.B2 20962.9273 -0.00874791817852 0.00429557596986 7.81753041819e-05 -0.000404046537053
BPM.22R7.B2 21016.37582 -0.00766607780833 0.00601741609422 -0.00040620402794 -6.60550372276e-05
BPM.23R7.B2 21069.82433 -0.00812656727251 0.00537930756026 -6.15585098109e-05 0.000406909732233
BPM.24R7.B2 21123.27285 -0.00643328295009 0.00687235457471 0.000408150701317 -0.000357697825282
BPM.25R7.B2 21176.72137 -0.00696715469439 0.00633049306107 -0.000362204529118 -0.000404156662419
BPM.26R7.B2 21230.16988 -0.00550167505461 0.0076385835413 -0.000393148815088 0.000374123960507
BPM.27R7.B2 21283.6184 -0.00609981760209 0.00716997992461 0.000378459083053 0.00038897743362
BPM.28R7.B2 21337.06691 -0.00407930709579 0.00820329985882 0.000377038467048 -0.000796956648063
BPM.29R7.B2 21390.51543 -0.00472858881962 0.007846994504 -0.000801084872271 -0.000368186006269
BPM.30R7.B2 21443.96394 -0.00299685197223 0.00865758356641 -0.000344075538745 0.000811732669869
BPM.31R7.B2 21497.41246 -0.00368506171423 0.00838780037144 0.000815501300804 0.00033504556579
BPM.32R7.B2 21550.86098 -0.00186434297273 0.00896989967771 0.000310472129139 -0.000825169656813
BPM.33R7.B2 21604.30949 -0.00258283268346 0.00878998579419 -0.000828560532986 -0.000301306069945
BPM.34R7.B2 21657.75801 -0.000701992133713 0.0091346637596 -0.00027638529569 0.000837203125115
BPM.33L8.B2 21711.20652 -0.0014361100697 0.00904834033793 0.000840216782701 0.000267083629778
BPM.32L8.B2 21764.65504 0.00047262763709 0.00914939878204 0.000241819502432 -0.000847833258592
BPM.31L8.B2 21818.10356 -0.000267995002861 0.00915767730573 -0.000850464035885 -0.000232397997719
BPM.30L8.B2 21871.55207 0.00163883169178 0.00901382857711 -0.00020683415856 0.0008570399875
BPM.29L8.B2 21925.00059 0.000906805609205 0.0091166100358 0.000859278814124 0.000197326691934
BPM.28L8.B2 21978.4491 0.00277865416255 0.00873006048176 0.000171541207377 -0.000864795653536
BPM.27L8.B2 22031.89762 0.00206442337592 0.00892597507714 -0.000866647748366 -0.00016192463871
BPM.26L8.B2 22085.34614 0.0042719643448 0.00822678881434 -0.000136311389627 0.000464092121844
BPM.25L8.B2 22138.79465 0.00359450991863 0.00854454399428 0.000465573914901 0.00013116104202
BPM.24L8.B2 22192.24317 0.00528936906704 0.00761264136223 0.000117178241974 -0.000469288345316
BPM.23L8.B2 22245.69168 0.00465747415927 0.00801484049018 -0.000470560494103 -0.000111960294205
BPM.22L8.B2 22299.1402 0.00661930741302 0.00679745703809 -9.82290649938e-05 6.66737990036e-05
BPM.21L8.B2 22352.58871 0.00604927000223 0.00730937652971 6.77594664506e-05 9.74833313024e-05
BPM.20L8.B2 22406.03723 0.00743452471143 0.00589478541058 9.54120762512e-05 -7.06461585916e-05
BPM.19L8.B2 22459.48575 0.00693450001165 0.00647559745816 -7.16995258829e-05 -9.46230565445e-05
BPM.18L8.B2 22512.93426 0.00812745413284 0.00489542052181 -9.24346880212e-05 7.44994891401e-05
BPM.17L8.B2 22566.38278 0.00770596128829 0.00553523381555 7.55203440688e-05 9.16025241456e-05
BPM.16L8.B2 22619.83129 0.00868693583781 0.00381546833324 8.93019735638e-05 -7.82272537101e-05
BPM.15L8.B2 22673.27981 0.00835065409619 0.00450413465897 -7.92124975118e-05 -8.84292085759e-05
BPM.14L8.B2 22726.72833 0.00910362391944 0.00267295423485 -8.6018462901e-05 8.18240100704e-05
BPM.13L8.B2 22780.17684 0.00885826453591 0.00339879422453 8.27731324993e-05 8.51055404042e-05
BPM.12L8.B2 22833.62536 0.00946369460148 0.000677596734819 8.66584255121e-05 -8.11459355019e-05
BPM.11L8.B2 22887.07387 0.00939095780897 0.00135298345763 -6.67722753563e-05 -9.81621503083e-05
BPM.10L8.B2 22938.91258 0.00947871444168 -0.000417881975503 -0.000109471303173 4.59388463081e-05
BPM.9L8.B2 22977.9776 0.00919884795814 -0.00232418783015 1.02024765379e-05 0.000118280408712
BPM.8L8.B2 23018.44061 0.00303519984622 -0.00898933894706 0.000112499000537 -3.79251949033e-05
BPM.7L8.B2 23057.50662 0.00503311515856 -0.00804291021012 3.4101587622e-05 -0.000113716429669
BPM.6L8.B2 23089.97562 0.00882710320293 -0.00347892250965 -8.05341777581e-05 -8.72272365408e-05
BPMR.5L8.B2 23150.39462 0.00934407892756 0.00164585597327 -3.6003830287e-05 0.000113128551578
BPMYB.4L8.B2 23171.16162 0.00947629404189 -0.000469578557654 3.92741401216e-05 0.000112035203174
BPMWB.4L8.B2 23195.62912 0.00939743081054 0.00130726698677 0.000113362339836 3.5260809577e-05
BPMSX.4L8.B2 23245.78612 0.00880223250123 -0.0035413776668 1.00188550204e-06 -0.000118715379034
BPMS.2L8.B2 23283.69762 0.00879780526924 -0.00355236206878 -7.55698797405e-05 -9.1561577916e-05
BPMSW.1L8.B2 23293.63162 0.00892499949936 -0.00321947772614 -9.66509059329e-05 -6.89416120746e-05
BPMSW.1R8.B2 23336.82162 0.00892499192223 -0.00321949872318 8.37866225786e-05 -8.41079535538e-05
BPMS.2R8.B2 23346.75562 0.00879780033155 -0.00355237411289 5.92258373289e-05 -0.000102891393579
BPMSX.4R8.B2 23384.66712 0.00880223494502 -0.0035413715933 -2.08039113787e-05 -0.000116882598107
BPMWI.4R8.B2 23434.90012 0.00939754675364 0.00130643324127 -0.000105713935295 5.40269281715e-05
BPMYB.4R8.B2 23459.29162 0.00947566648298 -0.000482076279913 -1.99932083454e-05 0.000117023998081
BPMYB.5R8.B2 23479.86862 0.00940173913701 0.00127591301501 5.14471480608e-05 0.000106993162402
BPMR.6R8.B2 23563.97662 0.00948431675454 0.000261512294283 8.93759688413e-05 -7.81427077785e-05
BPM_A.7R8.B2 23586.21662 0.00946908112014 -0.00059762482971 5.72473466266e-05 -0.000104005223918
BPM.8R8.B2 23627.65561 0.00895284098502 -0.00314122445979 -8.05312945513e-05 -8.72299028823e-05
BPM.9R8.B2 23666.7226 0.00446883265532 -0.00836959900587 -1.79304425026e-05 0.000117357762556
BPM.10R8.B2 23707.18758 0.00562555159349 -0.0076402763095 0.000110964668847 4.22041058249e-05
BPM.11R8.B2 23759.02827 0.00389211060905 -0.00865286818389 6.09037168681e-05 -0.000101907225269
BPM.12R8.B2 23813.75476 0.00330586734904 -0.00889336234604 -0.000100965135291 -6.24530719166e-05
BPM.13R8.B2 23867.20624 0.000601437687088 -0.00946883971314 -5.26135030304e-05 0.0001064244536
BPM.14R8.B2 23920.65773 0.00136369317685 -0.00938940859387 0.000107006474295 5.14194387007e-05
BPM.15R8.B2 23974.10921 -0.000614866805639 -0.00946797716648 4.81819208609e-05 -0.000108502751451
BPM.16R8.B2 24027.56069 0.000151215285163 -0.00948671633062 -0.000109036073744 -4.69625315942e-05
BPM.17R8.B2 24081.01218 -0.00182109071618 -0.0093115133769 -4.36651760338e-05 0.000110397902401
BPM.18R8.B2 24134.46366 -0.00106349975382 -0.00942812924662 0.000110879935219 4.24262218656e-05
BPM.19R8.B2 24187.91515 -0.00299726490068 -0.00900205842563 3.90760004535e-05 -0.000112104468053
BPM.20R8.B2 24241.36663 -0.00226101561051 -0.00921457873187 -0.000112535448802 -3.78169035316e-05
BPM.21R8.B2 24294.81811 -0.00412428336328 -0.00854464391109 -3.44189560191e-05 0.000113620774092
BPM.22R8.B2 24348.2696 -0.00342108128332 -0.00884968110556 0.000113999112578 3.3144333097e-05
BPM.23R8.B2 24401.72108 -0.00518345967363 -0.00794684834251 2.97041904114e-05 -0.000114943491528
BPM.24R8.B2 24455.17257 -0.00468583340861 -0.00834946272355 -0.000117723341416 0.00013255928894
BPM.25R8.B2 24508.62405 -0.00631665652203 -0.00719516593699 0.000136036509531 0.000113687368418
BPM.26R8.B2 24562.07554 -0.00571531482502 -0.00768151931307 0.000112155501511 -0.000137302199418
BPM.27R8.B2 24615.52702 -0.00718532111479 -0.00632785295076 -0.000140609480789 -0.000107980197078
BPM.28R8.B2 24668.9785 -0.00681179669286 -0.00689738314126 -0.00010885656406 0.000302787197557
BPM.29R8.B2 24722.42999 -0.00809493505037 -0.0053335255593 0.000305922087903 9.97071566837e-05
BPM.30R8.B2 24775.88147 -0.00763809099307 -0.00596942496531 9.62679905769e-05 -0.000307021684036
BPM.31R8.B2 24829.33296 -0.0087108440601 -0.00425389986412 -0.000309774122887 -8.700476489e-05
BPM.32R8.B2 24882.78444 -0.00833905565095 -0.00494313860051 -8.35347156746e-05 0.000310727837673
BPM.33R8.B2 24936.23592 -0.00918338620477 -0.00310481660816 0.000313098392282 7.41568295705e-05
BPM.34R8.B2 24989.68741 -0.00890284800408 -0.00383585268383 7.06374546228e-05 -0.000313911111229
BPM.33L1.B2 25043.13889 -0.00950515761948 -0.00190432322982 -0.000315890530916 -6.11801397266e-05
BPM.32L1.B2 25096.59038 -0.00932043861986 -0.00266531279886 -5.76443176566e-05 0.00031655484731
BPM.31L1.B2 25150.04186 -0.00967066408685 -0.000672848045988 0.000318144705245 4.81018128048e-05
BPM.30L1.B2 25203.49334 -0.00958480773501 -0.00145118195498 4.45266920722e-05 -0.000318664733666
BPM.29L1.B2 25256.94483 -0.00967727652453 0.000569901259426 -0.000319857896331 -3.49394489554e-05
BPM.28L1.B2 25310.39631 -0.0096917023851 -0.000213010066939 -3.13613829825e-05 0.000320228517256
BPM.27L1.B2 25363.8478 -0.00952486421686 0.00180317220527 0.000321026638201 2.17194415528e-05
BPM.26L1.B2 25417.29928 -0.00980006489226 0.00101835804249 1.56657571958e-05 -0.000160275995483
BPM.25L1.B2 25470.75077 -0.00937526061213 0.00303031573507 -0.000160674193357 -1.08450294638e-05
BPM.24L1.B2 25524.20225 -0.0095892484797 0.00226376645692 -9.04604942518e-06 0.000160785507541
BPM.23L1.B2 25577.65373 -0.00891057635511 0.0042047537418 0.000160984741422 4.20980355108e-06
BPM.22L1.B2 25631.10522 -0.00938160919597 0.00346172846317 -4.79301581318e-08 -4.18716956584e-08
BPM.21L1.B2 25684.5567 -0.00845874157437 0.00533365222433 -4.04020805205e-08 4.91563238857e-08
BPM.20L1.B2 25738.00819 -0.00886163992975 0.0046335184021 4.96131454259e-08 3.98538955604e-08
BPM.19L1.B2 25791.45967 -0.00770699565749 0.00637184219608 3.83452192968e-08 -5.07845997282e-08
BPM.18L1.B2 25844.91115 -0.00819612193803 0.00572902611696 -5.12147576137e-08 -3.77719576225e-08
BPM.17L1.B2 25898.36264 -0.00682846064432 0.00730549658425 -3.6215226769e-08 5.23215586956e-08
BPM.16L1.B2 25951.81412 -0.00739583732022 0.00673050855581 5.27275198534e-08 3.56324920463e-08
BPM.15L1.B2 26005.26561 -0.00583787592411 0.00811895065471 3.40354598836e-08 -5.37762500841e-08
BPM.14L1.B2 26058.71709 -0.0064741033178 0.00762129525015 -5.41551096154e-08 -3.34296570961e-08
BPM.13L1.B2 26112.16857 -0.00475118562987 0.00879911303211 -3.17804858376e-08 5.51331967265e-08
BPM.12L1.B2 26165.62006 -0.00645010120363 0.00764161956662 5.30057073564e-08 3.5219867863e-08
BPM.11L1.B2 26219.07154 -0.00581873265977 0.00813268130951 4.08909416336e-08 -4.87585946453e-08
BPM.10L1.B2 26271.85423 -0.00485430903502 0.00874264484122 -5.10745793133e-08 -3.79711199322e-08
BPM.9L1.B2 26310.92122 -0.00295228697133 0.00955416959544 -4.23255766387e-08 4.75229794865e-08
BPM.8L1.B2 26351.38621 -0.00874764517029 0.00484529246072 6.17906366982e-08 1.5231281438e-08
BPM.7L1.B2 26390.4542 -0.00429695759784 0.00902963512202 2.09767775742e-08 -6.00818249785e-08
BPMR.6L1.B2 26433.6382 -0.00354864902833 0.00934907723364 -3.40595859828e-08 -5.37589698847e-08
BPM.5L1.B2 26465.5382 -0.00358826672856 0.0093339432651 -5.52872946063e-08 -3.15038280718e-08
BPMYA.4L1.B2 26486.6562 -0.00351619450653 0.00936133169917 -6.22994592865e-08 -1.2979662722e-08
BPMWB.4L1.B2 26507.7127 -0.00215790033782 0.00976430341264 -6.27424553112e-08 1.06456408317e-08
BPMSY.4L1.B2 26600.5687 -0.00134662708017 0.00990882185537 1.56001762812e-08 6.16935752732e-08
BPMS.2L1.B2 26627.3542 -0.000362392988147 0.00999333909971 4.08582496937e-08 4.87907987071e-08
BPMSW.1L1.B2 26637.4082 -8.62564183675e-08 0.00999990775102 5.28381083606e-08 3.54672411507e-08
