BPMSW.1R1.B2 21.475 -0.00309317003449 0.00922542783851 2.35703075478e-05 0.000222976894004
BPMS.2R1.B2 31.529 -0.00342535549234 0.00910731351535 8.47899829466e-05 0.000207569050834
BPMSY.4R1.B2 58.3145 -0.00430719723881 0.00872492244073 0.000166552328939 0.000150115204507
BPMWB.4R1.B2 151.1705 -0.00501105147899 0.00834059846489 0.000136387161496 -0.000177968524401
BPMYA.4R1.B2 172.227 -0.00613956288666 0.00754864141486 6.205752179e-05 -0.000215460249831
BPMR.5R1.B2 199.635 -0.00596430386679 0.00768786700283 -2.84498976014e-05 -0.000222406961128
BPM.6R1.B2 231.535 -0.00655504425542 0.0071908006862 -0.000133453516557 -0.000180178840214
BPMRA.7R1.B2 259.259 -0.00712279003672 0.00662888239519 -0.00020861153371 -8.21917484995e-05
BPM.8R1.B2 300.6960106 -0.00899558383671 0.00370886655364 -0.000124892633928 0.000186215156066
BPM.9R1.B2 339.7610212 -0.00856679549709 0.00461370074241 0.000212317653166 7.20795851738e-05
BPM.10R1.B2 380.2240318 -0.00584400706081 0.0077797044393 2.43158441678e-05 -0.000222896828238
BPM.11R1.B2 433.0047424 -0.00890934550786 0.00391149360262 -0.000220505141295 4.06415334012e-05
BPM.12R1.B2 487.7282583 -0.00817049544757 0.0052838644776 5.85812216039e-05 0.000216431270967
BPM.13R1.B2 541.1767742 -0.00883512609642 0.00407636683324 0.000212753883091 -7.07816295826e-05
BPM.14R1.B2 594.6252901 -0.0077968878289 0.00582106174552 -7.71172820383e-05 -0.000210540205967
BPM.15R1.B2 648.073806 -0.00824119761744 0.00517289875357 -0.000209673705092 7.94430072445e-05
BPM.16R1.B2 701.5223219 -0.00698810421098 0.00677071777649 8.56801499062e-05 0.000207203199404
BPM.17R1.B2 754.9708378 -0.00751170340733 0.00618470141735 0.000206238565013 -8.79767405753e-05
BPM.18R1.B2 808.4193537 -0.00606471395768 0.00760890690325 -9.41109186511e-05 -0.00020351262512
BPM.19R1.B2 861.8678696 -0.00665895597258 0.00709468287468 -0.000202458154465 9.63584511744e-05
BPM.20R1.B2 915.3163855 -0.00504140892829 0.00832228428172 0.000102372557341 0.000199484618818
BPM.21R1.B2 968.7649014 -0.00569655804366 0.00788831072659 0.000198335416417 -0.000104581625057
BPM.22R1.B2 1022.213417 -0.0039355873253 0.00889872867707 -0.000110471398484 -0.000195116179806
BPM.23R1.B2 1075.661933 -0.00464086592623 0.00855210986472 -0.000193880580889 0.000112625816551
BPM.24R1.B2 1129.110449 -0.00251753499694 0.00928180246179 0.000118129314036 -6.13931715278e-05
BPM.25R1.B2 1182.558965 -0.00325850716397 0.00904831312497 -6.27000989152e-05 -0.000117440857183
BPM.26R1.B2 1236.007481 -0.00130973982945 0.00952756112437 -0.000115511772174 6.61867604652e-05
BPM.27R1.B2 1289.455997 -0.00207415984965 0.0093908306487 6.74630985791e-05 0.000114771022459
BPM.28R1.B2 1342.904513 0.000167153217969 0.00956958704041 0.000112454066695 -0.000322679397193
BPM.29R1.B2 1396.353029 -0.000605986866909 0.00955184360407 -0.000323907163406 -0.00010886718305
BPM.30R1.B2 1449.801545 0.00138972545426 0.00946961453722 -9.91226110692e-05 0.000327020824041
BPM.31R1.B2 1503.25006 0.000621348144817 0.00955085665344 0.000328099309321 9.54921758584e-05
BPM.32R1.B2 1556.698576 0.00258981961395 0.00921399862708 8.56348114352e-05 -0.000330808995267
BPM.33R1.B2 1610.147092 0.00183751009025 0.0093930023425 -0.000331739091241 -8.19578516067e-05
BPM.34R1.B2 1663.595608 0.00374706063959 0.00880706948061 -7.19881418312e-05 0.00033404433917
BPM.33L2.B2 1717.044124 0.00302440529772 0.00908063372955 0.000334821311855 6.82832165728e-05
BPM.32L2.B2 1770.49264 0.00484297528787 0.00825533322676 5.82394326633e-05 -0.000336713646461
BPM.31L2.B2 1823.941156 0.00416075084269 0.00861934387009 -0.000337339602775 -5.44968265602e-05
BPM.30L2.B2 1877.389672 0.00585913144327 0.00756805886818 -4.43695906578e-05 0.00033882038137
BPM.29L2.B2 1930.838188 0.0052294923123 0.00801606801923 0.000339290889922 4.06153045719e-05
BPM.28L2.B2 1984.286704 0.00677914944521 0.00675633547877 3.04519918451e-05 -0.000340353621724
BPM.27L2.B2 2037.73522 0.00621166240578 0.00728149617029 -0.000340670932135 -2.66688361348e-05
BPM.26L2.B2 2091.183735 0.0078350012734 0.00578660731961 -1.6708607379e-05 8.95077366484e-05
BPM.25L2.B2 2144.632251 0.00734251019577 0.00639996977972 8.96874290898e-05 1.57155477577e-05
BPM.24L2.B2 2198.080767 0.00851087372311 0.00473678135536 1.30254707013e-05 -9.01174253464e-05
BPM.23L2.B2 2251.529283 0.00810084877985 0.00540817142484 -9.02564124332e-05 -1.20246731949e-05
BPM.22L2.B2 2304.977799 0.00929425735867 0.00356209352688 -9.56461559987e-06 -0.000161244180214
BPM.21L2.B2 2358.426315 0.00897646272115 0.00430056359785 -0.000161128074851 1.13540626688e-05
BPM.20L2.B2 2411.874831 0.00967357035447 0.00234387858139 1.61722573447e-05 0.000160715979536
BPM.19L2.B2 2465.323347 0.00945289083591 0.00311682291568 0.000160526985773 -1.79514795661e-05
BPM.18L2.B2 2518.771863 0.0098939217854 0.00108721749445 -2.27459861485e-05 -0.000159918067855
BPM.17L2.B2 2572.220379 0.00977390978198 0.00188213118352 -0.000159655636444 2.45203314166e-05
BPM.16L2.B2 2625.668894 0.00995171457735 -0.000187369093002 2.92884898009e-05 0.000158850102954
BPM.15L2.B2 2679.11741 0.00993438005065 0.000616298023574 0.000158515999856 -3.10458700698e-05
BPM.14L2.B2 2732.565926 0.00984599183569 -0.0014588265876 -3.57744816232e-05 -0.000157516207593
BPM.13L2.B2 2786.014442 0.00993160568943 -0.000659498750855 -0.000157109184366 3.75216466143e-05
BPM.12L2.B2 2839.462958 0.00951503090629 -0.00292162917492 4.01143195309e-05 0.00015646728442
BPM.11L2.B2 2892.911474 0.00989814218731 -0.00104809898247 0.000159606615755 -2.48374329933e-05
BPM.10L2.B2 2944.750185 0.00978044577559 -0.00184786650719 5.2959005739e-06 -0.000161440768144
BPM.9L2.B2 2983.815195 0.00921228204633 -0.00376903033726 -0.000156990802252 -3.80139125352e-05
BPM.8L2.B2 3024.278206 0.00703010743567 -0.00704622733286 8.42900579236e-05 0.000137790981226
BPM.7L2.B2 3063.344216 0.00945092521357 0.00312277805897 0.000125010242594 -0.000102291780444
BPM.6L2.B2 3095.450216 0.00910690343425 0.00401696901685 6.35318353453e-05 -0.000148508837748
BPMYB.5L2.B2 3167.649216 0.00982548187755 0.00159111156045 -0.000144511906733 -7.21628708434e-05
BPMYB.4L2.B2 3188.219216 0.00994781180411 -0.000335813260153 -0.000159479892545 2.56385011512e-05
BPMWB.4L2.B2 3212.610716 0.00983435369066 0.00153532332009 -7.49222394407e-05 0.000143100757687
BPMSX.4L2.B2 3262.843716 0.00929513819106 -0.00355979440157 0.000158740895508 2.98746844023e-05
BPMS.2L2.B2 3300.755216 0.00929068681635 -0.00357139593223 0.000140781738578 -7.91938722023e-05
BPMSW.1L2.B2 3310.689216 0.009418247274 -0.00321999199617 0.000115556951607 -0.000112861676724
BPMSW.1R2.B2 3353.879216 0.00941824643814 -0.00321999446227 9.24988966103e-05 0.000132420252276
BPMS.2R2.B2 3363.813216 0.00929068622994 -0.00357139747814 0.000123556253128 0.000104043340265
BPMSX.4R2.B2 3401.724716 0.00929513994653 -0.00355978982837 0.000161527444296 2.32616514459e-07
BPMWB.4R2.B2 3451.881716 0.00983409738097 0.00153696418675 -4.64494603512e-05 -0.000154704934166
BPMYB.4R2.B2 3476.349216 0.00994919446962 -0.000291992315857 -0.000151869729848 -5.50159629943e-05
BPM.5R2.B2 3505.883216 0.0081334014024 0.00573755277485 -0.000115727450812 0.000112686848175
BPMR.6R2.B2 3579.179216 0.00717721006575 0.00689633130788 0.000105587121787 0.000122239618748
BPM_A.7R2.B2 3592.054216 0.00746415062718 0.00658469329006 0.000125654008799 0.000101499954768
BPM.8R2.B2 3633.493206 0.00940831793655 0.00324888962694 0.000148881049197 -6.26546241897e-05
BPM.9R2.B2 3672.560195 0.00742750925688 -0.00662599701844 -0.000115889505518 -0.000112520183782
BPM.10R2.B2 3713.025185 0.0069197902098 -0.00715459527791 -0.000146292264514 6.8481703106e-05
BPM.11R2.B2 3764.865874 0.00635974090571 -0.00765672422345 5.39864974072e-05 0.000152238718484
BPM.12R2.B2 3819.592358 0.00683097467285 -0.00723944164034 0.00014688081279 -6.72100906505e-05
BPM.13R2.B2 3873.043842 0.00430760013084 -0.00897308817113 -8.26142912233e-05 -0.000138802189326
BPM.14R2.B2 3926.495326 0.00501763989204 -0.00859622127148 -0.000137867664884 8.41645776147e-05
BPM.15R2.B2 3979.94681 0.0031242817425 -0.00945042823466 8.82684981144e-05 0.000135276902032
BPM.16R2.B2 4033.398294 0.00387685259467 -0.00916742844139 0.000134280433453 -8.97771407778e-05
BPM.17R2.B2 4086.849779 0.00188950784496 -0.0097724863942 -9.37710389191e-05 -0.000131522476238
BPM.18R2.B2 4140.301263 0.00267209725975 -0.00958809816787 -0.0001304627463 9.52399106492e-05
BPM.19R2.B2 4193.752747 0.000623980297922 -0.0099339004824 9.91162072226e-05 0.000127542721282
BPM.20R2.B2 4247.204231 0.00142371934871 -0.00985112955319 0.000126424923631 -0.000100538094063
BPM.21R2.B2 4300.655715 -0.000652134008288 -0.00993209199693 -0.000104291221568 -0.000123347117833
BPM.22R2.B2 4354.107199 0.000151642458784 -0.00995232308386 -0.000122170376197 0.000105667250196
BPM.23R2.B2 4407.558683 -0.00191717175787 -0.009767096942 0.000109289681743 0.000118940893367
BPM.24R2.B2 4461.010167 -0.000952535429078 -0.00987919203424 0.000120308349587 -0.000281145932224
BPM.25R2.B2 4514.461651 -0.00298258849682 -0.00946625188729 -0.000284633562837 -0.000111807276367
BPM.26R2.B2 4567.913135 -0.00220866672531 -0.00967613302307 -0.000108612105867 0.000285868054553
BPM.27R2.B2 4621.36462 -0.00416866035772 -0.00900710995628 0.000289002252643 9.99741587566e-05
BPM.28R2.B2 4674.816104 -0.00325812864457 -0.00930331253697 9.93234583236e-05 -0.000460632346412
BPM.29R2.B2 4728.267588 -0.0051184818541 -0.00842426079156 -0.000463407623547 -8.54440038709e-05
BPM.30R2.B2 4781.719072 -0.00442159793233 -0.008810022596 -8.02543678376e-05 0.000464334518456
BPM.31R2.B2 4835.170556 -0.00615362610617 -0.00770064362523 0.00046653696165 6.62613552791e-05
BPM.32R2.B2 4888.62204 -0.00551224161069 -0.00817203884286 6.10204426131e-05 -0.000467251337946
BPM.33R2.B2 4942.073524 -0.00708858242493 -0.00684974638946 -0.000468872777365 -4.69640466202e-05
BPM.34R2.B2 4995.525008 -0.00651241155871 -0.00739969743367 -4.17191444062e-05 0.00046936853196
BPM.33L3.B2 5048.976492 -0.00790630164891 -0.00588705534482 0.000470410705557 2.75875943072e-05
BPM.32L3.B2 5102.427976 -0.00740550513404 -0.0065058066456 2.23028073088e-05 -0.00047069086481
BPM.31L3.B2 5155.87946 -0.00859466649917 -0.00482687624038 -0.000471148212549 -8.16515969997e-06
BPM.30L3.B2 5209.330945 -0.00817692973702 -0.00550498379077 -2.89939413576e-06 0.000471210036565
BPM.29L3.B2 5262.782429 -0.00914140281641 -0.00368805923901 0.000471084067243 -1.12743104812e-05
BPM.28L3.B2 5316.233913 -0.00881398253651 -0.00441369893308 -1.6565674076e-05 -0.000470927685732
BPM.27L3.B2 5369.685397 -0.00953816330273 -0.00248806497178 -0.000470218566045 3.06889382228e-05
BPM.26L3.B2 5423.136881 -0.00913593098697 -0.00323909619844 3.85488305664e-05 0.000299311104575
BPM.25L3.B2 5476.588365 -0.00960927008899 -0.00127236299954 0.000298016495674 -4.75322511121e-05
BPM.24L3.B2 5530.039849 -0.00947523633365 -0.00204374060179 -5.08735219651e-05 -0.000297464336011
BPM.23L3.B2 5583.491333 -0.00969308615207 -3.25590110506e-05 -0.000295803463616 5.97784183282e-05
BPM.22L3.B2 5636.942817 -0.00948856366169 -0.000804055477328 6.56870393201e-05 0.000124586840423
BPM.21L3.B2 5690.394301 -0.00944881744823 0.00118287548337 0.000122555848604 -6.94026938722e-05
BPM.20L3.B2 5743.845786 -0.00951346270501 0.000416380735164 -7.07718904708e-05 -0.000121770315689
BPM.19L3.B2 5797.29727 -0.0092198620066 0.00238190893273 -0.000119590521685 7.43960840057e-05
BPM.18L3.B2 5850.748754 -0.00938202509273 0.00163001555328 7.57309202313e-05 0.000118749724249
BPM.17L3.B2 5904.200238 -0.00883938717417 0.00354183285217 0.000116419428998 -7.92665550538e-05
BPM.16L3.B2 5957.651722 -0.00909643060396 0.00281678821155 -8.05662594888e-05 -0.000115523794086
BPM.15L3.B2 6011.103206 -0.0083136893107 0.00464348098262 -0.00011305268397 8.39985692516e-05
BPM.14L3.B2 6064.55469 -0.00866131908379 0.00395738515772 8.5259676041e-05 0.000112104666336
BPM.13L3.B2 6118.006174 -0.00765131236132 0.00566892976833 0.00010949104755 -8.85910791526e-05
BPM.12L3.B2 6171.457658 -0.0087387957122 0.00378322548841 -8.00406733629e-05 -0.000115888559297
BPM.11L3.B2 6224.909142 -0.00907829031592 0.00287471573145 -0.000119303495642 7.48554871431e-05
BPM.10L3.B2 6277.691832 -0.00946200286812 -0.00107230933234 6.50647809689e-05 0.00012491294442
BPM.9L3.B2 6316.758821 -0.00950770550286 0.000531866140487 0.000137413966715 3.08880351934e-05
BPM.8L3.B2 6357.223811 -0.00923457936144 0.00232419654286 0.000104784026566 -9.41115139366e-05
BPM.7L3.B2 6396.2898 -0.00740514009817 0.00598692289217 -3.59780038809e-05 -0.000136169938563
BPMR.6L3.B2 6468.9288 0.000139034623986 0.00952155527995 -0.000103012024708 9.60478617568e-05
BPMWE.5L3.B2 6511.9823 0.000339943779978 0.00951650060556 -2.65634749864e-05 0.000138315043162
BPMW.5L3.B2 6539.5273 -0.0025695577623 0.0091693357751 3.75998554047e-05 0.00013573105375
BPMWE.4L3.B2 6614.6553 0.000756860215815 0.00949244479511 0.000140796472153 3.60861406924e-06
BPMW.4L3.B2 6642.2003 0.00766912994597 0.005644802164 7.92746531674e-05 -0.000116413907254
BPMW.4R3.B2 6687.1653 0.00871598780876 0.00383547938235 -8.96986931004e-06 -0.00014055678797
BPMWE.4R3.B2 6714.7103 0.00782847273803 0.0054216565849 -6.07465170188e-05 -0.000127068994469
BPMW.5R3.B2 6789.8383 0.00870440158189 0.00386170152083 -0.000140828963245 -1.96788698926e-06
BPMWE.5R3.B2 6817.3833 0.00952228666029 7.3500444433e-05 -0.000117728332387 7.73091791819e-05
BPMWC.6R3.B2 6858.3743 0.00948566213356 -0.000837591451178 -4.78589430503e-05 0.000132462033853
BPM.6R3.B2 6870.5288 0.00952074986535 0.000186192255411 -1.75693870796e-05 0.000139742568695
BPM_A.7R3.B2 6926.3528 0.00952253249547 -2.68408321419e-05 0.000118637170414 7.59071179728e-05
BPM.8R3.B2 6965.418789 0.00802310675999 0.00512924005245 8.36011983906e-05 -0.000113346848474
BPM.9R3.B2 7004.485779 -1.72411343628e-05 0.00952255471536 -0.000125837673347 -6.32578028547e-05
BPM.10R3.B2 7044.950768 0.00108038620963 0.00946108403832 -0.000132356254853 4.81507046681e-05
BPM.11R3.B2 7097.733458 0.00402595142998 0.0086296616772 2.06285907134e-05 0.000139323832112
BPM.12R3.B2 7152.459942 0.00655835203492 0.00690415556624 0.000131491239409 -5.04650550476e-05
BPM.13R3.B2 7205.911426 0.00544373319346 0.0078131373025 -5.87832287778e-05 -0.000127989063917
BPM.14R3.B2 7259.36291 0.00694674904506 0.00651321911462 -0.000126165129548 6.26021518538e-05
BPM.15R3.B2 7312.814394 0.00639849130207 0.00705256369133 6.40118686126e-05 0.000125455767316
BPM.16R3.B2 7366.265878 0.0077229835159 0.00557089500447 0.000123476879001 -6.7750489244e-05
BPM.17R3.B2 7419.717362 0.00724807416156 0.00617614495135 -6.91295697455e-05 -0.000122710113385
BPM.18R3.B2 7473.168846 0.00837212751206 0.00453727082484 -0.000120576761743 7.27867569223e-05
BPM.19R3.B2 7526.62033 0.00797865849345 0.00519811063639 7.41332226415e-05 0.000119753638613
BPM.20R3.B2 7580.071814 0.00888381999973 0.00342886099966 0.00011747362159 -7.76956641875e-05
BPM.21R3.B2 7633.523299 0.00857805129773 0.0041347770798 -7.90068961277e-05 -0.00011659579415
BPM.22R3.B2 7686.974783 0.00924944796322 0.00226430077229 -0.000114168096415 8.24761431233e-05
BPM.23R3.B2 7740.426267 0.00903653605388 0.00300339170609 8.37501424805e-05 0.000113236844398
BPM.24R3.B2 7793.877751 0.00967343076478 0.00102228302326 0.000110445489876 -0.000301148556559
BPM.25R3.B2 7847.329235 0.009559347409 0.00179977844419 -0.000302368849091 -0.000107059520429
BPM.26R3.B2 7900.780719 0.00972472860119 -0.000223559836017 -9.79164257162e-05 0.00030545218028
BPM.27R3.B2 7954.232203 0.0097110472928 0.000562037203076 0.000306528403048 9.44933859761e-05
BPM.28R3.B2 8007.683687 0.00982654949374 -0.00150595675027 8.50329718265e-05 -0.000523273331301
BPM.29R3.B2 8061.135171 0.00991603707218 -0.000707947416348 -0.000524195943222 -7.91466919561e-05
BPM.30R3.B2 8114.586655 0.0095531622343 -0.00275064938811 -6.33371235021e-05 0.000526340189712
BPM.31R3.B2 8168.03814 0.00974402004595 -0.00197054664062 0.000527014748085 5.74546855369e-05
BPM.32R3.B2 8221.489624 0.00912278495981 -0.00395016142766 4.16190843006e-05 -0.000528501117632
BPM.33R3.B2 8274.941108 0.00941180337307 -0.003201083868 -0.000528935516668 -3.56764378559e-05
BPM.34R3.B2 8328.392592 0.00854250234974 -0.00508474525534 -1.97477105383e-05 0.00052976939589
BPM.33L4.B2 8381.844076 0.00892510920189 -0.00437851646215 0.00052995691983 1.38292484662e-05
BPM.32L4.B2 8435.29556 0.00782182599828 -0.0061357981329 -2.0794347071e-06 -0.000530133250962
BPM.31L4.B2 8488.747044 0.0082914169471 -0.00548465001185 -0.000530076412345 8.03637210699e-06
BPM.30L4.B2 8542.198528 0.00697265291774 -0.00708597854629 2.39746390223e-05 0.000529594941008
BPM.29L4.B2 8595.650012 0.00752198978159 -0.00649989618065 0.000529293997185 -2.98905882393e-05
BPM.28L4.B2 8649.101496 0.00600882742607 -0.00791978368882 -4.57650787579e-05 -0.000528158256391
BPM.27L4.B2 8702.55298 0.00662823661966 -0.00740914705233 -0.000527610946975 5.16940378125e-05
BPM.26L4.B2 8756.004465 0.00515654124271 -0.00866361424323 6.72908581041e-05 0.000311783726182
BPM.25L4.B2 8809.455949 0.00583909897483 -0.00821906640325 0.00031101118824 -7.07756485696e-05
BPM.24L4.B2 8862.907433 0.0040057586073 -0.00925213636582 -8.00849796971e-05 -0.000308745118039
BPM.23L4.B2 8916.358917 0.00473930446598 -0.00889871465706 -0.000307827597161 8.35423332798e-05
BPM.22L4.B2 8969.810401 0.00299948892885 -0.00972875191283 9.25180441668e-05 9.11352226037e-05
BPM.21L4.B2 9023.261885 0.00377492316085 -0.00945491949991 9.00930620658e-05 -9.3533192755e-05
BPM.20L4.B2 9076.713369 0.00173013061447 -0.010032556786 -9.61976611473e-05 -8.72423473985e-05
BPM.19L4.B2 9130.164853 0.00253423689702 -0.00986018209344 -8.61591098353e-05 9.71690607642e-05
BPM.18L4.B2 9183.616337 0.000432632022977 -0.0101714491171 9.97137237027e-05 8.32009075816e-05
BPM.17L4.B2 9237.067821 0.0012521649472 -0.0101033474924 8.20782845641e-05 -0.000100639816149
BPM.16L4.B2 9290.519306 -0.000872272422906 -0.0101432089778 -0.000103060257607 -7.90177246554e-05
BPM.15L4.B2 9343.97079 -5.07388881195e-05 -0.0101805192978 -7.78584641515e-05 0.000103938813781
BPM.14L4.B2 9397.422274 -0.00216255087381 -0.0099483124893 0.000106231084786 7.47005576579e-05
BPM.13L4.B2 9450.873758 -0.00135256552687 -0.0100903971237 7.35050836571e-05 -0.000107061761477
BPM.12L4.B2 9504.325242 -0.00435935673778 -0.00920008459016 -0.000105085943465 -7.63030983315e-05
BPM.11L4.B2 9557.776726 -0.00402765391637 -0.00935005623176 -9.2533125031e-05 9.11199134535e-05
BPMC.10L4.B2 9609.617415 -0.00515584063086 -0.00877854515334 7.73236623585e-05 0.00010433728594
BPMC.9L4.B2 9648.684405 -0.00595184085073 -0.00825960883397 0.00011678975484 -5.67923506027e-05
BPMC.8L4.B2 9689.149394 -0.00821176949108 -0.00601767308756 -0.000122756320275 -4.23804453144e-05
BPMC.7L4.B2 9728.215384 -0.0007032436374 -0.0101563278792 -2.96882831067e-05 0.000126427146382
BPMYA.6L4.B2 9824.819384 -0.00219104282182 -0.00994207618908 0.000112922013793 6.41392048184e-05
BPMYB.5L4.B2 9861.819384 -0.00217312004928 -0.00994600909234 0.000126016099968 3.13872578361e-05
BPMWA.B5L4.B2 9964.209884 -0.00690307612753 -0.00748285290328 9.0471964814e-05 -9.31667354554e-05
BPMWA.A5L4.B2 9973.094884 -0.00716480867583 -0.007232638816 8.13557095085e-05 -0.000101224827608
BPMWA.A5R4.B2 10021.14388 -0.00793575717095 -0.00637724907209 2.64246196395e-05 -0.000127149347453
BPMWA.B5R4.B2 10030.02888 -0.00797510005334 -0.00632797967338 1.60747949696e-05 -0.0001288674436
BPMYA.5R4.B2 10132.49538 -0.00684436943911 -0.00753658772718 -8.35103482896e-05 -9.94547011956e-05
BPMYB.6R4.B2 10164.05938 -0.00703195929507 -0.00736186770413 -0.000102989011786 -7.91105598323e-05
BPMCA.7R4.B2 10260.57538 -0.00404709635667 -0.00934165717006 -6.72058551179e-05 0.000111124211873
BPMC.8R4.B2 10298.36637 -0.00141514423171 -0.0100818110679 0.000115176376103 5.9996836807e-05
BPMC.9R4.B2 10337.43336 -0.00761830531065 -0.00675329340771 1.04820767262e-05 -0.000129442432449
BPMC.10R4.B2 10377.89835 -0.00787682499518 -0.00644989733032 -0.000121880797465 -4.48362491887e-05
BPM.11R4.B2 10429.73904 -0.00956913786399 -0.00347521914401 -5.57068925183e-05 0.000117311373435
BPM.12R4.B2 10484.46553 -0.00968499283114 -0.00313790718127 0.000114523183044 6.12344523926e-05
BPM.13R4.B2 10537.91701 -0.0101272754812 -0.00104107584334 5.76042059973e-05 -0.000116391467283
BPM.14R4.B2 10591.36849 -0.0100102075393 -0.00185507212809 -0.000117029293202 -5.6297080269e-05
BPM.15R4.B2 10644.81998 -0.0101772472289 0.000263033101265 -5.27572574148e-05 0.000118667131496
BPM.16R4.B2 10698.27146 -0.0101652749951 -0.000559224360697 0.00011925101822 5.14238502027e-05
BPM.17R4.B2 10751.72295 -0.0100599770766 0.00156282080175 4.78164286728e-05 -0.000120742732908
BPM.18R4.B2 10805.17443 -0.0101532969789 0.000745726520711 -0.000121270665901 -4.64611921302e-05
BPM.19R4.B2 10858.62591 -0.00977739735964 0.00283690826246 -4.27982760869e-05 0.000122611270539
BPM.20R4.B2 10912.0774 -0.00997445952916 0.00203855455893 0.000123083284209 4.14212844648e-05
BPM.21R4.B2 10965.52888 -0.00933413889174 0.00406440632307 3.77034123307e-05 -0.000124272565728
BPM.22R4.B2 11018.98037 -0.00963175225593 0.00329771074093 -0.000124687035258 -3.63092552953e-05
BPM.23R4.B2 11072.43185 -0.00873750988035 0.0052250807365 -3.25480552599e-05 0.000125721288916
BPM.24R4.B2 11125.88333 -0.00895496971612 0.00451388876613 0.000128757893723 -0.000144894391298
BPM.25R4.B2 11179.33482 -0.00782315184864 0.00627415090425 -0.000148696754586 -0.000124347310108
BPM.26R4.B2 11232.7863 -0.00830402212368 0.0056222674251 -0.000122675847399 0.000150078688382
BPM.27R4.B2 11286.23779 -0.00695611822742 0.00722350979091 0.00015369716639 0.000118110787609
BPM.28R4.B2 11339.68927 -0.00734078798455 0.00664948194555 0.000119055757965 -0.000331037767022
BPM.29R4.B2 11393.14075 -0.00580101124041 0.00802814094145 -0.000334463363583 -0.0001090620838
BPM.30R4.B2 11446.59224 -0.00642994084803 0.00753383296217 -0.000105314823817 0.000335662129894
BPM.31R4.B2 11500.04372 -0.00472593266798 0.008704501065 0.000338676134518 9.51774762882e-05
BPM.32R4.B2 11553.49521 -0.00541321123541 0.00829457187091 9.13714290626e-05 -0.000339722739615
BPM.33R4.B2 11606.94669 -0.00357402491952 0.00923737648126 -0.00034231331158 -8.1128751516e-05
BPM.34R4.B2 11660.39818 -0.00430775250619 0.0089188590471 -7.72924757535e-05 0.000343199865616
BPM.33L5.B2 11713.84966 -0.00236244226841 0.0096188172307 0.00034536791553 6.69423510818e-05
BPM.32L5.B2 11767.30114 -0.00313129257052 0.00939669011896 6.30660441404e-05 -0.000346096736622
BPM.31L5.B2 11820.75263 -0.00111306794409 0.00984194381879 -0.000347834689667 -5.26431585153e-05
BPM.30L5.B2 11874.20411 -0.00190356205586 0.00972004269132 -4.87438398657e-05 0.000348402520441
BPM.29L5.B2 11927.6556 0.000155680006225 0.00990346111792 0.000349709948877 3.82522031066e-05
BPM.28L5.B2 11981.10708 -0.000644406259907 0.00988369965827 3.43319592184e-05 -0.000350116541628
BPM.27L5.B2 12034.55856 0.00142077083159 0.00980225426212 -0.000350989867959 -2.37989976545e-05
BPM.26L5.B2 12088.01005 0.000800807809613 0.00989604488106 -1.71813593355e-05 0.000175208775505
BPM.25L5.B2 12141.46153 0.00283750817035 0.00951428109834 0.000175645879977 1.19095690496e-05
BPM.24L5.B2 12194.91302 0.00206020451722 0.00971228885475 9.94177002371e-06 -0.000175768242979
BPM.23L5.B2 12248.3645 0.00403108399893 0.00907322209964 -0.000175987590923 -4.65640675403e-06
BPM.22L5.B2 12301.81598 0.00346133665605 0.00938009594346 -1.23846740714e-09 1.80873933778e-09
BPM.21L5.B2 12355.26747 0.00533286379165 0.00845740001894 1.84730643597e-09 1.19104833411e-09
BPM.20L5.B2 12408.71895 0.0046328417014 0.00886023866074 1.16120015288e-09 -1.85740869231e-09
BPM.19L5.B2 12462.17044 0.0063709728817 0.00770569632632 -1.89104580223e-09 -1.10486356267e-09
BPM.18L5.B2 12515.62192 0.00572826115637 0.00819475902419 -1.08553931024e-09 1.90248389614e-09
BPM.17L5.B2 12569.07341 0.00730439233825 0.00682736434226 1.9342382445e-09 1.03023617508e-09
BPM.16L5.B2 12622.52489 0.00672950158491 0.00739465075326 1.00226255253e-09 -1.94662476845e-09
BPM.15L5.B2 12675.97637 0.00811777985439 0.00583684003196 -1.97844223132e-09 -9.4850102027e-10
BPM.14L5.B2 12729.42786 0.00762020567583 0.00647298361223 -9.24278761138e-10 1.98651180171e-09
BPM.13L5.B2 12782.87934 0.00879776799171 0.00475040310837 2.01073492811e-09 8.62180543563e-10
BPM.12L5.B2 12836.33083 0.00764046673817 0.00644905569641 9.9173310076e-10 -1.95496452416e-09
BPM.11L5.B2 12889.78231 0.00813150427138 0.0058177048405 -1.83482361807e-09 -1.2003758917e-09
BPM.10L5.B2 12942.565 0.00874135761421 0.00485342336963 -1.09492863391e-09 1.9034432246e-09
BPM.9L5.B2 12981.63199 0.00955270283729 0.00295176555954 1.79843609586e-09 1.2538434849e-09
BPM.8L5.B2 13022.09698 0.00484460657027 0.0087462471117 2.71242468495e-10 -2.17632837101e-09
BPM.7L5.B2 13061.16497 0.00902829965056 0.00429614440067 -2.14099747992e-09 -4.76252781177e-10
BPMR.6L5.B2 13098.05897 0.00914711503421 0.00403699614913 -1.84966033457e-09 1.17073038763e-09
BPMWT.B6L5.B2 13109.36897 0.00944760631523 0.00327258097164 -1.5817984707e-09 1.52085991399e-09
BPMWT.A6L5.B2 13115.19097 0.00950437780192 0.00310384501787 -1.43576432899e-09 1.66406533489e-09
BPM.5L5.B2 13129.95897 0.00943834318209 0.00329920131021 -1.04388638837e-09 1.92363631066e-09
BPMYA.4L5.B2 13157.36497 0.00935988144175 0.00351563234004 -1.90760689877e-10 2.18212846324e-09
BPMWB.4L5.B2 13178.42347 0.00976280675287 0.00215746510137 6.17619012501e-10 2.10288442666e-09
BPMWT.B4L5.B2 13178.89297 0.00976940214784 0.00212740053217 6.3788208944e-10 2.09938960492e-09
BPMWT.A4L5.B2 13180.87497 0.00979593302182 0.00200168619079 7.14099714118e-10 2.0755057293e-09
BPMSY.4L5.B2 13271.27947 0.00990728784431 0.00134636508075 2.04945265614e-09 -7.83280139263e-10
BPMS.2L5.B2 13298.06497 0.00999178714007 0.00036227222716 1.51004411084e-09 -1.57854664222e-09
BPMSW.1L5.B2 13308.11897 0.00999835244923 1.28918079971e-08 1.01433888417e-09 -1.95709985673e-09
BPMSW.1R5.B2 13351.06897 0.00999835243975 -1.21570476383e-08 1.53816000461e-09 1.56803984026e-09
BPMS.2R5.B2 13361.12297 0.00999178782811 0.000362253003366 1.9023115302e-09 1.09074559997e-09
BPMSY.4R5.B2 13387.90847 0.00990728875327 0.00134635838231 2.18773686262e-09 1.41224258714e-10
BPMWB.4R5.B2 13480.76447 0.00976278401906 0.00215756796917 -3.31828745347e-11 -2.19354599658e-09
BPMYA.4R5.B2 13501.82097 0.00935986935624 0.00351566452398 -8.24360033424e-10 -2.02832127119e-09
BPMR.5R5.B2 13522.93897 0.00933247780566 0.00358774433488 -1.40781504219e-09 -1.67222540358e-09
BPM.6R5.B2 13554.83897 0.00934759073731 0.00354818246679 -2.03227723375e-09 -8.18855124111e-10
BPMRA.7R5.B2 13588.85297 0.00878503351017 0.00477391218535 -2.0987932812e-09 6.31990707131e-10
BPM.8R5.B2 13630.28998 0.00655189953371 0.00755246078212 1.72242419271e-10 2.18730745107e-09
BPM.9R5.B2 13669.35499 0.00729331349826 0.00683919802017 2.06271927463e-09 -7.31745239247e-10
BPM.10R5.B2 13709.818 0.00948844490363 0.00315221584232 -1.16328112812e-09 -1.86221657275e-09
BPM.11R5.B2 13762.59871 0.00672117930333 0.00740221589769 -1.45014270845e-09 1.65299980743e-09
BPM.12R5.B2 13817.32223 0.00781678951656 0.00623416819327 1.76521684092e-09 1.300769626e-09
BPM.13R5.B2 13870.77074 0.00685748766723 0.00727611944608 1.20330102532e-09 -1.83551799654e-09
BPM.14R5.B2 13924.21926 0.00821819091888 0.00569459300383 -1.8631115897e-09 -1.14973891025e-09
BPM.15R5.B2 13977.66777 0.0077318575496 0.00633919790976 -1.12372492432e-09 1.87669202535e-09
BPM.16R5.B2 14031.11629 0.00887912487898 0.00459654138034 1.909146827e-09 1.07216508723e-09
BPM.17R5.B2 14084.56481 0.00847922420768 0.00529809476706 1.04793059081e-09 -1.92477477384e-09
BPM.18R5.B2 14138.01332 0.00939416645326 0.00342296480349 -1.95133391711e-09 -9.93772989783e-10
BPM.19R5.B2 14191.46184 0.00908730952364 0.00416987493429 -9.66872481552e-10 1.96418927998e-09
BPM.20R5.B2 14244.91035 0.00975485252422 0.00219314925228 1.9999095279e-09 9.05887715894e-10
BPM.21R5.B2 14298.35887 0.00954604962649 0.00297321171671 8.82047029592e-10 -1.99712949855e-09
BPM.22R5.B2 14351.80738 0.00995525906333 0.000927290837522 -2.03217470966e-09 -8.23596351086e-10
BPM.23R5.B2 14405.2559 0.00984796331099 0.00172761974392 -8.0520691696e-10 2.03937152448e-09
BPM.24R5.B2 14458.70442 0.00999997912928 -0.000355296936777 -5.81796361652e-09 -8.02660254322e-06
BPM.25R5.B2 14512.15293 0.00999603616623 0.000452857015424 -8.02604332601e-06 9.48387475512e-08
BPM.26R5.B2 14565.60145 0.00987237405162 -0.00163157870957 3.34994578956e-07 8.01961057468e-06
BPM.27R5.B2 14619.04996 0.00997184031951 -0.000829589755669 8.01540463847e-06 -4.23900368087e-07
BPM.28R5.B2 14672.49848 0.00959044797534 -0.00288254148486 -6.71436418003e-07 -1.60264962727e-05
BPM.29R5.B2 14725.947 0.00979178725114 -0.0020991999136 -1.60180578873e-05 8.49161397201e-07
BPM.30R5.B2 14779.39551 0.00914292063517 -0.00408567498165 1.32817207907e-06 1.59854730867e-05
BPM.31R5.B2 14832.84403 0.00944280563542 -0.00333454036842 1.59697612275e-05 -1.50532088108e-06
BPM.32R5.B2 14886.29254 0.00854517537333 -0.00522165832341 -1.98253178155e-06 -1.59175647408e-05
BPM.33R5.B2 14939.74106 0.00893868554704 -0.00451504579346 -1.58945947713e-05 2.15897800377e-06
BPM.34R5.B2 14993.18958 0.00780701493056 -0.00627186221868 2.63369221408e-06 1.582286744e-05
BPM.33L6.B2 15046.63809 0.00828767964315 -0.00562139697342 1.57926917106e-05 -2.80896359474e-06
BPM.32L6.B2 15100.08661 0.00694058930371 -0.0072189997869 -3.28028506289e-06 -1.57015628365e-05
BPM.31L6.B2 15153.53512 0.00750051160199 -0.00663536460051 -1.56642172137e-05 3.4542595724e-06
BPM.30L6.B2 15206.98364 0.00596011340037 -0.0080475329169 3.92150600551e-06 1.55538150616e-05
BPM.29L6.B2 15260.43215 0.00659009804403 -0.0075403146836 1.55093839851e-05 -4.09369672801e-06
BPM.28L6.B2 15313.88067 0.00488171507206 -0.0087438318692 -4.55597598299e-06 -1.53799367043e-05
BPM.27L6.B2 15367.32919 0.00557139981811 -0.00832137259702 -1.53284538249e-05 4.72630243016e-06
BPM.26L6.B2 15420.7777 0.00373098327201 -0.00929797320219 5.17502771843e-06 7.15280593547e-06
BPM.25L6.B2 15474.22622 0.00446914408837 -0.00896656528082 7.09499462981e-06 -5.25400473488e-06
BPM.24L6.B2 15527.67473 0.00251093635334 -0.00969885253256 -5.46397466349e-06 -6.93458681535e-06
BPM.23L6.B2 15581.12325 0.00328542452585 -0.0094645933649 -6.87354813186e-06 5.54056144176e-06
BPM.22L6.B2 15634.57177 0.00125752121496 -0.00994187628495 5.73588032523e-06 -1.32268201462e-06
BPM.21L6.B2 15688.02028 0.00205570565287 -0.00980797318266 -1.38619863722e-06 -5.72087203568e-06
BPM.20L6.B2 15741.4688 -2.45801241628e-05 -0.0100210607966 -5.67682207018e-06 1.55677501733e-06
BPM.19L6.B2 15794.91731 0.000784184683204 -0.00999036125769 1.6196487436e-06 5.6592052086e-06
BPM.18L6.B2 15848.36583 -0.00130625357979 -0.00993559083501 5.60820182305e-06 -1.78828085941e-06
BPM.17L6.B2 15901.81435 -0.000500214851486 -0.0100085987418 -1.85034971019e-06 -5.58803026587e-06
BPM.16L6.B2 15955.26286 -0.00256649476569 -0.00968686576456 -5.53015586828e-06 2.01674947097e-06
BPM.15L6.B2 16008.71138 -0.00177640834989 -0.00986238495751 2.07796832823e-06 5.50744291623e-06
BPM.14L6.B2 16062.15989 -0.00378452957294 -0.00927898699189 5.44279549472e-06 -2.24184498815e-06
BPM.13L6.B2 16115.60841 -0.00302339533847 -0.00955412708208 -2.30206030655e-06 -5.41760171696e-06
BPM.12L6.B2 16169.05693 -0.00507051854778 -0.00864361644639 -5.36810822159e-06 2.4152142581e-06
BPM.11L6.B2 16222.50544 -0.00352565874217 -0.00938040479424 2.02848207062e-06 5.5258623456e-06
BPM.10L6.B2 16274.34415 -0.00509042021695 -0.00863191089412 5.79888885477e-06 -1.01131379388e-06
BPM.9L6.B2 16313.40916 -0.00622661533604 -0.00785184851657 1.07949308051e-06 -5.7865850065e-06
BPM.8L6.B2 16353.87217 -0.00950683893009 -0.00316895522203 -5.76415973681e-06 1.19344711724e-06
BPMYB.5L6.B2 16450.96018 -0.00309111358115 -0.00953243308318 5.2698442442e-06 2.62269993643e-06
BPMYA.4L6.B2 16487.36018 -0.00346272521807 -0.00940381826711 5.73405097517e-06 1.33046264814e-06
BPMSB.B4L6.B2 16518.13068 -0.00237581750976 -0.00973538673276 5.88641323593e-06 -1.61495512186e-09
BPMSB.A4L6.B2 16518.76568 -0.00235030134395 -0.00974157827472 5.88632026783e-06 -3.23235091994e-08
BPMSA.4L6.B2 16615.57568 0.0018701762548 -0.0098450345077 3.24301009705e-06 -4.91250982965e-06
BPMSE.4R6.B2 16707.14568 0.00216820617945 -0.00978371839504 -2.38367101337e-06 -5.38219242067e-06
BPMSA.A4R6.B2 16803.82068 -0.00148569822254 -0.009910346335 -5.72462145917e-06 -1.37061690467e-06
BPMSA.B4R6.B2 16804.40568 -0.00150808583676 -0.0099069642566 -5.73082832032e-06 -1.34443939788e-06
BPMYB.4R6.B2 16830.96018 -0.00244986568196 -0.00971701712608 -5.88206491366e-06 -2.2639038485e-07
BPMYA.5R6.B2 16867.36018 -0.00254638677655 -0.0096921709685 -5.79454530085e-06 1.03598834823e-06
BPM.8R6.B2 16963.08519 -0.00653040487557 -0.00760105754742 1.8920859431e-06 5.57403775435e-06
BPM.9R6.B2 17002.1502 -0.00995605953736 -0.00113979916968 5.33513157923e-06 -2.48721497392e-06
BPM.10R6.B2 17042.61322 -0.00998257650637 0.000877741394654 -9.21632645404e-07 -5.81381708271e-06
BPM.11R6.B2 17094.45193 -0.00941573416924 0.00343019149919 -5.64757084577e-06 1.65977107971e-06
BPM.12R6.B2 17149.17544 -0.0099298570633 0.00134914877438 2.41055959083e-06 5.37020474118e-06
BPM.13R6.B2 17202.62396 -0.00942885938827 0.0033939467156 5.29286842107e-06 -2.57593412892e-06
BPM.14R6.B2 17256.07247 -0.00967199227179 0.00262198953358 -2.6344732703e-06 -5.26397588738e-06
BPM.15R6.B2 17309.52099 -0.00891723342923 0.00457222174295 -5.18277997128e-06 2.79083012658e-06
BPM.16R6.B2 17362.96951 -0.00925712033193 0.00383770592824 2.84812421725e-06 5.15150925199e-06
BPM.17R6.B2 17416.41802 -0.00825910981996 0.00567532983218 5.06397741955e-06 -3.00101655159e-06
BPM.18R6.B2 17469.86654 -0.00869016146475 0.00499032638024 -3.05699572468e-06 -5.03037602424e-06
BPM.19R6.B2 17523.31505 -0.00746526031333 0.00668521892717 -4.93664068277e-06 3.20616421915e-06
BPM.20R6.B2 17576.76357 -0.00798039733098 0.00606098359539 3.26069782959e-06 4.90079217358e-06
BPM.21R6.B2 17630.21209 -0.00654877079185 0.0075852399257 4.80100882448e-06 -3.40590133331e-06
BPM.22R6.B2 17683.6606 -0.00713952715517 0.00703202784848 -3.45894766476e-06 -4.7629344561e-06
BPM.23R6.B2 17737.10912 -0.00552466096557 0.00836064500513 -4.65729786676e-06 3.59993016864e-06
BPM.24R6.B2 17790.55763 -0.00585470621917 0.00790799960674 8.67361377991e-06 -0.000322740441606
BPM.25R6.B2 17844.00615 -0.00408624671393 0.00895078937437 -0.000322855480853 9.83619135013e-07
BPM.26R6.B2 17897.45466 -0.00479502600512 0.00859195951118 4.56055678656e-06 0.000322824760233
BPM.27R6.B2 17950.90318 -0.0029072400459 0.00940010627368 0.000322543519388 -1.42234325011e-05
BPM.28R6.B2 18004.3517 -0.00333003249236 0.00915526603547 -1.27841958734e-05 -0.000649714445188
BPM.29R6.B2 18057.80021 -0.00135794915125 0.00964696774292 -0.000649041527443 3.22086585786e-05
BPM.30R6.B2 18111.24873 -0.00213149958317 0.00950603608418 3.9397189166e-05 0.000648644865132
BPM.31R6.B2 18164.69724 -0.00011176317458 0.0097414332374 0.000647174559887 -5.87995755371e-05
BPM.32R6.B2 18218.14576 -0.000898063410812 0.00970059248871 -6.59761531651e-05 -0.000646482363394
BPM.33R6.B2 18271.59428 0.00113428587996 0.00967581562743 -0.000644218950524 8.52891963921e-05
BPM.34R6.B2 18325.04279 0.000350336413958 0.009735773053 9.24287748194e-05 0.000643233413825
BPM.33L7.B2 18378.49131 0.00236364123257 0.0094509900367 0.000640179511318 -0.000111635551264
BPM.32L7.B2 18431.93982 0.00159268645087 0.00961100215372 -0.00011872431372 -0.000638902841273
BPM.31L7.B2 18485.38834 0.00355231114112 0.00907133386288 -0.000635062358632 0.000137797333839
BPM.30L7.B2 18538.83686 0.00280923544425 0.0093282478919 0.000144838169782 0.000633493649635
BPM.29L7.B2 18592.28537 0.004684308958 0.00854197062362 0.000628878583577 -0.000163719359727
BPM.28L7.B2 18645.73389 0.00397920166046 0.00889235439494 -0.000170674649891 -0.000627026686744
BPM.27L7.B2 18699.1824 0.00573784415385 0.00787306528849 -0.000621633083137 0.00018937953673
BPM.26L7.B2 18752.63092 0.00541085398942 0.00833093830199 0.000201290720371 0.000292147766643
BPM.25L7.B2 18806.07943 0.00702204758021 0.00702657253776 0.000285997315403 -0.000209937620445
BPM.24L7.B2 18859.52795 0.00643187378171 0.00757052663611 -0.000213095843444 -0.000283651956594
BPM.23L7.B2 18912.97647 0.00786299429106 0.00607084793344 -0.000277142427967 0.000221495704465
BPM.22L7.B2 18966.42498 0.00767436206973 0.00670618299191 0.000229585704849 -5.26898761355e-05
BPM.21L7.B2 19019.8735 0.0088989824052 0.00496757844358 -5.95351163512e-05 -0.000227906531564
BPM.20L7.B2 19073.32201 0.00846901733587 0.00566960923235 -0.000227231019771 6.20635327869e-05
BPM.19L7.B2 19126.77053 0.00946132389399 0.00378841308796 6.88376151376e-05 0.000225271390077
BPM.18L7.B2 19180.21905 0.00912479767525 0.00453947032679 0.000224495727368 -7.13266379442e-05
BPM.17L7.B2 19233.66756 0.00986820929521 0.00254699211042 -7.80111275928e-05 -0.000222261298468
BPM.16L7.B2 19287.11608 0.00963045605309 0.0033351221444 -0.000221380613153 8.04763653823e-05
BPM.15L7.B2 19340.56459 0.010112944531 0.00126375490349 8.70670751089e-05 0.000218872438124
BPM.14L7.B2 19394.01311 0.00997799683333 0.00207564512319 0.00021789561992 -8.9483622864e-05
BPM.13L7.B2 19447.46163 0.0101915209123 -4.03114100876e-05 -9.59626238329e-05 -0.000215120885464
BPM.12L7.B2 19500.91014 0.0101426382946 0.000997803527633 -0.000215343013065 9.54631208666e-05
BPM.11L7.B2 19554.35866 0.0101005770014 -0.00135906869342 9.22410881666e-05 0.000216742708162
BPM.10L7.B2 19607.13937 0.0100934108261 -0.00141130483569 0.000220651083725 -8.24555476372e-05
BPM.9L7.B2 19646.20438 0.0087823691504 -0.00517094919918 5.61804654514e-06 -0.000235487275618
BPM.8L7.B2 19686.66739 0.00643364239949 -0.00790423740218 -0.000233272996658 -3.27036428543e-05
BPM.7L7.B2 19725.7314 2.7673729272e-05 -0.0101915630621 -5.19363016711e-05 0.000229757350706
BPMR.6L7.B2 19760.5494 0.000153391090248 -0.0101904462468 0.000126104907678 0.000198955700141
BPMWC.6L7.B2 19772.7279 -0.00128841401783 -0.0101098324825 0.000176811210119 0.000155639372512
BPMWE.5L7.B2 19849.7819 0.00393781195794 -0.00940012555634 0.000147280140054 -0.000183832478127
BPMW.5L7.B2 19872.9869 0.0066899821441 -0.00768848894282 5.25993174381e-05 -0.000229606464126
BPMWE.4L7.B2 19908.0719 0.00667723872316 -0.00769955883716 -4.38855899982e-05 -0.000231430066233
BPMW.4L7.B2 19936.1769 0.00312069434437 -0.00970206113678 -0.000159079772995 -0.000173722320201
BPMW.4R7.B2 20052.2239 0.000777561443794 -0.0101618955758 -6.32649554243e-05 0.000226899459696
BPMWE.4R7.B2 20080.3289 0.00432287213385 -0.00922938242201 5.97752021411e-05 0.000227843681251
BPMW.5R7.B2 20115.4139 0.00389537539423 -0.00941779029557 0.000158107946294 0.000174607262918
BPMWE.5R7.B2 20138.6189 -0.00148294351564 -0.0100831345342 0.000232798508365 3.59259525651e-05
BPM.6R7.B2 20217.7584 -0.0060474004564 -0.00820351578501 -4.23220698666e-05 -0.000231721084437
BPM_A.7R7.B2 20255.7944 -0.00295988572151 -0.00975232280027 -0.000198229300452 -0.000127243720013
BPM.8R7.B2 20294.85841 -0.00287493511274 -0.00977770277501 -0.000219411443755 8.56996880999e-05
BPM.9R7.B2 20333.92342 -0.00754733954512 -0.00684882393285 7.80325615924e-05 0.000222253771193
BPM.10R7.B2 20374.38643 -0.00987566020439 -0.00251794738191 0.000229265945561 -5.40642685387e-05
BPM.11R7.B2 20427.16714 -0.00979457688204 -0.00281691093179 -2.24827893066e-05 -0.000234478872774
BPM.12R7.B2 20481.89066 -0.0100820066479 -0.00149059230797 -0.000234310904382 2.4170605949e-05
BPM.13R7.B2 20535.33917 -0.00990483996677 -0.00240059757516 2.85310643648e-05 0.000233820006765
BPM.14R7.B2 20588.78769 -0.0101873942348 -0.000292783565473 0.00023286077057 -3.5520152961e-05
BPM.15R7.B2 20642.23621 -0.0101305425214 -0.00111392626449 -3.8103418557e-05 -0.000232452037534
BPM.16R7.B2 20695.68472 -0.0101411484388 0.00101283355372 -0.000231208633018 4.50376116062e-05
BPM.17R7.B2 20749.13324 -0.0101898073345 0.000191180447516 4.75958526875e-05 0.000230695579624
BPM.18R7.B2 20802.58175 -0.00992827363971 0.00230176150449 0.000229166698182 -5.44834569533e-05
BPM.19R7.B2 20856.03027 -0.0100816483813 0.00149301353591 -5.70244822354e-05 -0.000228547649326
BPM.20R7.B2 20909.47879 -0.0095522824961 0.00355283303618 -0.000226740223818 6.38333145916e-05
BPM.21R7.B2 20962.9273 -0.00980781436628 0.00277046942668 6.63410504158e-05 0.000226019207847
BPM.22R7.B2 21016.37582 -0.00901929149353 0.00474564057615 0.000223931037735 -7.30801564381e-05
BPM.23R7.B2 21069.82433 -0.00937288135526 0.00400222670732 -7.55616940775e-05 -0.000223105920363
BPM.24R7.B2 21123.27285 -0.00822885312814 0.00583936638343 -0.000220852886059 -2.91117319528e-05
BPM.25R7.B2 21176.72137 -0.00867319719714 0.00515634307332 -2.66649179006e-05 0.000221161636458
BPM.26R7.B2 21230.16988 -0.00741417367521 0.00684413999567 0.000221860842148 2.00313656845e-05
BPM.27R7.B2 21283.6184 -0.00794236680888 0.00622342614458 1.75658004962e-05 -0.000222069662289
BPM.28R7.B2 21337.06691 -0.00636859888778 0.0077152659313 -0.000222603526994 -0.00012222482335
BPM.29R7.B2 21390.51543 -0.00697039232929 0.00717621146584 -0.000119753687067 0.000223942612836
BPM.30R7.B2 21443.96394 -0.00532914916459 0.00846667286355 0.000227427015946 0.000112996414237
BPM.31R7.B2 21497.41246 -0.00599507245981 0.00800896287427 0.000110462763388 -0.000228668354631
BPM.32R7.B2 21550.86098 -0.00420255910302 0.00907870459681 -0.000231870724731 -0.000103572220386
BPM.33R7.B2 21604.30949 -0.00492140848672 0.00871000107301 -0.000100998516543 0.000233003299734
BPM.34R7.B2 21657.75801 -0.00300640146372 0.00954179911863 0.000235922222033 9.39784205319e-05
BPM.33L8.B2 21711.20652 -0.00376669881803 0.00926802892607 9.13528388432e-05 -0.000236951256669
BPM.32L8.B2 21764.65504 -0.00176144655813 0.00984792801577 -0.000239578260899 -8.4222884711e-05
BPM.31L8.B2 21818.10356 -0.00255029387034 0.0096736953278 -8.15636285653e-05 0.000240496592692
BPM.30L8.B2 21871.55207 -0.000486878688373 0.00999236355165 0.000242830278083 7.43282980046e-05
BPM.29L8.B2 21925.00059 -0.00129178893574 0.0099204668027 7.16286961071e-05 -0.000243640239262
BPM.28L8.B2 21978.4491 0.000794967625753 0.00997258274754 -0.000245674300229 -6.43068901477e-05
BPM.27L8.B2 22031.89762 -1.22457061841e-05 0.0100042106252 -6.15798140475e-05 0.000246372004231
BPM.26L8.B2 22085.34614 0.00217374986471 0.00976802389315 0.000247994970311 -5.71323114064e-05
BPM.25L8.B2 22138.79465 0.00137815528738 0.00991161779066 -5.98801511268e-05 -0.000247345865162
BPM.24L8.B2 22192.24317 0.00340504892518 0.00940984171376 -0.0002454430746 6.72555160024e-05
BPM.23L8.B2 22245.69168 0.00263482813524 0.00965386761425 6.99725873791e-05 0.000244682335967
BPM.22L8.B2 22299.1402 0.00469037994554 0.00887596350952 0.000242371078583 -0.00018857345298
BPM.21L8.B2 22352.58871 0.00395850514165 0.00922565061452 -0.000191251068576 -0.000240263848316
BPM.20L8.B2 22406.03723 0.00578695901501 0.00820326139607 -0.000234430547721 0.000198358276539
BPM.19L8.B2 22459.48575 0.00510637133327 0.00864334217915 0.000200944572445 0.000232217495029
BPM.18L8.B2 22512.93426 0.00678902210737 0.00739537497002 0.000226103306 -0.000207800333655
BPM.17L8.B2 22566.38278 0.00616985249648 0.00791929999363 -0.000210296266648 -0.000223783747698
BPM.16L8.B2 22619.83129 0.00767906151062 0.00646640599781 -0.000217386008264 0.000216903229034
BPM.15L8.B2 22673.27981 0.00713238369189 0.00706480679483 0.000219299359536 0.000214968545331
BPM.14L8.B2 22726.72833 0.00844330335093 0.00543074771925 0.000208314671275 -0.000225629532767
BPM.13L8.B2 22780.17684 0.00797736589509 0.00609458985768 -0.00022792715757 -0.000205798193668
BPM.12L8.B2 22833.62536 0.00940432536161 0.00351298401787 -0.000210071462788 0.000223994793155
BPM.11L8.B2 22887.07387 0.00912897067491 0.00417663580564 0.00018882297421 0.000242176734491
BPM.10L8.B2 22938.91258 0.00974666047898 0.00240520305441 0.000274868202558 -0.000136934862294
BPM.9L8.B2 22977.9776 0.010031593144 0.000386692661128 -4.61625637365e-05 -0.000303599580254
BPM.8L8.B2 23018.44061 0.00576430977318 -0.00821919248125 -0.000284024381492 0.000116764037034
BPM.7L8.B2 23057.50662 0.0075100331015 -0.00666196629902 -6.89438370107e-05 0.00029924978514
BPM.6L8.B2 23089.97562 0.00999893518978 -0.000896486074973 0.000222511407453 0.000211642059505
BPMR.5L8.B2 23150.39462 0.00899392953661 0.00446000265514 7.39686691018e-05 -0.000298047510239
BPMYB.4L8.B2 23171.16162 0.00975959233495 0.00235217975696 -0.000120157799405 -0.000282605366706
BPMWB.4L8.B2 23195.62912 0.00914906035805 0.00413244319556 -0.000298527867281 -7.20055429529e-05
BPMSX.4L8.B2 23245.78612 0.00999233485266 -0.000967282997654 1.73342978712e-05 0.000306599426404
BPMS.2L8.B2 23283.69762 0.00999111754349 -0.000979777155697 0.00021042504946 0.000223662721058
BPMSW.1L8.B2 23293.63162 0.0100208623175 -0.000603912819117 0.000261043670941 0.00016174018992
BPMSW.1R8.B2 23336.82162 0.0100208651443 -0.000603865867957 -0.00020216078376 0.000231159476837
BPMS.2R8.B2 23346.75562 0.00999111992084 -0.000979752351691 -0.000135611044059 0.000275523724713
BPMSX.4R8.B2 23384.66712 0.00999233490523 -0.000967282422149 7.33121609903e-05 0.000298209683512
BPMWI.4R8.B2 23434.90012 0.00914957417939 0.00413130542749 0.000263813416789 -0.000157181956001
BPMYB.4R8.B2 23459.29162 0.00976270241808 0.00233923783404 3.19897462628e-05 -0.000305418310848
BPMYB.5R8.B2 23479.86862 0.00916283271633 0.0041018152973 -0.000150735088195 -0.000267549281153
BPMR.6R8.B2 23563.97662 0.00954947214428 0.00309676832132 -0.000217589910738 0.000216698669243
BPM_A.7R8.B2 23586.21662 0.00979049312086 0.00222005334391 -0.000130317811357 0.000278066448643
BPM.8R8.B2 23627.65561 0.0100257652479 -0.000516162189703 0.000222504386501 0.000211649436567
BPM.9R8.B2 23666.7226 0.0070347751263 -0.00716200608335 2.66084796097e-05 -0.000305934098643
BPM.10R8.B2 23707.18758 0.0079911612082 -0.00607649032945 -0.000293503050928 -9.03307682401e-05
BPM.11R8.B2 23759.02827 0.0065338287798 -0.00762177628005 -0.00014010894679 0.000273263917419
BPM.12R8.B2 23813.75476 0.00601074828461 -0.00804072741189 0.000271090408575 0.000144269459539
BPM.13R8.B2 23867.20624 0.00343719303141 -0.00943229008683 0.000117963315035 -0.000283528382749
BPM.14R8.B2 23920.65773 0.00418692347161 -0.00912425690348 -0.000284831495377 -0.000114781119129
BPM.15R8.B2 23974.10921 0.00220206611054 -0.00979455445925 -0.00010616762946 0.000288152946892
BPM.16R8.B2 24027.56069 0.00298567637984 -0.00958478631766 0.00028932429425 0.00010293270362
BPM.17R8.B2 24081.01218 0.000931104159218 -0.00999577096932 9.41973124591e-05 -0.000292285053056
BPM.18R8.B2 24134.46366 0.00173456283029 -0.00988805764869 -0.000293322007197 -9.09169224423e-05
BPM.19R8.B2 24187.91515 -0.000355385563607 -0.0100327510344 -8.20612087853e-05 0.000295921685625
BPM.20R8.B2 24241.36663 0.000455821926962 -0.0100286897741 0.00029682275205 7.87397029364e-05
BPM.21R8.B2 24294.81811 -0.00163581990127 -0.00990487180487 6.97877990197e-05 -0.000299054092888
BPM.22R8.B2 24348.2696 -0.000831332820195 -0.0100045628573 -0.000299816890922 -6.6434327595e-05
BPM.23R8.B2 24401.72108 -0.00288956883948 -0.00961419701318 -5.73967061994e-05 0.00030167748647
BPM.24R8.B2 24455.17257 -0.00199152946954 -0.00980897862151 0.000304017786171 -5.86376722024e-05
BPM.25R8.B2 24508.62405 -0.00398435186281 -0.00918189476285 -6.77453335223e-05 -0.000302118787396
BPM.26R8.B2 24562.07554 -0.00323044781718 -0.00947346072628 -0.000301341741973 7.11220588993e-05
BPM.27R8.B2 24615.52702 -0.00512615007382 -0.00859679223101 8.01423342187e-05 0.000299069221781
BPM.28R8.B2 24668.9785 -0.00430302582298 -0.00897540769016 0.000299864821067 -0.000196140745625
BPM.29R8.B2 24722.42999 -0.00607250164493 -0.00788661513268 -0.00020506137138 -0.000293836573851
BPM.30R8.B2 24775.88147 -0.00541622826893 -0.00835095478171 -0.000291525897031 0.00020833327012
BPM.31R8.B2 24829.33296 -0.00703136591759 -0.00704513078803 0.000216997504743 0.00028513538461
BPM.32R8.B2 24882.78444 -0.00643973537384 -0.00758971559136 0.000282679821775 -0.000220186778815
BPM.33R8.B2 24936.23592 -0.00787496903021 -0.00608759700015 -0.000228580027836 -0.000275937076061
BPM.34R8.B2 24989.68741 -0.00735799151302 -0.00670327795679 -0.000273366286455 0.000231648378425
BPM.33L1.B2 25043.13889 -0.00858895388451 -0.00503029279151 0.000239756902209 0.000266283177935
BPM.32L1.B2 25096.59038 -0.00815488524692 -0.00570717277522 0.000263571623873 -0.000242734634408
BPM.31L1.B2 25150.04186 -0.00916193821302 -0.00389009801923 -0.000250543135674 -0.000256160579455
BPM.30L1.B2 25203.49334 -0.00881810572913 -0.00461681554381 -0.000253346992358 0.000253387859714
BPM.29L1.B2 25256.94483 -0.0095842886897 -0.00268614682824 0.00026088566212 0.000245619161581
BPM.28L1.B2 25310.39631 -0.00933619051338 -0.00345101740877 0.000242670359822 -0.000263630811357
BPM.27L1.B2 25363.8478 -0.00984917380616 -0.00143796723344 -0.000270801359814 -0.000234641694472
BPM.26L1.B2 25417.29928 -0.00958852114415 -0.00222101808153 -0.000229880152972 0.00016075605007
BPM.25L1.B2 25470.75077 -0.00984069839699 -0.000182521522986 0.000167589212369 0.000224947210387
BPM.24L1.B2 25524.20225 -0.00979385294342 -0.00097627023316 0.000223049857289 -0.000170106311189
BPM.23L1.B2 25577.65373 -0.00978320151851 0.00107778806251 -0.000176731146081 -0.000217838225746
BPM.22L1.B2 25631.10522 -0.00972579333674 0.000291828162612 -0.00021412818877 6.65084487535e-05
BPM.21L1.B2 25684.5567 -0.00945341801172 0.00230415007296 7.29093740319e-05 0.0002120341415
BPM.20L1.B2 25738.00819 -0.00960855747408 0.00153357195672 0.000211202129751 -7.52855441131e-05
BPM.19L1.B2 25791.45967 -0.00908101882894 0.00349446944309 -8.15988059579e-05 -0.000208844173164
BPM.18L1.B2 25844.91115 -0.00933342217884 0.00275017274248 -0.00020791884056 8.39285988079e-05
BPM.17L1.B2 25898.36264 -0.00855931284345 0.00462756774984 9.01354583479e-05 0.000205304294971
BPM.16L1.B2 25951.81412 -0.00890490307767 0.00392159672335 0.000204279377471 -9.2434782305e-05
BPM.15L1.B2 26005.26561 -0.00789707689996 0.00568439935687 -9.85319439607e-05 -0.000201409307102
BPM.14L1.B2 26058.71709 -0.00833009259854 0.0050284964901 -0.000200294956316 0.000100777888695
BPM.13L1.B2 26112.16857 -0.00710489668852 0.00664805706428 0.000106748512468 0.000197177607002
BPM.12L1.B2 26165.62006 -0.00831422118781 0.00505469541337 0.000203542996189 -9.40452118941e-05
BPM.11L1.B2 26219.07154 -0.0078836611731 0.00570299098482 -7.08102411643e-05 -0.000212744359579
BPM.10L1.B2 26271.85423 -0.00718262368352 0.00656400310207 -0.000208230873646 8.3151415661e-05
BPM.9L1.B2 26310.92122 -0.0056788640154 0.00790105835705 6.4449313413e-05 0.000214756932005
BPM.8L1.B2 26351.38621 -0.0095688949848 0.00176421895143 0.000159783531331 -0.000157300587217
BPM.7L1.B2 26390.4542 -0.00675720936613 0.00700116713651 -0.000141559132606 -0.000173882908097
BPMR.6L1.B2 26433.6382 -0.0061656922709 0.00752731416187 -0.000224199995206 2.93506402554e-06
BPM.5L1.B2 26465.5382 -0.00619754939695 0.00750110665955 -0.00019664614625 0.000107724412988
BPMYA.4L1.B2 26486.6562 -0.00613951824475 0.00754867772333 -0.000153979002753 0.000162986870909
BPMWB.4L1.B2 26507.7127 -0.00501105382683 0.00834059705209 -8.39043326173e-05 0.000207928634404
BPMSY.4L1.B2 26600.5687 -0.00430718038164 0.00872493076365 0.000213944363368 6.70974135733e-05
BPMS.2L1.B2 26627.3542 -0.00342529605165 0.00910733587372 0.000221848301274 -3.25204384447e-05
BPMSW.1L1.B2 26637.4082 -0.00309308677581 0.00922545575335 0.000203990090038 -9.30714673564e-05
