BPMSW.1R1.B1 21.475 -0.00466461510225 0.00793041583561 3.78373717188e-05 -0.000148427228787
BPMS.2R1.B1 31.529 -0.00437424643466 0.00809420147793 -5.03600254268e-06 -0.000153091311441
BPMSY.4R1.B1 58.3145 -0.00355431657112 0.00848628087429 -7.10498267932e-05 -0.000135699046269
BPMWB.4R1.B1 151.0945 -0.00284797398349 0.0087486669582 -0.000129733069468 8.14348801385e-05
BPMYA.4R1.B1 172.227 -0.00157856552223 0.00906411938681 -9.09075746849e-05 0.000123280668921
BPM.5R1.B1 199.635 -0.00180101383205 0.00902255388464 -3.44829205642e-05 0.00014924221155
BPMR.6R1.B1 231.535 -0.00122635663652 0.00911845265174 4.21144876661e-05 0.000147270766721
BPM_A.7R1.B1 259.259 -0.000822289791603 0.00916373116517 0.000112333419102 0.000104132182137
BPM.8R1.B1 300.6979894 0.00174663576992 0.00903323822673 0.000127424377332 -8.50019856776e-05
BPM.9R1.B1 339.7649788 0.00153250737788 0.00907202020006 -0.000120721443185 -9.42796003991e-05
BPM.10R1.B1 380.2299682 -0.00217714378359 0.00893924908992 -7.17559558087e-05 0.0001353269789
BPM.11R1.B1 433.0126576 0.00110793754555 0.00913359752906 0.000144504547778 5.08010452849e-05
BPM.12R1.B1 487.7391417 -0.000973500883259 0.00914890295946 4.92980706278e-05 -0.000145024168287
BPM.13R1.B1 541.1906258 -0.000155357036026 0.00919923874927 -0.00014187907403 -5.77289960102e-05
BPM.14R1.B1 594.6421099 -0.000897476176321 0.00915667329714 -5.61338102732e-05 0.000142517734292
BPM.15R1.B1 648.093594 0.00102277976853 0.00914352508048 0.000144139808949 5.18268690142e-05
BPM.16R1.B1 701.5450781 0.000281398203099 0.00919624621405 5.02089598174e-05 -0.000144711330447
BPM.17R1.B1 754.9965622 0.00218386199057 0.00893761020583 -0.000146154528839 -4.58384310398e-05
BPM.18R1.B1 808.4480463 0.00145542501167 0.00908470513567 -4.41974248175e-05 0.000146659116478
BPM.19R1.B1 861.8995304 0.00330947964291 0.00858472328206 0.000147920643146 3.97717564894e-05
BPM.20R1.B1 915.3510145 0.00260573944575 0.00882384560689 3.81128823169e-05 -0.000148356724152
BPM.21R1.B1 968.8024986 0.00438032358636 0.00809091432826 -0.000149434932076 -3.36379403502e-05
BPM.22R1.B1 1022.253983 0.00371305404112 0.00841803771958 -3.19603427221e-05 0.00014980268899
BPM.23R1.B1 1075.705467 0.0053795322382 0.00746396424894 0.000150695120671 2.7446144402e-05
BPM.24R1.B1 1129.156951 0.00491506337869 0.00788373228409 2.81372254566e-05 -0.000306899814958
BPM.25R1.B1 1182.608435 0.00644421495892 0.00669202333059 -0.000307606857604 -1.89003343085e-05
BPM.26R1.B1 1236.059919 0.00588316697637 0.00719023150257 -1.54471756291e-05 0.000307799584372
BPM.27R1.B1 1289.511403 0.0072475421272 0.00581241910482 0.000308124629828 6.19766992471e-06
BPM.28R1.B1 1342.962887 0.00691028844971 0.00638840987929 5.1343923156e-06 -0.000464086203421
BPM.29R1.B1 1396.414371 0.008085665962 0.00481517115756 -0.000464030728575 8.82300856832e-06
BPM.30R1.B1 1449.865855 0.00767073760067 0.00545194020319 1.40354192762e-05 0.000463902329635
BPM.31R1.B1 1503.31734 0.00863534216432 0.00374095349159 0.000463272113056 -2.79520468178e-05
BPM.32R1.B1 1556.768824 0.00830517168883 0.00442583218459 -3.31262849862e-05 -0.000462930893088
BPM.33R1.B1 1610.220308 0.00904289631597 0.0026057424106 -0.000461725085235 4.70352179233e-05
BPM.34R1.B1 1663.671792 0.00880311119754 0.00332702577928 5.22201289135e-05 0.000461167454912
BPM.33L2.B1 1717.123276 0.00930196235452 0.00142736248403 0.000459392896735 -6.60343117193e-05
BPM.32L2.B1 1770.57476 0.00915639933462 0.00217352674044 -7.11626679837e-05 -0.000458626473912
BPM.31L2.B1 1824.026244 0.00940813036126 0.000225721983639 -0.000456278067121 8.49275460416e-05
BPM.30L2.B1 1877.477728 0.00935921780014 0.000984331968902 9.0048428087e-05 0.000455295124107
BPM.29L2.B1 1930.929212 0.0093597083471 -0.000979656529232 0.000452388585904 -0.000103667396201
BPM.28L2.B1 1984.380696 0.00940824074494 -0.000221073184583 -0.000108716108556 -0.00045120192016
BPM.27L2.B1 2037.83218 0.00915745514526 -0.00216907412554 -0.000447726789605 0.00012224192589
BPM.26L2.B1 2091.283665 0.00945832919991 -0.00141298527864 0.000129632450232 0.000290425098968
BPM.25L2.B1 2144.735149 0.0089590945929 -0.00334531654289 0.000286403653752 -0.000138290478962
BPM.24L2.B1 2198.186633 0.00919983998659 -0.00261141013989 -0.000141486655739 -0.000284838264615
BPM.23L2.B1 2251.638117 0.00845744411548 -0.00446409651779 -0.000280454462024 0.000149988698458
BPM.22L2.B1 2305.089601 0.00894586233651 -0.00375701488502 0.000155499051278 0.000122848211177
BPM.21L2.B1 2358.541085 0.00797124982965 -0.00553197884595 0.000118123719536 -0.000159117631809
BPM.20L2.B1 2411.992569 0.00839167765501 -0.0048706631953 -0.000160431023876 -0.000116333671439
BPM.19L2.B1 2465.444053 0.00719798687537 -0.00650635064744 -0.000111458767143 0.000163855359837
BPM.18L2.B1 2518.895537 0.0076997266816 -0.00590405139517 0.000165093905524 0.000109615870388
BPM.17L2.B1 2572.347021 0.00630660712046 -0.00737362328949 0.000104608654926 -0.000168311215834
BPM.16L2.B1 2625.798506 0.00688105937477 -0.00684066047148 -0.000169472663877 -0.000102716368532
BPM.15L2.B1 2679.24999 0.00531139175552 -0.00811989725398 -9.75765452345e-05 0.00017248319975
BPM.14L2.B1 2732.701474 0.00594956660151 -0.00766461160872 0.000173565645036 9.56378828027e-05
BPM.13L2.B1 2786.152958 0.00422912411979 -0.008732589707 9.03817712067e-05 -0.000176359779701
BPM.12L2.B1 2839.604442 0.00594541585949 -0.00766783176904 -0.000170133541637 -0.00010161798611
BPM.11L2.B1 2893.055926 0.00584882654905 -0.00774175960692 -0.000114212013666 0.000161948304393
BPM.10L2.B1 2944.896615 0.00600833967402 -0.0076186264007 0.000167881570039 0.000105296797671
BPM.9L2.B1 2983.963605 0.00084946640277 -0.00966550674315 0.00014758861686 -0.000132246880379
BPM.8L2.B1 3024.428594 -0.000435342930776 -0.00969299181626 -4.53098978354e-05 -0.000192921355857
BPM.7L2.B1 3063.496584 -0.00522318718205 -0.00817691441958 -0.00019052192753 -5.45255099496e-05
BPMR.6L2.B1 3095.602584 -0.00843102872921 -0.00480222535576 -0.000171628768198 9.9071704326e-05
BPMYB.5L2.B1 3167.801584 -0.00706001427064 -0.00665581041484 0.000170995672827 0.000100160464355
BPMYB.4L2.B1 3188.371584 -0.00441659806605 -0.00863928673694 0.000194361021135 -3.8670793747e-05
BPMWI.4L2.B1 3212.839084 -0.00591894611635 -0.00768828268389 8.4937666404e-05 -0.000179045328901
BPMSX.4L2.B1 3262.996084 -0.0013091492043 -0.00961403880356 -0.000195950500268 -2.95810246179e-05
BPMS.2L2.B1 3300.907584 -0.00129713521498 -0.00961566711672 -0.000169089232373 0.000103346320995
BPMSW.1L2.B1 3310.841584 -0.0016572937665 -0.00956017736237 -0.00013666736862 0.000143504942832
BPMSW.1R2.B1 3354.031584 -0.0016572555123 -0.00956018399241 -0.000119285796781 -0.000158248328488
BPMS.2R2.B1 3363.965584 -0.00129710662354 -0.00961567096861 -0.000156104337247 -0.000122078140821
BPMSX.4R2.B1 3401.877084 -0.00130914936245 -0.00961403878526 -0.000198051062732 6.88566957474e-06
BPMWB.4R2.B1 3452.110084 -0.00591770458541 -0.00768923833955 6.44130979619e-05 0.000187410219264
BPMYB.4R2.B1 3476.501584 -0.00438912825406 -0.00865327492827 0.000188663384432 6.06445752222e-05
BPMR.5R2.B1 3506.035584 -0.00800597168965 -0.00548160844261 0.000152586667666 -0.000126447406887
BPM.6R2.B1 3579.331584 -0.00389744599781 -0.00888557980646 -0.000172459818549 -9.7617874163e-05
BPM_A.7R2.B1 3592.206584 -0.00256612354691 -0.00935727651391 -0.000192520535903 -4.69838247019e-05
BPM.8R2.B1 3633.643594 0.000538088259621 -0.00968783127514 -0.000134008106511 0.000145991316279
BPM.9R2.B1 3672.708605 -0.00214369658994 -0.00946298994581 0.000156535878444 0.000121524303397
BPM.10R2.B1 3713.171615 -0.00699516029603 -0.0067239382815 9.6267032516e-05 -0.00017321749326
BPM.11R2.B1 3765.010326 -0.0058470302341 -0.00774311637856 -0.000164818964005 -0.000110028836641
BPM.12R2.B1 3819.733842 -0.00625898921743 -0.00741408577339 -0.00010202904977 0.000169887347774
BPM.13R2.B1 3873.182358 -0.00471204937466 -0.00848175715852 0.000178973557691 8.508879253e-05
BPM.14R2.B1 3926.630874 -0.00636961652317 -0.00731926220032 7.96949814211e-05 -0.000181439653775
BPM.15R2.B1 3980.07939 -0.0057583066121 -0.00780932255509 -0.000182311889522 -7.7678908177e-05
BPM.16R2.B1 4033.527906 -0.00725362994245 -0.00644425840752 -7.21909792919e-05 0.000184553781912
BPM.17R2.B1 4086.976421 -0.00670984451109 -0.0070086803587 0.000185343444901 7.01387472296e-05
BPM.18R2.B1 4140.424937 -0.00801833834918 -0.0054635028964 6.45577629484e-05 -0.000187360434097
BPM.19R2.B1 4193.873453 -0.00755135801734 -0.00609266821185 -0.000188064404416 -6.2477323837e-05
BPM.20R2.B1 4247.321969 -0.00865138202603 -0.00439285816341 -5.68245803165e-05 0.000189848894307
BPM.21R2.B1 4300.770485 -0.00826862829107 -0.00507675092463 0.000190467829158 5.47141934587e-05
BPM.22R2.B1 4354.219001 -0.00914222290501 -0.00325013449197 4.89863655226e-05 -0.000192020761101
BPM.23R2.B1 4407.667517 -0.00885015138977 -0.00397723951497 -0.000192551794442 -4.68555647101e-05
BPM.24R2.B1 4461.116033 -0.00937185408083 -0.00207508290481 -4.11840505677e-05 8.08678884525e-05
BPM.25R2.B1 4514.564549 -0.00917382972353 -0.00282461788941 8.13196818176e-05 4.02846333782e-05
BPM.26R2.B1 4568.013065 -0.00956030165935 -0.000859214865678 3.78322350893e-05 -8.24891696328e-05
BPM.27R2.B1 4621.46158 -0.00945978491487 -0.00162790890272 -8.2903621577e-05 -3.69151998818e-05
BPM.28R2.B1 4674.910096 -0.00948063646452 0.000349623933672 -3.45286510874e-05 -2.90255715419e-05
BPM.29R2.B1 4728.358612 -0.0094779307902 -0.000416572418062 -2.86411436112e-05 3.48481916498e-05
BPM.30R2.B1 4781.807128 -0.00935802557152 0.00155950698989 3.56897277711e-05 2.75854100885e-05
BPM.31R2.B1 4835.255644 -0.00945335559889 0.00079923249534 2.71876488915e-05 -3.59936589951e-05
BPM.32R2.B1 4888.70416 -0.00908165588633 0.00274376219439 -3.67911214175e-05 -2.60983719652e-05
BPM.33R2.B1 4942.152676 -0.00927345002577 0.0020019563554 -2.56890542114e-05 3.70780803607e-05
BPM.34R2.B1 4995.601192 -0.00865605815011 0.00388295788598 3.78302769435e-05 2.45678984882e-05
BPM.33L3.B1 5049.049708 -0.00894118008154 0.0031717508357 2.41465607925e-05 -3.81005968916e-05
BPM.32L3.B1 5102.498224 -0.00808825356473 0.00495831210627 -3.88060948736e-05 -2.29956188453e-05
BPM.31L3.B1 5155.94674 -0.00846199196708 0.00428945178207 -2.25641478616e-05 3.90585572989e-05
BPM.30L3.B1 5209.395255 -0.00738751545805 0.00595225335145 3.97163532531e-05 2.13851080348e-05
BPM.29L3.B1 5262.843771 -0.00784376947246 0.00533666422508 2.0943052153e-05 -3.99512290503e-05
BPM.28L3.B1 5316.292287 -0.00656545059934 0.00684832556431 -4.05600281268e-05 -1.973817966e-05
BPM.27L3.B1 5369.740803 -0.00709666801103 0.00629618994143 -1.92874431718e-05 4.07762926182e-05
BPM.26L3.B1 5423.189319 -0.00552446575799 0.00761070002336 4.12233088739e-05 -9.49367864602e-05
BPM.25L3.B1 5476.637835 -0.00612068444011 0.00714000691854 -9.53881637157e-05 -4.01678293952e-05
BPM.24L3.B1 5530.086351 -0.00450558149603 0.0082548296233 -3.72958562521e-05 9.65472628732e-05
BPM.23L3.B1 5583.534867 -0.00515695588612 0.00786436791427 9.69548806472e-05 3.6223015076e-05
BPM.22L3.B1 5636.983383 -0.00330161357578 0.00874215405897 3.31924646886e-05 -0.000210989126463
BPM.21L3.B1 5690.431899 -0.00399647558957 0.00844713517319 -0.000211344204163 -3.08509264294e-05
BPM.20L3.B1 5743.880414 -0.00215626273495 0.0090926586216 -2.45136459301e-05 0.000212172648754
BPM.19L3.B1 5797.32893 -0.00288282323343 0.00888905169645 0.000212431456173 2.21591245563e-05
BPM.18L3.B1 5850.777446 -0.000975359523427 0.00929379274519 1.57913382547e-05 -0.00021299949657
BPM.17L3.B1 5904.225962 -0.00172234310759 0.00918473973591 -0.000213161538031 -1.34279983436e-05
BPM.16L3.B1 5957.674478 0.000221458473796 0.00934220883605 -7.04306744705e-06 0.00021346790603
BPM.15L3.B1 6011.122994 -0.00053298788632 0.00932962130644 0.000213532870683 4.67591440163e-06
BPM.14L3.B1 6064.57151 0.00141473266501 0.00923712299873 -1.71596788151e-06 -0.000213577169547
BPM.13L3.B1 6118.020026 0.000664531733315 0.00932117521319 -0.000213544984605 4.08536677253e-06
BPM.12L3.B1 6171.468542 0.00301742635569 0.00884426639417 4.41971829104e-06 0.000213538325976
BPM.11L3.B1 6224.917058 0.0034300423 0.00869256691839 0.000213543861078 -4.1439567547e-06
BPM.10L3.B1 6277.697768 0.00698025521703 0.0062130464987 1.14309598559e-05 -0.000213277951118
BPM.9L3.B1 6316.762779 0.00672564818772 0.00648780134222 -0.000152594605351 -0.000149442424617
BPM.8L3.B1 6357.225789 0.00308339531463 0.00882148418021 -0.000170741669864 0.000128317706303
BPM.7L3.B1 6396.2898 -0.00595211600671 0.00720404225929 0.00016290337194 0.000138132717562
BPM.6L3.B1 6468.9288 -0.00588448912682 0.00725938685562 0.000151827372987 -0.000150221842511
BPMWE.5L3.B1 6512.0583 -0.00528037961762 0.00770996114221 2.37406305363e-05 -0.000212260538436
BPMW.5L3.B1 6539.6033 -0.00177108664885 0.0091754652136 -9.93143520438e-05 -0.000189089427903
BPMWE.4L3.B1 6614.7313 -2.36306831013e-05 0.00934480344424 -0.000213524171744 5.05778773379e-06
BPMW.4L3.B1 6642.2763 -0.00179864308698 0.00917010321034 -0.000196230975358 8.43300631038e-05
BPMW.4R3.B1 6687.2413 0.000245639058627 0.00934160431916 -0.000103021961004 0.000187095237593
BPMWE.4R3.B1 6714.7863 0.00722050150015 0.00593213855843 0.000101510354931 0.000187919663147
BPMW.5R3.B1 6789.9143 0.00882541588803 0.00307212372992 0.000209352347562 -4.2305397835e-05
BPMWE.5R3.B1 6817.4593 0.0074734940221 0.00561006211377 0.000168811009514 -0.000130847223679
BPMWC.6R3.B1 6858.4503 0.007451307382 0.00563949715315 6.7822191762e-05 -0.000202529760214
BPMR.6R3.B1 6870.5288 0.00843830870013 0.00401507859045 4.89556034655e-06 -0.000213527948836
BPM_A.7R3.B1 6926.3528 0.00896016703492 -0.00265354790223 -0.000213397928271 8.91495089914e-06
BPM.8R3.B1 6965.416811 0.00772179227448 -0.00526306316218 -8.98208873663e-05 0.000193779152819
BPM.9R3.B1 7004.481821 0.00563319971706 -0.00745606939172 0.000113750118746 0.000180773511094
BPM.10R3.B1 7044.944832 0.00508020902521 -0.00784330198591 0.000211690225071 2.83795748689e-05
BPM.11R3.B1 7097.725542 0.00544781108638 -0.00759257954617 9.67682830466e-05 -0.000190404967836
BPM.12R3.B1 7152.449058 0.00622396546822 -0.0069705210479 -0.000171896912015 -0.000126765939407
BPM.13R3.B1 7205.897574 0.00604281575573 -0.0071281335253 -0.000143791537676 0.000157930819247
BPM.14R3.B1 7259.34609 0.00659867423064 -0.00661690322147 0.000159519368614 0.000142027189631
BPM.15R3.B1 7312.794606 0.00508175289028 -0.00784230178979 0.00013719210732 -0.000163696296524
BPM.16R3.B1 7366.243122 0.00569789366521 -0.00740674811199 -0.000165207280719 -0.000135368784004
BPM.17R3.B1 7419.691638 0.00403665678688 -0.00842800758045 -0.00013036223309 0.000169185814165
BPM.18R3.B1 7473.140154 0.00470378414372 -0.00807467178872 0.000170621430819 0.000128477539254
BPM.19R3.B1 7526.58867 0.00292556453575 -0.008875076447 0.000123315537508 -0.000174388731644
BPM.20R3.B1 7580.037186 0.00363203560017 -0.00861012353087 -0.00017574524867 -0.000121374455614
BPM.21R3.B1 7633.485701 0.00176605021916 -0.0091764359321 -0.000116059684978 0.000179299472022
BPM.22R3.B1 7686.934217 0.00250101497998 -0.00900393435559 0.000180575822201 0.000114063688109
BPM.23R3.B1 7740.382733 0.000577880524059 -0.00932694826288 0.000108609275923 -0.00018390806548
BPM.24R3.B1 7793.831249 0.0011876256764 -0.00925880617162 -0.000187269068679 3.46201208025e-05
BPM.25R3.B1 7847.279765 -0.000759645866625 -0.00930370273919 4.02086225428e-05 0.000186149198362
BPM.26R3.B1 7900.728281 -6.26431852256e-06 -0.00933466160553 0.000185691716878 -4.22710736239e-05
BPM.27R3.B1 7954.176797 -0.00194355472468 -0.00913008989753 -4.78095841455e-05 -0.000184343429671
BPM.28R3.B1 8007.625313 -0.00134136860304 -0.00926606051015 -0.000185971120534 0.000191033695286
BPM.29R3.B1 8061.073829 -0.00323499813677 -0.00878600786127 0.000196513098692 0.000180171400572
BPM.30R3.B1 8114.522345 -0.0025154293018 -0.00901841241855 0.000177979194564 -0.000198500725139
BPM.31R3.B1 8167.97086 -0.00433251576484 -0.0082999068797 -0.00020373829644 -0.000171958831152
BPM.32R3.B1 8221.419376 -0.00364859685296 -0.00862246415526 -0.000169691351936 0.000205630681549
BPM.33R3.B1 8274.867892 -0.0053584708467 -0.00767762576299 0.000210616595781 0.000163461862727
BPM.34R3.B1 8328.316408 -0.00472143237294 -0.00808499990434 0.000161112935404 -0.000212418816756
BPM.33L4.B1 8381.764924 -0.00629671121516 -0.00692896636915 -0.000217145111176 -0.000154683976581
BPM.32L4.B1 8435.21344 -0.00571701090187 -0.00741450830831 -0.000152270176302 0.000218844516717
BPM.31L4.B1 8488.661956 -0.0071312163961 -0.0060667041975 0.000223303512379 0.000145652570778
BPM.30L4.B1 8542.110472 -0.00661839779207 -0.00662238308849 0.000143162822316 -0.000224907842459
BPM.29L4.B1 8595.558988 -0.00784876359552 -0.00510451340726 -0.000229091015394 -0.000136368755806
BPM.28L4.B1 8649.007504 -0.00741123209215 -0.0057212573783 -0.000133824709779 0.000230586374669
BPM.27L4.B1 8702.45602 -0.00843719496776 -0.00405868059907 0.000234488454573 0.000126863295215
BPM.26L4.B1 8755.904535 -0.00822309363171 -0.00473525810025 0.000122086432915 -9.47001118078e-05
BPM.25L4.B1 8809.353051 -0.00902681148022 -0.00292551066931 -9.83116811502e-05 -0.000119197404235
BPM.24L4.B1 8862.801567 -0.00876129764074 -0.00364439319808 -0.000118101179057 9.96259004046e-05
BPM.23L4.B1 8916.250083 -0.00932688029116 -0.00174678050718 0.000103115196652 0.000115067215735
BPM.22L4.B1 8969.698599 -0.00929646121716 -0.002502696195 0.000111749354378 3.68011755521e-05
BPM.21L4.B1 9023.147115 -0.00961345379423 -0.000518830835773 3.34390187362e-05 -0.000112801054132
BPM.20L4.B1 9076.595631 -0.00954023479955 -0.0012929034439 -0.00011316483213 -3.21864339592e-05
BPM.19L4.B1 9130.044147 -0.00960084243832 0.00071519496358 -2.87869779817e-05 0.000114076969166
BPM.18L4.B1 9183.492663 -0.00962724498828 -6.19137154996e-05 0.000114389311383 2.75196392223e-05
BPM.17L4.B1 9236.941179 -0.00943048070991 0.00193745011387 2.40826081837e-05 -0.000115161940506
BPM.16L4.B1 9290.389694 -0.00955607363273 0.00117010089801 -0.00011542183323 -2.28045195567e-05
BPM.15L4.B1 9343.83821 -0.00910516905468 0.00312787081415 -1.93416809009e-05 0.000116052336138
BPM.14L4.B1 9397.286726 -0.0093278806038 0.00238292317035 0.000116259776636 1.80529429442e-05
BPM.13L4.B1 9450.735242 -0.00863024486018 0.00426691375649 1.45642742086e-05 -0.000116748138143
BPM.12L4.B1 9504.183758 -0.00908947005457 0.00317320240332 -0.000116508028981 -1.63745157275e-05
BPM.11L4.B1 9557.632274 -0.00853160819261 0.00446086773824 -1.6188163385e-05 0.000116534061167
BPMC.10L4.B1 9609.470985 -0.00868915232873 0.00414563760496 0.00011691119132 1.3191611032e-05
BPMC.9L4.B1 9648.535995 -0.00746097695116 0.00608452975067 3.57401567359e-05 -0.000112093204634
BPMC.8L4.B1 9688.999006 -0.00921615449761 0.00278391372228 -0.000117408799478 7.5774969171e-06
BPMC.7L4.B1 9728.063016 -0.00592120167966 0.00759124825242 1.70729774746e-05 0.000116407725349
BPMYB.6L4.B1 9824.667016 -0.00428142873011 0.00862305325008 0.000116859998426 -1.36376677954e-05
BPMYA.5L4.B1 9861.667016 -0.00381039876127 0.00884129745155 0.000108589576715 -4.5282992245e-05
BPMWA.B5L4.B1 9964.133516 -0.00826620964566 0.00493532748909 -4.60075977202e-06 -0.000117563080307
BPMWA.A5L4.B1 9973.018516 -0.00852612368936 0.00447134142747 -1.92578637161e-05 -0.000116066272764
BPMWA.A5R4.B1 10021.06752 -0.00918196394594 0.0028946878019 -8.31600510793e-05 -8.32265059695e-05
BPMWA.B5R4.B1 10029.95252 -0.00920776404157 0.00281154063141 -9.12469377691e-05 -7.4271406367e-05
BPMYB.5R4.B1 10132.34302 -0.00836950056116 0.00475806048457 -0.000112586492371 3.4154430551e-05
BPMYA.6R4.B1 10163.90702 -0.00847065604768 0.00457555084406 -0.000101794777441 5.89921056111e-05
BPMCA.7R4.B1 10260.42302 -0.00949195992962 0.00160946452125 3.20904718479e-05 0.000113192076619
BPMC.8R4.B1 10298.21203 -0.00958604465909 0.000891867227049 0.000110354466685 4.07938322382e-05
BPMC.9R4.B1 10337.27704 -0.00843285646717 0.00464484780638 4.10898749553e-05 -0.000110244579543
BPMC.10R4.B1 10377.74005 -0.00472569144303 0.00838781972487 -0.000111547057541 -3.74098707633e-05
BPM.11R4.B1 10429.57876 -0.00562986471276 0.00780975688761 -5.22805645187e-05 0.000105399179147
BPM.12R4.B1 10484.30227 -0.00483316398339 0.00832635606182 0.000104446383082 5.41590048494e-05
BPM.13R4.B1 10537.75079 -0.00557047069888 0.00785223124715 5.2195048636e-05 -0.000105441557145
BPM.14R4.B1 10591.19931 -0.00381967390431 0.00883729430387 -0.000106956190299 -4.90165087584e-05
BPM.15R4.B1 10644.64782 -0.00452035061264 0.00850024173972 -4.78280981352e-05 0.000107492871409
BPM.16R4.B1 10698.09634 -0.0026576964652 0.00925334149612 0.000108876084224 4.45897233789e-05
BPM.17R4.B1 10751.54485 -0.00339577882226 0.00900868278637 4.33789943081e-05 -0.000109364108036
BPM.18R4.B1 10804.99337 -0.0014523275431 0.00951726977921 -0.000110613229681 -4.00868828336e-05
BPM.19R4.B1 10858.44189 -0.00221558765776 0.0093690368095 -3.88581370486e-05 0.000111050848488
BPM.20R4.B1 10911.8904 -0.000222794619844 0.00962486581234 0.000112164007168 3.55173271663e-05
BPM.21R4.B1 10965.33892 -0.000998809341701 0.00957549263489 3.4271049293e-05 -0.000112551058999
BPM.22R4.B1 11018.78743 0.0010100830114 0.00957430998252 -0.000113526216158 -3.08875822236e-05
BPM.23R4.B1 11072.23595 0.000234197575073 0.00962459510032 -2.96267277725e-05 0.00011386176724
BPM.24R4.B1 11125.68447 0.0023841094166 0.00933635567309 0.000114540096148 -0.000134178392355
BPM.25R4.B1 11179.13298 0.00162275230466 0.00949832563464 -0.000135440555044 -0.000113044815172
BPM.26R4.B1 11232.5815 0.00355867758804 0.00895473777976 -0.000108940349739 0.000138763377421
BPM.27R4.B1 11286.03001 0.00282458690692 0.00921266648252 0.000139962779413 0.000107395042874
BPM.28R4.B1 11339.47853 0.00483250570709 0.00839586744308 0.000103004723188 -0.00030349902738
BPM.29R4.B1 11392.92705 0.00413898480652 0.00875856759616 -0.000304623468254 -9.96301954443e-05
BPM.30R4.B1 11446.37556 0.00586669693339 0.00770879813316 -9.04646477153e-05 0.000307469964678
BPM.31R4.B1 11499.82408 0.00522567402553 0.00815696221193 0.000308453424651 8.70523827495e-05
BPM.32R4.B1 11553.27259 0.00680468103639 0.00689492695052 7.7788337246e-05 -0.000310918978472
BPM.33R4.B1 11606.72111 0.00622592166305 0.00742169798613 -0.000311763406723 -7.43317720812e-05
BPM.34R4.B1 11660.16962 0.0076307205799 0.00596789787494 -6.49622638911e-05 0.00031384954642
BPM.33L5.B1 11713.61814 0.00712435820246 0.00656408574988 0.000314549800798 6.14821606596e-05
BPM.32L5.B1 11767.06666 0.0083314748572 0.00494269443083 5.20484417089e-05 -0.00031624767674
BPM.31L5.B1 11820.51517 0.00790534913179 0.00559903175747 -0.000316806213576 -4.85330443614e-05
BPM.30L5.B1 11873.96369 0.00889527586949 0.00383637443371 -3.90231874268e-05 0.000318117627422
BPM.29L5.B1 11927.4122 0.0085567335334 0.00454158703972 0.000318530187723 3.54986212271e-05
BPM.28L5.B1 11980.86072 0.00931295380797 0.00266694449535 2.59580665006e-05 -0.000319449237782
BPM.27L5.B1 12034.30924 0.00906733135462 0.00340986856906 -0.000319717898009 -2.24075943373e-05
BPM.26L5.B1 12087.75775 0.00973518596814 0.00142371770576 -1.29855772451e-05 0.000159862297017
BPM.25L5.B1 12141.20627 0.00958855181691 0.00220465234059 0.000159996382923 1.12132413166e-05
BPM.24L5.B1 12194.65478 0.00983732863395 0.00016668302817 6.4219367447e-06 -0.000160260215636
BPM.23L5.B1 12248.1033 0.00979179215566 0.000960012639668 -0.000160321622567 -4.64291510222e-06
BPM.22L5.B1 12301.55182 0.0099354422779 -0.00112313641731 -7.19970992509e-10 -1.85644647198e-10
BPM.21L5.B1 12355.00033 0.00999367334572 -0.000317713343911 -1.79552514941e-10 7.22246056046e-10
BPM.20L5.B1 12408.44885 0.00971014432296 -0.0023848576231 7.22522671441e-10 1.60142765109e-10
BPM.19L5.B1 12461.89736 0.00987093113156 -0.00159347648591 1.49595979903e-10 -7.26231481249e-10
BPM.18L5.B1 12515.34588 0.0093253042271 -0.00360737436057 -7.35130561202e-10 -1.22221323306e-10
BPM.17L5.B1 12568.79439 0.00958599441516 -0.00284308983642 -1.17780717907e-10 7.33321483219e-10
BPM.16L5.B1 12622.24291 0.00878723752356 -0.00477062945135 7.4130838596e-10 9.29315556202e-11
BPM.15L5.B1 12675.69143 0.00914356596999 -0.00404594241912 8.85216269684e-11 -7.37443023325e-10
BPM.14L5.B1 12729.13994 0.00810478888615 -0.00585549705574 -7.4041741424e-10 -6.77856209894e-11
BPM.13L5.B1 12782.58846 0.00855087445544 -0.00518237347568 -5.3047544716e-11 7.35890873382e-10
BPM.12L5.B1 12836.03697 0.00821618518149 -0.00569813563655 7.43200721003e-10 -3.35967854642e-11
BPM.11L5.B1 12889.48549 0.00936885364609 -0.00349271098735 -1.22380612235e-10 -7.27050877649e-10
BPM.10L5.B1 12942.2662 0.00885624575159 -0.004641267057 -7.2553289698e-10 1.6080806907e-10
BPM.9L5.B1 12981.33121 0.009481316884 -0.00317475649575 5.97633782183e-11 7.41842452054e-10
BPM.8L5.B1 13021.79422 0.00571620738523 -0.00820362248213 6.16666283399e-10 -4.04605220421e-10
BPMR.7L5.B1 13060.86023 0.00931648606935 -0.00363008760164 -3.53097681201e-10 -6.48747250957e-10
BPM.6L5.B1 13097.75423 0.00921708353347 -0.0038755412278 -7.13638719985e-10 -2.19758639181e-10
BPMR.5L5.B1 13129.65423 0.00944389394295 -0.00328440495266 -7.27381970683e-10 1.47756269642e-10
BPMYA.4L5.B1 13157.06023 0.00936022208231 -0.00351577746986 -6.15529114157e-10 4.24899699026e-10
BPMWB.4L5.B1 13178.19473 0.00976421898853 -0.00215278336458 -4.11065236117e-10 6.18250023353e-10
BPMSY.4L5.B1 13270.97473 0.00990765292597 -0.00134642570609 6.49115244161e-10 3.63226798521e-10
BPMS.2L5.B1 13297.76023 0.00999215661871 -0.000362290452366 7.20682944692e-10 2.36437715275e-11
BPMSW.1L5.B1 13307.81423 0.00999872236506 -1.61409951803e-08 7.33405282597e-10 -1.73376736998e-10
BPMSW.1R5.B1 13350.76423 0.00999872236317 -1.68441906207e-08 -6.70291254252e-11 7.43006886861e-10
BPMS.2R5.B1 13360.81823 0.00999215659818 -0.000362292440807 1.64496731122e-10 7.16144258684e-10
BPMSY.4R5.B1 13387.60373 0.0099076526562 -0.00134642769616 4.40100442655e-10 5.95988153357e-10
BPMWT.A4R5.B1 13478.00823 0.00979629002865 -0.00200178679721 5.84148166273e-10 -4.60684843046e-10
BPMWT.B4R5.B1 13479.99023 0.00976975787837 -0.00212750551203 5.65776611603e-10 -4.77961981987e-10
BPMWB.4R5.B1 13480.38373 0.00976423793493 -0.00215269743417 5.63335574177e-10 -4.847955824e-10
BPMYA.4R5.B1 13501.51623 0.00936030654598 -0.00351555260283 3.48673080467e-10 -6.54553983491e-10
BPM.5R5.B1 13522.63423 0.00933608508677 -0.00357938039024 1.28366184037e-10 -7.34998869523e-10
BPMWT.A6R5.B1 13543.69223 0.00952216126694 -0.00305006451692 -1.01001074185e-10 -7.4317045902e-10
BPMWT.B6R5.B1 13549.51423 0.00947538659725 -0.00319241248738 -1.70754543848e-10 -7.18533160768e-10
BPMR.6R5.B1 13554.53423 0.00938932536579 -0.00343729804506 -2.31960353746e-10 -7.03213915498e-10
BPM_A.7R5.B1 13588.54823 0.00903699401942 -0.00427868996063 -6.16836718694e-10 -4.14518402526e-10
BPM.8R5.B1 13629.98722 0.00749935490816 -0.00661317810712 -5.5050719883e-10 4.93880920312e-10
BPM.9R5.B1 13669.05421 0.00765352988002 -0.00643412224562 6.49812223169e-10 3.63476985008e-10
BPM.10R5.B1 13709.5192 0.0095731527577 -0.00288603449204 2.53521588211e-10 -7.09239337245e-10
BPM.11R5.B1 13762.30189 0.00794528017989 -0.00607017063653 -7.33266553369e-10 -1.35172463998e-10
BPM.12R5.B1 13817.02837 0.00910639331852 -0.00412892836368 -1.28280264413e-10 7.32331547181e-10
BPM.13R5.B1 13870.47986 0.00870268252685 -0.00492318652279 7.20606155099e-10 1.75923226709e-10
BPM.14R5.B1 13923.93134 0.00907174474973 -0.00420450900526 1.70284659762e-10 -7.31615503751e-10
BPM.15R5.B1 13977.38283 0.00800149901703 -0.00599587042866 -7.35078050089e-10 -1.39355880828e-10
BPM.16R5.B1 14030.83431 0.00845932034398 -0.00533051104985 -1.34543317231e-10 7.29006709645e-10
BPM.17R5.B1 14084.28579 0.00716872405958 -0.00697021119133 7.3388499001e-10 1.12754917126e-10
BPM.18R5.B1 14137.73728 0.00770792552589 -0.00636885647894 1.09478956306e-10 -7.35289852083e-10
BPM.19R5.B1 14191.18876 0.00621814081198 -0.00783001746647 -7.34732427928e-10 -8.53878024336e-11
BPM.20R5.B1 14244.64025 0.00682981403733 -0.0073026083602 -7.73704652523e-11 7.40145605001e-10
BPM.21R5.B1 14298.09173 0.00516539208847 -0.00856114322123 7.45243065918e-10 5.21894860463e-11
BPM.22R5.B1 14351.54322 0.00583953791394 -0.00811629507076 4.49032730678e-11 -7.42860331992e-10
BPM.23R5.B1 14404.9947 0.00402773450836 -0.00915160114017 -7.40593439313e-10 -2.13491916824e-11
BPM.24R5.B1 14458.44618 0.00456853102116 -0.00880824991784 -2.82027649835e-06 0.000185139012568
BPM.25R5.B1 14511.89767 0.00264099461577 -0.00956461654593 0.00018514018949 -2.74165639986e-06
BPM.26R5.B1 14565.34915 0.00340423068318 -0.00932029804492 -4.81452462521e-06 -0.00018509788373
BPM.27R5.B1 14618.80064 0.00139541238805 -0.00982392826245 -0.000184869616909 1.03745974273e-05
BPM.28R5.B1 14672.25212 0.00199925081297 -0.00969085305671 9.62616602556e-06 0.000369878572237
BPM.29R5.B1 14725.7036 -5.53724046293e-05 -0.00989477491997 0.000369422582268 -2.07309909762e-05
BPM.30R5.B1 14779.15509 0.000743128664575 -0.009866985183 -2.48673505372e-05 -0.000369167218256
BPM.31R5.B1 14832.60657 -0.00132133767462 -0.00980630937443 -0.000368253302213 3.59489259868e-05
BPM.32R5.B1 14886.05806 -0.000525226745288 -0.00988098040044 4.00724392059e-05 0.000367827433025
BPM.33R5.B1 14939.50954 -0.00256437909155 -0.0095568612326 0.000366457507485 -5.11049628624e-05
BPM.34R5.B1 14992.96102 -0.00178498213171 -0.00973259860452 -5.52090399727e-05 -0.000365861697364
BPM.33L6.B1 15046.41251 -0.00376643813744 -0.00915005904741 -0.000364038162165 6.61742954179e-05
BPM.32L6.B1 15099.86399 -0.0030153235926 -0.0094243015895 7.02461467428e-05 0.000363274413598
BPM.31L6.B1 15153.31548 -0.00490553705505 -0.00859333131374 0.000360999255418 -8.11317223118e-05
BPM.30L6.B1 15206.76696 -0.00419624080829 -0.0089610936772 -8.51749302169e-05 -0.000360066732652
BPM.29L6.B1 15260.21845 -0.00596497030325 -0.00789485694203 -0.0003573466107 9.59490547569e-05
BPM.28L6.B1 15313.66993 -0.00530804296647 -0.00835070755644 9.99423056794e-05 0.000356250412197
BPM.27L6.B1 15367.12141 -0.00692557999551 -0.00706724688056 0.000353084887546 -0.000110606894201
BPM.26L6.B1 15420.5729 -0.0065175427623 -0.0076147549915 -0.000117379286864 -0.000166687738247
BPM.25L6.B1 15474.02438 -0.00795613979886 -0.00609612144709 -0.000163087690008 0.000122331935869
BPM.24L6.B1 15527.47587 -0.00743803870315 -0.00671851453463 0.000124150778679 0.000161707396506
BPM.23L6.B1 15580.92735 -0.00867052399926 -0.00502840638435 0.000157902402903 -0.000128955541867
BPM.22L6.B1 15634.37883 -0.00842127934138 -0.00572345653749 -0.000133539716534 2.86924727565e-05
BPM.21L6.B1 15687.83032 -0.00942581911193 -0.00385095243171 3.26907359567e-05 0.000132617603876
BPM.20L6.B1 15741.2818 -0.00908421738628 -0.00459922765012 0.000132242710336 -3.41757002183e-05
BPM.19L6.B1 15794.73329 -0.00984100324611 -0.00261353316277 -3.81341041411e-05 -0.000131156027039
BPM.18L6.B1 15848.18477 -0.0095979760415 -0.00339922879772 -0.000130720911321 3.9599956986e-05
BPM.17L6.B1 15901.63625 -0.0100944916714 -0.00133309353937 4.35085356499e-05 0.00012947246567
BPM.16L6.B1 15955.08774 -0.00995395034511 -0.00214354217306 0.000128976435283 -4.49576894397e-05
BPM.15L6.B1 16008.53922 -0.0101820896857 -3.08239167422e-05 -4.88131302032e-05 -0.000127567201429
BPM.14L6.B1 16061.99071 -0.0101463866693 -0.000852489335411 -0.000127012804158 5.02380259495e-05
BPM.13L6.B1 16115.44219 -0.0101023676514 0.00127203314396 5.403040854e-05 0.000125446517476
BPM.12L6.B1 16168.89367 -0.0101720727648 0.000452588256165 0.000124832283226 -5.54347892938e-05
BPM.11L6.B1 16222.34516 -0.00997306886971 0.00205275372132 -6.29920852053e-05 -0.000121194512329
BPM.10L6.B1 16274.18585 -0.0101049407432 0.00125142842359 -0.000116947642683 7.05646007073e-05
BPM.9L6.B1 16313.25284 -0.00849938481016 0.00560681356591 3.46620122297e-05 0.000132116075444
BPM.8L6.B1 16353.71783 -0.0066091264624 0.00774566639058 0.000134042406664 -2.62439889791e-05
BPMYA.5L6.B1 16450.80782 0.00134766301744 0.0100925569067 -9.51896726093e-05 -9.79542648108e-05
BPMYB.4L6.B1 16487.20782 0.00104408565806 0.0101284641295 -0.000114222189933 -7.48959685495e-05
BPMSA.B4L6.B1 16519.19832 0.00216461974356 0.00994938801485 -0.000128080833555 -4.74490631197e-05
BPMSA.A4L6.B1 16519.78332 0.00218675935731 0.00994454543986 -0.000128295053086 -4.68667500907e-05
BPMSE.4L6.B1 16616.45832 0.00552186137319 0.008554820131 -0.000114970697829 7.37417932768e-05
BPMSA.4R6.B1 16708.02832 0.00499159805632 0.00887467460808 4.39178418003e-06 0.00013651676068
BPMSB.A4R6.B1 16804.83832 0.000598194961087 0.0101645493403 0.000118289220936 6.82918242249e-05
BPMSB.B4R6.B1 16805.47332 0.000571564036065 0.0101660815971 0.000118645376616 6.76711712066e-05
BPMYA.4R6.B1 16830.80782 -0.000390689886072 0.0101746381702 0.000129335838112 4.39130217032e-05
BPMYB.5R6.B1 16867.20782 -0.000391412906986 0.0101746103832 0.000135865112493 1.40278693532e-05
BPM.8R6.B1 16962.93481 -0.00575326659778 0.00840094184924 -5.08841585613e-05 -0.000126755338177
BPM.9R6.B1 17002.0018 -0.00716064052889 0.00723886231401 -9.9129416253e-05 9.39652616653e-05
BPM.10R6.B1 17042.46678 -0.000940123289342 0.0101386423498 9.02701268762e-05 0.000102505689397
BPM.11R6.B1 17094.30747 -0.00104391560248 0.0101284816586 0.00012154832447 -6.23066445054e-05
BPM.12R6.B1 17149.03396 -0.000405711543622 0.0101740502571 -5.62110636876e-05 -0.000124484654422
BPM.13R6.B1 17202.48544 -0.00127530562728 0.01010195506 -0.000123637134546 5.80514671355e-05
BPM.14R6.B1 17255.93693 0.000849301723637 0.0101466539871 6.17392969037e-05 0.000121837483688
BPM.15R6.B1 17309.38841 2.76377523901e-05 0.0101820988329 0.000121138129848 -6.31004477866e-05
BPM.16R6.B1 17362.83989 0.00214030640754 0.00995464660382 -6.67116261377e-05 -0.000119187552039
BPM.17R6.B1 17416.29138 0.00132980801936 0.0100949250185 -0.000118432523344 6.804300227e-05
BPM.18R6.B1 17469.74286 0.00339623234809 0.00959903674301 7.15702275772e-05 0.000116334931568
BPM.19R6.B1 17523.19435 0.00261045578879 0.00984182000843 0.000115525967435 -7.28688185455e-05
BPM.20R6.B1 17576.64583 0.00459625830138 0.00908572011807 -7.6306818022e-05 -0.000113284520344
BPM.21R6.B1 17630.09731 0.00384788564271 0.00942707147366 -0.000112422154822 7.75717330047e-05
BPM.22R6.B1 17683.5488 0.00572084017798 0.0084230569316 8.09142160963e-05 0.000110040919139
BPM.23R6.B1 17737.00028 0.00502238610941 0.00885728729645 0.000109127890595 -8.21414453838e-05
BPM.24R6.B1 17790.45177 0.00670372086018 0.00763109659373 -8.53297006262e-05 -5.8115552687e-05
BPM.25R6.B1 17843.90325 0.00606591419617 0.00814728135409 -5.71555179352e-05 8.59757078692e-05
BPM.26R6.B1 17897.35474 0.00762488909838 0.00671078048921 8.765390238e-05 5.45469416968e-05
BPM.27R6.B1 17950.80622 0.00705839162231 0.00730428752541 5.35618660304e-05 -8.82592880847e-05
BPM.28R6.B1 18004.2577 0.00837307976041 0.0056893070303 -8.97752275651e-05 -2.39079946521e-06
BPM.29R6.B1 18057.70919 0.0078865689667 0.00634655095985 -1.38461036406e-06 8.97963744085e-05
BPM.30R6.B1 18111.16067 0.00903210936663 0.00457139799833 8.97974505871e-05 -1.31325938174e-06
BPM.31R6.B1 18164.61216 0.00863368086099 0.0052854738683 -2.31905781958e-06 -8.97771004355e-05
BPM.32R6.B1 18218.06364 0.00954269727915 0.00337840315096 -8.96668792274e-05 5.01575795494e-06
BPM.33R6.B1 18271.51512 0.00923888180882 0.00413760101597 6.02028835825e-06 8.96050442008e-05
BPM.34R6.B1 18324.96661 0.00989648025656 0.00212987270569 8.93837716339e-05 -8.70907950393e-06
BPM.33L7.B1 18378.41809 0.00969229360928 0.00292166456357 -9.70975597077e-06 -8.92806096135e-05
BPM.32L7.B1 18431.86958 0.010087635044 0.000846344172283 -8.89485203371e-05 1.23881887571e-05
BPM.31L7.B1 18485.32106 0.00998640958507 0.00165780059754 1.33842227835e-05 8.88041084987e-05
BPM.30L7.B1 18538.77254 0.0101130217871 -0.000451075985102 8.83620072189e-05 -1.60456607613e-05
BPM.29L7.B1 18592.22403 0.0101164363445 0.000366599099497 -1.7034417476e-05 -8.81767266458e-05
BPM.28L7.B1 18645.67551 0.00997222098486 -0.00174111683539 -8.7625051002e-05 1.96763285035e-05
BPM.27L7.B1 18699.127 0.0100802187629 -0.000930520762512 2.06570802029e-05 8.73990388393e-05
BPM.26L7.B1 18752.57848 0.00961990693511 -0.00299339194067 8.67920664942e-05 2.52210928592e-05
BPM.25L7.B1 18806.02997 0.00983011503473 -0.0022072252245 2.42476700995e-05 -8.7069041122e-05
BPM.24L7.B1 18859.48145 0.00915791592962 -0.00419947384522 -8.77582394671e-05 -2.16207819836e-05
BPM.23L7.B1 18912.93293 0.00946699823477 -0.00344658514237 -2.06356017471e-05 8.79951079866e-05
BPM.22L7.B1 18966.38442 0.00849782754189 -0.00532735712384 8.86286315736e-05 6.64763606963e-05
BPM.21L7.B1 19019.8359 0.00890007246374 -0.00462412337741 6.54800843481e-05 -8.9367222513e-05
BPM.20L7.B1 19073.28739 0.00774646084711 -0.00637072611503 -9.12939865414e-05 -6.27658306552e-05
BPM.19L7.B1 19126.73887 0.00823539166935 -0.0057246948377 -6.17381448683e-05 9.19920686704e-05
BPM.18L7.B1 19180.19035 0.00686787195408 -0.00730931882286 9.3805485544e-05 5.89463477451e-05
BPM.17L7.B1 19233.64184 0.00743539949311 -0.00673116937531 5.78925159954e-05 -9.44594999207e-05
BPM.16L7.B1 19287.09332 0.00587632641333 -0.00812788993078 -9.61560620954e-05 -5.50286579048e-05
BPM.15L7.B1 19340.54481 0.00651318442639 -0.00762707253483 -5.39470467697e-05 9.6767023237e-05
BPM.14L7.B1 19393.99629 0.00478834151835 -0.00881280842543 9.83441636767e-05 5.10153498603e-05
BPM.13L7.B1 19447.44777 0.00548400027117 -0.00839759179312 4.9911075036e-05 -9.89091811212e-05
BPM.12L7.B1 19500.89926 0.00363081449868 -0.00934938462728 -0.000100392078688 -4.68569255055e-05
BPM.11L7.B1 19554.35074 0.00445643606528 -0.00898520920418 -4.61336833313e-05 0.000100726481178
BPM.10L7.B1 19607.13343 0.00115281732948 -0.00996317314079 9.65335410782e-05 5.43637329034e-05
BPM.9L7.B1 19646.20042 0.000211717012944 -0.0100274115677 9.46947774097e-05 -5.75068732704e-05
BPM.8L7.B1 19686.66541 -0.0069509484279 -0.00723036117873 -5.35388803468e-05 -9.69934493519e-05
BPM.7L7.B1 19725.7314 -0.00741293527521 -0.00675590093277 -0.000110424827689 -8.97211284186e-06
BPM.6L7.B1 19760.5494 -0.00654497107256 -0.00759981318782 -8.98374635657e-05 6.48334102368e-05
BPMWC.6L7.B1 19772.6519 -0.00478174437619 -0.00881638971403 -6.58676561736e-05 8.90819422019e-05
BPMWE.5L7.B1 19849.7059 -0.00854997274738 -0.00524325975744 0.000103897745809 3.84629587799e-05
BPMW.5L7.B1 19872.9109 -0.0100289384843 -0.000119162337837 0.000104907920261 -3.56155915819e-05
BPMWE.4L7.B1 19907.9959 -0.0100238608505 0.000340617751443 7.66635544603e-05 -7.99802519075e-05
BPMW.4L7.B1 19936.1009 -0.00949595453542 -0.00322810382676 2.58767601531e-05 -0.00010772434163
BPMW.4R7.B1 20052.1479 -0.00998645312243 -0.00092981766124 -0.00010510561849 3.50278468468e-05
BPMWE.4R7.B1 20080.2529 -0.00955047428026 0.00306304550946 -7.09553040172e-05 8.50851674792e-05
BPMW.5R7.B1 20115.3379 -0.00954540197781 0.00307881600493 -3.08823045096e-05 0.000106397485223
BPMWE.5R7.B1 20138.5429 -0.0100293746057 -7.38367318558e-05 1.84995979907e-05 0.000109233264231
BPMR.6R7.B1 20217.7584 -0.00876091693998 -0.00488263670589 0.00010698950062 -2.87643379116e-05
BPM_A.7R7.B1 20255.7944 -0.00956020332476 -0.0030325433496 4.9489329554e-05 -9.91208775136e-05
BPM.8R7.B1 20294.86039 -0.00999276009792 0.000859390772856 -7.21335957483e-05 -8.40885579903e-05
BPM.9R7.B1 20333.92738 -0.00730148600625 0.00687619872477 -9.45044432595e-05 5.78191371971e-05
BPM.10R7.B1 20374.39237 -0.00566405042846 0.00827721810319 1.08362542759e-05 0.000110257495194
BPM.11R7.B1 20427.17506 -0.00443103004002 0.00899776525732 0.000110784926534 -9.17329207747e-07
BPM.12R7.B1 20481.90154 -0.00486912774165 0.00876843212005 -3.73520844107e-06 -0.000110725739965
BPM.13R7.B1 20535.35303 -0.0027636441249 0.00964137324216 -0.000110451161904 8.64183474697e-06
BPM.14R7.B1 20588.80451 -0.00353271754353 0.00938689051497 9.87784736632e-06 0.000110347491113
BPM.15R7.B1 20642.25599 -0.00150739112571 0.00991572381718 0.00011000089452 -1.31887913649e-05
BPM.16R7.B1 20695.70748 -0.00230284647513 0.00976169580034 -1.44210270157e-05 -0.000109846140389
BPM.17R7.B1 20749.15896 -0.000226654389947 0.0100270850514 -0.000109363323527 1.77145291997e-05
BPM.18R7.B1 20802.61045 -0.00103515390132 0.009976084563 1.89382137854e-05 0.000109158069872
BPM.19R7.B1 20856.06193 0.00105808120025 0.00997367890786 0.000108539809035 -2.22092194281e-05
BPM.20R7.B1 20909.51341 0.000249570709171 0.0100265408442 -2.34243059548e-05 -0.000108284081947
BPM.21R7.B1 20962.9649 0.002325147353 0.00975640797471 -0.00010753146294 2.66669509703e-05
BPM.22R7.B1 21016.41638 0.00153017345768 0.00991223365414 2.78697635181e-05 0.000107226010008
BPM.23R7.B1 21069.86787 0.00355428601243 0.00937874499766 0.000106340326859 -3.1078535774e-05
BPM.24R7.B1 21123.31935 0.00282728388178 0.00963768409128 -3.16319441824e-05 -0.00014772614923
BPM.25R7.B1 21176.77083 0.0047659971029 0.0088410271131 -0.000146709046814 3.60562150205e-05
BPM.26R7.B1 21230.22232 0.00403696557603 0.0091968145428 3.76977398481e-05 0.000146295848084
BPM.27R7.B1 21283.6738 0.00585800448772 0.00815857047321 0.000145097399817 -4.20753873859e-05
BPM.28R7.B1 21337.12529 0.00522196201462 0.0086074665048 -4.30616268637e-05 -0.00018635808934
BPM.29R7.B1 21390.57677 0.00689470404472 0.0073362403936 -0.000184979912755 4.86422879956e-05
BPM.30R7.B1 21444.02826 0.00628018278938 0.00786871470185 5.07126024949e-05 0.000184423083016
BPM.31R7.B1 21497.47974 0.0077766978088 0.00639377338803 0.000182816750264 -5.62287955056e-05
BPM.32R7.B1 21550.93122 0.00723519775061 0.00700066285854 -5.82725099602e-05 -0.000182175616713
BPM.33R7.B1 21604.38271 0.00853063009465 0.00534656123513 -0.000180342005804 6.37212928817e-05
BPM.34R7.B1 21657.83419 0.00807132833246 0.00601755979202 6.57390135245e-05 0.000179616323666
BPM.33L8.B1 21711.28568 0.00914458047576 0.00421117736621 0.000177561098846 -7.11034212923e-05
BPM.32L8.B1 21764.73716 0.0087748133023 0.00493558693485 -7.30870912685e-05 -0.000176753839362
BPM.31L8.B1 21818.18864 0.00960812393712 0.00300687900229 -0.000174477169913 7.83668082964e-05
BPM.30L8.B1 21871.64013 0.00933411329319 0.00377249200565 8.03180490148e-05 0.000173587592487
BPM.29L8.B1 21925.09161 0.0099138603713 0.00175292312159 0.000171097520629 -8.54943310331e-05
BPM.28L8.B1 21978.5431 0.00974002198702 0.00254741803045 -8.740462669e-05 -0.000170129573032
BPM.27L8.B1 22031.99458 0.0100566461765 0.000470355771043 -0.000167425332853 9.24791865322e-05
BPM.26L8.B1 22085.44606 0.010027556333 0.00128311367044 9.49861733986e-05 0.000124638084623
BPM.25L8.B1 22138.89755 0.0100755020884 -0.000826150291565 0.000121729491266 -9.86861502328e-05
BPM.24L8.B1 22192.34903 0.0101093106594 -1.02310368137e-05 -0.000100043299916 -0.000120616598093
BPM.23L8.B1 22245.80052 0.00988703727744 -0.00210826007029 -0.000117555027913 0.000103623552224
BPM.22L8.B1 22299.252 0.0100666211028 -0.00130075611114 0.000105570617148 7.4645954578e-05
BPM.21L8.B1 22352.70349 0.00957740804729 -0.00336185692106 7.14417552867e-05 -0.000107764784243
BPM.20L8.B1 22406.15497 0.00981750008894 -0.0025778903934 -0.00010855840412 -7.02299576991e-05
BPM.19L8.B1 22459.60645 0.00906864994108 -0.00455943144423 -6.6935580561e-05 0.000110620082225
BPM.18L8.B1 22513.05794 0.00940707140895 -0.00381258893215 0.000111363129752 6.56919050632e-05
BPM.17L8.B1 22566.50942 0.00841086570002 -0.00568209160842 6.23177438981e-05 -0.000113285805132
BPM.16L8.B1 22619.96091 0.00884201828593 -0.00498473063522 -0.00011397685203 -6.10446609486e-05
BPM.15L8.B1 22673.41239 0.00761485835563 -0.00671139024785 -5.7591669641e-05 0.000115759977328
BPM.14L8.B1 22726.86387 0.00813173126541 -0.00607484761612 0.000116398019762 5.62909854356e-05
BPM.13L8.B1 22780.31536 0.00669374279559 -0.00763037576378 5.27697222514e-05 -0.000118036134402
BPM.12L8.B1 22833.76684 0.00717975283128 -0.00717495478191 -0.000119117038969 -5.02822449374e-05
BPM.11L8.B1 22887.21833 0.00597580642695 -0.00820478911491 -3.9979388141e-05 0.000122958618388
BPM.10L8.B1 22939.05902 0.00707734277839 -0.00727599106765 0.000124833958838 3.36698003835e-05
BPM.9L8.B1 22978.126 0.00408793661631 -0.00929072661807 6.8101219241e-05 -0.000109906310843
BPM.8L8.B1 23018.59099 0.00402283831021 -0.00931909860225 -0.000113446382721 -6.20249291741e-05
BPM.7L8.B1 23057.65898 -0.00349874924937 -0.00952825170828 -6.16193833673e-05 0.000113667168305
BPMR.6L8.B1 23090.12798 -0.00816228742795 -0.0060337294371 6.11738245789e-05 0.000113907566723
BPM.5L8.B1 23150.54698 -0.0101461664679 -0.000290056689474 8.89343658744e-05 -9.3850152408e-05
BPMYB.4L8.B1 23171.31398 -0.00995251504914 -0.00199405892725 1.89433496717e-05 -0.000127899664173
BPMWB.4L8.B1 23195.70548 -0.0101499945199 -8.02377347534e-05 -9.11351451521e-05 -9.17145506329e-05
BPMSX.4L8.B1 23245.93848 -0.00876522947911 -0.00511855243411 -6.11086086398e-05 0.000113942582513
BPMS.2L8.B1 23283.84998 -0.0087588148508 -0.00512952133965 2.64682064803e-05 0.000126556758313
BPMSW.1L8.B1 23293.78398 -0.00894525681053 -0.00479699982657 5.82512655825e-05 0.00011542947139
BPMSW.1R8.B1 23336.97398 -0.00894527970874 -0.0047969571409 -0.00012338642789 3.86388906267e-05
BPMS.2R8.B1 23346.90798 -0.00875883442051 -0.00512948801394 -0.000109224018936 6.91903016882e-05
BPMSX.4R8.B1 23384.81948 -0.00876522395116 -0.00511856190007 -3.91578209503e-05 0.000123222713534
BPMWB.4R8.B1 23434.97648 -0.0101500023891 -7.9236123728e-05 0.000129281219579 1.88145863141e-06
BPMYB.4R8.B1 23459.44398 -0.0099582507044 -0.00196521494743 7.85949781192e-05 -0.000102664507538
BPMYB.5R8.B1 23480.02098 -0.0101410008303 0.000434659610693 3.47669107109e-07 -0.000129294448359
BPM.6R8.B1 23564.12898 -0.00991564310787 -0.00216998814247 -0.000103814244641 7.70699371604e-05
BPM_A.7R8.B1 23586.36898 -0.00938606450359 -0.0038640160529 -6.32650027117e-05 0.000112759528921
BPM.8R8.B1 23627.80599 -0.00642821509496 -0.00785537253275 8.91384488696e-05 9.3656346613e-05
BPM.9R8.B1 23666.871 -0.00373539465338 -0.00943798991619 3.53299530986e-05 -0.000124374308112
BPM.10R8.B1 23707.33402 -0.00841340792744 -0.0056783266817 -0.00012874413124 1.19215047071e-05
BPM.11R8.B1 23759.17273 -0.00496967561902 -0.00885048874998 3.00656919509e-05 0.00012575065634
BPM.12R8.B1 23813.89624 -0.00558959745727 -0.00847261630851 0.000125111437487 -3.26236439359e-05
BPM.13R8.B1 23867.34476 -0.00429161267561 -0.00919841766277 -4.01326299378e-05 -0.000122908688676
BPM.14R8.B1 23920.79327 -0.00610714682547 -0.00810750174003 -0.000121653183246 4.37912750039e-05
BPM.15R8.B1 23974.24179 -0.00543290560562 -0.00857393512592 4.51376935607e-05 0.000121160069128
BPM.16R8.B1 24027.69031 -0.0070939779268 -0.0072597729981 0.000119754773676 -4.87439056762e-05
BPM.17R8.B1 24081.13882 -0.0064850462655 -0.00780852110173 -5.00690429728e-05 -0.000119206814797
BPM.18R8.B1 24134.58734 -0.007964447961 -0.00629256669877 -0.000117655389201 5.36132855539e-05
BPM.19R8.B1 24188.03585 -0.00743063065423 -0.00691480693793 5.49146052021e-05 0.000117053660612
BPM.20R8.B1 24241.48437 -0.00870389504855 -0.00522216792974 0.000115357462814 -5.83937357439e-05
BPM.21R8.B1 24294.93289 -0.00825412258482 -0.00590747722947 -5.96696554735e-05 -0.000114702685439
BPM.22R8.B1 24348.3814 -0.00930044982654 -0.00406576683402 -0.000112866134917 6.30746356426e-05
BPM.23R8.B1 24401.82992 -0.00894199468364 -0.00480307796819 6.4322156615e-05 0.000112159856585
BPM.24R8.B1 24455.27843 -0.00945487769642 -0.00289782263346 0.000109882554015 -0.000362031206952
BPM.25R8.B1 24508.72695 -0.00919023767984 -0.00365124905157 -0.000363225365419 -0.000105868345399
BPM.26R8.B1 24562.17546 -0.0097479022352 -0.00166447896085 -9.49631716485e-05 0.000366227751582
BPM.27R8.B1 24615.62398 -0.00958177029756 -0.00244576494997 0.000367260338227 9.08879556899e-05
BPM.28R8.B1 24669.0725 -0.00959148322449 -0.000459066974916 7.95286103257e-05 -0.000664177136545
BPM.29R8.B1 24722.52101 -0.00952316391712 -0.00123152018989 -0.000665014863019 -7.21893630586e-05
BPM.30R8.B1 24775.96953 -0.00957140501816 0.000771685785108 -5.22931322849e-05 0.000666874422843
BPM.31R8.B1 24829.41804 -0.0096024623209 -3.22236523659e-06 0.000667415509487 4.48620268688e-05
BPM.32R8.B1 24882.86656 -0.00939406630502 0.00198967616508 2.48335474667e-05 -0.000668460450251
BPM.33R8.B1 24936.31508 -0.00952399965853 0.00122504019083 -0.000668693877831 -1.74518295256e-05
BPM.34R8.B1 24989.76359 -0.00906235624722 0.00317505783588 2.53440686733e-06 0.000668916773639
BPM.33L1.B1 25043.21211 -0.00928899080831 0.00243350420616 0.000668847042867 -9.98512268432e-06
BPM.32L1.B1 25096.66062 -0.00858178051302 0.00430817086227 -3.00262158719e-05 -0.00066824733398
BPM.31L1.B1 25150.10914 -0.00890151616278 0.00360143069693 -0.000667875038988 3.74033099291e-05
BPM.30L1.B1 25203.55766 -0.00796013109878 0.00537062434598 5.73471366845e-05 0.000666458831599
BPM.29L1.B1 25257.00617 -0.00836746611247 0.0047109238792 0.000665778954701 -6.47646381323e-05
BPM.28L1.B1 25310.45469 -0.00720780338513 0.00634467204081 -8.46819606696e-05 -0.000663539775131
BPM.27L1.B1 25363.9032 -0.00769644320933 0.00574212982465 -0.000662563721015 9.20075420885e-05
BPM.26L1.B1 25417.35172 -0.0060477659282 0.00715930222021 0.000111498385742 0.000365136259086
BPM.25L1.B1 25470.80023 -0.00660570319681 0.00664798964248 0.000363874522273 -0.000115549598045
BPM.24L1.B1 25524.24875 -0.00508241870625 0.00787401429518 -0.000126390893501 -0.000360252299317
BPM.23L1.B1 25577.69727 -0.00570135478499 0.00743812036763 -0.00035883116571 0.000130370894987
BPM.22L1.B1 25631.14578 -0.00374422280652 0.00840422066265 0.000140760582982 6.04050295374e-05
BPM.21L1.B1 25684.5943 -0.00441026608183 0.00807463203279 5.88391969204e-05 -0.000141422265648
BPM.20L1.B1 25738.04281 -0.00263861376421 0.00881407095297 -0.000143119664309 -5.45808565451e-05
BPM.19L1.B1 25791.49133 -0.00334122812304 0.00857241645813 -5.29911388437e-05 0.000143715854282
BPM.18L1.B1 25844.93985 -0.00148921460886 0.00907922734685 0.000145237334851 4.86664586354e-05
BPM.17L1.B1 25898.38836 -0.00221709947666 0.00892942323261 4.70523346841e-05 -0.00014576826483
BPM.16L1.B1 25951.83688 -0.000315807851618 0.00919512886081 -0.000147111059864 -4.26690200295e-05
BPM.15L1.B1 26005.28539 -0.00105673581459 0.00913966294812 -4.10351137336e-05 0.000147575161759
BPM.14L1.B1 26058.73391 0.00086326103951 0.00915996232155 0.000148737041664 3.66005572765e-05
BPM.13L1.B1 26112.18243 0.000121179918593 0.00919975243064 3.49490268027e-05 -0.000149133746869
BPM.12L1.B1 26165.63094 0.000686245006352 0.00917492218746 -0.000152339785477 -1.59655654254e-05
BPM.11L1.B1 26219.07946 -0.00160059277069 0.00906025563485 2.55886372963e-06 0.000153152738358
BPM.10L1.B1 26271.86017 -0.000450359295946 0.00918952152583 0.000152831496218 -1.02392812343e-05
BPM.9L1.B1 26310.92518 -0.0019052365792 0.00900112231526 1.00526737802e-05 -0.000152843880563
BPM.8L1.B1 26351.38819 0.00383978981959 0.00836098938443 -0.000139266700113 6.37737903879e-05
BPMR.7L1.B1 26390.4542 -0.0014671625207 0.00908281693662 5.17743139236e-05 0.000144158700043
BPM.6L1.B1 26433.6382 -0.001653754805 0.00905070297868 0.000144344356114 5.12544256229e-05
BPMR.5L1.B1 26465.5382 -0.00151628643127 0.00907474544081 0.000151544964286 -2.22807157324e-05
BPMYA.4L1.B1 26486.6562 -0.00157825768558 0.00906417299265 0.000137328049208 -6.78477386765e-05
BPMWB.4L1.B1 26507.7887 -0.00284771208614 0.00874875220943 0.000102949540985 -0.000113418257178
BPMSY.4L1.B1 26600.5687 -0.00355435661098 0.00848626410405 -0.000121116029401 -9.37721541957e-05
BPMS.2L1.B1 26627.3542 -0.00437435195712 0.0080941444525 -0.000149828851394 -3.18375601131e-05
BPMSW.1L1.B1 26637.4082 -0.00466474852513 0.00793033735583 -0.000152764946288 1.11884040655e-05
