BPMSW.1R1.B2 21.475 0.000852045056329 -0.0100932035336 3.584102758e-06 -0.000192324735892
BPMS.2R1.B2 31.529 0.00121713969367 -0.010055710284 -5.01677052403e-05 -0.000185700975587
BPMSY.4R1.B2 58.3145 0.00220331564712 -0.0098865635359 -0.000125867233586 -0.000145461640398
BPMWB.4R1.B2 151.1705 0.00300990277778 -0.0096715677952 -0.000134987063892 0.000137040660549
BPMYA.4R1.B2 172.227 0.00434660317948 -0.00914908625481 -7.56860509479e-05 0.000176842500865
BPMR.5R1.B2 199.635 0.00413500756184 -0.00924664538273 6.27654779451e-07 0.000192357104324
BPM.6R1.B2 231.535 0.00485510558756 -0.00888969561389 9.44989070856e-05 0.000167545831811
BPMRA.7R1.B2 259.259 0.00556796112823 -0.00846147429479 0.000168876727088 9.20994063063e-05
BPM.8R1.B2 300.6960106 0.00818249199545 -0.00597039053278 0.000126074675097 -0.000145281880595
BPM.9R1.B2 339.7610212 0.00752553743886 -0.00677975107403 -0.000173104644413 -8.38834271401e-05
BPM.10R1.B2 380.2240318 0.0039906851428 -0.00930984266271 -4.43447528355e-05 0.000187176898038
BPM.11R1.B2 433.0047424 0.00804527520296 -0.00615404625923 0.000192031191691 -1.12103539595e-05
BPM.12R1.B2 487.7282583 0.00695943311503 -0.00735968946885 -2.69154012905e-05 -0.000190465773017
BPM.13R1.B2 541.1767742 0.00792946975607 -0.00630255881672 -0.000188629556653 3.76900716648e-05
BPM.14R1.B2 594.6252901 0.00644898986305 -0.0078108429841 4.33181480778e-05 0.000187417150303
BPM.15R1.B2 648.073806 0.00705832376821 -0.0072649021879 0.000186925745684 -4.53917682995e-05
BPM.16R1.B2 701.5223219 0.00539678351882 -0.00857166646644 -5.09641162204e-05 -0.000185483983291
BPM.17R1.B2 754.9708378 0.00607084304746 -0.00810824291055 -0.000184906875496 5.30197723214e-05
BPM.18R1.B2 808.4193537 0.00425604517298 -0.00919156231832 5.85304825704e-05 0.000183237092414
BPM.19R1.B2 861.8678696 0.00498396943754 -0.00881809429376 0.00018257721509 -6.05574928407e-05
BPM.20R1.B2 915.3163855 0.00304520177682 -0.00966051160655 -6.59934763305e-05 -0.000180683453773
BPM.21R1.B2 968.7649014 0.00381478643321 -0.00938329061946 -0.000179940084924 6.79942244868e-05
BPM.22R1.B2 1022.213417 0.0017845290281 -0.00997066670304 7.33490652605e-05 0.000177824530983
BPM.23R1.B2 1075.661933 0.0025833925128 -0.00979412178143 0.000177000444292 -7.5315947966e-05
BPM.24R1.B2 1129.110449 0.0003487695896 -0.0100892056429 -8.04332035319e-05 -2.63879799484e-05
BPM.25R1.B2 1182.558965 0.00116186200973 -0.0100281497465 -2.54942933379e-05 8.07209218432e-05
BPM.26R1.B2 1236.007481 -0.000944573477047 -0.0100509448148 8.14477375606e-05 2.30671239055e-05
BPM.27R1.B2 1289.455997 -0.000130452041455 -0.0100943891838 2.21624720426e-05 -8.16985344342e-05
BPM.28R1.B2 1342.904513 -0.0023681793706 -0.00981973443122 -8.21800028724e-05 0.000128570769494
BPM.29R1.B2 1396.353029 -0.00156785421647 -0.00997884217089 0.000129474380487 8.07488798465e-05
BPM.30R1.B2 1449.801545 -0.00360475003249 -0.00943616633807 7.68371918611e-05 -0.000131833388069
BPM.31R1.B2 1503.25006 -0.00283166708919 -0.00969624254071 -0.00013267718618 -7.53708250109e-05
BPM.32R1.B2 1556.698576 -0.00478229452812 -0.0088974781212 -7.13677610883e-05 0.000134872675732
BPM.33R1.B2 1610.147092 -0.00404855242475 -0.00925444115923 0.000135656089893 6.98671640768e-05
BPM.34R1.B2 1663.595608 -0.00588109733363 -0.00821268238838 6.57748065215e-05 -0.000137686862795
BPM.33L2.B2 1717.044124 -0.00519928374005 -0.008660421843 -0.000138407524656 -6.42444834973e-05
BPM.32L2.B2 1770.49264 -0.00688339451272 -0.00739285722892 -6.00754275693e-05 0.000140267391698
BPM.31L2.B2 1823.941156 -0.00626426364245 -0.00792429548513 0.000140925320782 5.85153834019e-05
BPM.30L2.B2 1877.389672 -0.00777250063572 -0.00645164255896 5.42699793894e-05 -0.000142614052397
BPM.29L2.B2 1930.838188 -0.00722658568189 -0.00705775582491 -0.000143206765884 -5.26860521615e-05
BPM.28L2.B2 1984.286704 -0.00853395795263 -0.00540435190967 -4.83789119327e-05 0.000144718614351
BPM.27L2.B2 2037.73522 -0.0080699561633 -0.00607546421962 0.000145246603422 4.67698886262e-05
BPM.26L2.B2 2091.183735 -0.00930082257725 -0.00424059274722 4.25482685269e-05 1.69716786567e-06
BPM.25L2.B2 2144.632251 -0.00892828178377 -0.00497731973911 1.22511602981e-06 -4.25644763463e-05
BPM.24L2.B2 2198.080767 -0.00976687170654 -0.00301598151055 -4.25820786272e-05 4.90519319188e-08
BPM.23L2.B2 2251.529283 -0.00949163512674 -0.00379431021732 5.21178045115e-07 4.25789225507e-05
BPM.22L2.B2 2304.977799 -0.010218135999 -0.00171408361156 4.26890532038e-05 0.000146488393694
BPM.21L2.B2 2358.426315 -0.0100464778755 -0.00253311433417 0.000146005336992 -4.43130598006e-05
BPM.20L2.B2 2411.874831 -0.0103534542968 -0.000392899557042 -4.86637622626e-05 -0.000144613429752
BPM.19L2.B2 2465.323347 -0.0102879843986 -0.00122709533173 -0.00014406562481 5.02623242629e-05
BPM.18L2.B2 2518.771863 -0.0103186551312 0.000934741772527 5.45499986014e-05 0.000142497375142
BPM.17L2.B2 2572.220379 -0.0103604338033 9.89813698595e-05 0.000141882795826 -5.61291157853e-05
BPM.16L2.B2 2625.668894 -0.0101143143623 0.00224700487521 -6.03509413202e-05 -0.000140139101209
BPM.15L2.B2 2679.11741 -0.0102626554176 0.00142347801969 -0.000139462184083 6.18991426259e-05
BPM.14L2.B2 2732.565926 -0.00974377557964 0.00352238887597 6.60440872861e-05 0.000137547753343
BPM.13L2.B2 2786.014442 -0.00999624706316 0.00272459733033 0.000136805812776 -6.75675523199e-05
BPM.12L2.B2 2839.462958 -0.00910394983796 0.00494636061118 -6.98201576966e-05 -0.000135670007754
BPM.11L2.B2 2892.911474 -0.00988185372003 0.00311405732124 -0.000141771084699 5.6410676506e-05
BPM.10L2.B2 2944.750185 -0.00959653763814 0.00390574593292 2.90449241101e-05 0.000149791852435
BPM.9L2.B2 2983.815195 -0.00861997713827 0.00574842413626 0.000152568402713 2.02189060681e-06
BPM.8L2.B2 3024.278206 -0.00571669634366 0.00864105137638 -0.000106579506266 -0.000109187981302
BPM.7L2.B2 3063.344216 -0.0102872112711 -0.0012335600073 -9.36349376881e-05 0.000120472842459
BPM.6L2.B2 3095.450216 -0.0101209584301 -0.00221688664147 -2.73052678687e-05 0.000150118712743
BPMYB.5L2.B2 3167.649216 -0.0103529274407 0.000406545639898 0.00014825135682 3.60934941758e-05
BPMYB.4L2.B2 3188.219216 -0.0100796503231 0.00239771460461 0.000141486016935 -5.71219034164e-05
BPMWB.4L2.B2 3212.610716 -0.0103504552386 0.000465255065849 3.89311661314e-05 -0.000147531588213
BPMSX.4L2.B2 3262.843716 -0.00874778710269 0.0055519912414 -0.000152469937184 5.84156594772e-06
BPMS.2L2.B2 3300.755216 -0.0087408404372 0.00556292143149 -0.00011301279374 0.000102514996704
BPMSW.1L2.B2 3310.689216 -0.00894356956434 0.00523076948217 -8.27076088948e-05 0.000128221124478
BPMSW.1R2.B2 3353.879216 -0.00894357717665 0.0052307564576 -0.000113011073923 -0.000102516829649
BPMS.2R2.B2 3363.813216 -0.00874084668242 0.0055629116211 -0.000135650900432 -6.98573006855e-05
BPMSX.4R2.B2 3401.724716 -0.00874778867011 0.00555198876899 -0.000148807795091 3.37260329894e-05
BPMWB.4R2.B2 3451.881716 -0.010350531949 0.000463545358096 7.52843488035e-05 0.000132715757354
BPMYB.4R2.B2 3476.349216 -0.01009011268 0.00235329811025 0.000151424636548 1.87559759542e-05
BPM.5R2.B2 3505.883216 -0.0094832212447 -0.00417335605128 8.29011493363e-05 -0.000128096075099
BPMR.6R2.B2 3579.179216 -0.00874704876054 -0.00555315440019 -0.000122925835386 -9.03905039939e-05
BPM_A.7R2.B2 3592.054216 -0.00897541244232 -0.00517594022351 -0.000137048520366 -6.70738805811e-05
BPM.8R2.B2 3633.493206 -0.0102697931088 -0.00137103442822 -0.000123947306137 8.89846726539e-05
BPM.9R2.B2 3672.560195 -0.00620889476797 0.00829445668576 0.000130371566397 7.92745867741e-05
BPM.10R2.B2 3713.025185 -0.00558171407148 0.00872885180966 0.000120338836063 -9.38070928601e-05
BPM.11R2.B2 3764.865874 -0.00490664584694 0.00912541574231 -8.17070341462e-05 -0.000128861036901
BPM.12R2.B2 3819.592358 -0.00547361587199 0.00879704014182 -0.000121147654921 9.27601829029e-05
BPM.13R2.B2 3873.043842 -0.00254101350261 0.0100444828789 0.000105249315071 0.000110470750773
BPM.14R2.B2 3926.495326 -0.00334327704063 0.00980667551327 0.000109285010485 -0.000106480002952
BPM.15R2.B2 3979.94681 -0.00123518452082 0.0102870163372 -0.000109715139514 -0.000106036754607
BPM.16R2.B2 4033.398294 -0.00206143445211 0.0101537615676 -0.000104801331156 0.000110895839388
BPM.17R2.B2 4086.849779 9.11267164893e-05 0.0103605058689 0.00011399447902 0.000101422215004
BPM.18R2.B2 4140.301263 -0.000745391739299 0.0103340590812 0.0001001384029 -0.000115123872366
BPM.19R2.B2 4193.752747 0.00141558050519 0.0102637477455 -0.000118080293639 -9.66346209503e-05
BPM.20R2.B2 4247.204231 0.000582571535415 0.0103445152775 -9.53055859995e-05 0.000119155573467
BPM.21R2.B2 4300.655715 0.00271714159925 0.00999827622283 0.000121965168894 9.16826153195e-05
BPM.22R2.B2 4354.107199 0.00190128131745 0.0101849651588 9.03106218024e-05 -0.000122984541666
BPM.23R2.B2 4407.558683 0.00397368696371 0.00956860479895 -0.000125642209994 -8.6575051433e-05
BPM.24R2.B2 4461.010167 0.00314003148981 0.00985502367008 -8.59007868687e-05 0.000175145032652
BPM.25R2.B2 4514.461651 0.00511731396963 0.00898856979579 0.000177646616142 8.06002881196e-05
BPM.26R2.B2 4567.913135 0.00437507831796 0.00937229849117 7.86062879609e-05 -0.000178537892769
BPM.27R2.B2 4621.36462 0.00622494632916 0.00826022593801 -0.000180819082393 -7.32064571626e-05
BPM.28R2.B2 4674.816104 0.00548956810491 0.00873257965094 -7.19129291552e-05 0.000230168537177
BPM.29R2.B2 4728.267588 0.00718267896544 0.00740286621417 0.000232224734905 6.49668860542e-05
BPM.30R2.B2 4781.719072 0.00656167527774 0.00795850004024 6.23643659343e-05 -0.000232937138092
BPM.31R2.B2 4835.170556 0.00807052206987 0.00642339309154 -0.000234706090085 -5.53360208927e-05
BPM.32R2.B2 4888.62204 0.00752580919507 0.00705375795811 -5.26990279558e-05 0.000235312213728
BPM.33R2.B2 4942.073524 0.0088260556429 0.00533798155722 0.000236788762747 4.56081514586e-05
BPM.34R2.B2 4995.525008 0.00836637802214 0.00603299462928 4.29565762056e-05 -0.000237284120198
BPM.33L3.B2 5048.976492 0.00943633066024 0.00416520935968 -0.000238468027925 -3.58053619983e-05
BPM.32L3.B2 5102.427976 0.00906939420232 0.00491318574605 -3.31267693007e-05 0.000238854854195
BPM.31L3.B2 5155.87946 0.00989168201897 0.00292368469841 0.000239741897366 2.59393062401e-05
BPM.30L3.B2 5209.330945 0.00962341788875 0.00371256427702 2.32563423883e-05 -0.000240017006701
BPM.29L3.B2 5262.782429 0.0101844097124 0.00163435131825 -0.00024060762365 -1.60309890057e-05
BPM.28L3.B2 5316.233913 0.0100192784288 0.00245099268074 -1.33293940674e-05 0.000240772403656
BPM.27L3.B2 5369.685397 0.0103098095863 0.000318012004299 0.00024106406639 6.09409647597e-06
BPM.26L3.B2 5423.136881 0.0102020358964 0.0011460371454 2.65604116996e-06 -0.000192575734635
BPM.25L3.B2 5476.588365 0.0102177324909 -0.00099643376335 -0.000192568548692 3.1337250199e-06
BPM.24L3.B2 5530.039849 0.0102648211272 -0.000168477741537 5.29405946553e-06 0.000192521266138
BPM.23L3.B2 5583.491333 0.0100063170994 -0.00229533345399 0.000192275489076 -1.10725685688e-05
BPM.22L3.B2 5636.942817 0.0101104584074 -0.00148330320491 -1.39643856856e-05 -0.000143598656543
BPM.21L3.B2 5690.394301 0.00958240023051 -0.00354953003389 -0.000143114069997 1.82740601393e-05
BPM.20L3.B2 5743.845786 0.00983763767442 -0.00276449681003 1.98778385155e-05 0.000142900141557
BPM.19L3.B2 5797.29727 0.00904962464292 -0.00474614068805 0.000142238741163 -2.41602800466e-05
BPM.18L3.B2 5850.748754 0.009403145521 -0.00400030147389 -2.57510473265e-05 -0.000141959362957
BPM.17L3.B2 5904.200238 0.00836804983162 -0.00586492110978 -0.000141121263762 3.00060980812e-05
BPM.16L3.B2 5957.651722 0.00881415517773 -0.0051703216632 3.15865686777e-05 0.000140775943851
BPM.15L3.B2 6011.103206 0.00754910209275 -0.00688713403507 0.000139763855746 -3.58000418107e-05
BPM.14L3.B2 6064.55469 0.00808028816017 -0.00625543770213 -3.73626201907e-05 -0.000139354270596
BPM.13L3.B2 6118.006174 0.00660591079976 -0.00779637737152 -0.00013816840903 4.15339571679e-05
BPM.12L3.B2 6171.457658 0.00820385376374 -0.00609248233871 3.09467284453e-05 0.000140917992614
BPM.11L3.B2 6224.909142 0.00878104469365 -0.00522635740807 0.000142144761963 -2.47071538066e-05
BPM.10L3.B2 6277.691832 0.010148392462 -0.00119653167509 -1.32479303018e-05 -0.000143666522243
BPM.9L3.B2 6316.758821 0.00980333758498 -0.00288377007113 -0.00011830763244 -8.25765223064e-05
BPM.8L3.B2 6357.223811 0.00907909729039 -0.0046895149016 -0.000135846464681 4.85933826269e-05
BPM.7L3.B2 6396.2898 0.00627083933648 -0.00806834131902 -1.86961432552e-05 0.000143059544101
BPMR.6L3.B2 6468.9288 -0.00247669172146 -0.00991400805626 0.000134916947155 -5.11174867134e-05
BPMWE.5L3.B2 6511.9823 -0.0026853292148 -0.00985954180687 7.88247964469e-05 -0.000120839687392
BPMW.5L3.B2 6539.5273 0.000439517630925 -0.0102092302297 1.69871708809e-05 -0.000143272518046
BPMWE.4L3.B2 6614.6553 -0.00311504648083 -0.00973231950981 -0.000132094361073 -5.80229156357e-05
BPMW.4L3.B2 6642.2003 -0.00939483028235 -0.00401979125134 -0.000120308619163 7.96330032363e-05
BPMW.4R3.B2 6687.1653 -0.0100455539605 -0.00187307318269 -4.60040323146e-05 0.000136745047136
BPMWE.4R3.B2 6714.7103 -0.00950668781347 -0.0037475918189 8.31729945351e-06 0.000144036111798
BPMW.5R3.B2 6789.8383 -0.0100398755268 -0.00190327533918 0.00013276097879 5.64809729713e-05
BPMWE.5R3.B2 6817.3833 -0.00996680107071 0.00225486895455 0.000141603199545 -2.76426017301e-05
BPMWC.6R3.B2 6858.3743 -0.00970544471542 0.00319779619446 9.67467607929e-05 -0.000107031038923
BPM.6R3.B2 6870.5288 -0.00999279319791 0.00213673623636 7.08516146755e-05 -0.000125680655587
BPM_A.7R3.B2 6926.3528 -0.00994250096393 0.00235971020309 -8.30468535552e-05 -0.000117977958065
BPM.8R3.B2 6965.418789 -0.00963842099392 -0.00339446584691 -0.000123221307084 7.50472435571e-05
BPM.9R3.B2 7004.485779 -0.00231373071239 -0.00995330135244 9.47786651749e-05 0.000108777684038
BPM.10R3.B2 7044.950768 -0.00344543078183 -0.00962032038745 0.000144164375119 5.67553126553e-06
BPM.11R3.B2 7097.733458 -0.00631929916339 -0.00803044305788 3.44717168733e-05 -0.000140097392742
BPM.12R3.B2 7152.459942 -0.00854264890976 -0.00560755804636 -0.000144241771439 -3.14489809971e-06
BPM.13R3.B2 7205.911426 -0.00760073029031 -0.0068301139568 6.09889680645e-06 0.000144147088405
BPM.14R3.B2 7259.36291 -0.00885274983251 -0.00510395709808 0.000143898786246 -1.04267865742e-05
BPM.15R3.B2 7312.814394 -0.00841195566387 -0.00580177210512 -1.20395587291e-05 -0.000143772833758
BPM.16R3.B2 7366.265878 -0.00943299079597 -0.00392940736267 -0.000143346389742 1.63520609362e-05
BPM.17R3.B2 7419.717362 -0.00908504248368 -0.00467798682037 1.79558539076e-05 0.000143154341472
BPM.18R3.B2 7473.168846 -0.00985813796655 -0.00269047829472 0.000142550010903 -2.22502433734e-05
BPM.19R3.B2 7526.62033 -0.00960883614048 -0.00347733024864 -2.38472200104e-05 -0.000142291563735
BPM.20R3.B2 7580.071814 -0.0101213327373 -0.00140718912182 -0.000141511235916 2.8109594543e-05
BPM.21R3.B2 7633.523299 -0.00997473011294 -0.00221953076498 2.96920743912e-05 0.00014118767931
BPM.22R3.B2 7686.974783 -0.010218188802 -0.00010087226094 0.000140231432753 -3.39223179439e-05
BPM.23R3.B2 7740.426267 -0.0101767109688 -0.000925262900869 -3.54925466948e-05 -0.000139842259955
BPM.24R3.B2 7793.877751 -0.0102226750053 0.00122156030298 -0.000138631129871 0.000116546245083
BPM.25R3.B2 7847.329235 -0.010287917102 0.000392499117036 0.000118091888334 0.000137316872299
BPM.26R3.B2 7900.780719 -0.00998240588965 0.0025192988089 0.000133704516825 -0.00012216675741
BPM.27R3.B2 7954.232203 -0.010153181441 0.00170534468287 -0.000123657299127 -0.000132327204411
BPM.28R3.B2 8007.683687 -0.00965365130483 0.00379001407023 -0.000128473526924 0.000204446432891
BPM.29R3.B2 8061.135171 -0.00992803021574 0.00299856735735 0.00020587367258 0.000126173771245
BPM.30R3.B2 8114.586655 -0.00908945562057 0.00499389494129 0.000119926567116 -0.000209574350317
BPM.31R3.B2 8168.03814 -0.00946291362168 0.00424387274722 -0.000210904194837 -0.000117572149911
BPM.32R3.B2 8221.489624 -0.00837597035583 0.00611557935 -0.000111187634153 0.000214338748929
BPM.33R3.B2 8274.941108 -0.00884216743048 0.00541971081637 0.000215571671798 0.000108777965165
BPM.34R3.B2 8328.392592 -0.00752473713514 0.00713691257995 0.000102247909967 -0.000218744496436
BPM.33L4.B2 8381.844076 -0.00807632492429 0.00650616368419 -0.00021987578843 -9.97919295704e-05
BPM.32L4.B2 8435.29556 -0.00654998898952 0.00804082299342 -9.31450392006e-05 0.000222772960628
BPM.31L4.B2 8488.747044 -0.00717747098937 0.00748606040777 0.000223803058263 9.06420575542e-05
BPM.30L4.B2 8542.198528 -0.00546744482002 0.00881273154641 8.38739394044e-05 -0.000226426488364
BPM.29L4.B2 8595.650012 -0.00616106346821 0.00834257077727 -0.000227351620379 -8.13328578991e-05
BPM.28L4.B2 8649.101496 -0.00429523280448 0.00943971214189 -7.44685000996e-05 0.000229691606497
BPM.27L4.B2 8702.55298 -0.00504292228947 0.00906234654508 0.000230511803859 7.18894908783e-05
BPM.26L4.B2 8756.004465 -0.00312771091093 0.00992610710233 6.50151618829e-05 -0.000155697120448
BPM.25L4.B2 8809.455949 -0.00391881416264 0.00964121742027 -0.000156415746759 -6.32667366839e-05
BPM.24L4.B2 8862.907433 -0.00183228944594 0.010244651928 -5.85396524572e-05 0.000158245615792
BPM.23L4.B2 8916.358917 -0.00265300836748 0.0100633853339 0.000158891547552 5.67630321169e-05
BPM.22L4.B2 8969.810401 -0.00058202509304 0.0104093110781 5.20481093313e-05 -8.36535228354e-05
BPM.21L4.B2 9023.261885 -0.0014203845678 0.0103283598924 -8.42314992892e-05 -5.11074556365e-05
BPM.20L4.B2 9076.713369 0.000754303941373 0.0103982467694 -4.85538432415e-05 8.57288878803e-05
BPM.19L4.B2 9130.164853 -8.7309565344e-05 0.0104252044279 8.62674122286e-05 4.75904438929e-05
BPM.18L4.B2 9183.616337 0.00207839861852 0.0102162992079 4.49772553182e-05 -8.76582231149e-05
BPM.17L4.B2 9237.067821 0.00124693886206 0.0103507320417 -8.8156741897e-05 -4.3992119821e-05
BPM.16L4.B2 9290.519306 0.00336818933982 0.00986649942545 -4.13235631132e-05 8.94386978162e-05
BPM.15L4.B2 9343.97079 0.00256095837494 0.0101061368744 8.98959654455e-05 4.03191314875e-05
BPM.14L4.B2 9397.422274 0.00460276666443 0.00935452026259 3.76004345466e-05 -9.10665952834e-05
BPM.13L4.B2 9450.873758 0.00383264074948 0.00969553377659 -9.14822686108e-05 -3.65774851452e-05
BPM.12L4.B2 9504.325242 0.00660154071164 0.00806921126748 -3.89769936369e-05 9.0485977758e-05
BPM.11L4.B2 9557.776726 0.00630889550835 0.00830002094683 8.28518907166e-05 5.33149309571e-05
BPMC.10L4.B2 9609.617415 0.0072893623548 0.00745370423166 6.43496818322e-05 -7.46058718596e-05
BPMC.9L4.B2 9648.684405 0.00795252304165 0.00674165318083 -6.14824319748e-05 -7.69858948e-05
BPMC.8L4.B2 9689.149394 0.00964580974422 0.00395611738718 -1.09262152027e-05 9.79159588666e-05
BPMC.7L4.B2 9728.215384 0.00320357397312 0.00992117050235 9.85193886421e-05 9.20955480017e-07
BPMYA.6L4.B2 9824.819384 0.00462954659414 0.00934129587646 2.86692636276e-05 -9.42602327009e-05
BPMYB.5L4.B2 9861.819384 0.00461269597215 0.00934962813222 2.24745016365e-06 -9.84980546587e-05
BPMWA.B5L4.B2 9964.209884 0.00870641095075 0.00573506047657 -8.40227978563e-05 -5.14498508587e-05
BPMWA.A5L4.B2 9973.094884 0.00890484633691 0.00542182829252 -8.84690542628e-05 -4.33606277652e-05
BPMWA.A5R4.B2 10021.14388 0.00946015877261 0.00438154155151 -9.85104703357e-05 1.61383942766e-06
BPMWA.B5R4.B2 10030.02888 0.00948711123145 0.00432287297893 -9.80587348514e-05 9.56045437834e-06
BPMYA.5R4.B2 10132.49538 0.00866126757356 0.00580301251973 -5.97057529755e-05 7.83718148854e-05
BPMYB.6R4.B2 10164.05938 0.00880463221948 0.00558309607697 -4.14041701059e-05 8.94014090052e-05
BPMCA.7R4.B2 10260.57538 0.00632616739786 0.00828686408679 9.34404980433e-05 3.12376525079e-05
BPMC.8R4.B2 10298.36637 0.00389282791535 0.00967152527442 2.52278828687e-05 -9.52390237459e-05
BPMC.9R4.B2 10337.43336 0.00923736403993 0.00483359243959 -9.75530397426e-05 1.37957451596e-05
BPMC.10R4.B2 10377.89835 0.00941948296929 0.00446831634458 -1.28897135181e-05 9.7676885621e-05
BPM.11R4.B2 10429.73904 0.0103679751153 0.00109435019424 9.6105176048e-05 2.16959168877e-05
BPM.12R4.B2 10484.46553 0.0103999463916 0.000730496659547 2.62527212948e-05 -9.49616316217e-05
BPM.13R4.B2 10537.91701 0.0103224576895 -0.00146266113476 -9.57397557738e-05 -2.32554770528e-05
BPM.14R4.B2 10591.36849 0.0104068354732 -0.000624728512233 -2.21804897627e-05 9.59945004322e-05
BPM.15R4.B2 10644.81998 0.0100505387493 -0.00277113355425 9.6617439505e-05 1.92869774197e-05
BPM.16R4.B2 10698.27146 0.0102414062615 -0.00195092495139 1.82041369733e-05 -9.68273084793e-05
BPM.17R4.B2 10751.72295 0.00961343776213 -0.00403414485662 -9.73305919346e-05 -1.5286375316e-05
BPM.18R4.B2 10805.17443 0.00990768741211 -0.00324503321622 -1.41940814278e-05 9.74958695655e-05
BPM.19R4.B2 10858.62591 0.00901840901837 -0.00523075607448 9.78782412217e-05 1.12591061593e-05
BPM.20R4.B2 10912.0774 0.0094111506221 -0.00448583931319 1.01625623965e-05 -9.79981688155e-05
BPM.21R4.B2 10965.52888 0.00827510489094 -0.00634154156163 -9.82592844268e-05 -7.21325262911e-06
BPM.22R4.B2 11018.98037 0.00875997133725 -0.00565291186033 -6.11117056727e-06 9.83339809822e-05
BPM.23R4.B2 11072.43185 0.00739593082245 -0.00734797370512 9.84731718577e-05 3.15463462196e-06
BPM.24R4.B2 11125.88333 0.00782817372302 -0.00673565190512 -3.59705607373e-08 3.84309018328e-05
BPM.25R4.B2 11179.33482 0.0062596913123 -0.00821374306332 3.84146404576e-05 -1.11849131156e-06
BPM.26R4.B2 11232.7863 0.00690219186914 -0.00768173534182 -1.54875813036e-06 -3.83996999309e-05
BPM.27R4.B2 11286.23779 0.0051574411751 -0.00894707275846 -3.83358255654e-05 2.70185649156e-06
BPM.28R4.B2 11339.68927 0.00572616620888 -0.00851015090654 1.04531645108e-06 0.000175233673924
BPM.29R4.B2 11393.14075 0.00383525374502 -0.00951327896672 0.00017512322206 -6.30774633894e-06
BPM.30R4.B2 11446.59224 0.00459043985676 -0.00917275912027 -8.2684629808e-06 -0.000175041605377
BPM.31R4.B2 11500.04372 0.00258645215135 -0.0099258205331 -0.000174714072745 1.35249901685e-05
BPM.32R4.B2 11553.49521 0.00337929720816 -0.00968462690783 1.54822579165e-05 0.000174551511986
BPM.33R4.B2 11606.94669 0.00129572486013 -0.0101751041796 0.000174007709578 -2.07183129531e-05
BPM.34R4.B2 11660.39818 0.00211257626182 -0.0100373636717 -2.26662950145e-05 -0.000173764696833
BPM.33L5.B2 11713.84966 -1.68977393921e-05 -0.0102572590122 -0.000173005173386 2.78772340341e-05
BPM.32L5.B2 11767.30114 0.000811219569452 -0.0102251440453 2.98138370864e-05 0.000172681985532
BPM.31L5.B2 11820.75263 -0.00132863451624 -0.0101708592739 0.000171708375521 -3.49880537592e-05
BPM.30L5.B2 11874.20411 -0.000503580295383 -0.0102449038493 -3.6909936418e-05 -0.0001713055413
BPM.29L5.B2 11927.6556 -0.00261913034712 -0.0099172478176 -0.00017011935126 4.2039709083e-05
BPM.28L5.B2 11981.10708 -0.00180996230846 -0.0100963203415 4.39426091476e-05 0.000169637784263
BPM.27L5.B2 12034.55856 -0.00386603019258 -0.00950081356974 0.000168240852006 -4.90198762238e-05
BPM.26L5.B2 12088.01005 -0.00322334935723 -0.00979047870221 -5.29890615184e-05 -3.07503957582e-05
BPM.25L5.B2 12141.46153 -0.00518522425203 -0.00890824919899 -2.9144686239e-05 5.38889156109e-05
BPM.24L5.B2 12194.91302 -0.00444923777502 -0.00929772754557 5.42120772177e-05 2.85390760532e-05
BPM.23L5.B2 12248.3645 -0.00628218503577 -0.008171756572 2.68972792618e-05 -5.50451085791e-05
BPM.22L5.B2 12301.81598 -0.00573881291088 -0.00866081432511 -5.74311212619e-05 0.000110653567067
BPM.21L5.B2 12355.26747 -0.00741137601444 -0.00728115264831 0.000112329146193 5.40805935539e-05
BPM.20L5.B2 12408.71895 -0.00679953672976 -0.00785556991584 5.28177373164e-05 -0.000112928442672
BPM.19L5.B2 12462.17044 -0.00828200994984 -0.00627311642493 -0.000114464166056 -4.94014307464e-05
BPM.18L5.B2 12515.62192 -0.00774866440145 -0.00692111828918 -4.81169605752e-05 0.000115010023417
BPM.17L5.B2 12569.07341 -0.00901640790443 -0.00516217657084 0.000116403847207 4.46395577472e-05
BPM.16L5.B2 12622.52489 -0.00857035296615 -0.00587305103427 4.33313610107e-05 -0.000116897136512
BPM.15L5.B2 12675.97637 -0.0096027406897 -0.00396623872126 -0.000118146017409 -3.98003016623e-05
BPM.14L5.B2 12729.42786 -0.009251284529 -0.00472836260867 -3.84754213957e-05 0.00011858410338
BPM.13L5.B2 12782.87934 -0.0100312108234 -0.00270527038556 0.00011968667368 3.48947916342e-05
BPM.12L5.B2 12836.33083 -0.00926605736644 -0.00469934668503 4.24066364331e-05 -0.000117235756074
BPM.11L5.B2 12889.78231 -0.00961205479519 -0.0039436126829 -0.000111787717267 -5.51910513807e-05
BPM.10L5.B2 12942.565 -0.00999874834637 -0.00282289034029 -4.85467760219e-05 0.000114829250396
BPM.9L5.B2 12981.63199 -0.0103655767111 -0.000706043804793 0.000110097331998 5.84903658089e-05
BPM.8L5.B2 13022.09698 -0.00698653554004 -0.00768973338659 2.91904551658e-07 -0.000124669405706
BPM.7L5.B2 13061.16497 -0.0101559882447 -0.00219079465299 -0.000124088163653 -1.2028072756e-05
BPMR.6L5.B2 13098.05897 -0.0102143181346 -0.00190036402527 -9.64070603064e-05 7.90457191171e-05
BPMWT.B6L5.B2 13109.36897 -0.0103358330886 -0.00105557225891 -7.85902392125e-05 9.67787173213e-05
BPMWT.A6L5.B2 13115.19097 -0.0103529891349 -0.000871375013928 -6.95138070004e-05 0.000103490953746
BPM.5L5.B2 13129.95897 -0.0103328158913 -0.00108470927308 -4.55183529168e-05 0.000116063031197
BPMYA.4L5.B2 13157.36497 -0.0103051022466 -0.00132232602707 4.22225942013e-06 0.000124598232894
BPMWB.4L5.B2 13178.42347 -0.0103885488073 0.000147417958814 4.93917966267e-05 0.000114468320654
BPMWT.B4L5.B2 13178.89297 -0.0103880457595 0.000179398088609 5.03925868372e-05 0.00011403128414
BPMWT.A4L5.B2 13180.87497 -0.0103848827277 0.000312872389392 5.45888390513e-05 0.000112083025494
BPMSY.4L5.B2 13271.27947 -0.010341141491 0.00100223303851 0.000110175802087 -5.83424230625e-05
BPMS.2L5.B2 13298.06497 -0.0101917931229 0.00201767979847 7.38850467297e-05 -0.000100416861666
BPMSW.1L5.B2 13308.11897 -0.0101119973986 0.00238562088222 4.29655632901e-05 -0.00011703207905
BPMSW.1R5.B2 13351.06897 -0.0101119929614 0.00238563968527 9.7362971545e-05 7.7865259382e-05
BPMS.2R5.B2 13361.12297 -0.0101917903897 0.00201769342093 0.000115208775697 4.76391470244e-05
BPMSY.4R5.B2 13387.90847 -0.0103411411086 0.0010022369964 0.000124464668807 -7.14782735045e-06
BPMWB.4R5.B2 13480.76447 -0.0103885501106 0.000147326177523 -1.70276105488e-05 -0.000123501443352
BPMYA.4R5.B2 13501.82097 -0.0103051006235 -0.00132233866176 -6.09107502194e-05 -0.000108776960168
BPMR.5R5.B2 13522.93897 -0.0102945964094 -0.00140177144023 -9.14158712073e-05 -8.47684159584e-05
BPM.6R5.B2 13554.83897 -0.0103004414491 -0.00135815479634 -0.000120491878512 -3.20039771028e-05
BPMRA.7R5.B2 13588.85297 -0.0100239538499 -0.00273203726345 -0.000114058873943 5.033011295e-05
BPM.8R5.B2 13630.28998 -0.00842838620556 -0.00607502957864 2.47826025147e-05 0.000122181705814
BPM.9R5.B2 13669.35499 -0.009008029447 -0.00517678315993 0.000111509359895 -5.57513083593e-05
BPM.10R5.B2 13709.818 -0.0103484178124 -0.000924081840356 -7.86073756047e-05 -9.67648013482e-05
BPM.11R5.B2 13762.59871 -0.00856376763359 -0.00588264925676 -7.01507742227e-05 0.000103060250168
BPM.12R5.B2 13817.32223 -0.0093930992615 -0.00443997350604 0.00010846509927 6.14643644891e-05
BPM.13R5.B2 13870.77074 -0.00867150967444 -0.00572263910922 5.52045772262e-05 -0.000111781035908
BPM.14R5.B2 13924.21926 -0.0096703512993 -0.00379841862694 -0.000113382445196 -5.18359608193e-05
BPM.15R5.B2 13977.66777 -0.00933228569711 -0.00456641238209 -5.05767242512e-05 0.000113949739694
BPM.16R5.B2 14031.11629 -0.010076781811 -0.00253024638338 0.000115412426661 4.71435849797e-05
BPM.17R5.B2 14084.56481 -0.00983973138272 -0.00333517087309 4.58593503939e-05 -0.000115928709397
BPM.18R5.B2 14138.01332 -0.0103176692161 -0.00122040170083 -0.000117248979752 -4.23700680107e-05
BPM.19R5.B2 14191.46184 -0.010185535954 -0.00204903287243 -4.1068696165e-05 0.000117711118033
BPM.20R5.B2 14244.91035 -0.0103890183322 0.000109437131037 0.00011888761795 3.75270757489e-05
BPM.21R5.B2 14298.35887 -0.0103639661158 -0.000729304275749 3.62047890716e-05 -0.000119296941041
BPM.22R5.B2 14351.80738 -0.0102896694898 0.00143749093777 -0.000120326778473 -3.26192063703e-05
BPM.23R5.B2 14405.2559 -0.0103721123722 0.000602464387234 -3.12843566236e-05 0.000120680719689
BPM.24R5.B2 14458.70442 -0.00985446953264 0.00271009865669 0.000121392297268 -0.000142062289222
BPM.25R5.B2 14512.15293 -0.0100410397143 0.00190597113225 -0.000143399648669 -0.000119809533128
BPM.26R5.B2 14565.60145 -0.00942685615557 0.00394836517138 -0.00011546740415 0.000146918549912
BPM.27R5.B2 14619.04996 -0.00971471256084 0.00317483295607 0.000148190198822 0.000113830793577
BPM.28R5.B2 14672.49848 -0.00867756482561 0.00508996399185 0.000109167625455 -0.000321245466146
BPM.29R5.B2 14725.947 -0.00906008357726 0.00437295670498 -0.000322434882825 -0.000105602863997
BPM.30R5.B2 14779.39551 -0.00795521839986 0.00615811374821 -9.59156558016e-05 0.000325448014498
BPM.31R5.B2 14832.84403 -0.00842611537143 0.00549622093276 0.00032649293958 9.22961399295e-05
BPM.32R5.B2 14886.29254 -0.00710206048562 0.00712520888371 8.2476006041e-05 -0.000329110810974
BPM.33R5.B2 14939.74106 -0.00765403239704 0.00652867925661 -0.000330004202912 -7.8825406344e-05
BPM.34R5.B2 14993.18958 -0.00613232538096 0.00797511442996 -6.89214791355e-05 0.000332213861785
BPM.33L6.B2 15046.63809 -0.00675572009662 0.00745440209903 0.000332958521189 6.52291774978e-05
BPM.32L6.B2 15100.08661 -0.00506170876405 0.00869407667027 5.52301257191e-05 -0.000334762380462
BPM.31L6.B2 15153.53512 -0.00574701111258 0.0082571016723 -0.00033535377503 -5.15176156722e-05
BPM.30L6.B2 15206.98364 -0.00390804018453 0.00927011794284 -4.1463183557e-05 0.000336744745932
BPM.29L6.B2 15260.43215 -0.00464313186946 0.00892463955601 0.000337184148805 3.77235781389e-05
BPM.28L6.B2 15313.88067 -0.00269005953128 0.0096938869638 2.76131294856e-05 -0.000338162289869
BPM.27L6.B2 15367.32919 -0.00346382698908 0.00944509223978 -0.000338447597195 -2.38630380085e-05
BPM.26L6.B2 15420.7777 -0.00126137340463 0.00992648407326 -1.38914600275e-05 0.000169294370855
BPM.25L6.B2 15474.22622 -0.00205816449919 0.00979234945067 0.000169438027169 1.20130459969e-05
BPM.24L6.B2 15527.67473 1.8795885679e-05 0.0100062878046 6.93687245715e-06 -0.000169721645216
BPM.23L6.B2 15581.12325 -0.000788897831531 0.009975158602 -0.000169788143256 -5.05411557494e-06
BPM.22L6.B2 15634.57177 0.00146520195108 0.00988986332295 -1.37649064372e-07 1.49656207576e-07
BPM.21L6.B2 15688.02028 0.000662335948058 0.00997584704925 1.51174173359e-07 1.35987195975e-07
BPM.20L6.B2 15741.4688 0.00271827440268 0.00962118482924 1.31397059988e-07 -1.5517632818e-07
BPM.19L6.B2 15794.91731 0.0019329911106 0.00980916707052 -1.56624946172e-07 -1.29673559832e-07
BPM.18L6.B2 15848.36583 0.0039266747872 0.00919442431022 -1.24924955957e-07 1.6043374458e-07
BPM.17L6.B2 15901.81435 0.0031719040425 0.00948130993188 1.61807735701e-07 1.23140335098e-07
BPM.16L6.B2 15955.26286 0.00507056775696 0.0086165860908 1.18241330259e-07 -1.65423483309e-07
BPM.15L6.B2 16008.71138 0.00435867989479 0.00899767319057 -1.66721518861e-07 -1.16401054534e-07
BPM.14L6.B2 16062.15989 0.00613113329267 0.00789717784251 -1.11358304345e-07 1.70128854947e-07
BPM.13L6.B2 16115.60841 0.00547385942657 0.00836618648218 1.71350374971e-07 1.09468224778e-07
BPM.12L6.B2 16169.05693 0.00719579334042 0.00694094889433 1.05850996575e-07 -1.73615731473e-07
BPM.11L6.B2 16222.50544 0.005909676799 0.00806423793141 -1.65669327181e-07 -1.17892036176e-07
BPM.10L6.B2 16274.34415 0.00721177395454 0.00692434326794 -1.45528642945e-07 1.42011543488e-07
BPM.9L6.B2 16313.40916 0.00809362970472 0.00586935869369 8.21892434764e-08 1.85982350471e-07
BPM.8L6.B2 16353.87217 0.00998588337979 0.000488207367212 1.40984196837e-07 -1.46531947115e-07
BPMYB.5L6.B2 16450.96018 0.0055330717849 0.00832714416588 -2.01377341608e-07 2.81166836101e-08
BPMYA.4L6.B2 16487.36018 0.00585551776712 0.00810364882435 -1.89444132469e-07 7.40021281706e-08
BPMSB.B4L6.B2 16518.13068 0.00490042653244 0.00871447261989 -1.67732655442e-07 1.14945605151e-07
BPMSB.A4L6.B2 16518.76568 0.00487757668854 0.00872728244524 -1.67130660765e-07 1.15819243695e-07
BPMSA.4L6.B2 16615.57568 0.000850551316051 0.00996156492231 3.46105212115e-09 2.03308855705e-07
BPMSE.4R6.B2 16707.14568 0.000547727505053 0.00998279559222 1.72988212731e-07 1.06865394993e-07
BPMSA.A4R6.B2 16803.82068 0.00409228602988 0.00912191911225 1.89900737953e-07 -7.26779563627e-08
BPMSA.B4R6.B2 16804.40568 0.00411288558622 0.00911264974672 1.8956968219e-07 -7.35457165822e-08
BPMYB.4R6.B2 16830.96018 0.00496662760783 0.00867691324428 1.72052966012e-07 -1.08360130355e-07
BPMYA.5R6.B2 16867.36018 0.00505267732291 0.00862708904595 1.44949222663e-07 -1.42625819874e-07
BPM.8R6.B2 16963.08519 0.00831803906931 0.00554675033711 -1.62727089108e-07 -1.2192640202e-07
BPM.9R6.B2 17002.1502 0.00987183384175 -0.00158212194913 -1.03502727295e-07 1.7502328032e-07
BPM.10R6.B2 17042.61322 0.00935478841026 -0.00352762626239 1.39745923952e-07 1.47708824424e-07
BPM.11R6.B2 17094.45193 0.00812384532326 -0.00582746517583 1.28561677095e-07 -1.57543176148e-07
BPM.12R6.B2 17149.17544 0.00917738947864 -0.00396632520964 -1.73521087493e-07 -1.06003301803e-07
BPM.13R6.B2 17202.62396 0.00814619761816 -0.00579617784375 -1.00568179194e-07 1.76729162492e-07
BPM.14R6.B2 17256.07247 0.00858736320765 -0.0051199029672 1.77830391919e-07 9.86035226789e-08
BPM.15R6.B2 17309.52099 0.00733781750538 -0.0067906293885 9.32344321441e-08 -1.80702676159e-07
BPM.16R6.B2 17362.96951 0.00786188245228 -0.0061763271906 -1.81724165035e-07 -9.12241471435e-08
BPM.17R6.B2 17416.41802 0.00640889002938 -0.00767348303352 -8.57478654153e-08 1.843748619e-07
BPM.18R6.B2 17469.86654 0.00700721744346 -0.00713127737887 1.85315756842e-07 8.36898918097e-08
BPM.19R6.B2 17523.31505 0.00537464033294 -0.00843027013645 7.81147579313e-08 -1.87734222349e-07
BPM.20R6.B2 17576.76357 0.00603742330093 -0.00796904844824 -1.8858959392e-07 -7.60265831675e-08
BPM.21R6.B2 17630.21209 0.00425209833528 -0.00904852877673 -7.03442536031e-08 1.90780453243e-07
BPM.22R6.B2 17683.6606 0.00496842481213 -0.00867588428148 1.91544146804e-07 6.82290080152e-08
BPM.23R6.B2 17737.10912 0.00305967406236 -0.00951811997725 6.24667785178e-08 -1.9350405006e-07
BPM.24R6.B2 17790.55763 0.00365696224534 -0.00925026618912 -2.66914929809e-06 0.000161174130075
BPM.25R6.B2 17844.00615 0.00165769276936 -0.00980779547527 0.000161181820992 -2.15474878307e-06
BPM.26R6.B2 17897.45466 0.00244362943851 -0.00964206785555 -3.94151457976e-06 -0.000161148030742
BPM.27R6.B2 17950.90318 0.00038920656749 -0.00993928144535 -0.000160957888399 8.76256526718e-06
BPM.28R6.B2 18004.3517 0.00102934473875 -0.0098855883531 8.07238946015e-06 0.000322084765953
BPM.29R6.B2 18057.80021 -0.00104444597294 -0.00988400425995 0.000321698972471 -1.77068085205e-05
BPM.30R6.B2 18111.24873 -0.00024368946991 -0.0099360466531 -2.12731340965e-05 -0.000321482835658
BPM.31R6.B2 18164.69724 -0.00230071494336 -0.00966908053329 -0.000320702278186 3.08837310706e-05
BPM.32R6.B2 18218.14576 -0.00151266506407 -0.00982325058506 3.44375860702e-05 0.000320340152332
BPM.33R6.B2 18271.59428 -0.00351821899282 -0.00929551196937 0.0003191658623 -4.40103886377e-05
BPM.34R6.B2 18325.04279 -0.00275687574129 -0.00954903365779 -4.75487536329e-05 -0.00031865792961
BPM.33L7.B2 18378.49131 -0.00467880331501 -0.00876887719118 -0.000317092811595 5.70605614059e-05
BPM.32L7.B2 18431.93982 -0.00395566986614 -0.00911795391323 6.05712762872e-05 0.000316440957989
BPM.31L7.B2 18485.38834 -0.00576172247646 -0.00809857775988 0.000314485635358 -7.00181867378e-05
BPM.30L7.B2 18538.83686 -0.00508960770233 -0.00853699602197 -7.35042727591e-05 -0.000313689149161
BPM.29L7.B2 18592.28537 -0.00675064197561 -0.00729474061003 -0.000311350424296 8.28533247862e-05
BPM.28L7.B2 18645.73389 -0.00613977040442 -0.00781585740894 8.62978424085e-05 0.000310413342761
BPM.27L7.B2 18699.1824 -0.00762809948744 -0.00637153872917 0.00030768974173 -9.55551469649e-05
BPM.26L7.B2 18752.63092 -0.00725010818504 -0.00697643617034 -0.000101438112084 -0.000145378899999
BPM.25L7.B2 18806.07943 -0.00854013272159 -0.00531985558142 -0.000142279749508 0.000105741134772
BPM.24L7.B2 18859.52795 -0.00808291056118 -0.00599176828047 0.000107312286224 0.000141098507574
BPM.23L7.B2 18912.97647 -0.00915043450124 -0.00418381151455 0.000137822041952 -0.000111489014803
BPM.22L7.B2 18966.42498 -0.00894397271304 -0.00491874815651 -0.000115487385043 2.46587337548e-05
BPM.21L7.B2 19019.8735 -0.00977004945214 -0.0029554805053 2.81030578549e-05 0.000114697898484
BPM.20L7.B2 19073.32201 -0.00949967238372 -0.00373429457128 0.000114378866651 -2.93745817913e-05
BPM.19L7.B2 19126.77053 -0.0100678466972 -0.00168142623955 -3.27849707403e-05 -0.000113448385074
BPM.18L7.B2 19180.21905 -0.00989932915059 -0.00248837571834 -0.000113078217934 3.40397643162e-05
BPM.17L7.B2 19233.66756 -0.010200222532 -0.00037972571513 3.74078800075e-05 0.000112009105365
BPM.16L7.B2 19287.11608 -0.0101363104282 -0.00120164147355 0.000111586919342 -3.86490532022e-05
BPM.15L7.B2 19340.56459 -0.0101649993969 0.000928180239591 -4.19716298732e-05 -0.000110380130186
BPM.14L7.B2 19394.01311 -0.0102067494433 0.000104867170852 -0.000109908400246 4.31918433829e-05
BPM.13L7.B2 19447.46163 -0.00996275033898 0.00222088653702 4.64611225011e-05 0.00010856682047
BPM.12L7.B2 19500.91014 -0.0101371187579 0.00119480315694 0.000108674973365 -4.62075767262e-05
BPM.11L7.B2 19554.35866 -0.00959148967221 0.0034917126432 -4.45813649921e-05 -0.000109352145529
BPM.10L7.B2 19607.13937 -0.0095733173415 0.00354123233064 -0.000111235992218 3.96477591147e-05
BPM.9L7.B2 19646.20438 -0.00748586568655 0.00693905946265 -4.61367870928e-06 0.000118000440658
BPM.8L7.B2 19686.66739 -0.00460284595821 0.00911057300093 0.000116683588571 1.8174976787e-05
BPM.7L7.B2 19725.7314 0.00215437852186 0.00997734356216 2.77897082543e-05 -0.000114774223789
BPMR.6L7.B2 19760.5494 0.00203120838916 0.0100031456953 -6.16926356978e-05 -0.000100694631509
BPMWC.6L7.B2 19772.7279 0.00342463089551 0.00961564529938 -8.74413987838e-05 -7.93687133223e-05
BPMWE.5L7.B2 19849.7819 -0.00184066906862 0.0100399536211 -7.52312376759e-05 9.10255516528e-05
BPMW.5L7.B2 19872.9869 -0.0048998020811 0.00895436603837 -2.81194000142e-05 0.000114693899583
BPMWE.4L7.B2 19908.0719 -0.00488497987972 0.00896246076326 2.02320004986e-05 0.00011634455647
BPMW.4L7.B2 19936.1769 -0.000976668432575 0.0101604552109 7.84159698242e-05 8.82968066796e-05
BPMW.4R7.B2 20052.2239 0.00141433677654 0.0101088269745 3.34466651361e-05 -0.000113255070161
BPMWE.4R7.B2 20080.3289 -0.00225394325713 0.0099553237575 -2.82223037127e-05 -0.000114668617535
BPMW.5R7.B2 20115.4139 -0.00179532812783 0.0100481604425 -7.79207855397e-05 -8.87341100736e-05
BPMWE.5R7.B2 20138.6189 0.00360926189728 0.00954787724759 -0.000116421010473 -1.97873292386e-05
BPM.6R7.B2 20217.7584 0.00767269238611 0.00673190335654 1.94447387122e-05 0.000116478720823
BPM_A.7R7.B2 20255.7944 0.00498331302112 0.00890816045267 9.83951914919e-05 6.52976036941e-05
BPM.8R7.B2 20294.85841 0.00490562519446 0.0089511771733 0.000110639457326 -4.12831800777e-05
BPM.9R7.B2 20333.92342 0.0088502855232 0.00508538862361 -3.74182008658e-05 -0.000112005666878
BPM.10R7.B2 20374.38643 0.010201298154 0.00034963886584 -0.00011533779161 2.53492421866e-05
BPM.11R7.B2 20427.16714 0.0101859567366 0.000659557935774 9.47803539013e-06 0.000117709632961
BPM.12R7.B2 20481.89066 0.0101832881233 -0.000699552930935 0.000117638223096 -1.03265964969e-05
BPM.13R7.B2 20535.33917 0.0102047264359 0.00022866942374 -1.25167395739e-05 -0.000117425382214
BPM.14R7.B2 20588.78769 0.0100299986327 -0.00189416439905 -0.000116998074488 1.60262268991e-05
BPM.15R7.B2 20642.23621 0.010150145475 -0.00107855372603 1.73236072892e-05 0.000116813024197
BPM.16R7.B2 20695.68472 0.00970531348818 -0.00316158527028 0.000116242503172 -2.08103883553e-05
BPM.17R7.B2 20749.13324 0.00992878383681 -0.0023681179929 -2.20974015531e-05 -0.0001160047173
BPM.18R7.B2 20802.58175 0.00922112018967 -0.00437717645749 -0.000115291218974 2.55602098078e-05
BPM.19R7.B2 20856.03027 0.00954429683371 -0.00361871927951 2.68379347447e-05 0.000115000509077
BPM.20R7.B2 20909.47879 0.00858548809792 -0.00552069972059 0.000114146145946 -3.02662988664e-05
BPM.21R7.B2 20962.9273 0.009002963328 -0.00480992542152 -3.15296391934e-05 -0.00011380365786
BPM.22R7.B2 21016.37582 0.00780867925688 -0.0065736793066 -0.000112808818344 3.49222205798e-05
BPM.23R7.B2 21069.82433 0.00831374397825 -0.00592202603863 3.61716791055e-05 0.000112414416639
BPM.24R7.B2 21123.27285 0.00679360044299 -0.00749738011382 0.000111391273052 7.26017899599e-05
BPM.25R7.B2 21176.72137 0.00737644588908 -0.00692472104927 7.13632286341e-05 -0.000112188798714
BPM.26R7.B2 21230.16988 0.00577861385417 -0.00830489839988 -0.000114274311755 -6.79736552563e-05
BPM.27R7.B2 21283.6184 0.00642998551879 -0.00781146603727 -6.67011124863e-05 0.000115021729372
BPM.28R7.B2 21337.06691 0.00455883805745 -0.00895471178746 0.000117076522174 0.000175348057475
BPM.29R7.B2 21390.51543 0.0052666269729 -0.00855759942727 0.000174040391932 -0.000119011741491
BPM.30R7.B2 21443.96394 0.00337574214064 -0.00946436646716 -0.000124166619859 -0.000170401007492
BPM.31R7.B2 21497.41246 0.00412846072252 -0.00916109598313 -0.000169012303161 0.000126050370301
BPM.32R7.B2 21550.86098 0.00213751720379 -0.00981839538063 0.000131051717275 0.000165164464839
BPM.33R7.B2 21604.30949 0.00292289548759 -0.00961387277073 0.000163701925581 -0.000132874127788
BPM.34R7.B2 21657.75801 0.000863786758372 -0.0100111807529 -0.000137713697613 -0.000159652088935
BPM.33L8.B2 21711.20652 0.00166883422574 -0.00990882737645 -0.000158114454308 0.000139476420929
BPM.32L8.B2 21764.65504 -0.000423715282167 -0.0100394388759 0.000144145435 0.000153869897949
BPM.31L8.B2 21818.10356 0.000387841134127 -0.0100408887506 0.000152262089632 -0.000145842757788
BPM.30L8.B2 21871.55207 -0.00170470062776 -0.0099027199973 -0.000150334267391 -0.000147829159932
BPM.29L8.B2 21925.00059 -0.000900014008967 -0.0100079889297 -0.000146153140078 0.000151964177498
BPM.28L8.B2 21978.4491 -0.00295722190442 -0.00960336952393 0.000156269638652 0.000141540283653
BPM.27L8.B2 22031.89762 -0.00217260784789 -0.00981069022924 0.000139797851183 -0.000157830334466
BPM.26L8.B2 22085.34614 -0.00427165573019 -0.00912510639647 -0.000161833147187 -2.28925819453e-05
BPM.25L8.B2 22138.79465 -0.00352125517495 -0.00944009382713 -2.10970412433e-05 0.000162076996099
BPM.24L8.B2 22192.24317 -0.0054036467157 -0.00850383511539 0.000162635816945 1.62366611513e-05
BPM.23L8.B2 22245.69168 -0.00469986400615 -0.00891212027483 1.44312412162e-05 -0.000162805951336
BPM.22L8.B2 22299.1402 -0.00655731065134 -0.00772164135684 -0.00016305619117 0.000102566447291
BPM.21L8.B2 22352.58871 -0.00591266808367 -0.00822571725763 0.000104368331969 0.000161908767549
BPM.20L8.B2 22406.03723 -0.00749105528876 -0.0068195424262 0.000158711464212 -0.00010916899834
BPM.19L8.B2 22459.48575 -0.00691640963059 -0.00740171237453 -0.000110922440473 -0.000157490983722
BPM.18L8.B2 22512.93426 -0.00830196352624 -0.00580512444335 -0.000154102788265 0.000115583422803
BPM.17L8.B2 22566.38278 -0.00780634159094 -0.00645624498185 0.000117285227088 0.000152811564553
BPM.16L8.B2 22619.83129 -0.00897628112283 -0.00469557721981 0.000149231152898 -0.000121808304932
BPM.15L8.B2 22673.27981 -0.00856814032327 -0.00540453880674 -0.000123455772961 -0.000147871130064
BPM.14L8.B2 22726.72833 -0.00950323297194 -0.0035086509342 -0.000144112776464 0.000127822955962
BPM.13L8.B2 22780.17684 -0.00918906138039 -0.0042641786102 0.000129413302054 0.000142686356729
BPM.12L8.B2 22833.62536 -0.0100317291577 -0.00140942485201 0.000145108816914 -0.000126691073873
BPM.11L8.B2 22887.07387 -0.00990519776462 -0.00212347015794 -0.000102733706386 -0.000162950866703
BPM.10L8.B2 22938.91258 -0.0101273281447 -0.000243501438655 -0.000180114924203 6.83067627382e-05
BPM.9L8.B2 22977.9776 -0.00996771360156 0.00180741635661 9.85582546468e-06 0.000192379998045
BPM.8L8.B2 23018.44061 -0.0038861163058 0.00935522144684 0.000184570946622 -5.51431490931e-05
BPM.7L8.B2 23057.50662 -0.00594570760606 0.00820186743061 6.17220633255e-05 -0.00018247625784
BPM.6L8.B2 23089.97562 -0.00965561598126 0.00306449804656 -0.000125667408262 -0.000145996239858
BPMR.5L8.B2 23150.39462 -0.00983397191129 -0.0024320906014 -6.47801606849e-05 0.000181413152979
BPMYB.4L8.B2 23171.16162 -0.010128504306 -0.000188331765496 5.73517390216e-05 0.000183896646049
BPMWB.4L8.B2 23195.62912 -0.00991538140067 -0.00207539874745 0.000181835027878 6.3586327793e-05
BPMSX.4L8.B2 23245.78612 -0.00963365314697 0.00313285738118 8.32871975925e-06 -0.000192452154033
BPMS.2L8.B2 23283.69762 -0.00962974263358 0.00314485704655 -0.000117372712368 -0.00015274442862
BPMSW.1L8.B2 23293.63162 -0.00974104792821 0.00278101663127 -0.000152834675525 -0.000117255114591
BPMSW.1R8.B2 23336.82162 -0.00974103213118 0.0027810719755 0.000140618941921 -0.000131656781378
BPMS.2R8.B2 23346.75562 -0.00962972731684 0.00314490386404 0.000101851555015 -0.000163503684176
BPMSX.4R8.B2 23384.66712 -0.00963365705615 0.00313284535377 -2.7134984309e-05 -0.000190711537357
BPMWI.4R8.B2 23434.90012 -0.00991559982279 -0.00207435493925 -0.000174479190927 8.16346138375e-05
BPMYB.4R8.B2 23459.29162 -0.0101287442939 -0.000174949299826 -3.9038145334e-05 0.000188635158281
BPMYB.5R8.B2 23479.86862 -0.00992225673157 -0.00204227558905 7.73768824172e-05 0.000176408664622
BPMR.6R8.B2 23563.97662 -0.0100839296164 -0.000967694124699 0.000149345960861 -0.00012166749709
BPM_A.7R8.B2 23586.21662 -0.0101301248107 -5.13793195819e-05 9.87062016198e-05 -0.000165421525197
BPM.8R8.B2 23627.65561 -0.00976501782097 0.0026956437506 -0.000125662602804 -0.00014600037556
BPM.9R8.B2 23666.7226 -0.00536844887367 0.00859079885525 -3.57108179996e-05 0.000189293253737
BPM.10R8.B2 23707.18758 -0.00654748637719 0.00772997349779 0.000177554684764 7.47096663238e-05
BPM.11R8.B2 23759.02827 -0.00477455330586 0.00893452343435 0.000104517891526 -0.000161812265642
BPM.12R8.B2 23813.75476 -0.00416778500894 0.00923318126779 -0.000160196264728 -0.000106978285613
BPM.13R8.B2 23867.20624 -0.00132874001399 0.0100427346 -9.13331992163e-05 0.000169603788525
BPM.14R8.B2 23920.65773 -0.00213464520366 0.0099027954734 0.000170615535171 8.94289496291e-05
BPM.15R8.B2 23974.10921 -3.28222854442e-05 0.0101302019213 8.42622653143e-05 -0.000173225486746
BPM.16R8.B2 24027.56069 -0.000850543129319 0.010094485854 -0.000174158872612 -8.23157608377e-05
BPM.17R8.B2 24081.01218 0.00126324569101 0.0100511829448 -7.70462838269e-05 0.000176553302691
BPM.18R8.B2 24134.46366 0.000448078322315 0.0101203406113 0.000177405202162 7.50639124855e-05
BPM.19R8.B2 24187.91515 0.00253879575722 0.00980696611683 6.97006293394e-05 -0.000179580126137
BPM.20R8.B2 24241.36663 0.00173878296845 0.00997991493251 -0.000180350067007 -6.76834616608e-05
BPM.21R8.B2 24294.81811 0.00377241090824 0.00940164795146 -6.22336946622e-05 0.000182302402716
BPM.22R8.B2 24348.2696 0.00300146084688 0.00967539668744 0.00018298789166 6.01882837299e-05
BPM.23R8.B2 24401.72108 0.00494422058797 0.00884176176576 5.46648475203e-05 -0.000184713169174
BPM.24R8.B2 24455.17257 0.00421392478582 0.00921202176102 -0.000185320061978 -5.22188141139e-05
BPM.25R8.B2 24508.62405 0.0060342615654 0.00813671889689 -4.66259184768e-05 0.000186805654419
BPM.26R8.B2 24562.07554 0.00535798561761 0.00859712144673 0.000187315956511 4.45315607008e-05
BPM.27R8.B2 24615.52702 0.00702563636163 0.00729787235193 3.88858764084e-05 -0.000188568872738
BPM.28R8.B2 24668.9785 0.00641320638703 0.00784118364418 -0.000188998722561 -3.63970817914e-05
BPM.29R8.B2 24722.42999 0.00790110013247 0.00633924237309 -3.07001933622e-05 0.000190007265402
BPM.30R8.B2 24775.88147 0.00736376171986 0.00695617641905 0.000190338993143 2.85715199921e-05
BPM.31R8.B2 24829.33296 0.0086471656453 0.00527635322974 2.28427140457e-05 -0.000191111158993
BPM.32R8.B2 24882.78444 0.00819302514999 0.00595715670633 -0.000191355355873 -2.06977116277e-05
BPM.33R8.B2 24936.23592 0.00925108791908 0.00412683285653 -1.49367406121e-05 0.000191891008592
BPM.34R8.B2 24989.68741 0.00888786734533 0.00485995793328 0.000192046145754 1.27884445165e-05
BPM.33L1.B2 25043.13889 0.00970301956751 0.00290943092541 7.01572327794e-06 -0.000192343554842
BPM.32L1.B2 25096.59038 0.00943651169623 0.00368315409861 -0.000192410160481 -4.85746459786e-06
BPM.31L1.B2 25150.04186 0.00999548513455 0.00164427917676 9.28160408215e-07 0.000192469232898
BPM.30L1.B2 25203.49334 0.00983017547864 0.00244561385727 0.00019244679712 -3.08156223177e-06
BPM.29L1.B2 25256.94483 0.0101237067222 0.000352050173765 -8.8591686097e-06 -0.000192267475554
BPM.28L1.B2 25310.39631 0.0100622593669 0.0011680383248 -0.000192155969902 1.1015874811e-05
BPM.27L1.B2 25363.8478 0.0100855658841 -0.000945905862243 1.67865601374e-05 0.000191738040223
BPM.26L1.B2 25417.29928 0.0101286357741 -0.000128839250871 0.000191532566594 -1.85587806873e-05
BPM.25L1.B2 25470.75077 0.00988131673645 -0.00222832711205 -2.43021884792e-05 -0.000190888855068
BPM.24L1.B2 25524.20225 0.0100289311704 -0.00142351741874 -0.000190604149764 2.64425358795e-05
BPM.23L1.B2 25577.65373 0.00951507917525 -0.00347406540954 3.21592963698e-05 0.000189723304487
BPM.22L1.B2 25631.10522 0.00976406559999 -0.00269476553333 0.000189345965335 -3.39080336597e-05
BPM.21L1.B2 25684.5567 0.00899208289138 -0.00466274421463 -3.95792383999e-05 -0.000188242223418
BPM.20L1.B2 25738.00819 0.00933907449507 -0.00392178862098 -0.000187786293748 4.16887966884e-05
BPM.19L1.B2 25791.45967 0.00832174473656 -0.00577471236483 4.73135354501e-05 0.000186448598492
BPM.18L1.B2 25844.91115 0.00876069883226 -0.00508418079574 0.000185907538984 -4.93967357183e-05
BPM.17L1.B2 25898.36264 0.00751458101565 -0.00679189300344 -5.49581835451e-05 -0.000184340030648
BPM.16L1.B2 25951.81412 0.00803822359304 -0.00616325399113 -0.000183711917014 5.70226491854e-05
BPM.15L1.B2 26005.26561 0.00658403867945 -0.00769734844326 6.25174972796e-05 0.000181915398249
BPM.14L1.B2 26058.71709 0.00718385786633 -0.00714079298772 0.00018120434141 -6.4549480073e-05
BPM.13L1.B2 26112.16857 0.00554516043759 -0.00847643404338 -6.99633309659e-05 -0.000179183653067
BPM.12L1.B2 26165.62006 0.00716126863938 -0.00716344678387 -0.000183255830801 5.84717927292e-05
BPM.11L1.B2 26219.07154 0.00656587886938 -0.00771284468055 3.77150209927e-05 0.000188624566399
BPM.10L1.B2 26271.85423 0.00564451177913 -0.00841060194764 0.00018609080571 -4.87017585626e-05
BPM.9L1.B2 26310.92122 0.00379381582564 -0.0093917889601 -3.20888241837e-05 -0.000189662745173
BPM.8L1.B2 26351.38621 0.00924205191387 -0.00414526414414 -0.000152712506942 0.000116963835761
BPM.7L1.B2 26390.4542 0.0051063551214 -0.00874779262137 0.000102067270204 0.000163045766192
BPMR.6L1.B2 26433.6382 0.00437834791517 -0.00913393715306 0.00019117716442 2.12824331262e-05
BPM.5L1.B2 26465.5382 0.0044170523253 -0.00911528316267 0.000178834895557 -7.08500517487e-05
BPMYA.4L1.B2 26486.6562 0.0043466346076 -0.00914907131068 0.000148372871355 -0.000122421967255
BPMWB.4L1.B2 26507.7127 0.00300998678765 -0.00967154164916 9.34835003405e-05 -0.000168114496702
BPMSY.4L1.B2 26600.5687 0.00220328023563 -0.00988657142699 -0.000175018200719 -7.98140269082e-05
BPMS.2L1.B2 26627.3542 0.00121703205147 -0.0100557233127 -0.000192313275598 4.15375554822e-06
BPMSW.1L1.B2 26637.4082 0.000851901462432 -0.0100932156547 -0.000183532995292 5.75959123116e-05
