BPMSW.1R1.B1 21.475 0.00638218107749 -0.00778492382105 1.56680188238e-05 5.28339799313e-06
BPMS.2R1.B1 31.529 0.00609593082825 -0.00801104868701 1.65197215207e-05 7.06609060419e-07
BPMSY.4R1.B1 58.3145 0.00527576093616 -0.00857342526267 1.51860805578e-05 -6.54094969776e-06
BPMWB.4R1.B1 151.0945 0.00455644882964 -0.0089764162242 -7.70752282624e-06 -1.46285720122e-05
BPMYA.4R1.B1 172.227 0.00323749772055 -0.00953183522059 -1.25284494671e-05 -1.07906911884e-05
BPM.5R1.B1 199.635 0.00347099140503 -0.00944931176827 -1.57831322145e-05 -4.92887095103e-06
BPMR.6R1.B1 231.535 0.00286603878388 -0.00965003087242 -1.61956100108e-05 3.33213617681e-06
BPM_A.7R1.B1 259.259 0.00243695146983 -0.00976721770427 -1.21248480898e-05 1.12422906425e-05
BPM.8R1.B1 300.6979894 -0.000362087802759 -0.0100601275632 8.11040070339e-06 1.44091079961e-05
BPM.9R1.B1 339.7649788 -0.000124276072584 -0.0100658745086 1.1132781715e-05 -1.22254715105e-05
BPM.10R1.B1 380.2299682 0.00386349640501 -0.00929573395278 -1.39813054434e-05 -8.82744705078e-06
BPM.11R1.B1 433.0126576 0.000345291544534 -0.0100607180608 -6.64669196891e-06 1.51400976985e-05
BPM.12R1.B1 487.7391417 0.00259789665901 -0.00972564687025 1.52082695232e-05 6.48918502588e-06
BPM.13R1.B1 541.1906258 0.00172179213765 -0.0099183015676 7.3710962838e-06 -1.48009463106e-05
BPM.14R1.B1 594.6421099 0.00251688495531 -0.0097469258884 -1.48827268435e-05 -7.20455001312e-06
BPM.15R1.B1 648.093594 0.00043902512408 -0.0100570637406 -6.75413232713e-06 1.50924734275e-05
BPM.16R1.B1 701.5450781 0.00124933578375 -0.00998881545798 1.51671779545e-05 6.58465400669e-06
BPM.17R1.B1 754.9965622 -0.000851136903349 -0.0100305952006 6.12604438904e-06 -1.53581487474e-05
BPM.18R1.B1 808.4480463 -3.87976413199e-05 -0.0100665668881 -1.54258374117e-05 -5.95354268905e-06
BPM.19R1.B1 861.8995304 -0.00212733551269 -0.00983929457515 -5.48738618336e-06 1.55977445095e-05
BPM.20R1.B1 915.3510145 -0.0013262247034 -0.00997889784496 1.56582290486e-05 5.31232517224e-06
BPM.21R1.B1 968.8024986 -0.00336855969119 -0.00948631012368 4.83952126687e-06 -1.58107580043e-05
BPM.22R1.B1 1022.253983 -0.00259193906707 -0.00972723629928 -1.58640031607e-05 -4.66203092892e-06
BPM.23R1.B1 1075.705467 -0.00455443778568 -0.00897743675109 -4.18331285656e-06 1.59969033718e-05
BPM.24R1.B1 1129.156951 -0.00379266007213 -0.00931433399439 1.63837153739e-05 -1.83624708002e-05
BPM.25R1.B1 1182.608435 -0.00564336577066 -0.0083242723977 -1.88463923228e-05 -1.58246617414e-05
BPM.26R1.B1 1236.059919 -0.00495309726821 -0.00875259479417 -1.56124861944e-05 1.90225237101e-05
BPM.27R1.B1 1289.511403 -0.00666186884329 -0.00753396255237 1.94829991991e-05 1.50339377078e-05
BPM.28R1.B1 1342.962887 -0.00600973113688 -0.00804565623445 1.51555927748e-05 -4.20164631867e-05
BPM.29R1.B1 1396.414371 -0.00754883378504 -0.00662303261561 -4.24527974332e-05 -1.38864927487e-05
BPM.30R1.B1 1449.865855 -0.00698964755649 -0.00721070589896 -1.34100396034e-05 4.26057043626e-05
BPM.31R1.B1 1503.31734 -0.00833403970852 -0.00560296659888 4.29893723641e-05 1.21238948971e-05
BPM.32R1.B1 1556.768824 -0.00785462677852 -0.00625733894778 1.16413926829e-05 -4.31225274369e-05
BPM.33R1.B1 1610.220308 -0.0089823586708 -0.00449073326399 -4.34527903122e-05 -1.03406729894e-05
BPM.34R1.B1 1663.671792 -0.00859059842249 -0.00520106444079 -9.8532914294e-06 4.3565903847e-05
BPM.33L2.B1 1717.123276 -0.00948302428569 -0.00330479999511 4.38422740337e-05 8.53988806634e-06
BPM.32L2.B1 1770.57476 -0.00918535014657 -0.00405940824402 8.04800516763e-06 -4.39352315486e-05
BPM.31L2.B1 1824.026244 -0.00982789001573 -0.00206446855945 -4.41571734946e-05 -6.72450231988e-06
BPM.30L2.B1 1877.477728 -0.00962920018416 -0.00285095710675 -6.22950328446e-06 4.42297117426e-05
BPM.29L2.B1 1930.929212 -0.0100112380087 -0.000790294982291 4.43969208805e-05 4.897780302e-06
BPM.28L2.B1 1984.380696 -0.0099147897578 -0.00159574328788 4.39986745266e-06 -4.44490211435e-05
BPM.27L2.B1 2037.83218 -0.0100300801162 0.000496936081692 -4.45611406008e-05 -3.06259764291e-06
BPM.26L2.B1 2091.283665 -0.0100151321724 -0.000312814086421 -2.22228375809e-06 2.22263330851e-05
BPM.25L2.B1 2144.735149 -0.00986196277236 0.00177268591811 2.22830675343e-05 1.55350932649e-06
BPM.24L2.B1 2198.186633 -0.00997286493454 0.000970922299763 1.30368231976e-06 -2.22990730811e-05
BPM.23L2.B1 2251.638117 -0.00955415186 0.00301975286707 -2.23281733778e-05 -6.33184317597e-07
BPM.22L2.B1 2305.089601 -0.00974437771319 0.00224017835753 -4.2061062719e-08 -3.23315703702e-08
BPM.21L2.B1 2358.541085 -0.0090672185889 0.0042138869344 -3.10539785581e-08 4.30045467588e-08
BPM.20L2.B1 2411.992569 -0.00937774605357 0.0034683101083 4.33562131019e-08 3.05783665427e-08
BPM.19L2.B1 2465.444053 -0.00845363343887 0.00533923006834 2.92532041536e-08 -4.42506064337e-08
BPM.18L2.B1 2518.895537 -0.00885699255246 0.00463950202021 -4.4580779672e-08 -2.8763429199e-08
BPM.17L2.B1 2572.347021 -0.00770116268273 0.00637678519251 -2.74056258797e-08 4.54226696435e-08
BPM.16L2.B1 2625.798506 -0.00819071643145 0.00573441019536 4.57345873352e-08 2.68987240233e-08
BPM.15L2.B1 2679.24999 -0.006822106553 0.00730959357829 2.55131229807e-08 -4.65180000029e-08
BPM.14L2.B1 2732.701474 -0.00738982138617 0.0067351196015 -4.68045463188e-08 -2.49866779843e-08
BPM.13L2.B1 2786.152958 -0.0058309784222 0.00812225256255 -2.35736158206e-08 4.75283325473e-08
BPM.12L2.B1 2839.604442 -0.00738632094631 0.00673895830102 4.58993950753e-08 2.66060944864e-08
BPM.11L2.B1 2893.055926 -0.00730123341271 0.00683105311739 3.00025915783e-08 -4.37538905087e-08
BPM.10L2.B1 2944.896615 -0.00744140540041 0.00667808218511 -4.53120867508e-08 -2.76005566052e-08
BPM.9L2.B1 2983.963605 -0.00256360534703 0.00966432737819 -3.90405944837e-08 3.59233310022e-08
BPM.8L2.B1 3024.428594 -0.00126404438723 0.00991834098403 1.28048373991e-08 5.1484006222e-08
BPM.7L2.B1 3063.496584 0.00386403200288 0.00922174347398 5.11943193035e-08 1.3925023321e-08
BPMR.6L2.B1 3095.602584 0.00771511578878 0.00635989657716 4.55962486144e-08 -2.71270632524e-08
BPMYB.5L2.B1 3167.801584 0.00599690151896 0.00800052924616 -4.61275872026e-08 -2.62085409024e-08
BPMYB.4L2.B1 3188.371584 0.00296388813442 0.00954917081048 -5.18925739551e-08 1.10364027875e-08
BPMWI.4L2.B1 3212.839084 0.00465662328302 0.0088480029197 -2.21055110482e-08 4.8229404964e-08
BPMSX.4L2.B1 3262.996084 -0.000363052530784 0.0099919712226 5.25595219655e-08 7.22724461736e-09
BPMS.2L2.B1 3300.907584 -0.000375533440518 0.00999150993061 4.49195184217e-08 -2.8261136534e-08
BPMSW.1L2.B1 3310.841584 -6.39755212332e-08 0.00999856469877 3.60783170218e-08 -3.88984505331e-08
BPMSW.1R2.B1 3354.031584 -5.74682872582e-08 0.00999856469881 3.24881334323e-08 4.19410601422e-08
BPMS.2R2.B1 3363.965584 -0.000375529637705 0.00999151007335 4.22478138311e-08 3.21282578972e-08
BPMSX.4R2.B1 3401.877084 -0.000363057797946 0.00999197103258 5.29918648028e-08 -2.54082621436e-09
BPMWB.4R2.B1 3452.110084 0.00465512948569 0.00884878893017 -1.7903981622e-08 -4.99419618632e-08
BPMYB.4R2.B1 3476.501584 0.00293351726819 0.00955854447553 -5.07159115729e-08 -1.55682259432e-08
BPMR.5R2.B1 3506.035584 0.0071640520149 0.00697478707588 -4.0403360784e-08 3.43887851385e-08
BPM.6R2.B1 3579.331584 0.00239321702602 0.00970792502348 4.64999552856e-08 2.55236641467e-08
BPM_A.7R2.B1 3592.206584 0.000958412483953 0.00995252437986 5.16891165141e-08 1.1898986972e-08
BPM.8R2.B1 3633.643594 -0.00225159391514 0.00974174629575 3.53587096066e-08 -3.9552683353e-08
BPM.9R2.B1 3672.708605 0.000511107661002 0.00998549272759 -4.23237839644e-08 -3.19788190968e-08
BPM.10R2.B1 3713.171615 0.00591907700995 0.00805827669794 -2.51655215028e-08 4.67090681142e-08
BPM.11R2.B1 3765.010326 0.00457382946314 0.00889108430324 4.45109574729e-08 2.88720309094e-08
BPM.12R2.B1 3819.733842 0.00505001154056 0.00862952371227 2.67144010036e-08 -4.58383712827e-08
BPM.13R2.B1 3873.182358 0.00329156875052 0.00944123250506 -4.8211459005e-08 -2.21473701973e-08
BPM.14R2.B1 3926.630874 0.00517915405064 0.0085526404892 -2.06942763922e-08 4.88536319712e-08
BPM.15R2.B1 3980.07939 0.0044720773289 0.00894269648427 4.90751901586e-08 2.01513483615e-08
BPM.16R2.B1 4033.527906 0.00623063101431 0.00781988063833 1.86720703447e-08 -4.96577420697e-08
BPM.17R2.B1 4086.976421 0.00557926633536 0.00829717320559 -4.98638277405e-08 -1.81217692717e-08
BPM.18R2.B1 4140.424937 0.0071797831027 0.00695859258093 -1.66174508374e-08 5.03837408667e-08
BPM.19R2.B1 4193.873453 0.00659481562161 0.00751529793034 5.0567209345e-08 1.606074328e-08
BPM.20R2.B1 4247.321969 0.00801091425071 0.00598302172204 1.45409081687e-08 -5.10252702644e-08
BPM.21R2.B1 4300.770485 0.0075019760963 0.0066099660129 -5.11789456106e-08 -1.39763593114e-08
BPM.22R2.B1 4354.219001 0.00871046720901 0.00490907903538 -1.24398264766e-08 5.1582514093e-08
BPM.23R2.B1 4407.667517 0.0082858985127 0.00559599694979 5.17138175427e-08 1.18619091736e-08
BPM.24R2.B1 4461.116033 0.00909606254148 0.00378706739363 1.83301484575e-07 0.000173800739263
BPM.25R2.B1 4514.564549 0.00876082232548 0.00450868333612 0.000173788042185 -2.10831876921e-06
BPM.26R2.B1 4568.013065 0.00950578612994 0.00259234705285 -7.30598143422e-06 -0.000173647200303
BPM.27R2.B1 4621.46158 0.00926556601939 0.00335104752697 -0.000173555372937 9.23374711708e-06
BPM.28R2.B1 4674.910096 0.00958847615453 0.00138767346242 1.46032542822e-05 0.000347046878872
BPM.29R2.B1 4728.358612 0.00944523782249 0.00215684840858 0.00034686412371 -1.84410228867e-05
BPM.30R2.B1 4781.807128 0.00968721376238 0.000149673445727 -2.88040410317e-05 -0.000346157657737
BPM.31R2.B1 4835.255644 0.00964353750481 0.000930965626711 -0.000345815963641 3.26513998169e-05
BPM.32R2.B1 4888.70416 0.00962678094389 -0.00109068844321 4.29940992144e-05 0.000344682898693
BPM.33R2.B1 4942.152676 0.00968340015851 -0.000310280490609 0.00034418631877 -4.68035193491e-05
BPM.34R2.B1 4995.601192 0.00940815767201 -0.00231324054786 -5.70747704123e-05 -0.000342632839198
BPM.33L3.B1 5049.049708 0.0095641455599 -0.00154649031573 -0.000341976987154 6.08812869828e-05
BPM.32L3.B1 5102.498224 0.00903498406771 -0.00349765285868 7.10951151424e-05 0.000340000410276
BPM.31L3.B1 5155.94674 0.00928778182083 -0.00275710382211 0.000339193274302 -7.48512923369e-05
BPM.30L3.B1 5209.395255 0.00851329516951 -0.00462475058249 -8.49621288772e-05 -0.000336802954603
BPM.29L3.B1 5262.843771 0.00885871522685 -0.00392271297543 -0.000335837529649 8.87014663463e-05
BPM.28L3.B1 5316.292287 0.00785182572993 -0.00567568016497 9.87173710706e-05 0.000333031040745
BPM.27L3.B1 5369.740803 0.00828427169509 -0.00502348038296 0.000331918513341 -0.000102395779813
BPM.26L3.B1 5423.189319 0.00689043870318 -0.00660085887968 -0.000112110607972 -0.000154853910706
BPM.25L3.B1 5476.637835 0.00740064096961 -0.0060232878655 -0.000153599426619 0.000113823273641
BPM.24L3.B1 5530.086351 0.00598957411867 -0.00742795297177 0.000118369326742 0.000150124031315
BPM.23L3.B1 5583.534867 0.0065694629381 -0.0069203786191 0.00014880363475 -0.00012002500381
BPM.22L3.B1 5636.983383 0.00481933558256 -0.00810051277346 -0.00012425271208 2.87018202236e-05
BPM.21L3.B1 5690.431899 0.0054573950525 -0.00768512471661 3.00784677799e-05 0.00012392665772
BPM.20L3.B1 5743.880414 0.00374369648216 -0.00865037798716 0.000122971163577 -3.37731338289e-05
BPM.19L3.B1 5797.32893 0.00442946158601 -0.00832010653117 -3.513445364e-05 -0.000122589150857
BPM.18L3.B1 5850.777446 0.00260620960785 -0.00905825447525 -0.00012148272692 3.87876146014e-05
BPM.17L3.B1 5904.225962 0.0033287973761 -0.00881835646216 4.01326400905e-05 0.000121045043634
BPM.16L3.B1 5957.674478 0.00142625491506 -0.0093171937608 0.000119789865487 -4.37369215421e-05
BPM.15L3.B1 6011.122994 0.00217337182004 -0.00917173688861 -4.5062614071e-05 -0.000119297490931
BPM.14L3.B1 6064.57151 0.000222504021014 -0.00942309899227 -0.000117895554763 4.86124414424e-05
BPM.13L3.B1 6118.020026 0.000982318587569 -0.00937439879987 4.99168500151e-05 0.000117349217076
BPM.12L3.B1 6171.468542 -0.00143829225303 -0.0093153431519 0.000117271038311 -5.0100248127e-05
BPM.11L3.B1 6224.917058 -0.00187476126782 -0.00923740076266 -4.99498691753e-05 -0.000117335165064
BPM.10L3.B1 6277.697768 -0.00583768170241 -0.0074003901932 -0.00012066338878 4.12659354193e-05
BPM.9L3.B1 6316.762779 -0.0055364537829 -0.00762836693644 -4.87076748186e-05 0.000117856244347
BPM.8L3.B1 6357.225789 -0.00150794581096 -0.00930432168839 0.000109164350227 6.59217324981e-05
BPM.7L3.B1 6396.2898 0.00718077797886 -0.00610579480742 4.01438001786e-05 -0.000121041344638
BPM.6L3.B1 6468.9288 0.00712330463965 -0.00617274928964 -0.000117073901559 -5.05591751044e-05
BPMWE.5L3.B1 6512.0583 0.00660267034318 -0.00672674118953 -0.000122847673615 3.42195770956e-05
BPMW.5L3.B1 6539.6033 0.00337557864121 -0.00880055518145 -8.25545686688e-05 9.71970874541e-05
BPMWE.4L3.B1 6614.7313 0.00166992911953 -0.00927661788562 5.04508039006e-05 0.000117120653254
BPMW.4L3.B1 6642.2763 0.00340203737987 -0.00879036087516 9.04927447042e-05 8.98531803229e-05
BPMW.4R3.B1 6687.2413 0.00140206758332 -0.00932086418571 0.000126603310673 1.53014278049e-05
BPMWE.4R3.B1 6714.7863 -0.0061257032607 -0.00716380222083 8.14171026918e-05 -9.81518549988e-05
BPMW.5R3.B1 6789.9143 -0.00822359546841 -0.00460616763552 -7.014878391e-05 -0.000106497316573
BPMWE.5R3.B1 6817.4593 -0.00643373430167 -0.00688849516061 -0.000110135580017 -6.42859649691e-05
BPMWC.6R3.B1 6858.4503 -0.00640654611958 -0.00691378836041 -0.000127295658405 7.6383578684e-06
BPMR.6R3.B1 6870.5288 -0.0076730156135 -0.00547440718645 -0.000119343269963 4.4941220802e-05
BPM_A.7R3.B1 6926.3528 -0.00936632719304 0.00105651197837 5.25580597263e-05 0.000116190279698
BPM.8R3.B1 6965.416811 -0.0085962329371 0.00386640426457 0.00012735884129 6.50046900997e-06
BPM.9R3.B1 7004.481821 -0.00690829918843 0.00641246481038 7.47280584581e-05 -0.000103335606619
BPM.10R3.B1 7044.944832 -0.00642732085372 0.00689447962063 -3.15244162004e-05 -0.00012356675022
BPM.11R3.B1 7097.725542 -0.00674832159869 0.00658061229804 -0.000127040775595 -1.10983042874e-05
BPM.12R3.B1 7152.449058 -0.00740961194179 0.00582597231982 -3.1841975088e-05 0.000123485293804
BPM.13R3.B1 7205.897574 -0.00725741406199 0.00601450278784 0.00011954987815 4.43886960759e-05
BPM.14R3.B1 7259.34609 -0.00771930594879 0.00540893874253 4.30564264153e-05 -0.000120036140063
BPM.15R3.B1 7312.794606 -0.0064287525225 0.00689314468508 -0.000121270732284 -3.94454108817e-05
BPM.16R3.B1 7366.243122 -0.00696402057058 0.00635190681859 -3.80990322691e-05 0.000121700433822
BPM.17R3.B1 7419.691638 -0.00549404575081 0.0076589662457 0.000122786191937 3.44395272509e-05
BPM.18R3.B1 7473.140154 -0.00609422876578 0.0071905965321 3.30750021583e-05 -0.000123160762118
BPM.19R3.B1 7526.58867 -0.00446932301929 0.00829876222154 -0.000124095308093 -2.93749006848e-05
BPM.20R3.B1 7580.037186 -0.00512439405971 0.00791106112661 -2.7997443834e-05 0.00012441331569
BPM.21R3.B1 7633.485701 -0.00337087064009 0.0088023595581 0.000125195509663 2.42613835332e-05
BPM.22R3.B1 7686.934217 -0.00407026580868 0.00850160213573 2.28711520986e-05 -0.000125456930526
BPM.23R3.B1 7740.382733 -0.00221735748712 0.00916120234712 -0.000126085142321 -1.91067516012e-05
BPM.24R3.B1 7793.831249 -0.00276178320857 0.00896420689852 -1.48200885255e-05 -6.17486354796e-05
BPM.25R3.B1 7847.279765 -0.000841262730289 0.00934220149979 -6.12775231134e-05 1.66611385084e-05
BPM.26R3.B1 7900.728281 -0.00159235259832 0.00924385552729 1.73395005894e-05 6.10890354529e-05
BPM.27R3.B1 7954.176797 0.000360782861793 0.00937306180345 6.05427314559e-05 -1.91600225375e-05
BPM.28R3.B1 8007.625313 -0.000209294076535 0.00938345576559 -1.69436348241e-05 -0.000248363850466
BPM.29R3.B1 8061.073829 0.00174253221658 0.00922261500653 -0.000247745612051 2.43680024224e-05
BPM.30R3.B1 8114.522345 0.000992805272003 0.00933313365423 2.71136897207e-05 0.000247460172612
BPM.31R3.B1 8167.97086 0.00290829688168 0.00892383635898 0.000246537962678 -3.45068459832e-05
BPM.32R3.B1 8221.419376 0.00217847403809 0.0091294740795 -3.72385932441e-05 -0.000246140155551
BPM.33R3.B1 8274.867892 0.00402563476582 0.00847863850534 -0.000244915352226 4.45887769208e-05
BPM.34R3.B1 8328.316408 0.00332848809912 0.00877577421646 4.73026747482e-05 0.000244405699893
BPM.33L4.B1 8381.764924 0.00507741270459 0.00789385370983 0.000242881030203 -5.45939031617e-05
BPM.32L4.B1 8435.21344 0.00442365771642 0.00827794047617 -5.7283157875e-05 -0.000242260869785
BPM.31L4.B1 8488.661956 0.00604525115681 0.00717969251479 -0.000240437479407 6.45097449449e-05
BPM.30L4.B1 8542.110472 0.00544630347283 0.00764400579482 6.71733144292e-05 0.000239706977729
BPM.29L4.B1 8595.558988 0.00691419136029 0.00634720441669 0.000237590354866 -7.43136000703e-05
BPM.28L4.B1 8649.007504 0.00637930373336 0.00688458640645 -7.69425734134e-05 -0.000236752041595
BPM.27L4.B1 8702.45602 0.00766918203207 0.00541079413088 -0.000234342098986 8.39968339473e-05
BPM.26L4.B1 8755.904535 0.00739531279112 0.00602385705105 8.9478188803e-05 4.53592994137e-05
BPM.25L4.B1 8809.353051 0.00848446197064 0.00435791350614 4.2661902448e-05 -9.0795238166e-05
BPM.24L4.B1 8862.801567 0.00810507402521 0.00502844708829 -9.12630111389e-05 -4.16518337924e-05
BPM.23L4.B1 8916.250083 0.00897219940439 0.0032368414968 -3.8901339002e-05 9.24689063062e-05
BPM.22L4.B1 8969.698599 0.00886949127258 0.00396218365366 9.57856242291e-05 -0.000150169072713
BPM.21L4.B1 9023.147115 0.00949866873775 0.00203520686839 -0.000152968751818 -9.12479990242e-05
BPM.20L4.B1 9076.595631 0.0093034440773 0.00279512130303 -8.95429094138e-05 0.000153973070002
BPM.19L4.B1 9130.044147 0.00968097474993 0.000803431798466 0.000156583253194 8.48959498832e-05
BPM.18L4.B1 9183.492663 0.00958457157185 0.00158201219163 8.31574235044e-05 -0.000157513422499
BPM.17L4.B1 9236.941179 0.00970421394901 -0.000441595310603 -0.000159931955718 -7.84053981077e-05
BPM.16L4.B1 9290.389694 0.00970819889702 0.000342999975526 -7.66237495067e-05 0.000160793151439
BPM.15L4.B1 9343.83821 0.00956801343199 -0.00167925392573 0.00016301365082 7.17787318639e-05
BPM.14L4.B1 9397.286726 0.00967231585961 -0.000901709841029 6.99697018132e-05 -0.000163798281637
BPM.13L4.B1 9450.735242 0.00927456752684 -0.00288949337921 -0.00016581932441 -6.50352954703e-05
BPM.12L4.B1 9504.183758 0.00955951598973 -0.00172697101216 -6.75972440634e-05 0.000164791525686
BPM.11L4.B1 9557.632274 0.00920692979549 -0.00309826056129 0.000164899739369 6.73328527418e-05
BPMC.10L4.B1 9609.470985 0.00931414757887 -0.00275924441331 6.30818413303e-05 -0.000166572269704
BPMC.9L4.B1 9648.535995 0.00839632045606 -0.00488554782995 -0.000151069768424 -9.43586887205e-05
BPMC.8L4.B1 9688.999006 0.00962429383815 -0.00131899314815 -3.27963176821e-05 0.000175071521618
BPMC.7L4.B1 9728.063016 0.00709984963159 -0.00663015157793 0.000177154331156 1.84927263879e-05
BPMYB.6L4.B1 9824.667016 0.00562862114487 -0.00791741111538 2.37040490877e-05 -0.000176532590383
BPMYA.5L4.B1 9861.667016 0.00519364062881 -0.0082093161612 -2.58123557222e-05 -0.000176236658468
BPMWA.B5L4.B1 9964.133516 0.00901732320258 -0.00361312289564 -0.000174183608805 -3.72250885798e-05
BPMWA.A5L4.B1 9973.018516 0.00920308045962 -0.00310967600513 -0.000177470311239 -1.51633041043e-05
BPMWA.A5R4.B1 10021.06752 0.00960770922673 -0.00143481644017 -0.00015319655098 9.08650296832e-05
BPMWA.B5R4.B1 10029.95252 0.00962029139818 -0.00134787544041 -0.000143084131497 0.000106078123131
BPMYB.5R4.B1 10132.34302 0.00909228497669 -0.00342010650835 7.99555210464e-06 0.00017793737503
BPMYA.6R4.B1 10163.90702 0.00916427920632 -0.0032222292858 4.846873582e-05 0.000171395508657
BPMCA.7R4.B1 10260.42302 0.00971368909212 -0.000104971392657 0.000178053824316 -4.74054647642e-06
BPMC.8R4.B1 10298.21203 0.00969412958147 0.000625001139861 0.000101120906542 -0.000146629456799
BPMC.9R4.B1 10337.27704 0.00913753756765 -0.00329729919814 -0.000146356651132 -0.000101515358928
BPMC.10R4.B1 10377.74005 0.00603404922829 -0.00761295111367 -9.66013975876e-05 0.00014964559881
BPM.11R4.B1 10429.57876 0.00684397771365 -0.0068939642975 0.000135065772996 0.000116115781246
BPM.12R4.B1 10484.30227 0.00613164807325 -0.00753456479736 0.000118516745857 -0.000132963975168
BPM.13R4.B1 10537.75079 0.00679142295469 -0.00694574323418 -0.00013515722943 -0.000116009309679
BPM.14R4.B1 10591.19931 0.00520208768239 -0.00820396602406 -0.000111911286045 0.000138569476891
BPM.15R4.B1 10644.64782 0.00584730694652 -0.00775730470757 0.00013980228174 0.000110367388122
BPM.16R4.B1 10698.09634 0.00411003585078 -0.00880195319705 0.000106135515703 -0.000143041561234
BPM.17R4.B1 10751.54485 0.00480676967173 -0.0084416669048 -0.000144209535294 -0.000104543038334
BPM.18R4.B1 10804.99337 0.00295018694462 -0.00925544011749 -0.000100179678508 0.000147274132892
BPM.19R4.B1 10858.44189 0.0036876404208 -0.00898710648064 0.00014837632194 9.8539864555e-05
BPM.20R4.B1 10911.8904 0.00174214371202 -0.00955676253009 9.40560238824e-05 -0.000151258393901
BPM.21R4.B1 10965.33892 0.00250748363362 -0.00938505730416 -0.000152291853109 -9.23733066644e-05
BPM.22R4.B1 11018.78743 0.000505191446034 -0.00970111109053 -8.77742623901e-05 0.000154988117592
BPM.23R4.B1 11072.23595 0.00128660054638 -0.00962867767992 0.00015595232341 8.60494688001e-05
BPM.24R4.B1 11125.68447 -0.000857604714524 -0.00966353567008 8.14619078828e-05 -3.84162170264e-05
BPM.25R4.B1 11179.13298 -7.50835050081e-05 -0.00970122517672 -3.93169360667e-05 -8.1031023848e-05
BPM.26R4.B1 11232.5815 -0.00208684375384 -0.00947441241449 -7.98182008747e-05 4.17241283179e-05
BPM.27R4.B1 11286.03001 -0.00131536859168 -0.00961193075921 4.26070134335e-05 7.93504275036e-05
BPM.28R4.B1 11339.47853 -0.00339936901248 -0.009107196813 7.81578815759e-05 7.50788054994e-05
BPM.29R4.B1 11392.92705 -0.00265336233964 -0.00935181328769 7.4207448191e-05 -7.89856752101e-05
BPM.30R4.B1 11446.37556 -0.00453654491952 -0.00859747077166 -8.11710463561e-05 -7.18104554331e-05
BPM.31R4.B1 11499.82408 -0.00382793457632 -0.00893552798378 -7.09059824105e-05 8.19623258907e-05
BPM.32R4.B1 11553.27259 -0.00559895263024 -0.00794660134011 8.40475377786e-05 6.8421436582e-05
BPM.33R4.B1 11606.72111 -0.00493943369645 -0.00837249892411 6.74849181342e-05 -8.4801337326e-05
BPM.34R4.B1 11660.16962 -0.00656957468948 -0.00716501443133 -8.67828736412e-05 -6.49169732158e-05
BPM.33L5.B1 11713.61814 -0.00596992870005 -0.00767181170088 -6.39509400209e-05 8.74971913792e-05
BPM.32L5.B1 11767.06666 -0.00743206804694 -0.00626586850223 8.93718426725e-05 6.13037846744e-05
BPM.31L5.B1 11820.51517 -0.00690220171459 -0.00684517018941 6.03084059252e-05 -9.00465249069e-05
BPM.30L5.B1 11873.96369 -0.00817260011892 -0.00526358724327 -9.18108853309e-05 -5.75868242921e-05
BPM.29L5.B1 11927.4122 -0.00772117052059 -0.00590595201585 -5.65657268254e-05 9.24434997384e-05
BPM.28L5.B1 11980.86072 -0.00877872822236 -0.00417500589892 9.40949967628e-05 5.37737198536e-05
BPM.27L5.B1 12034.30924 -0.00841319352833 -0.00486979651371 5.27261924353e-05 -9.46859416719e-05
BPM.26L5.B1 12087.75775 -0.00935863865477 -0.00299518561983 -9.6104644013e-05 7.01725719796e-05
BPM.25L5.B1 12141.20627 -0.00908638927255 -0.00374069303141 7.12340986494e-05 9.5320492688e-05
BPM.24L5.B1 12194.65478 -0.00966488134389 -0.00177350584875 9.31451060004e-05 -7.40559466823e-05
BPM.23L5.B1 12248.1033 -0.00949025238552 -0.00254761929492 -7.50842910315e-05 -9.23181565199e-05
BPM.22L5.B1 12301.55182 -0.00993030871741 -0.000500054747722 -8.99166875718e-05 0.000197857336912
BPM.21L5.B1 12355.00033 -0.00985756346041 -0.00129981870478 0.000198843223404 8.77149358516e-05
BPM.20L5.B1 12408.44885 -0.00991269737783 0.000774284647911 8.1720499125e-05 -0.000201380977657
BPM.19L5.B1 12461.89736 -0.00994285133994 -2.8165450533e-05 -0.000202274017678 -7.9484338038e-05
BPM.18L5.B1 12515.34588 -0.00973220688638 0.00203598506197 -7.34000807538e-05 0.000204560425803
BPM.17L5.B1 12568.79439 -0.00986476422983 0.00124399066389 0.000205362601632 7.11248166238e-05
BPM.16L5.B1 12622.24291 -0.00939181800461 0.00326417533685 6.49428517429e-05 -0.000207400495029
BPM.15L5.B1 12675.69143 -0.00962461054356 0.00249558767502 -0.000208107260244 -6.26410769987e-05
BPM.14L5.B1 12729.13994 -0.00889710156712 0.00443876894543 -5.63894693453e-05 0.00020988750485
BPM.13L5.B1 12782.58846 -0.00922626028137 0.00370637388589 0.000210500512011 5.40561670649e-05
BPM.12L5.B1 12836.03697 -0.00898104103496 0.00426637879513 2.72201727425e-05 -0.000215619111394
BPM.11L5.B1 12889.48549 -0.00975645692323 0.00191641183467 -0.000217328311859 -9.70088813164e-07
BPM.10L5.B1 12942.2662 -0.00943866067859 0.00312614309634 9.93091337375e-06 0.000217103465758
BPM.9L5.B1 12981.33121 -0.00981553249612 0.00158631897456 0.000216511333918 1.88514714433e-05
BPM.8L5.B1 13021.79422 -0.0069319884379 0.00712801671826 -8.62835167357e-05 -0.000199468526734
BPMR.7L5.B1 13060.86023 -0.00972722291217 0.00205966512709 -0.000206048549882 6.9112461001e-05
BPM.6L5.B1 13097.75423 -0.00966926006832 0.00231656982929 -9.96305245493e-05 0.000193148374472
BPMR.5L5.B1 13129.65423 -0.00979649088114 0.00169995661104 6.38240044429e-06 0.000217236740573
BPMYA.4L5.B1 13157.06023 -0.00975169658217 0.00194048955956 9.21098677169e-05 0.000196845903576
BPMWB.4L5.B1 13178.19473 -0.00992833144467 0.000537885500729 0.000157792846078 0.000149445491423
BPMSY.4L5.B1 13270.97473 -0.00993904487929 -0.000276537393127 0.00013665461031 -0.000168991290493
BPMS.2L5.B1 13297.76023 -0.00986326072129 -0.00125585574564 4.96598257567e-05 -0.000211580793521
BPMSW.1L5.B1 13307.81423 -0.00981128346823 -0.00161239033982 -1.1285969045e-05 -0.000217037252219
BPMSW.1R5.B1 13350.76423 -0.00981128452262 -0.00161238390531 0.000209411183711 5.81334491893e-05
BPMS.2R5.B1 13360.81823 -0.00986326201613 -0.00125584563295 0.000217315592627 -2.54444306549e-06
BPMSY.4R5.B1 13387.60373 -0.00993904511206 -0.000276528987556 0.000194626607326 -9.6711020929e-05
BPMWT.A4R5.B1 13478.00823 -0.00993545379916 0.000384504718129 -0.000103226669085 -0.000191250602159
BPMWT.B4R5.B1 13479.99023 -0.0099296925149 0.000512145094265 -0.00011025156166 -0.00018728889582
BPMWB.4R5.B1 13480.38373 -0.00992833851973 0.000537754856997 -0.000111623732508 -0.000186474342254
BPMYA.4R5.B1 13501.51623 -0.00975175584829 0.00194019171791 -0.000172147925705 -0.000132656059209
BPM.5R5.B1 13522.63423 -0.00973828077537 0.00200673208338 -0.000204623189325 -7.3224936197e-05
BPMWT.A6R5.B1 13543.69223 -0.00983550836269 0.00145734734353 -0.00021723414775 -6.47001886911e-06
BPMWT.B6R5.B1 13549.51423 -0.00981256549841 0.00160456985912 -0.000216936967838 1.30725376474e-05
BPMR.6R5.B1 13554.53423 -0.00976760803703 0.00185874133751 -0.000215096187494 3.10832755242e-05
BPM_A.7R5.B1 13588.54823 -0.00955756150698 0.00274118662188 -0.000151090224359 0.000156218695532
BPM.8R5.B1 13629.98722 -0.00842517250042 0.00527991992419 0.000116748511575 0.000183309365294
BPM.9R5.B1 13669.05421 -0.00854759604514 0.00507933931561 0.000137362165122 -0.000168416660595
BPM.10R5.B1 13709.5192 -0.00985909367335 0.00128816072889 -0.000189810806904 -0.000105850821641
BPM.11R5.B1 13762.30189 -0.00877520463096 0.00467513312408 -7.640598542e-05 0.000203456793628
BPM.12R5.B1 13817.02837 -0.00960149842705 0.00258308225959 0.000204239707764 7.42878143322e-05
BPM.13R5.B1 13870.47986 -0.00933344716395 0.00342751369085 8.61489132454e-05 -0.000199526697578
BPM.14R5.B1 13923.93134 -0.00957970743818 0.00266276012374 -0.000200479862393 -8.39068778601e-05
BPM.15R5.B1 13977.38283 -0.00881838791683 0.00459316019562 -7.78501764552e-05 0.000202908574638
BPM.16R5.B1 14030.83431 -0.00916030887966 0.00386650065351 0.000203768686536 7.55702333444e-05
BPM.17R5.B1 14084.28579 -0.00815833666631 0.00568354017012 6.94102032143e-05 -0.000205948440843
BPM.18R5.B1 14137.73728 -0.00859049863726 0.00500643777687 -0.00020671266388 -6.71000295292e-05
BPM.19R5.B1 14191.18876 -0.00736424047241 0.00668049760465 -6.08630738001e-05 0.000208634193095
BPM.20R5.B1 14244.64025 -0.00787933499505 0.00606441803823 0.000209303425256 5.85201949185e-05
BPM.21R5.B1 14298.09173 -0.00644910160532 0.00756770602748 5.22023216483e-05 -0.000210967904601
BPM.22R5.B1 14351.54322 -0.0070389603373 0.00702240154321 -0.000211539214929 -4.98367022584e-05
BPM.23R5.B1 14404.9947 -0.00542801934498 0.00833052771673 -4.34616903859e-05 0.000212940412982
BPM.24R5.B1 14458.44618 -0.00580797273148 0.00788253147134 0.000217602973337 -0.000234138257817
BPM.25R5.B1 14511.89767 -0.00404570472418 0.00891622806403 -0.000240569668116 -0.000210470934206
BPM.26R5.B1 14565.34915 -0.00475211535545 0.0085606220127 -0.000207766071795 0.000242909527855
BPM.27R5.B1 14618.80064 -0.00287147503694 0.00936063463225 0.000249042352371 0.000200373862455
BPM.28R5.B1 14672.25212 -0.00334314876737 0.00911556641069 0.000201754608966 -0.000526476668409
BPM.29R5.B1 14725.7036 -0.00137889097248 0.00961087167642 -0.000532298442001 -0.000185852011703
BPM.30R5.B1 14779.15509 -0.00214983634803 0.00946828381699 -0.000179883187845 0.000534345060362
BPM.31R5.B1 14832.60657 -0.000137240852776 0.00970831394571 0.00053950938096 0.000163744411777
BPM.32R5.B1 14886.05806 -0.000920659755557 0.0096655356985 0.000157686622226 -0.000541310938004
BPM.33R5.B1 14939.50954 0.00110500169488 0.00964619956226 -0.000545803502429 -0.000141354675057
BPM.34R5.B1 14992.96102 0.000323147160404 0.00970390491602 -0.000135229609507 0.000547353226338
BPM.33L6.B1 15046.41251 0.00233074568482 0.00942538165044 0.000551168815709 0.00011872463279
BPM.32L6.B1 15099.86399 0.0015620850625 0.0095828015194 0.000112546610466 -0.000552463449227
BPM.31L6.B1 15153.31548 0.00351658884825 0.00905007168913 -0.000555595898856 -9.58947538362e-05
BPM.30L6.B1 15206.76696 0.00277498363699 0.00930428183783 -8.96556187687e-05 0.000556636749853
BPM.29L6.B1 15260.21845 0.00464613281752 0.00852547034539 0.000559078226632 7.28981578636e-05
BPM.28L6.B1 15313.66993 0.0039425733245 0.00887278481025 6.66410599137e-05 -0.000559858526668
BPM.27L6.B1 15367.12141 0.00569799698092 0.00786149000117 -0.000561608770717 -4.97814270844e-05
BPM.26L6.B1 15420.5729 0.00531973994507 0.00831306142347 -3.92877020148e-05 0.000286934097893
BPM.25L6.B1 15474.02438 0.00692948374552 0.00702772213069 0.000287984591035 3.06524717718e-05
BPM.24L6.B1 15527.47587 0.00633954695569 0.00756417660642 2.74282532337e-05 -0.000288309540001
BPM.23L6.B1 15580.92735 0.00777138005818 0.00608377146431 -0.000289003683516 -1.87502655791e-05
BPM.22L6.B1 15634.37883 0.00752975420029 0.00670857312466 -1.13161934896e-05 1.39870373996e-05
BPM.21L6.B1 15687.83032 0.0087582160143 0.00499958037255 1.43207098241e-05 1.08908530112e-05
BPM.20L6.B1 15741.2818 0.00832611537688 0.00569016295204 1.07297222717e-05 -1.44418247374e-05
BPM.19L6.B1 15794.73329 0.009325817193 0.00383813566512 -1.47576521354e-05 -1.0291015565e-05
BPM.18L6.B1 15848.18477 0.00898561238113 0.00457830993304 -1.01250093613e-05 1.4872044373e-05
BPM.17L6.B1 15901.63625 0.00974020556969 0.00261353154441 1.51695204403e-05 9.67361651533e-06
BPM.16L6.B1 15955.08774 0.00949748289455 0.00339116061294 9.50307450416e-06 -1.52769401267e-05
BPM.15L6.B1 16008.53922 0.00999451063356 0.00134607163593 -1.55555418278e-05 -9.03982778241e-06
BPM.14L6.B1 16061.99071 0.00985326189412 0.00214834393624 -8.86493591141e-06 1.5655857598e-05
BPM.13L6.B1 16115.44219 0.0100845907523 5.64002047006e-05 1.5915131458e-05 8.39058018477e-06
BPM.12L6.B1 16168.89367 0.0100471471183 0.000870049696832 8.21166159674e-06 -1.60081937521e-05
BPM.11L6.B1 16222.34516 0.0100585134467 -0.000726951754425 -1.64819642306e-05 -7.21374861855e-06
BPM.10L6.B1 16274.18585 0.0100844546004 7.69874107349e-05 -6.15180140643e-06 1.69070629545e-05
BPM.9L6.B1 16313.25284 0.00907068600583 -0.00440735828339 1.44813252534e-05 1.06763539968e-05
BPM.8L6.B1 16353.71783 0.00749094010307 -0.00675188625686 1.15702696585e-05 -1.37775960464e-05
BPMYA.5L6.B1 16450.80782 -1.91966393047e-05 -0.0100847301984 -1.78603797508e-05 -2.16799265772e-06
BPMYB.4L6.B1 16487.20782 0.000283531674094 -0.0100807619477 -1.79041916804e-05 1.77003819705e-06
BPMSA.B4L6.B1 16519.19832 -0.00083995253289 -0.0100497080244 -1.70546227842e-05 5.73001802001e-06
BPMSA.A4L6.B1 16519.78332 -0.000862318937203 -0.0100478135767 -1.70284209703e-05 5.80743317033e-06
BPMSE.4L6.B1 16616.45832 -0.0043168641493 -0.00911410091832 -5.68643860469e-06 1.70692020177e-05
BPMSA.4R6.B1 16708.02832 -0.00375475456802 -0.00935969923465 1.17421166311e-05 1.36314334238e-05
BPMSB.A4R6.B1 16804.83832 0.000726206216376 -0.0100585673021 1.77748553287e-05 -2.7835146072e-06
BPMSB.B4R6.B1 16805.47332 0.000752555193747 -0.0100566302697 1.77600252696e-05 -2.87659684131e-06
BPMYA.4R6.B1 16830.80782 0.00169857008789 -0.00994067459056 1.68907785668e-05 -6.19636412414e-06
BPMYB.5R6.B1 16867.20782 0.00169928277494 -0.00994055277697 1.50881271597e-05 -9.8000151713e-06
BPM.8R6.B1 16962.93481 0.00673514028837 -0.00750600006263 -1.5700710834e-05 -8.78526940484e-06
BPM.9R6.B1 17002.0018 0.00796696042279 -0.00618301652434 -2.38960446089e-06 1.78320838079e-05
BPM.10R6.B1 17042.46678 0.00223341254574 -0.00983432865372 1.77325443823e-05 3.04139238144e-06
BPM.11R6.B1 17094.30747 0.00233405006866 -0.00981093073763 7.30657370541e-06 -1.64410255811e-05
BPM.12R6.B1 17149.03396 0.00171312553796 -0.00993817652027 -1.60590094063e-05 -8.11181604126e-06
BPM.13R6.B1 17202.48544 0.00255767015908 -0.00975502306722 -7.8726278891e-06 1.61776078222e-05
BPM.14R6.B1 17255.93693 0.000477270045131 -0.0100734485134 1.64068086106e-05 7.38308455459e-06
BPM.15R6.B1 17309.38841 0.00128875215433 -0.0100020632655 7.19885754492e-06 -1.64884745689e-05
BPM.16R6.B1 17362.83989 -0.000815346743137 -0.0100517342467 -1.66973218715e-05 -6.70021027326e-06
BPM.17R6.B1 17416.29138 -1.38661047092e-06 -0.0100847483726 -6.51266432014e-06 1.67713599272e-05
BPM.18R6.B1 17469.74286 -0.00209449660542 -0.0098648484855 1.69594399228e-05 6.00588104835e-06
BPM.19R6.B1 17523.19435 -0.00129146608535 -0.0100017132029 5.81553808838e-06 -1.70256520047e-05
BPM.20R6.B1 17576.64583 -0.00333930719921 -0.0095158383246 -1.71926945707e-05 -5.30137756198e-06
BPM.21R6.B1 17630.09731 -0.00256036025558 -0.00975431735339 -5.10837064956e-06 1.72510239258e-05
BPM.22R6.B1 17683.5488 -0.00452915707034 -0.00901048766116 1.73967012391e-05 4.58782183507e-06
BPM.23R6.B1 17737.00028 -0.00378714511391 -0.00934664022725 4.39264635224e-06 -1.74470039862e-05
BPM.24R6.B1 17790.45177 -0.0056407667524 -0.00835776730601 -1.7575481208e-05 -7.84320423797e-06
BPM.25R6.B1 17843.90325 -0.00494777983781 -0.00878578389108 -7.64577757666e-06 1.7662262701e-05
BPM.26R6.B1 17897.35474 -0.00666355971914 -0.00756752903832 1.78839822786e-05 7.1117122146e-06
BPM.27R6.B1 17950.80622 -0.00603104807743 -0.00808065486188 6.91090560912e-06 -1.79625348529e-05
BPM.28R6.B1 18004.2577 -0.00757303306807 -0.00665360213943 -1.81664407141e-05 -1.03448272308e-05
BPM.29R6.B1 18057.70919 -0.00701128832598 -0.00724314070088 -1.01406534475e-05 1.82812021895e-05
BPM.30R6.B1 18111.16067 -0.00836195008648 -0.00563019022323 1.85775946393e-05 9.58686806035e-06
BPM.31R6.B1 18164.61216 -0.00788026153891 -0.00628671052683 9.37810342991e-06 -1.86838427361e-05
BPM.32R6.B1 18218.06364 -0.00901352465958 -0.00451415820612 -1.89571657481e-05 -8.81253620146e-06
BPM.33R6.B1 18271.51512 -0.00861975989933 -0.0052269484844 -8.59960453545e-06 1.90547044802e-05
BPM.34R6.B1 18324.96661 -0.00951692800094 -0.00332405364613 1.93044589551e-05 8.02326698359e-06
BPM.33L7.B1 18378.41809 -0.00921759989496 -0.00408131147535 7.80644060752e-06 -1.9393149827e-05
BPM.32L7.B1 18431.86958 -0.00986398071328 -0.00207921517071 -1.96189368646e-05 -7.22027851212e-06
BPM.31L7.B1 18485.32106 -0.0096639747303 -0.0028685961065 -7.00005835763e-06 1.96985862874e-05
BPM.30L7.B1 18538.77254 -0.0100489174433 -0.000800318303808 1.99000034535e-05 6.40507610615e-06
BPM.29L7.B1 18592.22403 -0.00995154219572 -0.00160874457462 6.18166850727e-06 -1.99705276172e-05
BPM.28L7.B1 18645.67551 -0.0100687313818 0.000491832871083 -2.01472261634e-05 -5.57891534221e-06
BPM.27L7.B1 18699.127 -0.0100755778495 -0.000322462649084 -5.3528861624e-06 2.02084494869e-05
BPM.26L7.B1 18752.57848 -0.00991918416599 0.00177506290601 2.03557824621e-05 7.66568718664e-07
BPM.25L7.B1 18806.02997 -0.0100300885586 0.000968703445301 5.38410768295e-07 -2.03630873699e-05
BPM.24L7.B1 18859.48145 -0.0096105949844 0.0030294433313 -2.0370073693e-05 7.35595143551e-08
BPM.23L7.B1 18912.93293 -0.00982375681597 0.00224385046706 3.01726208385e-07 2.03679805977e-05
BPM.22L7.B1 18966.38442 -0.00914018898846 0.00423323038066 2.03453240533e-05 -4.89030308574e-06
BPM.21L7.B1 19019.8359 -0.00945203356329 0.00348171734666 -5.11799099011e-06 -2.02892506478e-05
BPM.20L7.B1 19073.28739 -0.00852353423311 0.00536774239222 -2.01263424357e-05 5.72516931318e-06
BPM.19L7.B1 19126.73887 -0.00892897221297 0.00466226870186 5.95026059683e-06 2.00609486079e-05
BPM.18L7.B1 19180.19035 -0.00776683250928 0.00641401644746 1.98731075521e-05 -6.5503522767e-06
BPM.17L7.B1 19233.64184 -0.008259173218 0.0057662251068 -6.77263973661e-06 -1.97984523287e-05
BPM.16L7.B1 19287.09332 -0.00688248824856 0.0073549065086 -1.95860710718e-05 7.36431347692e-06
BPM.15L7.B1 19340.54481 -0.00745366403833 0.00677541044489 7.58325399618e-06 1.95023547283e-05
BPM.14L7.B1 19393.99629 -0.00588504778414 0.00817493160687 1.92656833113e-05 -8.16582962898e-06
BPM.13L7.B1 19447.44777 -0.00652566013299 0.00767326880009 -8.38120575651e-06 -1.91729661988e-05
BPM.12L7.B1 19500.89926 -0.00479971520703 0.00885584711591 -1.89071870029e-05 8.96469793874e-06
BPM.11L7.B1 19554.35074 -0.00557622638559 0.00838862286039 9.10028945116e-06 1.88423012879e-05
BPM.10L7.B1 19607.13343 -0.00240833886335 0.00978075652123 1.95348294016e-05 -7.49918530361e-06
BPM.9L7.B1 19646.20042 -0.00147881309492 0.00996375461674 3.03594189175e-06 -2.07033913562e-05
BPM.8L7.B1 19686.66541 0.00601108032629 0.00808271041044 -2.05599986172e-05 -3.89020676762e-06
BPM.7L7.B1 19725.7314 0.00653132870284 0.00766844440441 -1.46030696137e-05 1.49865867948e-05
BPM.6L7.B1 19760.5494 0.00555984658344 0.00839948808316 -1.38500375297e-06 2.08789198048e-05
BPMWC.6L7.B1 19772.6519 0.00364927924103 0.00938861306263 5.02969122526e-06 2.03113158968e-05
BPMWE.5L7.B1 19849.7059 0.00785555197154 0.00630504539302 1.81080071583e-05 -1.04855865777e-05
BPMW.5L7.B1 19872.9109 0.00997697299952 0.00138683233082 7.45112747772e-06 -1.95532141352e-05
BPMWE.4L7.B1 19907.9959 0.0100300499456 0.000928112177153 -2.40519514091e-06 -2.07861049931e-05
BPMW.4L7.B1 19936.1009 0.00905283379812 0.00441695533798 -1.25578745236e-05 -1.67375990109e-05
BPMW.4R7.B1 20052.1479 0.00983212525097 0.00218920242406 -7.56038913242e-06 1.95112214615e-05
BPMWE.4R7.B1 20080.2529 0.00990264975826 -0.00184413174381 3.83559463777e-06 2.05702540983e-05
BPMW.5R7.B1 20115.3379 0.00989958984164 -0.00186048788752 1.17622767879e-05 1.73059605253e-05
BPMWE.5R7.B1 20138.5429 0.00998313482985 0.00134175749936 1.81215094217e-05 1.04622338739e-05
BPMR.6R7.B1 20217.7584 0.00811132010633 0.00597241830071 8.6986481765e-06 -1.90310458087e-05
BPM_A.7R7.B1 20255.7944 0.00914157871398 0.0042302284547 -8.46257113032e-06 -1.91371965045e-05
BPM.8R7.B1 20294.86039 0.0100646588675 0.000407352529876 -2.09215460043e-05 3.69319614153e-07
BPM.9R7.B1 20333.92738 0.00814408484426 -0.00592766195328 -2.967553587e-06 2.07133050713e-05
BPM.10R7.B1 20374.39237 0.00668984729639 -0.00753055358886 1.73477019822e-05 1.17006251723e-05
BPM.11R7.B1 20427.17506 0.00555252522679 -0.00840432970678 1.32074801501e-05 -1.62299064222e-05
BPM.12R7.B1 20481.90154 0.00595996685871 -0.00812047346411 -1.65605385138e-05 -1.27904654237e-05
BPM.13R7.B1 20535.35303 0.00397254490063 -0.00925646699426 -1.20433595193e-05 1.71115390226e-05
BPM.14R7.B1 20588.80451 0.00470667229506 -0.00890564597024 1.72453704902e-05 1.18509375869e-05
BPM.15R7.B1 20642.25599 0.00275574220353 -0.00968861079452 1.13275560915e-05 -1.75935752242e-05
BPM.16R7.B1 20695.70748 0.00352871957995 -0.00943458702837 -1.77193920412e-05 -1.11297075856e-05
BPM.17R7.B1 20749.15896 0.00149364671935 -0.00996154173277 -1.05922598621e-05 1.8045813309e-05
BPM.18R7.B1 20802.61045 0.00229280728709 -0.00980848249847 1.81633454331e-05 1.03894327923e-05
BPM.19R7.B1 20856.06193 0.000207049225721 -0.0100707708162 9.83912093793e-06 -1.84672428095e-05
BPM.20R7.B1 20909.51341 0.00101917591807 -0.0100212062474 -1.857633448e-05 -9.63157444345e-06
BPM.21R7.B1 20962.9649 -0.00108299782856 -0.0100145099686 -9.06907050774e-06 1.88573396956e-05
BPM.22R7.B1 21016.41638 -0.000271146662193 -0.0100692489147 1.8957760467e-05 8.85724327793e-06
BPM.23R7.B1 21069.86787 -0.0023551991476 -0.00979368833055 8.28374226397e-06 -1.92152830059e-05
BPM.24R7.B1 21123.31935 -0.00156817998943 -0.00995252680278 -1.94764589551e-05 3.05738074104e-06
BPM.25R7.B1 21176.77083 -0.00359973893146 -0.00941030593523 3.64118815248e-06 1.93758039297e-05
BPM.26R7.B1 21230.22232 -0.00282844702861 -0.00967015334101 1.93337938354e-05 -3.85802769256e-06
BPM.27R7.B1 21283.6738 -0.0047739856538 -0.00887248777123 -4.43710162748e-06 -1.92091663384e-05
BPM.28R7.B1 21337.12529 -0.00405342266145 -0.00922955197262 -1.93278258572e-05 1.57773535862e-05
BPM.29R7.B1 21390.57677 -0.00588079233124 -0.00818725512355 1.63509407309e-05 1.88450680731e-05
BPM.30R7.B1 21444.02826 -0.00520077932325 -0.00863520464831 1.86606818119e-05 -1.65610555669e-05
BPM.31R7.B1 21497.47974 -0.00687984855174 -0.00736766915365 -1.71141790484e-05 -1.81547374557e-05
BPM.32R7.B1 21550.93122 -0.00626276570802 -0.00789890059287 -1.79618640766e-05 1.73165054485e-05
BPM.33R7.B1 21604.38271 -0.00776583854804 -0.0064270223617 1.78483494595e-05 1.7433477813e-05
BPM.34R7.B1 21657.83419 -0.00722174909775 -0.00703286604736 1.72323997946e-05 -1.80425617039e-05
BPM.33L8.B1 21711.28568 -0.00852422359825 -0.00538075059602 -1.85521233479e-05 -1.66825767724e-05
BPM.32L8.B1 21764.73716 -0.00806213969049 -0.00605117909832 -1.64737021706e-05 1.87378538046e-05
BPM.31L8.B1 21818.18864 -0.00914252467058 -0.00424606965562 1.92243285884e-05 1.59032969158e-05
BPM.30L8.B1 21871.64013 -0.00876997697476 -0.00497014775648 1.56868832672e-05 -1.94013278598e-05
BPM.29L8.B1 21925.09161 -0.00961059402577 -0.00304160275977 -1.98638460675e-05 -1.50969308967e-05
BPM.28L8.B1 21978.5431 -0.00933375646499 -0.00380734226173 -1.48734703989e-05 2.00317251452e-05
BPM.27L8.B1 22031.99458 -0.00992073126761 -0.00178716423902 2.04695276005e-05 1.42649335732e-05
BPM.26L8.B1 22085.44606 -0.00975522166787 -0.0025827809825 1.38651040879e-05 -9.50279930486e-06
BPM.25L8.B1 22138.89755 -0.0100788576557 -0.000501732700972 -9.91507392963e-06 -1.35733406783e-05
BPM.24L8.B1 22192.34903 -0.0100054829534 -0.00131355176749 -1.34614214215e-05 1.00665051063e-05
BPM.23L8.B1 22245.80052 -0.0100602311223 0.00079174308348 1.04663726349e-05 1.31529250242e-05
BPM.22L8.B1 22299.252 -0.0101024214262 -2.35419629239e-05 1.28652626612e-05 5.12214272295e-07
BPM.21L8.B1 22352.70349 -0.00988729878647 0.00207383597202 1.25438904139e-07 -1.28748384744e-05
BPM.20L8.B1 22406.15497 -0.0100224216921 0.00126906909767 -1.28754407392e-05 1.87954257355e-08
BPM.19L8.B1 22459.60645 -0.00954076433703 0.00332163947304 4.0557528933e-07 1.28690619843e-05
BPM.18L8.B1 22513.05794 -0.00977773645265 0.00254073665083 1.28637136843e-05 -5.49765072415e-07
BPM.17L8.B1 22566.50942 -0.00903744269757 0.00451487567953 -9.36009205334e-07 -1.28413877414e-05
BPM.16L8.B1 22619.96091 -0.0093723565024 0.0037707302447 -1.28300978279e-05 1.07980426437e-06
BPM.15L8.B1 22673.41239 -0.0083856200076 0.00563390184849 1.46474214044e-06 1.27918630213e-05
BPM.14L8.B1 22726.86387 -0.00881298747093 0.00493869665993 1.27746516968e-05 -1.60800649974e-06
BPM.13L8.B1 22780.31536 -0.00759598615024 0.00666036540992 -1.99110067749e-06 -1.27205684691e-05
BPM.12L8.B1 22833.76684 -0.00801647202652 0.00614781662461 -1.26760122945e-05 2.25745563153e-06
BPM.11L8.B1 22887.21833 -0.00696215257096 0.00732037598308 3.32619577469e-06 1.2438396495e-05
BPM.10L8.B1 22939.05902 -0.00792848840654 0.00626087409434 1.22529893014e-05 -3.95495654393e-06
BPM.9L8.B1 22978.126 -0.00524019687354 0.00863711813481 -2.69673439806e-07 -1.28726290073e-05
BPM.8L8.B1 23018.59099 -0.00517972708657 0.00867351718113 -1.28389315307e-05 9.69138607444e-07
BPM.7L8.B1 23057.65898 0.00221525115201 0.00985657827633 1.01493793729e-06 1.28353897213e-05
BPMR.6L8.B1 23090.12798 0.00727094523131 0.00701375992235 1.12851823732e-05 6.19853072625e-06
BPM.5L8.B1 23150.54698 0.00997436293236 0.00160360750756 2.34114562741e-06 -1.26608196302e-05
BPMYB.4L8.B1 23171.31398 0.00956201886953 0.00325994909245 -5.3512429231e-06 -1.17107479827e-05
BPMWB.4L8.B1 23195.70548 0.0100053768543 0.00139710664133 -1.25847407841e-05 -2.72058327634e-06
BPMSX.4L8.B1 23245.93848 0.00798470006565 0.00618902559579 1.07259149353e-06 1.28306955578e-05
BPMS.2L8.B1 23283.84998 0.00797697523649 0.00619897890386 9.07191426773e-06 9.1366497417e-06
BPMSW.1L8.B1 23293.78398 0.00820413860448 0.00589504730896 1.11235773854e-05 6.48409708247e-06
BPMSW.1R8.B1 23336.97398 0.00820411396887 0.00589508159351 -8.21203115125e-06 9.91664062751e-06
BPMS.2R8.B1 23346.90798 0.00797695594141 0.00619900365501 -5.37275187206e-06 1.17009231475e-05
BPMSX.4R8.B1 23384.81948 0.00798470029776 0.00618902529145 3.40928868692e-06 1.24158837289e-05
BPMWB.4R8.B1 23434.97648 0.010005521425 0.00139607089437 1.09011384642e-05 -6.85145467758e-06
BPMYB.4R8.B1 23459.44398 0.00957143028354 0.00323221212742 9.99626495058e-07 -1.28365873922e-05
BPMYB.5R8.B1 23480.02098 0.0100633613696 0.000887823662965 -6.98018839877e-06 -1.08191613569e-05
BPM.6R8.B1 23564.12898 0.00950276880409 0.00342882750888 -4.49365707068e-06 1.20658381036e-05
BPM_A.7R8.B1 23586.36898 0.00876022784992 0.00503168769403 8.28346438332e-07 1.28487877969e-05
BPM.8R8.B1 23627.80599 0.00532329679001 0.00858615071974 1.25232477935e-05 2.99091821575e-06
BPM.9R8.B1 23666.871 0.00246058071738 0.00979821491072 -3.79140662168e-06 -1.2304577084e-05
BPM.10R8.B1 23707.33402 0.00756482425879 0.00669573795608 -1.01079964349e-05 7.97532882863e-06
BPM.11R8.B1 23759.17273 0.00375479569698 0.00937875163354 9.32867404314e-06 8.87429621758e-06
BPM.12R8.B1 23813.89624 0.00441566149139 0.00908633075187 8.68224995522e-06 -9.50767262031e-06
BPM.13R8.B1 23867.34476 0.00304049893943 0.00963404583408 -1.0015501498e-05 -8.09117042156e-06
BPM.14R8.B1 23920.79327 0.00497361494929 0.00879332856518 -7.78793958616e-06 1.02530632592e-05
BPM.15R8.B1 23974.24179 0.00424781959598 0.00916599703267 1.03388081188e-05 7.67374492545e-06
BPM.16R8.B1 24027.69031 0.00605761716991 0.00808484676121 7.3608924424e-06 -1.05638304613e-05
BPM.17R8.B1 24081.13882 0.00538539923217 0.00854733572822 -1.06448140357e-05 -7.24329338217e-06
BPM.18R8.B1 24134.58734 0.00704203948384 0.00724355940146 -6.92150927212e-06 1.08567995471e-05
BPM.19R8.B1 24188.03585 0.00643455980958 0.00778819061194 1.09328917836e-05 6.8006756203e-06
BPM.20R8.B1 24241.48437 0.00791079586739 0.00628321428454 6.47044791272e-06 -1.11315181951e-05
BPM.21R8.B1 24294.93289 0.00737792650749 0.00690113565605 -1.12025833029e-05 -6.34660861306e-06
BPM.22R8.B1 24348.3814 0.00864953759039 0.00521967167146 -6.00852468379e-06 1.13874912894e-05
BPM.23R8.B1 24401.82992 0.0082001325386 0.00590061855111 1.14534285821e-05 5.88186072372e-06
BPM.24R8.B1 24455.27843 0.0092355521807 0.00407234829967 5.5471142177e-06 -8.01080637383e-07
BPM.25R8.B1 24508.72695 0.00887678505836 0.00480438671967 -8.6254316987e-07 -5.53788242881e-06
BPM.26R8.B1 24562.17546 0.00968060527593 0.00285750349809 -5.50959084804e-06 1.02787374483e-06
BPM.27R8.B1 24615.62398 0.00941844952469 0.0036293598981 1.08891629029e-06 5.49785679609e-06
BPM.28R8.B1 24669.0725 0.00995597288739 0.00159770017533 5.47344594973e-06 9.57026598238e-06
BPM.29R8.B1 24722.52101 0.0097945641279 0.0023959456601 9.5089839713e-06 -5.57922837546e-06
BPM.30R8.B1 24775.96953 0.0100785567688 0.000311023284466 -5.86129899596e-06 -9.33776109852e-06
BPM.31R8.B1 24829.41804 0.0100205907155 0.00112330037386 -9.27218006008e-06 5.96450275438e-06
BPM.32R8.B1 24882.86656 0.0100355420979 -0.000980783779199 6.23930060812e-06 9.08953788745e-06
BPM.33R8.B1 24936.31508 0.0100819599224 -0.000167708604734 9.01979158942e-06 -6.3397105427e-06
BPM.34R8.B1 24989.76359 0.00982763507423 -0.00225646424947 -6.60680384127e-06 -8.82602181768e-06
BPM.33L1.B1 25043.21211 0.00997767173099 -0.00145605935272 -8.75220987874e-06 6.70428523505e-06
BPM.32L1.B1 25096.66062 0.00945825115924 -0.00349507182251 6.96318969308e-06 8.54766527699e-06
BPM.31L1.B1 25150.10914 0.00970945581125 -0.00272038782595 8.46992565225e-06 -7.05755181911e-06
BPM.30L1.B1 25203.55766 0.00893345716913 -0.00467625759409 -7.30787478762e-06 -8.25490887675e-06
BPM.29L1.B1 25257.00617 0.0092816784249 -0.00394011264708 -8.17335955595e-06 7.39896753534e-06
BPM.28L1.B1 25310.45469 0.00826188557707 -0.00578059588014 7.64023145674e-06 7.94829695324e-06
BPM.27L1.B1 25363.9032 0.00870143191854 -0.00509500977674 7.86307879681e-06 -7.72790806463e-06
BPM.26L1.B1 25417.35172 0.00744391996894 -0.00678793574311 -7.94910557982e-06 3.19494289587e-06
BPM.25L1.B1 25470.80023 0.00796741037771 -0.00616509432612 3.28289001885e-06 7.91319238543e-06
BPM.24L1.B1 25524.24875 0.00651446758053 -0.00768438210389 7.8114146067e-06 -3.51820527936e-06
BPM.23L1.B1 25577.69727 0.00711333911238 -0.00713361217975 -3.60463322536e-06 -7.77190909558e-06
BPM.22L1.B1 25631.14578 0.00546732351359 -0.00845255273675 -7.64986789202e-06 1.46588063116e-05
BPM.21L1.B1 25684.5943 0.00613160231317 -0.00798377900789 1.47427202925e-05 7.48687006814e-06
BPM.20L1.B1 25738.04281 0.00434117749725 -0.00908248050413 7.04238087507e-06 -1.49601459415e-05
BPM.19L1.B1 25791.49133 0.00505994840133 -0.00870253964631 -1.50373472478e-05 -6.87599512025e-06
BPM.18L1.B1 25844.93985 0.00314366903553 -0.00956319084534 -6.42287068907e-06 1.52363991545e-05
BPM.17L1.B1 25898.38836 0.00390516063128 -0.0092783077444 1.53066744933e-05 6.25355420721e-06
BPM.16L1.B1 25951.83688 0.00189454041963 -0.00988675835397 5.79272004942e-06 -1.5486944572e-05
BPM.15L1.B1 26005.28539 0.00268618691814 -0.00970163254186 -1.55502500834e-05 -5.62056826526e-06
BPM.14L1.B1 26058.73391 0.000614251986878 -0.0100478837901 -5.15266321035e-06 1.57114957978e-05
BPM.13L1.B1 26112.18243 0.00142311324775 -0.00996554177074 1.57676498813e-05 4.97816008254e-06
BPM.12L1.B1 26165.63094 0.000807881049979 -0.0100341717322 2.96101761504e-06 -1.62675589485e-05
BPM.11L1.B1 26219.07946 0.00326073063623 -0.00952391252633 -1.6506154596e-05 -9.73585393272e-07
BPM.10L1.B1 26271.86017 0.00203930202043 -0.00985791668834 -1.44223687821e-07 1.65342154796e-05
BPM.9L1.B1 26310.92518 0.00358011654674 -0.00940850889365 1.63700406528e-05 2.32864582535e-06
BPM.8L1.B1 26351.38819 -0.00273863808028 -0.00968695698658 -5.72869833477e-06 -1.55107422641e-05
BPMR.7L1.B1 26390.4542 0.00312034356968 -0.00957082703741 -1.59394112315e-05 4.39730393394e-06
BPM.6L1.B1 26433.6382 0.00331671929638 -0.00950455928844 -6.69414873181e-06 1.51191707391e-05
BPMR.5L1.B1 26465.5382 0.00317219296189 -0.00955376710874 1.16240061688e-06 1.6493933163e-05
BPMYA.4L1.B1 26486.6562 0.00323739342719 -0.00953187064309 6.18313687412e-06 1.53352478924e-05
BPMWB.4L1.B1 26507.7887 0.00455637742776 -0.00897645246646 1.13686645241e-05 1.20064399427e-05
BPMSY.4L1.B1 26600.5687 0.00527576279857 -0.008573424116 1.10814580161e-05 -1.22720133687e-05
BPMS.2L1.B1 26627.3542 0.00609593830604 -0.00801104304289 4.64904840371e-06 -1.58678107316e-05
BPMSW.1L1.B1 26637.4082 0.00638219172792 -0.00778491509088 4.16682511513e-08 -1.65347924397e-05
