BPMSW.1R1.B1 21.475 -0.00313622155017 0.00972947267824 -5.25186426222e-05 1.40011883183e-05
BPMS.2R1.B1 31.529 -0.00278165056701 0.0098367141019 -4.65342838185e-05 2.80856030367e-05
BPMSY.4R1.B1 58.3145 -0.00179751763584 0.0100631731838 -2.97103082118e-05 4.55141618844e-05
BPMWB.4R1.B1 151.0945 -0.000967921375678 0.0101765245742 4.76965471893e-05 2.60630112012e-05
BPMYA.4R1.B1 172.227 0.00048495610023 0.0102109422582 5.39272283699e-05 6.78937589903e-06
BPM.5R1.B1 199.635 0.000233632717485 0.0102197817971 5.21896058613e-05 -1.51817825131e-05
BPMR.6R1.B1 231.535 0.000879914911698 0.0101845114714 3.83067272083e-05 -3.85595048045e-05
BPM_A.7R1.B1 259.259 0.00132894571995 0.0101357006425 1.27812348852e-05 -5.28287945144e-05
BPM.8R1.B1 300.6979894 0.00408279045849 0.00937173123152 -4.84011599167e-05 -2.47299217514e-05
BPM.9R1.B1 339.7649788 0.00386022624016 0.00946557857 -8.27718142275e-06 5.37189784069e-05
BPM.10R1.B1 380.2299682 -0.000194372603448 0.010220603872 5.43390504701e-05 -1.22854117594e-06
BPM.11R1.B1 433.0126576 0.00341458515063 0.00963530655546 -9.30766706331e-06 -5.3550056067e-05
BPM.12R1.B1 487.7391417 0.00116136893724 0.0101562663607 -5.34505889779e-05 9.86285818805e-06
BPM.13R1.B1 541.1906258 0.00206090624631 0.0100125516067 6.70709607409e-06 5.39375213814e-05
BPM.14R1.B1 594.6421099 0.00124588092703 0.0101462458533 5.38588460462e-05 -7.31204758902e-06
BPM.15R1.B1 648.093594 0.00332465284138 0.00966670614267 -8.92681595222e-06 -5.36148600232e-05
BPM.16R1.B1 701.5450781 0.00253355140453 0.00990351662278 -5.35115295782e-05 9.52667179886e-06
BPM.17R1.B1 754.9965622 0.00453396786079 0.00916196811003 1.11301161165e-05 5.32011454289e-05
BPM.18R1.B1 808.4480463 0.00377973308021 0.00949800726675 5.30730495423e-05 -1.17257361536e-05
BPM.19R1.B1 861.8995304 0.00566876568573 0.00850668089587 -1.33148166861e-05 -5.26968428736e-05
BPM.20R1.B1 915.3510145 0.0049636539142 0.00893647939795 -5.25444092014e-05 1.39041809376e-05
BPM.21R1.B1 968.8024986 0.00671043974666 0.00771158366795 1.54766724319e-05 5.21029153125e-05
BPM.22R1.B1 1022.253983 0.00606615513784 0.00822801835475 5.19261910922e-05 -1.6059632897e-05
BPM.23R1.B1 1075.705467 0.00764179858188 0.00678980401834 -1.76122411745e-05 -5.14203296127e-05
BPM.24R1.B1 1129.156951 0.00705821570763 0.00738377250406 -5.13820073138e-05 2.88281172027e-05
BPM.25R1.B1 1182.608435 0.00843710917236 0.00575792447281 3.0358966925e-05 5.04926167976e-05
BPM.26R1.B1 1236.059919 0.00794485818335 0.00642010388076 5.0149273711e-05 -3.09228152096e-05
BPM.27R1.B1 1289.511403 0.00910434987649 0.00463134092623 -3.24153371862e-05 -4.91977362042e-05
BPM.28R1.B1 1342.962887 0.00869021921884 0.00535038547634 -4.89935955563e-05 4.36054870035e-05
BPM.29R1.B1 1396.414371 0.0096115113519 0.00343007060188 4.50578751554e-05 4.76612984684e-05
BPM.30R1.B1 1449.865855 0.00930330503976 0.004194645417 4.71535604677e-05 -4.55889515499e-05
BPM.31R1.B1 1503.31734 0.00997132015527 0.00217239710888 -4.69849072905e-05 -4.57627601943e-05
BPM.32R1.B1 1556.768824 0.00976345388668 0.00297010152269 -4.52333322656e-05 4.74948133879e-05
BPM.33R1.B1 1610.220308 0.0101673067552 0.000878867589384 4.88324439174e-05 4.37858848012e-05
BPM.34R1.B1 1663.671792 0.0100631985391 0.00169663489846 4.32362138606e-05 -4.93197852085e-05
BPM.33L2.B1 1717.123276 0.0101962023049 -0.00042894452917 -5.05964037397e-05 -4.17350608471e-05
BPM.32L2.B1 1770.57476 0.0101975586721 0.0003953883392 -4.116532518e-05 5.10610197603e-05
BPM.31L2.B1 1824.026244 0.0100575398977 -0.00172986301373 5.22747725567e-05 3.96126215328e-05
BPM.30L2.B1 1877.477728 0.0101643491512 -0.000912436940484 3.90247338741e-05 -5.27150975202e-05
BPM.29L2.B1 1930.929212 0.00975362827721 -0.00300221089439 -5.38637042473e-05 -3.74234206321e-05
BPM.28L2.B1 1984.380696 0.00996411516556 -0.00220520833807 -3.68172541269e-05 5.42798430287e-05
BPM.27L2.B1 2037.83218 0.00928939925512 -0.0042253516184 5.53614573073e-05 3.5169880312e-05
BPM.26L2.B1 2091.283665 0.00958951244879 -0.00346244629873 3.43854528229e-05 -4.51108570532e-05
BPM.25L2.B1 2144.735149 0.00866203857938 -0.00537739444322 -4.61235406312e-05 -3.30146551288e-05
BPM.24L2.B1 2198.186633 0.00906778332138 -0.00466074983499 -3.24955352758e-05 4.64907293003e-05
BPM.23L2.B1 2251.638117 0.00790292148777 -0.00644135974136 4.7446008297e-05 3.10841534366e-05
BPM.22L2.B1 2305.089601 0.00838642687148 -0.00578312702271 3.03886205387e-05 -3.71501588053e-05
BPM.21L2.B1 2358.541085 0.0070034736511 -0.00739784230192 -3.80463872678e-05 -2.92587672984e-05
BPM.20L2.B1 2411.992569 0.00757769343842 -0.00680847090071 -2.88304373927e-05 3.83719866759e-05
BPM.19L2.B1 2465.444053 0.00599951246767 -0.00823301670271 3.92207811332e-05 2.76646538518e-05
BPM.18L2.B1 2518.895537 0.00664446459448 -0.00772190417836 2.72237170068e-05 -3.9528123389e-05
BPM.17L2.B1 2572.347021 0.00489702320041 -0.00893285383653 -4.0328222453e-05 -2.60237861824e-05
BPM.16L2.B1 2625.798506 0.00560200636379 -0.00850848039242 -2.55700784082e-05 4.06174131771e-05
BPM.15L2.B1 2679.24999 0.00371401752095 -0.00948592577141 4.13672221554e-05 2.43383717737e-05
BPM.14L2.B1 2732.701474 0.00446754908439 -0.00915520175198 2.38736005627e-05 -4.16371772686e-05
BPM.13L2.B1 2786.152958 0.00247000396623 -0.00988310650993 -4.23357051894e-05 -2.26117487816e-05
BPM.12L2.B1 2839.604442 0.00446274102521 -0.00915754641891 -2.53068397598e-05 4.078194567e-05
BPM.11L2.B1 2893.055926 0.00434758040638 -0.00921277691594 3.87476952413e-05 2.83234742108e-05
BPM.10L2.B1 2944.896615 0.0045378335254 -0.00912056910169 2.61892295005e-05 -4.02209779115e-05
BPM.9L2.B1 2983.963605 -0.00120375465944 -0.0101157149317 -3.14180011424e-05 -3.62837754199e-05
BPM.8L2.B1 3024.428594 -0.0025299458939 -0.00986793228933 -4.69040339875e-05 1.01791292931e-05
BPM.7L2.B1 3063.496584 -0.00712459349852 -0.00728126921288 -1.39871862093e-05 4.59125446713e-05
BPMR.6L2.B1 3095.602584 -0.00969627681385 -0.00312392858111 2.32857307682e-05 4.19687760012e-05
BPMYB.5L2.B1 3167.801584 -0.00868558361755 -0.00532328386592 2.49576184308e-05 -4.09965912082e-05
BPMYB.4L2.B1 3188.371584 -0.0063951732399 -0.00792959476462 -8.56531509806e-06 -4.72254026695e-05
BPMWI.4L2.B1 3212.839084 -0.00773477692744 -0.00662947507581 -4.30082021676e-05 -2.13048721487e-05
BPMSX.4L2.B1 3262.996084 -0.00341085935358 -0.00959910164107 -7.96876349458e-06 4.73297144639e-05
BPMS.2L2.B1 3300.907584 -0.00339884661564 -0.00960336167346 2.43313467365e-05 4.13713673825e-05
BPMSW.1L2.B1 3310.841584 -0.00375707076505 -0.00946895628724 3.41893491212e-05 3.36851812987e-05
BPMSW.1R2.B1 3354.031584 -0.003757118873 -0.00946893719868 -3.88117453961e-05 2.82356390266e-05
BPMS.2R2.B1 3363.965584 -0.00339888183259 -0.00960334921902 -3.02041091368e-05 3.73003443096e-05
BPMSX.4R2.B1 3401.877084 -0.00341084920283 -0.0095991052524 8.53372259676e-07 4.79882788913e-05
BPMWB.4R2.B1 3452.110084 -0.00773362255143 -0.00663082167702 4.56479049427e-05 -1.48280785552e-05
BPMYB.4R2.B1 3476.501584 -0.00636992164479 -0.00794989384414 1.5461307024e-05 -4.54373296574e-05
BPMR.5R2.B1 3506.035584 -0.00940547881603 -0.00391327000164 -2.99929212199e-05 -3.74703568157e-05
BPM.6R2.B1 3579.331584 -0.00591439077934 -0.00829437734857 -2.4348137582e-05 4.13614679379e-05
BPM_A.7R2.B1 3592.206584 -0.004647500261 -0.00906517816575 -1.2168987181e-05 4.64275662545e-05
BPM.8R2.B1 3633.643594 -0.00152830713991 -0.010071791852 3.48023333203e-05 3.30514821111e-05
BPM.9R2.B1 3672.708605 -0.00423625011196 -0.00926449668569 3.00718776598e-05 -3.74070197337e-05
BPM.10R2.B1 3713.171615 -0.00863359855035 -0.00540718871815 -4.15503140542e-05 -2.40244479724e-05
BPM.11R2.B1 3765.010326 -0.00767254489594 -0.00670140050043 -2.73222945321e-05 3.94600528592e-05
BPM.12R2.B1 3819.733842 -0.00802519242895 -0.00627479086483 4.07205675298e-05 2.54054782044e-05
BPM.13R2.B1 3873.182358 -0.00666492242422 -0.00770425356344 2.1340822291e-05 -4.29903726385e-05
BPM.14R2.B1 3926.630874 -0.00811863921424 -0.00615340647062 -4.36095624333e-05 -2.00451752053e-05
BPM.15R2.B1 3980.07939 -0.0075955736959 -0.00678851781698 -1.95603162741e-05 4.38291800167e-05
BPM.16R2.B1 4033.527906 -0.00883903739546 -0.00506439845806 4.43948393025e-05 1.8240097393e-05
BPM.17R2.B1 4086.976421 -0.00840154255182 -0.00576114542948 1.77466290597e-05 -4.45944008341e-05
BPM.18R2.B1 4140.424937 -0.00941429141925 -0.00389202146026 -4.5105571791e-05 -1.64039873028e-05
BPM.19R2.B1 4193.873453 -0.00906949023468 -0.0046390797338 -1.59028339015e-05 4.52846833115e-05
BPM.20R2.B1 4247.321969 -0.00983478981936 -0.00265586578848 4.57402702093e-05 1.45406594801e-05
BPM.21R2.B1 4300.770485 -0.00958840684689 -0.00344080921193 1.40324182957e-05 -4.58987393083e-05
BPM.22R2.B1 4354.219001 -0.010093742206 -0.00137589320912 -4.62981418206e-05 -1.26524731069e-05
BPM.23R2.B1 4407.667517 -0.00994977981242 -0.00218599990277 -1.21383831967e-05 4.64355713551e-05
BPM.24R2.B1 4461.116033 -0.0101224031627 -8.57765759634e-05 4.67132269343e-05 -5.48106639035e-05
BPM.25R2.B1 4514.564549 -0.010082472928 -0.000902298775207 -5.53252381514e-05 -4.6102627816e-05
BPM.26R2.B1 4568.013065 -0.0100502055068 0.00120986471885 -4.44265977838e-05 5.66799084868e-05
BPM.27R2.B1 4621.46158 -0.0101150634367 0.000394835505688 5.7169181093e-05 4.37951897921e-05
BPM.28R2.B1 4674.910096 -0.0097484772811 0.00247316244001 4.19988597231e-05 -0.000124007354942
BPM.29R2.B1 4728.358612 -0.00991625696997 0.00167844852581 -0.000124465208937 -4.06219164089e-05
BPM.30R2.B1 4781.807128 -0.00935199690387 0.00369993184724 -3.68803517123e-05 0.000125624710436
BPM.31R2.B1 4835.255644 -0.00962008035764 0.00293315457252 0.000126026213194 3.54840933864e-05
BPM.32R2.B1 4888.70416 -0.00880190520163 0.00486577913844 3.16953854925e-05 -0.000127032006536
BPM.33R2.B1 4942.152676 -0.00916585309274 0.0041396230262 -0.000127375492997 -3.02854920865e-05
BPM.34R2.B1 4995.601192 -0.00810712827646 0.0059517907294 -2.64614467571e-05 0.000128224488315
BPM.33L3.B1 5049.049708 -0.00856098512599 0.00527815076327 0.000128510204101 2.50370666006e-05
BPM.32L3.B1 5102.498224 -0.00727921544906 0.00693991096243 2.11787595715e-05 -0.000129202119291
BPM.31L3.B1 5155.94674 -0.00781552004013 0.00632984898884 -0.000129428933276 -1.97453445058e-05
BPM.30L3.B1 5209.395255 -0.00633161971709 0.00781408558556 -1.58644806862e-05 0.000129961709892
BPM.29L3.B1 5262.843771 -0.00694153496702 0.00727766679648 0.000130129724557 1.44216144849e-05
BPM.28L3.B1 5316.292287 -0.00528007454493 0.00855979874541 1.05197336571e-05 -0.000130503115448
BPM.27L3.B1 5369.740803 -0.00595363916584 0.00810577093089 -0.000130611715114 -9.07237593113e-06
BPM.26L3.B1 5423.189319 -0.00407732701919 0.0091525958901 -5.22449457426e-06 6.52712033945e-05
BPM.25L3.B1 5476.637835 -0.00480263095349 0.00879371042785 6.53251316705e-05 4.50025666274e-06
BPM.24L3.B1 5530.086351 -0.00287308040836 0.00959895911673 2.54292656693e-06 -6.54305663292e-05
BPM.23L3.B1 5583.534867 -0.00363832855769 0.00933580057625 -6.54547404764e-05 -1.8172071011e-06
BPM.22L3.B1 5636.983383 -0.00155719828644 0.00987531814583 7.79435306863e-08 -7.31477846183e-08
BPM.21L3.B1 5690.431899 -0.00234908072041 0.00971743766347 -7.40070257078e-08 -7.71297982114e-08
BPM.20L3.B1 5743.880414 -0.000281193843602 0.00999338306154 -7.48784268336e-08 7.62835410612e-08
BPM.19L3.B1 5797.32893 -0.00108668792067 0.00993810265631 7.71095111145e-08 7.40324613011e-08
BPM.18L3.B1 5850.777446 0.000999489325548 0.00994725067781 7.1688553028e-08 -7.92883987235e-08
BPM.17L3.B1 5904.225962 0.000193478070825 0.0099954660332 -8.00787123222e-08 -7.08046045497e-08
BPM.16L3.B1 5957.674478 0.00226371093028 0.009737678769 -6.83785766809e-08 8.21605367296e-08
BPM.15L3.B1 6011.122994 0.00147053496996 0.00988859453567 8.2916275465e-08 6.74625602e-08
BPM.14L3.B1 6064.57151 0.00349075787324 0.0093681046343 6.49490102256e-08 -8.489715411e-08
BPM.13L3.B1 6118.020026 0.00272337547901 0.00961925158197 -8.56070003759e-08 -6.40042628588e-08
BPM.12L3.B1 6171.468542 0.00508416263163 0.00860802331363 -6.38698674877e-08 8.57088396559e-08
BPM.11L3.B1 6224.917058 0.00548323456616 0.00835948046752 8.56298400689e-08 6.39806942285e-08
BPM.10L3.B1 6277.697768 0.00866289904008 0.00499008568245 7.00455721224e-08 -8.07386586911e-08
BPM.9L3.B1 6316.762779 0.00845601037524 0.0053331663659 -1.43600363745e-08 -1.05923257102e-07
BPM.8L3.B1 6357.225789 0.00514840543698 0.00856975474361 -1.06880194346e-07 -1.77297046346e-09
BPM.7L3.B1 6396.2898 -0.00466812801566 0.00884055177643 2.19132561328e-08 1.04618645303e-07
BPM.6L3.B1 6468.9288 -0.0045852292353 0.0088838306974 1.06133893956e-07 -1.26892718184e-08
BPMWE.5L3.B1 6512.0583 -0.00385438989083 0.00922444868948 7.45986354708e-08 -7.65522302407e-08
BPMW.5L3.B1 6539.6033 0.000140322633994 0.0099963535623 1.88725495893e-08 -1.05213998571e-07
BPMWE.4L3.B1 6614.7313 0.00200767361743 0.0097936725272 -8.59072812373e-08 -6.36125287569e-08
BPMW.4L3.B1 6642.2763 0.000110362689582 0.00999672921881 -1.03428239331e-07 -2.69822368643e-08
BPMW.4R3.B1 6687.2413 0.0022889720524 0.00973177177829 -9.81892138675e-08 4.22529930453e-08
BPMWE.4R3.B1 6714.7863 0.00885348033649 0.00464356123799 -1.76417253829e-08 1.05429977175e-07
BPMW.5R3.B1 6789.9143 0.00991261701912 0.00129876817515 9.56965894114e-08 4.76192373112e-08
BPMWE.5R3.B1 6817.4593 0.00904840076844 0.00425126081299 1.06893409528e-07 1.84351573098e-10
BPMWC.6R3.B1 6858.4503 0.00903157775619 0.00428688444329 8.90277498473e-08 -5.91675815962e-08
BPMR.6R3.B1 6870.5288 0.00971219732129 0.00237065353319 6.75451803261e-08 -8.28424478527e-08
BPM_A.7R3.B1 6926.3528 0.00880858240923 -0.00472817627814 -8.70339431949e-08 -6.2053715539e-08
BPM.8R3.B1 6965.416811 0.00694388364249 -0.00719230526013 -9.5027589062e-08 4.89469350699e-08
BPM.9R3.B1 7004.481821 0.00427912043596 -0.00903525889387 -1.06160751159e-08 1.06364484612e-07
BPM.10R3.B1 7044.944832 0.00361561351552 -0.00932062840751 7.49023398007e-08 7.62575985978e-08
BPM.11R3.B1 7097.725542 0.00405526995651 -0.00913791883134 9.67325970495e-08 -4.54822628685e-08
BPM.12R3.B1 7152.449058 0.00500367122442 -0.00865505917224 -2.89535150523e-08 -1.02895920167e-07
BPM.13R3.B1 7205.897574 0.00477961241138 -0.00878077901987 -1.05334219419e-07 1.82029009509e-08
BPM.14R3.B1 7259.34609 0.00547293759355 -0.00836622549967 1.93734617876e-08 1.05120472458e-07
BPM.15R3.B1 7312.794606 0.00361749437066 -0.00931989857602 1.04499965784e-07 -2.25095369038e-08
BPM.16R3.B1 7366.243122 0.00435775343518 -0.00899759745435 -2.36672232544e-08 -1.04236816458e-07
BPM.17R3.B1 7419.691638 0.00239551637203 -0.00970609480144 -1.03490011191e-07 2.6774759699e-08
BPM.18R3.B1 7473.140154 0.00317100595675 -0.00948111260227 2.79215256733e-08 1.03182783911e-07
BPM.19R3.B1 7526.58867 0.00113429056967 -0.00993278208201 1.02300388408e-07 -3.09982589165e-08
BPM.20R3.B1 7580.037186 0.00193211161167 -0.00980885924449 -3.21334576935e-08 -1.0194974246e-07
BPM.21R3.B1 7633.485701 -0.000145667306331 -0.00999627710857 -1.00938317367e-07 3.51669141256e-08
BPM.22R3.B1 7686.934217 0.000661518757283 -0.00997542820709 3.62856005525e-08 1.00547428616e-07
BPM.23R3.B1 7740.382733 -0.00142315862243 -0.00989552396692 9.94083089325e-08 -3.92758520402e-08
BPM.24R3.B1 7793.831249 -0.000842136128986 -0.00999215978102 -3.46016751656e-06 0.00022263456901
BPM.25R3.B1 7847.279765 -0.00289737525607 -0.0095998784862 0.000222638422626 -3.20287029673e-06
BPM.26R3.B1 7900.728281 -0.00211339012324 -0.00980234831689 -5.6718485791e-06 -0.000222589207804
BPM.27R3.B1 7954.176797 -0.00410188374117 -0.00915024590648 -0.000222319746247 1.23310454367e-05
BPM.28R3.B1 8007.625313 -0.00357212077023 -0.00946560523581 1.13718658345e-05 0.000444907372388
BPM.29R3.B1 8061.073829 -0.00545854802146 -0.00851833216436 0.000444367652208 -2.46834996433e-05
BPM.30R3.B1 8114.522345 -0.00475362435337 -0.00893088936171 -2.96154091827e-05 -0.00044406623051
BPM.31R3.B1 8167.97086 -0.00650383015449 -0.00774970467832 -0.000442981534862 4.28864639763e-05
BPM.32R3.B1 8221.419376 -0.00585696851221 -0.00824946356565 4.77895498277e-05 0.000442479433711
BPM.33R3.B1 8274.867892 -0.00744135694811 -0.00685448292205 0.000440850133582 -6.10167825966e-05
BPM.34R3.B1 8328.316408 -0.00686417114711 -0.00743242112192 -6.59099024459e-05 -0.000440145173818
BPM.33L4.B1 8381.764924 -0.00825733549385 -0.00584586519097 -0.000437977305848 7.90428301628e-05
BPM.32L4.B1 8435.21344 -0.0077584707547 -0.00649337052685 8.3886357452e-05 0.000437075474563
BPM.31L4.B1 8488.661956 -0.00893709340155 -0.00474195011167 0.000434366795208 -9.69400522497e-05
BPM.30L4.B1 8542.110472 -0.00852541841365 -0.00544747374139 -0.000101760283487 -0.000433262889387
BPM.29L4.B1 8595.558988 -0.00947038675779 -0.00355942466411 -0.000430027123806 0.000114667175725
BPM.28L4.B1 8649.007504 -0.00915216691984 -0.00431225810605 0.000119419747797 0.000428731631112
BPM.27L4.B1 8702.45602 -0.00984783810372 -0.00231901141363 0.000424961220946 -0.000132211387144
BPM.26L4.B1 8755.904535 -0.009851029879 -0.00312008627352 -0.000140338383857 -0.000200736096156
BPM.25L4.B1 8809.353051 -0.0102840791995 -0.00100769196248 -0.000196449439499 0.000146278719111
BPM.24L4.B1 8862.801567 -0.0101691994463 -0.00183442377991 0.000148447709765 0.000194815608326
BPM.23L4.B1 8916.250083 -0.0103284976363 0.000316013560276 0.000190282515975 -0.000154215463977
BPM.22L4.B1 8969.698599 -0.0105427453556 -0.000532461241405 -0.000159738587509 3.418131282e-05
BPM.21L4.B1 9023.147115 -0.0104237023012 0.00166716072848 3.89456594512e-05 0.000158644301332
BPM.20L4.B1 9076.595631 -0.0105242499399 0.00082046195007 0.000158201975537 -4.0705186013e-05
BPM.19L4.B1 9130.044147 -0.0101248391206 0.00298674193487 -4.54219717283e-05 -0.000156912785052
BPM.18L4.B1 9183.492663 -0.0103328249537 0.00216002847933 -0.000156400176417 4.71567949153e-05
BPM.17L4.B1 9236.941179 -0.00965954197327 0.00425749261852 5.18154004186e-05 0.000154919147424
BPM.16L4.B1 9290.389694 -0.00997163583335 0.0034640255959 0.000154334168518 -5.35326483386e-05
BPM.15L4.B1 9343.83821 -0.00903564475451 0.00545803246769 -5.81279483742e-05 -0.000152662760212
BPM.14L4.B1 9397.286726 -0.00944659490351 0.00471113992072 -0.000152009646468 5.98151021941e-05
BPM.13L4.B1 9450.735242 -0.00826312420721 0.00656915313909 6.43366489467e-05 0.000150151833603
BPM.12L4.B1 9504.183758 -0.00900827766727 0.00550308350564 0.0001511311371 -6.2001268449e-05
BPM.11L4.B1 9557.632274 -0.00811264570063 0.00675410795442 -6.22454502019e-05 -0.000151030728255
BPMC.10L4.B1 9609.470985 -0.00835438921268 0.00645268745706 -0.000149384448791 6.6098894536e-05
BPMC.9L4.B1 9648.535995 -0.00658956777182 0.00824685340962 3.56918291002e-05 0.000159407877539
BPMC.8L4.B1 9688.999006 -0.00923409702577 0.00511511941913 0.000135428936899 -9.13443027417e-05
BPMC.7L4.B1 9728.063016 -0.00459092693867 0.00950559753154 -0.000102026297902 -0.000127575130419
BPMYB.6L4.B1 9824.667016 -0.00259484809408 0.0102322899636 -0.000130525433149 9.82236682203e-05
BPMYA.5L4.B1 9861.667016 -0.00203950215092 0.010357288524 -9.84401727486e-05 0.00013036223115
BPMWA.B5L4.B1 9964.133516 -0.00771836266851 0.00720137989066 8.78811475362e-05 0.000137701421494
BPMWA.A5L4.B1 9973.018516 -0.00810424008489 0.00676419154499 0.000104402198388 0.000125638206627
BPMWA.A5R4.B1 10021.06752 -0.0091718068181 0.00522598835665 0.000157995094564 4.15009340426e-05
BPMWA.B5R4.B1 10029.95252 -0.00921869120804 0.00514283258733 0.000161414855594 2.51002458139e-05
BPMYB.5R4.B1 10132.34302 -0.00787009947717 0.00703523481744 0.000111027361037 -0.000119823631759
BPMYA.6R4.B1 10163.90702 -0.00802074261758 0.00686299369998 8.06885097166e-05 -0.000142035705339
BPMCA.7R4.B1 10260.42302 -0.00980133782341 0.00392004737794 -0.000117774925203 -0.000113198256492
BPMC.8R4.B1 10298.21203 -0.0100681042412 0.00317273880623 -0.000160863822951 2.84184791191e-05
BPMC.9R4.B1 10337.27704 -0.00796417216029 0.00692856091745 2.79836221265e-05 0.00016094003739
BPMC.10R4.B1 10377.74005 -0.00312511172873 0.0100829892024 0.000159922715892 -3.33092072205e-05
BPM.11R4.B1 10429.57876 -0.00422806230961 0.00967246006643 -1.1179039435e-05 -0.000162971797344
BPM.12R4.B1 10484.30227 -0.0032548331823 0.0100418651426 -0.000163145841206 8.25916691998e-06
BPM.13R4.B1 10537.75079 -0.00415455119793 0.00970426189714 1.1307570115e-05 0.000162962932787
BPM.14R4.B1 10591.19931 -0.00205007891429 0.0103552001924 0.000162551530489 -1.61795652626e-05
BPM.15R4.B1 10644.64782 -0.00287919982598 0.0101559442147 -1.79828305155e-05 -0.000162361929286
BPM.16R4.B1 10698.09634 -0.0007088164727 0.0105323584155 -0.00016175108983 2.28333863882e-05
BPM.17R4.B1 10751.54485 -0.00155627603068 0.010440833274 2.46242700534e-05 0.000161488150077
BPM.18R4.B1 10804.99337 0.00064451862091 0.0105364885209 0.000160678934237 -2.94458648336e-05
BPM.19R4.B1 10858.44189 -0.000208029846701 0.0105541327525 -3.12273491295e-05 -0.000160342227641
BPM.20R4.B1 10911.8904 0.00198682883479 0.0103675216806 -0.00015933583718 3.60120701045e-05
BPM.21R4.B1 10965.33892 0.00114387972906 0.010494023715 3.77755545935e-05 0.000158926982941
BPM.22R4.B1 11018.78743 0.00329692450086 0.0100281246194 0.000157725492088 -4.2514077453e-05
BPM.23R4.B1 11072.23595 0.00247675921958 0.0102615134522 -4.42618233236e-05 -0.000157243979066
BPM.24R4.B1 11125.68447 0.0046122349183 0.00951269546847 -0.000155909023083 -1.19777348788e-05
BPM.25R4.B1 11179.13298 0.00382963980123 0.00985382895306 -1.0248787836e-05 0.000156032213078
BPM.26R4.B1 11232.5815 0.00579138349952 0.00884443119998 0.000156269013427 5.57544753889e-06
BPM.27R4.B1 11286.03001 0.00505867215005 0.00928299101211 3.8414992248e-06 -0.000156321245883
BPM.28R4.B1 11339.47853 0.00693483683768 0.00801969275933 -0.000156426415271 -6.00876536603e-05
BPM.29R4.B1 11392.92705 0.00626509398868 0.00855312991437 -5.83491498393e-05 0.000157083181071
BPM.30R4.B1 11446.37556 0.00790387802377 0.00706655123166 0.000158758841798 5.36225730304e-05
BPM.31R4.B1 11499.82408 0.00730779992798 0.00768137319949 5.18590172388e-05 -0.000159343628054
BPM.32R4.B1 11553.27259 0.00874277975553 0.00599760253549 -0.000160824350419 -4.70667327257e-05
BPM.33R4.B1 11606.72111 0.00823030792163 0.00668352194529 -4.52797274806e-05 0.000161336591947
BPM.34R4.B1 11660.16962 0.00943825152584 0.00482978696973 0.000162619185793 4.04320255456e-05
BPM.33L5.B1 11713.61814 0.00901768576566 0.00557573111741 3.86269649297e-05 -0.00016305736532
BPM.32L5.B1 11767.06666 0.00997847585273 0.00358293925868 -0.00016414046807 -3.37291406552e-05
BPM.31L5.B1 11820.51517 0.00965681690815 0.00437645075929 -3.19057130375e-05 0.000164504635235
BPM.30L5.B1 11873.96369 0.0103548606826 0.00227690453957 0.000165385586272 2.69695524875e-05
BPM.29L5.B1 11927.4122 0.0101373341748 0.00310513926125 2.51350580065e-05 -0.000165674307672
BPM.28L5.B1 11980.86072 0.0105610388931 0.00093375131348 -0.000166352453143 -2.01646013372e-05
BPM.27L5.B1 12034.30924 0.0104512494573 0.00178292423002 -1.83171182944e-05 0.000166566004874
BPM.26L5.B1 12087.75775 0.0106535888763 -0.000436422537963 0.000166980737511 -4.76004210598e-05
BPM.25L5.B1 12141.20627 0.0106540604051 0.000424755784648 -4.94486048209e-05 -0.000166442789606
BPM.24L5.B1 12194.65478 0.0105102541913 -0.00179554375559 -0.000164887666701 5.44097865563e-05
BPM.23L5.B1 12248.1033 0.0106208716898 -0.000941543996371 5.6235735117e-05 0.000164273887126
BPM.22L5.B1 12301.55182 0.0102540727791 -0.00313676902913 0.00016246031813 -0.00012205135141
BPM.21L5.B1 12355.00033 0.0104737577317 -0.00229907099586 -0.000123845543876 -0.000161096759058
BPM.20L5.B1 12408.44885 0.0097685971595 -0.00442265056646 -0.000157315905921 0.000128614129644
BPM.19L5.B1 12461.89736 0.0100936509718 -0.00361988101569 0.000130350819858 0.000155879917819
BPM.18L5.B1 12515.34588 0.00912258647657 -0.00563593333082 0.00015191181523 -0.00013495437888
BPM.17L5.B1 12568.79439 0.0095476134714 -0.00488143478473 -0.000136630699783 -0.000150405904816
BPM.16L5.B1 12622.24291 0.00832669855613 -0.00675658342856 -0.000146247164049 0.000141073214381
BPM.15L5.B1 12675.69143 0.00884483440414 -0.00606252693721 0.000142686498814 0.000144673593075
BPM.14L5.B1 12729.13994 0.00739400100463 -0.00776621385377 0.000140341312682 -0.000146949657302
BPM.13L5.B1 12782.58846 0.00799653234771 -0.00714428435044 -0.000148496810916 -0.000138703212249
BPM.12L5.B1 12836.03697 0.00754236235782 -0.00762221086606 -0.000118977604883 0.000164724652308
BPM.11L5.B1 12889.48549 0.00919107020105 -0.00552354569777 0.00017789388941 9.82020774984e-05
BPM.10L5.B1 12942.2662 0.00842486173489 -0.00663377970901 8.91566362111e-05 -0.000182595127752
BPM.9L5.B1 12981.33121 0.00937207024869 -0.00521053046399 -0.000169207805552 -0.000112510455752
BPM.8L5.B1 13021.79422 0.00441427984574 -0.00977238261491 -1.86034069512e-05 0.000202345740547
BPMR.7L5.B1 13060.86023 0.0091088553361 -0.00565809888772 0.000200049181144 3.56400292724e-05
BPM.6L5.B1 13097.75423 0.00895579413503 -0.00589737907258 0.000168320316491 -0.000113833911794
BPMR.5L5.B1 13129.65423 0.00931107507782 -0.00531876012352 9.21281526712e-05 -0.000181114020795
BPMYA.4L5.B1 13157.06023 0.009177379243 -0.00554626349258 1.26459904621e-05 -0.000202805238427
BPMWB.4L5.B1 13178.19473 0.00987118334433 -0.0041886833156 -6.24943365757e-05 -0.000193350313177
BPMSY.4L5.B1 13270.97473 0.0101809089406 -0.00336666328239 -0.000187874450702 7.74149608969e-05
BPMS.2L5.B1 13297.76023 0.0104634187081 -0.00234567648632 -0.000135580067574 0.000151353644001
BPMSW.1L5.B1 13307.81423 0.0105415388657 -0.00196501574864 -8.80166743162e-05 0.000183147341333
BPMSW.1R5.B1 13350.76423 0.0105415213117 -0.00196510986553 -0.000145775515649 -0.00014156054601
BPMS.2R5.B1 13360.81823 0.0104634022201 -0.00234574972333 -0.000179457552384 -9.53146126809e-05
BPMSY.4R5.B1 13387.60373 0.0101809001402 -0.00336668989382 -0.00020304636678 -7.87772154839e-06
BPMWT.A4R5.B1 13478.00823 0.00993471759255 -0.00403568022598 -1.01699278675e-06 0.000203196583643
BPMWT.B4R5.B1 13479.99023 0.00988203823205 -0.00416300959367 6.52295180159e-06 0.000203094405357
BPMWB.4R5.B1 13480.38373 0.0098712677913 -0.00418848429843 8.01398022524e-06 0.000203041035307
BPMYA.4R5.B1 13501.51623 0.00917757465981 -0.00554594012489 8.17989407795e-05 0.000186007578136
BPM.5R5.B1 13522.63423 0.00913949440725 -0.005608473098 0.000135083906489 0.00015179664601
BPMWT.A6R5.B1 13543.69223 0.00943969010152 -0.00508700101031 0.000175351548013 0.00010267287958
BPMWT.B6R5.B1 13549.51423 0.009362400173 -0.00522788595887 0.00018386667242 8.65039526884e-05
BPMR.6R5.B1 13554.53423 0.00922354017692 -0.00546915306113 0.00019042861695 7.09001359071e-05
BPM_A.7R5.B1 13588.54823 0.00868671173698 -0.0062869998957 0.000193993791213 -6.04673028134e-05
BPM.8R5.B1 13629.98722 0.00660674346417 -0.00844608011747 -1.3638255826e-05 -0.000202740932179
BPM.9R5.B1 13669.05421 0.00680447454135 -0.00828760850362 -0.00018819757863 7.66260784764e-05
BPM.10R5.B1 13709.5192 0.00952569056944 -0.00492407835962 0.000108306527839 0.000171929009718
BPM.11R5.B1 13762.30189 0.00718365136825 -0.00796118593557 0.000153883576429 -0.000132701658343
BPM.12R5.B1 13817.02837 0.00878925575312 -0.00614282604104 -0.000134291668569 -0.000152497977354
BPM.13R5.B1 13870.47986 0.00820756467028 -0.00690081232316 -0.000160118618706 0.000125107610478
BPM.14R5.B1 13923.93134 0.00873795281598 -0.00621558598972 0.000126896406196 0.00015870471807
BPM.15R5.B1 13977.38283 0.00725752396863 -0.00789390108496 0.000154822897292 -0.000131604534718
BPM.16R5.B1 14030.83431 0.00787089312068 -0.00728247004431 -0.000133330424488 -0.000153339115053
BPM.17R5.B1 14084.28579 0.00618800549128 -0.00875750629669 -0.000149262066152 0.000137879372199
BPM.18R5.B1 14137.73728 0.00687475798187 -0.0082294004188 0.000139543583195 0.000147707393457
BPM.19R5.B1 14191.18876 0.00501690686307 -0.00947712899635 0.000143450357481 -0.000143916220447
BPM.20R5.B1 14244.64025 0.0057653207201 -0.00904137187923 -0.000145513832156 -0.000141829509997
BPM.21R5.B1 14298.09173 0.00376322688392 -0.010041088184 -0.000137391934777 0.0001497108545
BPM.22R5.B1 14351.54322 0.00456153795888 -0.00970451956311 0.000151241423217 0.000135705262884
BPM.23R5.B1 14404.9947 0.00244787663968 -0.0104399822049 0.000131101796119 -0.000155248845794
BPM.24R5.B1 14458.44618 0.0027974744613 -0.0102388863684 -0.000164114696234 0.00035681693361
BPM.25R5.B1 14511.89767 0.000611913840759 -0.0105965191866 0.000361585899699 0.000153321876515
BPM.26R5.B1 14565.34915 0.00146492355018 -0.010512595131 0.000149261663614 -0.000363280762818
BPM.27R5.B1 14618.80064 -0.000749460001964 -0.010587679968 -0.000367601128679 -0.000138280014755
BPM.28R5.B1 14672.25212 -0.000377022270603 -0.0106443065225 -0.000141564652693 0.000855296723737
BPM.29R5.B1 14725.7036 -0.00257722035815 -0.0103344734883 0.000859163973485 0.000115802849036
BPM.30R5.B1 14779.15509 -0.00173541298022 -0.0105086511475 0.000106158615556 -0.000860408846267
BPM.31R5.B1 14832.60657 -0.00387958210534 -0.00991928676055 -0.000863208841068 -8.0271598185e-05
BPM.32R5.B1 14886.05806 -0.00306562683821 -0.0102002617235 -7.06145667493e-05 0.000864052439651
BPM.33R5.B1 14939.50954 -0.0051153165328 -0.00934221301193 0.000865784915219 4.46039546816e-05
BPM.34R5.B1 14992.96102 -0.00434525572872 -0.00972430767737 3.4873964956e-05 -0.000866231404162
BPM.33L6.B1 15046.41251 -0.00626955405202 -0.00861023223269 -0.000866887813936 -8.86291138764e-06
BPM.32L6.B1 15099.86399 -0.00555356695361 -0.0090885258009 8.16893827905e-07 0.000866932735357
BPM.31L6.B1 15153.31548 -0.00731857964412 -0.00773833309839 0.000866515652894 -2.69008704444e-05
BPM.30L6.B1 15206.76696 -0.00667063036849 -0.00830337868811 -3.66461606837e-05 -0.000866158237516
BPM.29L6.B1 15260.21845 -0.00824911348934 -0.00673762078197 -0.000864669758115 6.26038831746e-05
BPM.28L6.B1 15313.66993 -0.00767799330561 -0.00738185789141 7.22453402246e-05 0.000863917616722
BPM.27L6.B1 15367.12141 -0.00904273968997 -0.00562781183388 0.000861350676675 -9.82244826858e-05
BPM.26L6.B1 15420.5729 -0.00904458468028 -0.00636984711378 -0.000115288055307 -0.00037404808918
BPM.25L6.B1 15474.02438 -0.0101697763484 -0.0043537470399 -0.000370420375107 0.000126459688122
BPM.24L6.B1 15527.47587 -0.00978508863499 -0.00516057213298 0.000130596256131 0.000368982285459
BPM.23L6.B1 15580.92735 -0.0106430921322 -0.00301729252141 0.000364886284925 -0.000141637946197
BPM.22L6.B1 15634.37883 -0.0108503766669 -0.00389715862597 -0.000153134924719 0.000122922399194
BPM.21L6.B1 15687.83032 -0.011422967727 -0.00156023315091 0.000127467326763 0.000149373023067
BPM.20L6.B1 15741.2818 -0.0112597596121 -0.00247716222372 0.000147931998317 -0.00012913692721
BPM.19L6.B1 15794.73329 -0.0115287073274 -8.61775830651e-05 -0.000133523132334 -0.000143985391423
BPM.18L6.B1 15848.18477 -0.0114841440081 -0.00101634424077 -0.000142484024487 0.000135124104147
BPM.17L6.B1 15901.63625 -0.0114449946825 0.00138946607347 0.000139343826441 0.000138360102729
BPM.16L6.B1 15955.08774 -0.0115198035881 0.000461133942003 0.000136786473212 -0.000140888903252
BPM.15L6.B1 16008.53922 -0.0111732440639 0.00284203031765 -0.000144934679467 -0.000132492110475
BPM.14L6.B1 16061.99071 -0.0113661664221 0.00193100491961 -0.000130863676704 0.00014640668332
BPM.13L6.B1 16115.44219 -0.0107178002303 0.00424820873168 0.000150272425503 0.000126405766891
BPM.12L6.B1 16168.89367 -0.0110256913868 0.00336936916829 0.00012470935427 -0.000151683226129
BPM.11L6.B1 16222.34516 -0.010355583762 0.00506758366578 -0.000159050439533 -0.000115165869671
BPM.10L6.B1 16274.18585 -0.0107264884564 0.00422622345121 -0.000104830402665 0.000166044601277
BPM.9L6.B1 16313.25284 -0.00773575812144 0.00854848322478 0.000129678473755 0.000147457492998
BPM.8L6.B1 16353.71783 -0.00505900325272 0.0103597782434 0.000155356960622 -0.000120101772322
BPMYA.5L6.B1 16450.80782 0.00432817897503 0.0106857562191 -0.000185454350336 -6.4551555716e-05
BPMYB.4L6.B1 16487.20782 0.0040054536623 0.0108108676884 -0.000195056520183 -2.26532437262e-05
BPMSA.B4L6.B1 16519.19832 0.00518355074107 0.010298025098 -0.000195181330404 2.15514933063e-05
BPMSA.A4L6.B1 16519.78332 0.00520645932044 0.0102864620007 -0.000195081419326 2.2437924583e-05
BPMSE.4L6.B1 16616.45832 0.00847092387697 0.0078206117329 -0.000100238685671 0.000168856228215
BPMSA.4R6.B1 16708.02832 0.00797988495772 0.00832105493743 9.36133043441e-05 0.000172617408652
BPMSB.A4R6.B1 16804.83832 0.00352696008295 0.0109762959047 0.000196027896108 1.15448133522e-05
BPMSB.B4R6.B1 16805.47332 0.003498192515 0.0109854980897 0.000196085692048 1.05176737099e-05
BPMYA.4R6.B1 16830.80782 0.00244551102921 0.0112666763073 0.000194515768447 -2.69041984198e-05
BPMYB.5R6.B1 16867.20782 0.00244469250019 0.011266853942 0.000183650051106 -6.95189253869e-05
BPM.8R6.B1 16962.93481 -0.00393570100523 0.0108364559152 -0.000147072386775 -0.000130115079731
BPM.9R6.B1 17002.0018 -0.00580697551363 0.00995979691271 -6.68509610039e-05 0.000184637936573
BPM.10R6.B1 17042.46678 0.00183292117149 0.0113823951457 0.000182065062639 7.35699314804e-05
BPM.11R6.B1 17094.30747 0.00171614114834 0.0114005867727 0.000116063230494 -0.000158396800371
BPM.12R6.B1 17149.03396 0.0024286299324 0.0112703272293 -0.000152454933078 -0.000123764748736
BPM.13R6.B1 17202.48544 0.00145485569966 0.0114368664463 -0.000121488274468 0.000154275142203
BPM.14R6.B1 17255.93693 0.00379724291242 0.010885745975 0.000157855069125 0.000116798964009
BPM.15R6.B1 17309.38841 0.00290622201733 0.0111567196253 0.000115024755541 -0.000159152521233
BPM.16R6.B1 17362.83989 0.00515836059414 0.010310666087 -0.0001625367733 -0.000110190816732
BPM.17R6.B1 17416.29138 0.00430936686627 0.0106933566491 -0.000108360603482 0.000163762633801
BPM.18R6.B1 17469.74286 0.0064352125104 0.00956590608493 0.000166943773086 0.000103392450424
BPM.19R6.B1 17523.19435 0.00564211355664 0.0100541073111 0.000101518238352 -0.000168090056341
BPM.20R6.B1 17576.64583 0.00760589140194 0.00866423309519 -0.000171064684728 -9.64214334698e-05
BPM.21R6.B1 17630.09731 0.00688179224585 0.00924983538573 -9.44956163284e-05 0.000172135985533
BPM.22R6.B1 17683.5488 0.00865192464453 0.00761988970574 0.000174896613347 8.92826670627e-05
BPM.23R6.B1 17737.00028 0.00800867053682 0.00829335368675 8.7321070533e-05 -0.000175884201811
BPM.24R6.B1 17790.45177 0.00940840038197 0.00647858387021 -0.00017826132212 6.78103098141e-05
BPM.25R6.B1 17843.90325 0.00885487642865 0.00721673126272 6.98051292985e-05 0.000177489662627
BPM.26R6.B1 17897.35474 0.0101599379466 0.00522165756557 0.000175314045443 -7.51021027497e-05
BPM.27R6.B1 17950.80622 0.00970530205843 0.0060247123348 -7.70598580884e-05 -0.000174462360424
BPM.28R6.B1 18004.2577 0.0105972479604 0.00390709368259 -0.000171894273892 0.000232071767536
BPM.29R6.B1 18057.70919 0.0102473709811 0.00474957191698 0.000233982505246 0.000169284178056
BPM.30R6.B1 18111.16067 0.0110100028688 0.00251930192859 0.000162187300773 -0.00023895652782
BPM.31R6.B1 18164.61216 0.0107707305139 0.00339976611071 -0.000240759536728 -0.000159498560056
BPM.32R6.B1 18218.06364 0.0112418297674 0.00109009581577 -0.000152183848483 0.000245448613687
BPM.33R6.B1 18271.51512 0.0111171688315 0.00199389130455 0.000247137200489 0.000149426066499
BPM.34R6.B1 18324.96661 0.0112889174386 -0.000356915262565 0.000141943373122 -0.000251509497695
BPM.33L7.B1 18378.41809 0.0112808974577 0.000555335897563 -0.000253085273898 -0.000139114310238
BPM.32L7.B1 18431.86958 0.0111504860525 -0.00179825087521 -0.000131438488105 0.000257155335176
BPM.31L7.B1 18485.32106 0.0112592562369 -0.00089229726836 0.000258610512728 0.000128551737758
BPM.30L7.B1 18538.77254 0.0108288660254 -0.0032097828632 0.000120733337518 -0.000262351686245
BPM.29L7.B1 18592.22403 0.0110525701421 -0.00232545451546 -0.000263689264241 -0.000117783352532
BPM.28L7.B1 18645.67551 0.0103292070802 -0.00456886490102 -0.000109799437645 0.00026711238664
BPM.27L7.B1 18699.127 0.0106643369898 -0.0037200755348 0.000268324502905 0.000106803114444
BPM.26L7.B1 18752.57848 0.00951277701283 -0.00582437344508 9.88598374902e-05 -0.000121607639541
BPM.25L7.B1 18806.02997 0.00995175592426 -0.00503773824022 -0.000122707739515 -9.74909973771e-05
BPM.24L7.B1 18859.48145 0.00868940437572 -0.00699360451486 -9.37585104777e-05 0.000125582748007
BPM.23L7.B1 18912.93293 0.00922563243485 -0.00626928693459 0.000126625184548 9.23458052786e-05
BPM.22L7.B1 18966.38442 0.00757636323788 -0.00801941519762 8.86639916802e-05 2.04551680746e-05
BPM.21L7.B1 19019.8359 0.00819882695897 -0.00738183829094 1.94611535144e-05 -8.8887455219e-05
BPM.20L7.B1 19073.28739 0.00648805193457 -0.00892286289523 -8.94320599845e-05 -1.67816625362e-05
BPM.19L7.B1 19126.73887 0.00718715663832 -0.00837001072675 -1.57780404855e-05 8.96145593552e-05
BPM.18L7.B1 19180.19035 0.00529345374643 -0.0096794445877 9.00481162183e-05 1.30787227384e-05
BPM.17L7.B1 19233.64184 0.00605732181429 -0.00922069154446 1.20694903085e-05 -9.01889391108e-05
BPM.16L7.B1 19287.09332 0.00401150146859 -0.0102771667322 -9.05108367203e-05 -9.35444601784e-06
BPM.15L7.B1 19340.54481 0.00482801683016 -0.00991980612372 -8.33937649767e-06 9.06099951043e-05
BPM.14L7.B1 19393.99629 0.00266402476638 -0.0107058522366 9.08196474127e-05 5.61327625588e-06
BPM.13L7.B1 19447.44777 0.00351929764479 -0.0104559477882 4.59569696051e-06 -9.08768199037e-05
BPM.12L7.B1 19500.89926 0.00128325224971 -0.0109574433038 -9.09749593909e-05 -1.80907453654e-06
BPM.11L7.B1 19554.35074 0.00226301111423 -0.0107977349815 -1.1551141016e-06 9.09856198835e-05
BPM.10L7.B1 19607.13343 -0.0015245785415 -0.0109264797792 9.05732151242e-05 8.72980990161e-06
BPM.9L7.B1 19646.20042 -0.00254440626013 -0.0107349101931 5.19947201602e-05 -7.46743994152e-05
BPM.8L7.B1 19686.66541 -0.00939804436133 -0.00577832694946 -7.24585087452e-05 -5.50407284174e-05
BPM.7L7.B1 19725.7314 -0.00975885884993 -0.00514557810326 -8.59129925568e-05 2.99778945554e-05
BPM.6L7.B1 19760.5494 -0.00906781546394 -0.00628387005741 -4.59116540105e-05 7.85610462532e-05
BPMWC.6L7.B1 19772.6519 -0.00752649973144 -0.00806623219973 -1.98475445425e-05 8.88019829966e-05
BPMWE.5L7.B1 19849.7059 -0.0105516868077 -0.00322090137117 9.081669422e-05 -5.66084397258e-06
BPMW.5L7.B1 19872.9109 -0.0107109680928 0.00264338090475 6.69437078219e-05 -6.16299958839e-05
BPMWE.4L7.B1 19907.9959 -0.0105785659071 0.00313149219245 3.09806962227e-05 -8.55564915028e-05
BPMW.4L7.B1 19936.1009 -0.0110022559899 -0.000814041281653 -1.63853372529e-05 -8.95055161934e-05
BPMW.4R7.B1 20052.1479 -0.0108896684073 0.00176845188531 -6.7288357621e-05 6.12535252375e-05
BPMWE.4R7.B1 20080.2529 -0.00932254051733 0.00589936763302 -2.49969923161e-05 8.74921009025e-05
BPMW.5R7.B1 20115.3379 -0.00931276936868 0.00591478035958 1.21845970502e-05 9.01734575039e-05
BPMWE.5R7.B1 20138.5429 -0.0106989113552 0.00269176445956 5.0213613441e-05 7.58835256295e-05
BPMR.6R7.B1 20217.7584 -0.0106766722328 -0.00277866337014 7.07850091225e-05 -5.71769078163e-05
BPM_A.7R7.B1 20255.7944 -0.0110166454239 -0.000588067694032 4.2083786566e-06 -9.08955794461e-05
BPM.8R7.B1 20294.86039 -0.0104021771711 0.00367518844874 -8.21321715277e-05 -3.91666032619e-05
BPM.9R7.B1 20333.92738 -0.00587470938539 0.00933809882771 -5.17483376988e-05 7.48453479565e-05
BPM.10R7.B1 20374.39237 -0.00374422840761 0.0103775263776 4.47991999272e-05 7.9200678959e-05
BPM.11R7.B1 20427.17506 -0.00223241263223 0.0108041026432 8.2894983122e-05 -3.75251624923e-05
BPM.12R7.B1 20481.90154 -0.00276231092956 0.0106809146784 -3.96214430541e-05 -8.19137212612e-05
BPM.13R7.B1 20535.35303 -0.000279367626022 0.0110287920381 -8.00758560067e-05 4.32154378408e-05
BPM.14R7.B1 20588.80451 -0.00116842468388 0.0109702818504 4.41093923064e-05 7.95869205226e-05
BPM.15R7.B1 20642.25599 0.00113399965974 0.0109738937879 7.82259982104e-05 -4.64802096967e-05
BPM.16R7.B1 20695.70748 0.00024443335734 0.0110296215901 -4.73540647783e-05 -7.77001226923e-05
BPM.17R7.B1 20749.15896 0.00252838762098 0.0107386943402 -7.62420844769e-05 4.96675068434e-05
BPM.18R7.B1 20802.61045 0.00165353747835 0.0109077089211 5.05182808566e-05 7.56810423089e-05
BPM.19R7.B1 20856.06193 0.00388151519901 0.0103269617896 7.41295227117e-05 -5.27686515145e-05
BPM.20R7.B1 20909.51341 0.003035222468 0.0106065887374 -5.35962135961e-05 -7.35334134252e-05
BPM.21R7.B1 20962.9649 0.00517060042169 0.00974562421343 -7.18895333257e-05 5.57818263916e-05
BPM.22R7.B1 21016.41638 0.00436725308143 0.0101311105308 5.65834507787e-05 7.12602955633e-05
BPM.23R7.B1 21069.86787 0.00637494257398 0.00900402173237 6.95287448643e-05 -5.86981341914e-05
BPM.24R7.B1 21123.31935 0.005451682863 0.00947801954523 -6.21555344247e-05 0.000107202019556
BPM.25R7.B1 21176.77083 0.00730028844048 0.00813999318924 0.000109021153701 5.89064678997e-05
BPM.26R7.B1 21230.22232 0.0066194469021 0.00870267908542 5.76828600744e-05 -0.000109673475277
BPM.27R7.B1 21283.6738 0.00828153951427 0.00713931395798 -0.000111356877332 -5.43620221133e-05
BPM.28R7.B1 21337.12529 0.00750262716385 0.00777318751408 -5.57867054449e-05 0.000288022429756
BPM.29R7.B1 21390.57677 0.00895271911376 0.00604654273043 0.000289567913432 4.71115695736e-05
BPM.30R7.B1 21444.02826 0.00843539715381 0.00674951356718 4.38725337911e-05 -0.000290076322318
BPM.31R7.B1 21497.47974 0.00965256074102 0.00485179654213 -0.000291263973612 -3.51336368402e-05
BPM.32R7.B1 21550.93122 0.00922953664476 0.00561493649288 -3.18595278976e-05 0.000291640267266
BPM.33R7.B1 21604.38271 0.0101939883333 0.00357693448418 0.000292465374086 2.30885117725e-05
BPM.34R7.B1 21657.83419 0.00987198926603 0.00438813017287 1.98189763554e-05 -0.000292705116336
BPM.33L8.B1 21711.28568 0.010567792381 0.00224357364078 -0.0002931686448 -1.10100575142e-05
BPM.32L8.B1 21764.73716 0.0103522532751 0.00308912779922 -7.71608230054e-06 0.000293273826138
BPM.31L8.B1 21818.18864 0.0107679797701 0.000873195376851 0.000293373286951 -1.09142176108e-06
BPM.30L8.B1 21871.64013 0.0106623655545 0.00173948821849 -4.36995804275e-06 -0.000293342763279
BPM.29L8.B1 21925.09161 0.0107912092739 -0.000511528013727 -0.000293078721857 1.31885397937e-05
BPM.28L8.B1 21978.5431 0.0107972893045 0.000361112390649 1.6479277937e-05 0.00029291212213
BPM.27L8.B1 22031.99458 0.0106371259028 -0.00188769991712 0.000292285492794 -2.52638831584e-05
BPM.26L8.B1 22085.44606 0.0105789666622 -0.00103410255938 -3.12192237375e-05 -0.000115917549877
BPM.25L8.B1 22138.89755 0.0101339191478 -0.00320742676429 -0.000114926823516 3.46892518116e-05
BPM.24L8.B1 22192.34903 0.010359739767 -0.00237901151345 3.59756744025e-05 0.00011453064924
BPM.23L8.B1 22245.80052 0.0096403970214 -0.00447734844557 0.000113398658931 -3.93987539396e-05
BPM.22L8.B1 22299.252 0.0097945285572 -0.00369570801564 -4.33496003225e-05 6.31092484565e-05
BPM.21L8.B1 22352.70349 0.00881413974374 -0.00564818448122 6.43831114235e-05 4.14340490244e-05
BPM.20L8.B1 22406.15497 0.00924124911311 -0.00491836986617 4.07106043407e-05 -6.4842975656e-05
BPM.19L8.B1 22459.60645 0.00801916745904 -0.00672933879692 -6.60368164559e-05 -3.87440851585e-05
BPM.18L8.B1 22513.05794 0.00853615171747 -0.00606012881028 -3.8001237914e-05 6.6467068037e-05
BPM.17L8.B1 22566.50942 0.00709242143465 -0.00769990945305 6.75787104255e-05 3.59872535041e-05
BPM.16L8.B1 22619.96091 0.00769074136437 -0.00710236190608 3.52283988093e-05 -6.79773906359e-05
BPM.15L8.B1 22673.41239 0.00604910744832 -0.00854396549749 -6.90051198016e-05 -3.31701477883e-05
BPM.14L8.B1 22726.86387 0.00671898582413 -0.00802784384652 -3.23943606988e-05 6.93726983642e-05
BPM.13L8.B1 22780.31536 0.00490643038226 -0.00924759364633 7.03145778738e-05 3.02956429593e-05
BPM.12L8.B1 22833.76684 0.00550238404569 -0.00890588665842 2.8814615459e-05 -7.09343589481e-05
BPM.11L8.B1 22887.21833 0.00404947285386 -0.00965364267698 -7.31259743531e-05 -2.2683875988e-05
BPM.10L8.B1 22939.05902 0.00537553515054 -0.00898302116477 -1.89322611651e-05 7.41858121629e-05
BPM.9L8.B1 22978.126 0.00189686619932 -0.0102952875612 6.56241241105e-05 3.94390628048e-05
BPM.8L8.B1 23018.59099 0.00182487142247 -0.0103082923709 3.58130878709e-05 -6.76711745252e-05
BPM.7L8.B1 23057.65898 -0.00577390065066 -0.00873230316567 -6.77986280688e-05 -3.55712209114e-05
BPMR.6L8.B1 23090.12798 -0.00962475767384 -0.00411765552809 -6.69534531796e-05 3.71376018798e-05
BPM.5L8.B1 23150.54698 -0.0102520782693 0.00211800343782 5.62840456218e-05 5.19044423672e-05
BPMYB.4L8.B1 23171.31398 -0.0104623211677 0.000361777753475 7.58825224294e-05 1.01886107687e-05
BPMWB.4L8.B1 23195.70548 -0.0102061095278 0.00232945823299 5.35721668495e-05 -5.46990712925e-05
BPMSX.4L8.B1 23245.93848 -0.0100125763809 -0.00305603690139 -6.79577901637e-05 -3.52661909394e-05
BPMS.2L8.B1 23283.84998 -0.0100087564289 -0.00306852443052 -7.47222201502e-05 1.66900415615e-05
BPMSW.1L8.B1 23293.78398 -0.0101169271063 -0.00269050796248 -6.78780483797e-05 3.54194119963e-05
BPMSW.1R8.B1 23336.97398 -0.0101169137859 -0.00269055802353 -2.38708239275e-05 -7.27471476142e-05
BPMS.2R8.B1 23346.90798 -0.010008745044 -0.0030685616687 -4.1846694706e-05 -6.41156703603e-05
BPMSX.4R8.B1 23384.81948 -0.0100125767976 -0.00305603553194 -7.32760332631e-05 -2.21943279621e-05
BPMWB.4R8.B1 23434.97648 -0.0102058679203 0.00233051653919 -7.4711449034e-08 7.65634368977e-05
BPMYB.4R8.B1 23459.44398 -0.0104612282268 0.000392111228298 6.14200193528e-05 4.57115706205e-05
BPMYB.5R8.B1 23480.02098 -0.0100748215749 0.00284411983392 7.65589375193e-05 -8.33203905653e-07
BPM.6R8.B1 23564.12898 -0.0104670874805 0.000176428960929 -4.64688515165e-05 -6.08490948671e-05
BPM_A.7R8.B1 23586.36898 -0.010337802622 -0.0016495103002 -6.72746749943e-05 -3.65524559724e-05
BPM.8R8.B1 23627.80599 -0.00831691022529 -0.00635767658576 -5.47377473216e-05 5.35326421494e-05
BPM.9R8.B1 23666.871 -0.00598997853327 -0.00858552296147 7.3926966064e-05 1.99190455581e-05
BPM.10R8.B1 23707.33402 -0.0097923626915 -0.00370144298771 -8.0942793732e-06 -7.61344123976e-05
BPM.11R8.B1 23759.17273 -0.00708931683826 -0.00770276795017 -7.42160561864e-05 1.88133753794e-05
BPM.12R8.B1 23813.89624 -0.00762179132103 -0.00717630436346 2.03225794846e-05 7.38170552129e-05
BPM.13R8.B1 23867.34476 -0.00649130485769 -0.00821303893765 7.24523904193e-05 -2.47510896578e-05
BPM.14R8.B1 23920.79327 -0.00805444497296 -0.00668707436408 -2.69075184651e-05 -7.16794973408e-05
BPM.15R8.B1 23974.24179 -0.00748857670958 -0.00731520786785 -7.13767256075e-05 2.7700705652e-05
BPM.16R8.B1 24027.69031 -0.00884366996876 -0.00560183441417 2.98243367846e-05 7.05157759888e-05
BPM.17R8.B1 24081.13882 -0.00836274086512 -0.00629727024505 7.01806359873e-05 -3.06046417307e-05
BPM.18R8.B1 24134.58734 -0.00948760869529 -0.00442451450131 -3.2691157307e-05 -6.92333300183e-05
BPM.19R8.B1 24188.03585 -0.0090996389978 -0.00517567555765 -6.88666181622e-05 3.34567393073e-05
BPM.20R8.B1 24241.48437 -0.0099756383841 -0.00317453716183 3.55026173029e-05 6.78345765952e-05
BPM.21R8.B1 24294.93289 -0.00968690796049 -0.00396923941365 6.74365560444e-05 -3.62529449572e-05
BPM.22R8.B1 24348.3814 -0.0102997734368 -0.00187235535289 -3.8254870274e-05 -6.63214129975e-05
BPM.23R8.B1 24401.82992 -0.0101150969278 -0.00269738048359 -6.58932723444e-05 3.89877185095e-05
BPM.24R8.B1 24455.27843 -0.0103730465022 -0.000555011523796 4.08602591427e-05 -1.83620611059e-05
BPM.25R8.B1 24508.72695 -0.0102944235674 -0.00139031469972 -1.88139939103e-05 -4.0654142103e-05
BPM.26R8.B1 24562.17546 -0.0103588225835 0.000776483262163 -4.00730273761e-05 2.00219564172e-05
BPM.27R8.B1 24615.62398 -0.0103876991462 -6.19514889494e-05 2.04651774574e-05 3.98484955676e-05
BPM.28R8.B1 24669.0725 -0.0100927777906 0.00207959647824 3.91351881145e-05 -0.000104706171082
BPM.29R8.B1 24722.52101 -0.0102276864261 0.00125829862346 -0.00010513344402 -3.79724223369e-05
BPM.30R8.B1 24775.96953 -0.00974383446654 0.00335359134865 -3.48103500399e-05 0.000106222332817
BPM.31R8.B1 24829.41804 -0.00998266920699 0.00255640384955 0.000106602080748 3.36294734204e-05
BPM.32R8.B1 24882.86656 -0.00923480311313 0.00457244972287 3.0423206899e-05 -0.000107561025065
BPM.33R8.B1 24936.31508 -0.00957369872389 0.00381224051868 -0.000107891612768 -2.92292020378e-05
BPM.34R8.B1 24989.76359 -0.00857401764779 0.00571621434265 -2.59882594678e-05 0.000108717782835
BPM.33L1.B1 25043.21211 -0.00900730321858 0.00500573408812 0.000108999436935 2.47804032773e-05
BPM.32L1.B1 25096.66062 -0.00777237968658 0.0067660179609 2.15066420518e-05 -0.000109692347178
BPM.31L1.B1 25150.10914 -0.00829308623797 0.00611666622235 -0.000109924015046 -2.02893390802e-05
BPM.30L1.B1 25203.55766 -0.00684299781597 0.00770469116407 -1.69912854959e-05 0.000110481864567
BPM.29L1.B1 25257.00617 -0.00744237139037 0.00712741139479 0.000110663545548 1.57646727383e-05
BPM.28L1.B1 25310.45469 -0.00580122873061 0.00851672649894 1.24454427437e-05 -0.000111085809129
BPM.27L1.B1 25363.9032 -0.00646966393321 0.00802074396044 -0.000111216979422 -1.1212950873e-05
BPM.26L1.B1 25417.35172 -0.00458253339866 0.00917324458526 -7.96130619413e-06 2.84451124709e-05
BPM.25L1.B1 25470.80023 -0.00530782278372 0.0087735423807 2.85316314098e-05 7.64545108509e-06
BPM.24L1.B1 25524.24875 -0.00337148985583 0.00968406344092 6.78820239968e-06 -2.87476456221e-05
BPM.23L1.B1 25577.69727 -0.00414200718479 0.00938039471594 -2.88211846272e-05 -6.46887537431e-06
BPM.22L1.B1 25631.14578 -0.00202344688709 0.0100201889659 -5.68523281858e-06 -5.40547812082e-05
BPM.21L1.B1 25684.5943 -0.00282549475913 0.00982421007196 -5.39884459888e-05 6.28401017917e-06
BPM.20L1.B1 25738.04281 -0.000725082558821 0.0101967043445 7.89677521334e-06 5.37762219496e-05
BPM.19L1.B1 25791.49133 -0.00154553218939 0.0101049420829 5.36852898801e-05 -8.49298531494e-06
BPM.18L1.B1 25844.93985 0.00058525920921 0.010205684485 -1.00957890743e-05 -5.34070794334e-05
BPM.17L1.B1 25898.38836 -0.000240269142724 0.010219627926 -5.32919006764e-05 1.06871195854e-05
BPM.16L1.B1 25951.83688 0.00188594032733 0.0100469773208 1.22771635246e-05 5.29482028483e-05
BPM.15L1.B1 26005.28539 0.0010690570524 0.0101663976528 5.28087231443e-05 -1.2863897416e-05
BPM.14L1.B1 26058.73391 0.00315565626866 0.0097231866034 -1.44384114378e-05 -5.24001295345e-05
BPM.13L1.B1 26112.18243 0.00236068609538 0.00994613921934 -5.22368690705e-05 1.50183570411e-05
BPM.12L1.B1 26165.63094 0.00296760282461 0.00978222150594 2.14522853687e-05 4.99403733486e-05
BPM.11L1.B1 26219.07946 0.000460057597951 0.0102120943599 4.69821430906e-05 -2.73298334922e-05
BPM.10L1.B1 26271.86017 0.00173841092222 0.0100735520899 -2.96524067829e-05 -4.55519033611e-05
BPM.9L1.B1 26310.92518 0.000115294991696 0.0102218017625 -4.90719859144e-05 2.33705202411e-05
BPM.8L1.B1 26351.38819 0.00618980567288 0.00813540594548 4.38794197662e-05 3.20754824971e-05
BPMR.7L1.B1 26390.4542 0.000610157861124 0.0102042261642 3.56692275562e-05 -4.10115541914e-05
BPM.6L1.B1 26433.6382 0.000399934667602 0.0102146256156 -9.13967672239e-06 -5.35789843135e-05
BPMR.5L1.B1 26465.5382 0.000554790460378 0.0102073861362 -3.31582691608e-05 -4.30670478007e-05
BPMYA.4L1.B1 26486.6562 0.000485030968363 0.0102109387006 -4.48051682041e-05 -3.07691138721e-05
BPMWB.4L1.B1 26507.7887 -0.000967872748822 0.010176529199 -5.29597165362e-05 -1.22274099245e-05
BPMSY.4L1.B1 26600.5687 -0.0017975136274 0.0100631739011 -8.05204840761e-06 5.3753193242e-05
BPMS.2L1.B1 26627.3542 -0.00278164472503 0.00983671575096 1.61020386477e-05 5.19130592555e-05
BPMSW.1L1.B1 26637.4082 -0.00313621660281 0.00972947427344 2.99344548092e-05 4.5367055682e-05
