BPMSW.1R1.B1 21.475 0.00610968845278 0.00763001639587 -0.00019012907154 -8.59304962032e-05
BPMS.2R1.B1 31.529 0.00638211857152 0.00740364813948 -0.000206546187013 -2.95261629538e-05
BPMSY.4R1.B1 58.3145 0.00708148106774 0.00673780892745 -0.000198860977687 6.31460613265e-05
BPMWB.4R1.B1 151.0945 0.00760920991108 0.00613558210159 7.84925754283e-05 0.000193318464959
BPMYA.4R1.B1 172.227 0.00840238335235 0.00499453674458 0.000143823704296 0.000151155076717
BPM.5R1.B1 199.635 0.00827699417664 0.0051996933206 0.000192018510032 8.16211041935e-05
BPMR.6R1.B1 231.535 0.00858946429521 0.00466546314626 0.000207525804702 -2.15906288606e-05
BPM_A.7R1.B1 259.259 0.0087871705037 0.00428148079563 0.000166302421786 -0.000126002456303
BPM.8R1.B1 300.6979894 0.00962898270581 0.00168170605669 -8.3819842828e-05 -0.000191068963048
BPM.9R1.B1 339.7649788 0.00958655022203 0.00190879492796 -0.000155071546104 0.000139592008625
BPM.10R1.B1 380.2299682 0.00805207615055 0.00554161645393 0.000164520559751 0.000128320299817
BPM.11R1.B1 433.0126576 0.00948711354269 0.0023537459139 0.000102390862749 -0.000181794465513
BPM.12R1.B1 487.7391417 0.00871522680876 0.00442608912097 -0.000182848378718 -0.000100496690163
BPM.13R1.B1 541.1906258 0.00907464512724 0.00363266555401 -0.00011105698992 0.000176633682612
BPM.14R1.B1 594.6421099 0.0087517954352 0.00435333434154 0.000177867856953 0.000109069423766
BPM.15R1.B1 648.093594 0.00946476900519 0.00244204645708 0.000103680407298 -0.000181062107304
BPM.16R1.B1 701.5450781 0.00923676325138 0.0031980693941 -0.000182212969935 -0.000101644219154
BPM.17R1.B1 754.9965622 0.00969939860859 0.00121124312434 -9.61198508665e-05 0.000185186628063
BPM.18R1.B1 808.4480463 0.00957000293659 0.0019900972375 0.000186251314791 9.40402100658e-05
BPM.19R1.B1 861.8995304 0.00977465489324 -3.95593625252e-05 8.84064772848e-05 -0.000188990502354
BPM.20R1.B1 915.3510145 0.00974595626286 0.000749519695621 -0.000189969764548 -8.62821047155e-05
BPM.21R1.B1 968.8024986 0.00968928419063 -0.00128965696139 -8.05314376758e-05 0.000192478055918
BPM.22R1.B1 1022.253983 0.00976176347451 -0.000503405453668 0.000193367635952 7.8371370337e-05
BPM.23R1.B1 1075.705467 0.00944469136522 -0.00251858060108 7.25309268069e-05 -0.000195633275366
BPM.24R1.B1 1129.156951 0.00951431149154 -0.00175456724408 -0.000198002260127 3.26670941719e-05
BPM.25R1.B1 1182.608435 0.00894296020314 -0.00369108279051 3.86036579784e-05 0.000196930923893
BPM.26R1.B1 1236.059919 0.00921170544843 -0.00295721356745 0.000196486712886 -4.08044624135e-05
BPM.27R1.B1 1289.511403 0.00839727083311 -0.00480483838894 -4.66867975794e-05 -0.000195172683264
BPM.28R1.B1 1342.962887 0.00865484526855 -0.00411788698928 -0.000196203086245 0.000151871054735
BPM.29R1.B1 1396.414371 0.00761175165881 -0.0058244807962 0.000157697764741 0.000191551260009
BPM.30R1.B1 1449.865855 0.00805702335006 -0.00519111881488 0.000189775809766 -0.000159829942157
BPM.31R1.B1 1503.31734 0.00680398700397 -0.00675048892084 -0.000165458908592 -0.000184888668544
BPM.32R1.B1 1556.768824 0.00732663089906 -0.00617930574583 -0.000183020030915 0.000167523548502
BPM.33R1.B1 1610.220308 0.00588466578957 -0.00756531878991 0.000172946631021 0.00017790427926
BPM.34R1.B1 1663.671792 0.00647607506741 -0.00706567700546 0.00017595835813 -0.000174926055439
BPM.33L2.B1 1717.123276 0.0048683212739 -0.0082560758124 -0.000180133483757 -0.000170623553431
BPM.32L2.B1 1770.57476 0.00551880529538 -0.0078362062191 -0.000168592074992 0.000182036211316
BPM.31L2.B1 1824.026244 0.00377236836725 -0.0088109350667 0.000187018989398 0.000163047136609
BPM.30L2.B1 1877.477728 0.00447119440463 -0.00847772142054 0.000160943623583 -0.00018883225514
BPM.29L2.B1 1930.929212 0.00261396864183 -0.00922119882527 -0.000193582496923 -0.000155197568951
BPM.28L2.B1 1984.380696 0.00334971771026 -0.00898012979252 -0.000153017406082 0.000195310376638
BPM.27L2.B1 2037.83218 0.0014131256258 -0.00947978986043 0.000199819160664 0.000147080837543
BPM.26L2.B1 2091.283665 0.0020708840054 -0.00934128438303 0.000143263107669 -9.84576817144e-05
BPM.25L2.B1 2144.735149 8.67456270994e-05 -0.00956768674802 -0.000102717283205 -0.000140240478411
BPM.24L2.B1 2198.186633 0.000858644756095 -0.00952947447165 -0.000139080767782 0.000104282178348
BPM.23L2.B1 2251.638117 -0.00113778740888 -0.00950018916979 0.000108413538343 0.00013588502102
BPM.22L2.B1 2305.089601 -0.000469992279908 -0.00956753031218 0.000133091934692 -6.93329274387e-06
BPM.21L2.B1 2358.541085 -0.00244568186954 -0.00926159647001 -1.09288153386e-05 -0.000132823548189
BPM.20L2.B1 2411.992569 -0.00169028965828 -0.0094287565398 -0.000132692798952 1.24159238493e-05
BPM.19L2.B1 2465.444053 -0.00361038662251 -0.00887263418767 1.63965523576e-05 0.00013225991941
BPM.18L2.B1 2518.895537 -0.00288238577253 -0.00913511802188 0.000132067837288 -1.78779305614e-05
BPM.17L2.B1 2572.347021 -0.00471578162364 -0.00833786139784 -2.18380777709e-05 -0.000131471031766
BPM.16L2.B1 2625.798506 -0.00402752008856 -0.00869123759578 -0.000131218244491 2.33089432498e-05
BPM.15L2.B1 2679.24999 -0.00574365616236 -0.00766609045727 2.72400787197e-05 0.00013045885123
BPM.14L2.B1 2732.701474 -0.00510610102346 -0.0081047061229 0.000130145254433 -2.87009936677e-05
BPM.13L2.B1 2786.152958 -0.00667717811084 -0.00686832012756 -3.25987125027e-05 -0.000129224062536
BPM.12L2.B1 2839.604442 -0.00511048957344 -0.0081019396025 -0.000131064747769 2.4157103128e-05
BPM.11L2.B1 2893.055926 -0.00521158642381 -0.0080372816243 1.41589877386e-05 0.000132518132632
BPM.10L2.B1 2944.896615 -0.00504361184947 -0.00814374045028 0.000131559640717 -2.12977533728e-05
BPM.9L2.B1 2983.963605 -0.0086822589476 -0.00404683932566 1.5884727146e-05 -0.000132322370205
BPM.8L2.B1 3024.428594 -0.00914089694788 -0.00286400628871 -0.000108511960439 -7.7373692521e-05
BPM.7L2.B1 3063.496584 -0.00934836218792 0.00208965390597 -0.000120468189778 5.69995544332e-05
BPMR.6L2.B1 3095.602584 -0.00729853234098 0.00620402729477 -4.27564994412e-05 0.000126227636453
BPMYB.5L2.B1 3167.801584 -0.0085561448306 0.00430707728501 0.000130853439893 -2.52766681598e-05
BPMYB.4L2.B1 3188.371584 -0.00950541963578 0.001185548971 8.10472490884e-05 -0.000105796407158
BPMWI.4L2.B1 3212.839084 -0.00912949782495 0.00290013766572 -3.65403447682e-05 -0.000128165273849
BPMSX.4L2.B1 3262.996084 -0.00936221410505 -0.0020266909101 -0.000112141097218 7.20132525299e-05
BPMS.2L2.B1 3300.907584 -0.00935967286135 -0.0020383949708 -3.95769695002e-05 0.000127260342861
BPMSW.1L2.B1 3310.841584 -0.00942961641145 -0.00168548610793 -5.37227402784e-06 0.000133164089437
BPMSW.1R2.B1 3354.031584 -0.00942961918099 -0.00168547054075 -0.000130503723161 -2.70242511103e-05
BPMS.2R2.B1 3363.965584 -0.00935967591191 -0.00203838076004 -0.000133056012123 7.59185900719e-06
BPMSX.4R2.B1 3401.877084 -0.0093622126717 -0.00202669753744 -9.70191206253e-05 9.13719044432e-05
BPMWB.4R2.B1 3452.110084 -0.0091299678196 0.00289865773018 0.00011571880017 6.61112183659e-05
BPMYB.4R2.B1 3476.501584 -0.0095091392136 0.00115533561524 0.000122243927442 -5.30844403475e-05
BPMR.5R2.B1 3506.035584 -0.00778553975487 0.0055806719799 2.09848517929e-05 -0.000131609916477
BPM.6R2.B1 3579.331584 -0.0095589433029 0.000620589803224 -0.000130465214267 2.72095324285e-05
BPM_A.7R2.B1 3592.206584 -0.00954776352499 -0.00077378328858 -0.00011813110096 6.16974586352e-05
BPM.8R2.B1 3633.643594 -0.00880787712049 -0.00376561145666 -2.92528054156e-06 0.000133240295837
BPM.9R2.B1 3672.708605 -0.00950345094279 -0.00120122820744 0.000133028219174 -8.06387651265e-06
BPM.10R2.B1 3713.171615 -0.00859752253635 0.0042238768013 -2.82291899191e-05 -0.000130248402922
BPM.11R2.B1 3765.010326 -0.00915617333182 0.00281478577728 -0.000132112186768 1.75472141271e-05
BPM.12R2.B1 3819.733842 -0.00898974751183 0.00330801581884 2.38393133584e-05 0.000131122921738
BPM.13R2.B1 3873.182358 -0.00945885724617 0.00151279497569 0.000128195929578 -3.6432628066e-05
BPM.14R2.B1 3926.630874 -0.00893902673699 0.00344272130708 -4.02519113028e-05 -0.00012704848537
BPM.15R2.B1 3980.07939 -0.00918769457352 0.00271012867098 -0.000126594849307 4.16566607727e-05
BPM.16R2.B1 4033.527906 -0.00842518059146 0.00455794482089 4.54255411603e-05 0.000125291878896
BPM.17R2.B1 4086.976421 -0.00876551583455 0.00386319314208 0.000124779785437 -4.68138581405e-05
BPM.18R2.B1 4140.424937 -0.00777294043418 0.0055982073912 -5.05278421143e-05 -0.00012332262853
BPM.19R2.B1 4193.873453 -0.00819936281584 0.00495267386356 -0.000122755362664 5.18908000045e-05
BPM.20R2.B1 4247.321969 -0.00699292379144 0.00654656748819 5.55404596216e-05 0.000121147806926
BPM.21R2.B1 4300.770485 -0.00749839905598 0.00596091776907 0.000120523749837 -5.68819774327e-05
BPM.22R2.B1 4354.219001 -0.00609809281013 0.00738727237108 -6.04638094872e-05 -0.000118767258288
BPM.23R2.B1 4407.667517 -0.00667436066905 0.00687105804445 -0.00011809008881 6.17759202658e-05
BPM.24R2.B1 4461.116033 -0.00496969124248 0.00808117079989 6.51484919324e-05 -1.95221887492e-05
BPM.25R2.B1 4514.564549 -0.00560566057551 0.00765373909053 -2.02437399295e-05 -6.49279056403e-05
BPM.26R2.B1 4568.013065 -0.00389520430974 0.00865046449197 -6.4293053047e-05 2.21775853256e-05
BPM.27R2.B1 4621.46158 -0.00458052743129 0.00830794324905 2.28889860704e-05 6.40432344114e-05
BPM.28R2.B1 4674.910096 -0.00262332703773 0.00905219836833 6.31953264444e-05 -0.000160503731196
BPM.29R2.B1 4728.358612 -0.00334540442407 0.00881092556499 -0.000161194695141 -6.14114703549e-05
BPM.30R2.B1 4781.807128 -0.00144391235412 0.00931339128065 -5.65604462612e-05 0.00016296015905
BPM.31R2.B1 4835.255644 -0.00219063076092 0.00916653025646 0.000163577342013 5.47499008826e-05
BPM.32R2.B1 4888.70416 -0.000240601258312 0.00942158431876 4.98301493734e-05 -0.000165142524719
BPM.33R2.B1 4942.152676 -0.00100026723912 0.00937142494398 -0.000165685052075 -4.79954153204e-05
BPM.34R2.B1 4995.601192 0.000966503848568 0.00937496721702 -4.3015335642e-05 0.000167047235679
BPM.33L3.B1 5049.049708 0.000206953976707 0.00942238346113 0.000167513885963 4.1160613466e-05
BPM.32L3.B1 5102.498224 0.00215787021936 0.00917429758437 3.61298105876e-05 -0.000168670491683
BPM.31L3.B1 5155.94674 0.00141034808139 0.00931853305627 -0.000169060918306 -3.42564385366e-05
BPM.30L3.B1 5209.395255 0.00331365998315 0.00882291320975 -2.91808638472e-05 0.000170010514409
BPM.29L3.B1 5262.843771 0.00259098537828 0.00906150841769 0.000170323535459 2.72945164174e-05
BPM.28L3.B1 5316.292287 0.00441510174938 0.00832652487805 2.21864228853e-05 -0.000171063904423
BPM.27L3.B1 5369.740803 0.00372865810003 0.00865570614238 -0.000171299557174 -2.02869431773e-05
BPM.26L3.B1 5423.189319 0.00557716422711 0.00766797920768 -1.52849228879e-05 3.61221850563e-05
BPM.25L3.B1 5476.637835 0.00494020535107 0.00809302397669 3.62894535853e-05 1.48834405812e-05
BPM.24L3.B1 5530.086351 0.00651225341341 0.00689153259388 1.37908700905e-05 -3.67185672147e-05
BPM.23L3.B1 5583.534867 0.00593486332535 0.00739459689941 -3.6869260693e-05 -1.33827756614e-05
BPM.22L3.B1 5636.983383 0.00747357412518 0.00597652168414 -1.24063867337e-05 -9.84567853307e-05
BPM.21L3.B1 5690.431899 0.00696687283205 0.00656016803872 -9.83130556398e-05 1.34981668286e-05
BPM.20L3.B1 5743.880414 0.00817670481158 0.00497138010906 1.6434788723e-05 9.78649794139e-05
BPM.19L3.B1 5797.32893 0.00774887983796 0.00561497845208 9.76768502827e-05 -1.75182905499e-05
BPM.18L3.B1 5850.777446 0.00874545348639 0.00388460616002 -2.04329504313e-05 -9.71089646901e-05
BPM.17L3.B1 5904.225962 0.00840343581057 0.00457770557568 -9.68762079163e-05 2.15094977939e-05
BPM.16L3.B1 5957.674478 0.00917053097379 0.00273395013347 2.43995138175e-05 9.6188990007e-05
BPM.15L3.B1 6011.122994 0.00892000602872 0.00346505615772 9.59127413757e-05 -2.54637686145e-05
BPM.14L3.B1 6064.57151 0.00944491233707 0.00153842538554 -2.83221243186e-05 -9.51079106468e-05
BPM.13L3.B1 6118.020026 0.00928995693396 0.00229560926796 -9.47876646718e-05 2.93761328747e-05
BPM.12L3.B1 6171.468542 0.00956825673794 -0.000146917290369 2.95245513035e-05 9.47415361673e-05
BPM.11L3.B1 6224.917058 0.00955076927457 -0.000596597009165 9.47797216323e-05 -2.9401740507e-05
BPM.10L3.B1 6277.697768 0.00825632518519 -0.00483799712418 -2.24163492215e-05 -9.66703951939e-05
BPM.9L3.B1 6316.762779 0.00844353518332 -0.0045033138091 -8.73918732004e-05 -4.70140250953e-05
BPM.8L3.B1 6357.225789 0.00956689037448 -0.000218472675952 -5.96534046513e-05 7.93040238674e-05
BPM.7L3.B1 6396.2898 0.00513838569124 0.00807280089041 9.05340300596e-05 4.06355421577e-05
BPM.6L3.B1 6468.9288 0.00521361393184 0.00802442219365 4.83858941251e-05 -8.66398453256e-05
BPMWE.5L3.B1 6512.0583 0.00584329663054 0.0075781928082 -1.67890310205e-05 -9.7804837261e-05
BPMW.5L3.B1 6539.6033 0.00837896894963 0.00462233718866 -6.8725086723e-05 -7.1585756472e-05
BPMWE.4L3.B1 6614.7313 0.00909570063889 0.00297344104712 -9.46529076092e-05 2.98074568668e-05
BPMW.4L3.B1 6642.2763 0.00836509123799 0.00464740468039 -7.67059096095e-05 6.2959200486e-05
BPMW.4R3.B1 6687.2413 0.00917759122878 0.00271015514666 -2.18429514718e-05 9.68015685478e-05
BPMWE.4R3.B1 6714.7863 0.00805855333594 -0.00516070149028 6.95544103136e-05 7.07802342555e-05
BPMW.5R3.B1 6789.9143 0.00577929440596 -0.00762711465222 8.7985113938e-05 -4.58941957523e-05
BPMWE.5R3.B1 6817.4593 0.00782472066079 -0.00550879917427 5.84654769705e-05 -8.01838248208e-05
BPMWC.6R3.B1 6858.4503 0.00784635775935 -0.00547793680302 4.14039999824e-06 -9.91489520725e-05
BPMR.6R3.B1 6870.5288 0.00657556351738 -0.00695234393713 -2.53660018173e-05 -9.59386507726e-05
BPM_A.7R3.B1 6926.3528 0.000244146108838 -0.00956626961773 -9.40988552917e-05 3.15129050646e-05
BPM.8R3.B1 6965.416811 -0.00268882878874 -0.00918386201271 -1.50900883444e-05 9.80813282362e-05
BPM.9R3.B1 7004.481821 -0.00548460633763 -0.00784169720765 7.40952531076e-05 6.60117545234e-05
BPM.10R3.B1 7044.944832 -0.00603647295249 -0.00742523508319 9.81486500494e-05 -1.46458399816e-05
BPM.11R3.B1 7097.725542 -0.00567616754298 -0.00770417053921 1.86241493068e-05 -9.74720446848e-05
BPM.12R3.B1 7152.449058 -0.00482506912979 -0.00826388707682 -9.3081595609e-05 -3.44016636209e-05
BPM.13R3.B1 7205.897574 -0.00503576663482 -0.00813720935596 -4.38045645607e-05 8.90439093916e-05
BPM.14R3.B1 7259.34609 -0.00436230971091 -0.00851723991181 8.95252475492e-05 4.28122320536e-05
BPM.15R3.B1 7312.794606 -0.00603501795792 -0.00742641771204 4.01134514909e-05 -9.0766560854e-05
BPM.16R3.B1 7366.243122 -0.00541611444885 -0.00788915876454 -9.12057256724e-05 -3.91046427287e-05
BPM.17R3.B1 7419.691638 -0.00693544603837 -0.00659338379331 -3.63583074844e-05 9.23348814742e-05
BPM.18R3.B1 7473.140154 -0.00638069073673 -0.00713161324282 9.27325395088e-05 3.53317757524e-05
BPM.19R3.B1 7526.58867 -0.00772187496415 -0.00565205881163 3.25401483233e-05 -9.37485785743e-05
BPM.20R3.B1 7580.037186 -0.00724062890458 -0.00625670958805 -9.41035415036e-05 -3.14989146184e-05
BPM.21R3.B1 7633.485701 -0.00838145341325 -0.00461783070099 -2.86694525455e-05 9.50037878326e-05
BPM.22R3.B1 7686.934217 -0.00798143336262 -0.0052791896371 9.53160341618e-05 2.76136102644e-05
BPM.23R3.B1 7740.382733 -0.00890330303722 -0.00350775095511 2.47479805724e-05 -9.60999245955e-05
BPM.24R3.B1 7793.831249 -0.0087262542954 -0.00422332344166 -9.84476452978e-05 0.00011158019906
BPM.25R3.B1 7847.279765 -0.00941273819686 -0.00232041689613 0.000114476395329 9.50643605745e-05
BPM.26R3.B1 7900.728281 -0.00919478164209 -0.00307245268561 9.37870775821e-05 -0.000115525153105
BPM.27R3.B1 7954.176797 -0.00963223926318 -0.00109724279047 -0.000118279969247 -9.02880258474e-05
BPM.28R3.B1 8007.625313 -0.0096473418936 -0.00187950131137 -9.10551959906e-05 0.000254538205532
BPM.29R3.B1 8061.073829 -0.00982735844975 0.000163574737117 0.000257150146893 8.33939461484e-05
BPM.30R3.B1 8114.522345 -0.00980850644084 -0.000630025489217 8.05299229378e-05 -0.000258061392318
BPM.31R3.B1 8167.97086 -0.00972570126929 0.00141931869402 -0.000260354732859 -7.27747369538e-05
BPM.32R3.B1 8221.419376 -0.00980851583934 0.00062987921295 -6.98901125378e-05 0.000261143870714
BPM.33R3.B1 8274.867892 -0.00946422166954 0.00265183689884 0.000263119367799 6.20399086509e-05
BPM.34R3.B1 8328.316408 -0.00964736342088 0.00187939080314 5.9111168782e-05 -0.000263792759636
BPM.33L4.B1 8381.764924 -0.00904729625071 0.00384059387307 -0.00026544275266 -5.11946603158e-05
BPM.32L4.B1 8435.21344 -0.00932769425281 0.00309803981257 -4.82545075645e-05 0.000265992955693
BPM.31L4.B1 8488.661956 -0.00848159317328 0.00496651870215 0.000267318534488 4.02684697053e-05
BPM.30L4.B1 8542.110472 -0.00885476176943 0.0042657853679 3.72951727542e-05 -0.000267749542994
BPM.29L4.B1 8595.558988 -0.00777673492084 0.00601050120462 -0.000268745240183 -2.92702206058e-05
BPM.28L4.B1 8649.007504 -0.00823634233455 0.00536343133393 -2.62939002181e-05 0.000269052742297
BPM.27L4.B1 8702.45602 -0.00694379596195 0.00695610727222 0.000269719397048 1.82261726377e-05
BPM.26L4.B1 8755.904535 -0.00761758106754 0.00636451402957 1.31554171415e-05 -0.000134641937315
BPM.25L4.B1 8809.353051 -0.00613091359956 0.00780682256761 -0.000134975263091 -9.12115027972e-06
BPM.24L4.B1 8862.801567 -0.00674085465076 0.00728666307769 -7.6250399143e-06 0.000135068042348
BPM.23L4.B1 8916.250083 -0.00508175438591 0.00852703656267 0.000135235748477 3.57875548768e-06
BPM.22L4.B1 8969.698599 -0.00588832761259 0.00808063551819 1.71558054592e-09 -7.93101854524e-10
BPM.21L4.B1 9023.147115 -0.00408308401262 0.00912674626824 -8.40568493538e-10 -1.69191736893e-09
BPM.20L4.B1 9076.595631 -0.0048062794144 0.00876748257595 -1.68458476841e-09 8.59607487407e-10
BPM.19L4.B1 9130.044147 -0.00288205319555 0.00957407133209 9.10384929568e-10 1.65626229908e-09
BPM.18L4.B1 9183.492663 -0.00364526042972 0.00931027114936 1.64365355728e-09 -9.28373494693e-10
BPM.17L4.B1 9236.941179 -0.00163366460767 0.00986408700475 -9.74647809795e-10 -1.615393761e-09
BPM.16L4.B1 9290.389694 -0.00242435247888 0.00970008183522 -1.60766716728e-09 9.95072211793e-10
BPM.15L4.B1 9343.83821 -0.000358433031711 0.00999202673372 1.04049993623e-09 1.57473281871e-09
BPM.14L4.B1 9397.286726 -0.00116359750386 0.00993051425512 1.56492809375e-09 -1.05775733918e-09
BPM.13L4.B1 9450.735242 0.000922683358465 0.00995578866526 -1.10280043555e-09 -1.53134318067e-09
BPM.12L4.B1 9504.183758 -0.000308623249463 0.00999368921832 -1.54753077051e-09 1.08342824772e-09
BPM.11L4.B1 9557.632274 0.00114747085151 0.00993239060433 1.08357273213e-09 1.54705009605e-09
BPMC.10L4.B1 9609.470985 0.000783152806248 0.00996773515712 1.52044869744e-09 -1.12236097512e-09
BPMC.9L4.B1 9648.535995 0.00312023402218 0.00949911638995 -8.02696208449e-10 -1.71146726085e-09
BPMC.8L4.B1 9688.999006 -0.000733207872034 0.00997153341561 -1.29601250125e-09 1.37251181431e-09
BPMC.7L4.B1 9728.063016 0.00515440895307 0.00856744657532 1.47436830888e-09 1.18310987968e-09
BPMYB.6L4.B1 9824.667016 0.00676531012385 0.0073620412556 1.22455255787e-09 -1.43494652191e-09
BPMYA.5L4.B1 9861.667016 0.00715230553771 0.00698667287441 7.65414762955e-10 -1.71799448129e-09
BPMWA.B5L4.B1 9964.133516 0.00170626221933 0.00985178875642 -1.33943819485e-09 -1.32903307216e-09
BPMWA.A5L4.B1 9973.018516 0.00115965390195 0.00993097554905 -1.49674284665e-09 -1.15387192762e-09
BPMWA.A5R4.B1 10021.06752 -0.000613088825853 0.00997963900018 -1.88709787297e-09 -6.90701894205e-11
BPMWA.B5R4.B1 10029.95252 -0.000703304547827 0.00997368714125 -1.88499257037e-09 1.2358045514e-10
BPMYB.5R4.B1 10132.34302 0.00149598511642 0.00988590415855 -9.51170571331e-10 1.63127375905e-09
BPMYA.6R4.B1 10163.90702 0.0012813734099 0.00991600497172 -5.63817666199e-10 1.81045888412e-09
BPMCA.7R4.B1 10260.42302 -0.00197453676384 0.00980154462415 1.61770908695e-09 9.76931935656e-10
BPMC.8R4.B1 10298.21203 -0.00270526240232 0.00962551961263 1.73954058745e-09 -7.28850226198e-10
BPMC.9R4.B1 10337.27704 0.00136257851256 0.00990517300619 -7.20106960623e-10 -1.74562829816e-09
BPMC.10R4.B1 10377.74005 0.00637191180092 0.00770505111026 -1.71010721031e-09 7.81496572632e-10
BPM.11R4.B1 10429.57876 0.00547477235 0.00836635764262 5.37015218891e-10 1.81078470603e-09
BPM.12R4.B1 10484.30227 0.00627221701593 0.00778642191255 1.81704915963e-09 -5.09642514575e-10
BPM.13R4.B1 10537.75079 0.00553798975123 0.00832464665952 -5.38850308565e-10 -1.80993994935e-09
BPM.14R4.B1 10591.19931 0.0071450644729 0.00699407792975 -1.79571775687e-09 5.98689849042e-10
BPM.15R4.B1 10644.64782 0.0065573649801 0.00754784982602 6.10353295167e-10 1.78753069175e-09
BPM.16R4.B1 10698.09634 0.00798106033713 0.00602260312121 1.76541703724e-09 -6.70244104196e-10
BPM.17R4.B1 10751.54485 0.00746900696563 0.00664702996601 -6.86439565022e-10 -1.76261055665e-09
BPM.18R4.B1 10804.99337 0.00868588676673 0.00495221602724 -1.7385767675e-09 7.34737473924e-10
BPM.19R4.B1 10858.44189 0.0082579345424 0.0056369840872 7.59268774553e-10 1.73026479489e-09
BPM.20R4.B1 10911.8904 0.00924802401832 0.00380041105793 1.70615569038e-09 -8.1158308476e-10
BPM.21R4.B1 10965.33892 0.00891116808747 0.00453433079907 -8.25717389446e-10 -1.70069689712e-09
BPM.22R4.B1 11018.78743 0.0096581869871 0.00258621278705 -1.67608317374e-09 8.8016489555e-10
BPM.23R4.B1 11072.23595 0.00941799174115 0.00335715714124 9.01503881655e-10 1.65803925294e-09
BPM.24R4.B1 11125.68447 0.00997202823696 0.00131758658672 -6.04275076713e-08 -6.34621396169e-05
BPM.25R4.B1 11179.13298 0.00983317239918 0.00211804207312 -6.34575652724e-05 7.64505964718e-07
BPM.26R4.B1 11232.5815 0.0100586485199 3.11696885388e-05 2.6635334698e-06 6.3406245925e-05
BPM.27R4.B1 11286.03001 0.0100233297596 0.000842758641567 6.337282604e-05 -3.36621836887e-06
BPM.28R4.B1 11339.47853 0.0100423583642 -0.0012677086335 -5.32227878364e-06 -0.000126705930107
BPM.29R4.B1 11392.92705 0.0101119084043 -0.000453161265828 -0.000126639044972 6.7283803752e-06
BPM.30R4.B1 11446.37556 0.00979769694167 -0.00254188539675 1.05164525908e-05 0.000126380864596
BPM.31R4.B1 11499.82408 0.00997086767494 -0.00174294135031 0.000126256593093 -1.19160509155e-05
BPM.32R4.B1 11553.27259 0.00939203882078 -0.00377434146605 -1.56878321941e-05 -0.000125843599318
BPM.33R4.B1 11606.72111 0.00966598656292 -0.00300412224679 -0.000125661707672 1.70837280905e-05
BPM.34R4.B1 11660.16962 0.00883208034605 -0.00494473492032 2.08377387206e-05 0.000125093991447
BPM.33L5.B1 11713.61814 0.0092023144665 -0.00421585757848 0.000124855438581 -2.2222472295e-05
BPM.32L5.B1 11767.06666 0.00812697399682 -0.00603393241031 -2.59479293911e-05 -0.000124134703146
BPM.31L5.B1 11820.51517 0.00858737969617 -0.00535844722271 -0.000123839050457 2.73241487425e-05
BPM.30L5.B1 11873.96369 0.00728837566634 -0.00702393243596 3.10187759047e-05 0.000122965665568
BPM.29L5.B1 11927.4122 0.00783144640891 -0.00641283820996 0.00012261439879 -3.23794501051e-05
BPM.28L5.B1 11980.86072 0.00632996573212 -0.00789858091903 -3.60335482387e-05 -0.000121590717788
BPM.27L5.B1 12034.30924 0.00694669039452 -0.00736203363125 -0.000121183336321 3.7380726907e-05
BPM.26L5.B1 12087.75775 0.00532993634544 -0.00865532647165 4.09283160576e-05 5.65489817868e-05
BPM.25L5.B1 12141.20627 0.00601102512987 -0.00819697960844 5.60917900495e-05 -4.15526842901e-05
BPM.24L5.B1 12194.65478 0.00417891006399 -0.009266045999 -4.321256215e-05 -5.48232496679e-05
BPM.23L5.B1 12248.1033 0.00491302803877 -0.00889859838584 -5.43405073955e-05 4.38180748739e-05
BPM.22L5.B1 12301.55182 0.00302162579347 -0.00973639458136 4.53622954974e-05 -1.04571188378e-05
BPM.21L5.B1 12355.00033 0.00379743960844 -0.00946081678889 -1.09594850056e-05 -4.5243549553e-05
BPM.20L5.B1 12408.44885 0.00175126384007 -0.0100429416433 -4.48953222449e-05 1.2308505105e-05
BPM.19L5.B1 12461.89736 0.00255603941015 -0.0098688532432 1.28056645714e-05 4.47560510974e-05
BPM.18L5.B1 12515.34588 0.000452250828003 -0.0101844524186 4.43527691954e-05 -1.41393427817e-05
BPM.17L5.B1 12568.79439 0.00127260015332 -0.0101147461992 -1.4630313775e-05 -4.41932466349e-05
BPM.16L5.B1 12622.24291 -0.00085431455688 -0.0101586292628 -4.37356566266e-05 1.59462077062e-05
BPM.15L5.B1 12675.69143 -3.17064552644e-05 -0.0101944394937 1.64302702303e-05 4.3556118892e-05
BPM.14L5.B1 12729.13994 -0.00214672735427 -0.00996590003746 4.30448843169e-05 -1.77264510379e-05
BPM.13L5.B1 12782.58846 -0.00133553463655 -0.0101066289686 -1.82027119434e-05 -4.28456588204e-05
BPM.12L5.B1 12836.03697 -0.00195422977643 -0.0100054279186 -4.02240031452e-05 2.34332813823e-05
BPM.11L5.B1 12889.48549 0.000577124917382 -0.010178139747 2.81220464527e-05 3.70977054069e-05
BPM.10L5.B1 12942.2662 -0.000705205695456 -0.0101700681812 3.56400438957e-05 -2.99478962506e-05
BPM.9L5.B1 12981.33121 0.000920049053192 -0.0101528868623 -2.49738316947e-05 -3.92860823879e-05
BPM.8L5.B1 13021.79422 -0.00531765395743 -0.00869770994316 -2.27032326758e-05 4.06405285404e-05
BPMR.7L5.B1 13060.86023 0.00042741734225 -0.0101855248421 3.85763460958e-05 2.60567659478e-05
BPM.6L5.B1 13097.75423 0.000157539777434 -0.0101932714615 4.58256001742e-05 -8.1916745972e-06
BPMR.5L5.B1 13129.65423 0.00080237478402 -0.0101628636008 3.61245854866e-05 -2.9361602142e-05
BPMYA.4L5.B1 13157.06023 0.000552070744151 -0.0101795294488 2.14974425804e-05 -4.12910250999e-05
BPMWB.4L5.B1 13178.19473 0.00199013009993 -0.00999834906703 4.88472608496e-06 -4.62950145596e-05
BPMSY.4L5.B1 13270.97473 0.00280171722275 -0.00980193768834 -4.65351517871e-05 -1.25246716647e-06
BPMS.2L5.B1 13297.76023 0.00375518281018 -0.0094776687028 -4.24576413874e-05 1.90902110146e-05
BPMSW.1L5.B1 13307.81423 0.0040961170868 -0.00933538572741 -3.54534921136e-05 3.01685109759e-05
BPMSW.1R5.B1 13350.76423 0.00409612326078 -0.00933538301887 -1.73672011388e-05 -4.31910794338e-05
BPMS.2R5.B1 13360.81823 0.00375518786543 -0.00947766668917 -2.87182341812e-05 -3.66381377066e-05
BPMSY.4R5.B1 13387.60373 0.00280171934502 -0.0098019370823 -4.17843598924e-05 -2.0522101505e-05
BPMWT.A4R5.B1 13478.00823 0.0021442215643 -0.00996643947256 -1.91000188976e-05 4.24532523385e-05
BPMWT.B4R5.B1 13479.99023 0.00201597436519 -0.00999317012929 -1.75117134029e-05 4.3132691947e-05
BPMWB.4R5.B1 13480.38373 0.00199019247847 -0.00999833665035 -1.71945416547e-05 4.32601096176e-05
BPMYA.4R5.B1 13501.51623 0.000552279381142 -0.0101795181282 -1.61222586638e-07 4.65517279348e-05
BPM.5R5.B1 13522.63423 0.000482771451737 -0.0101830512895 1.41762495892e-05 4.43409866693e-05
BPMWT.A6R5.B1 13543.69223 0.00105321063446 -0.0101399383236 2.71741402236e-05 3.77975542261e-05
BPMWT.B6R5.B1 13549.51423 0.000901146403339 -0.0101545820694 3.04600600679e-05 3.52033223349e-05
BPMR.6R5.B1 13554.53423 0.000637252359911 -0.0101745521443 3.32844575277e-05 3.25458757615e-05
BPM_A.7R5.B1 13588.54823 -0.000292643873073 -0.0101902876046 4.62413085205e-05 5.36940019267e-06
BPM.8R5.B1 13629.98722 -0.00310216652924 -0.00971103314318 1.59877422467e-05 -4.37204899922e-05
BPM.9R5.B1 13669.05421 -0.00287187978107 -0.00978161072585 -4.65294972802e-05 -1.44748947014e-06
BPM.10R5.B1 13709.5192 0.00122723561323 -0.0101203505226 6.69792571011e-06 4.60676336327e-05
BPM.11R5.B1 13762.30189 -0.00241250571365 -0.00990491888322 4.45562988715e-05 -1.34842618781e-05
BPM.12R5.B1 13817.02837 -0.000124402465999 -0.0101937297346 -1.394610891e-05 -4.44139055656e-05
BPM.13R5.B1 13870.47986 -0.00103138875235 -0.0101421811811 -4.51562354531e-05 1.13138534893e-05
BPM.14R5.B1 13923.93134 -0.000209179544852 -0.0101923425072 1.18197135228e-05 4.50264779082e-05
BPM.15R5.B1 13977.38283 -0.00232010385621 -0.0099269693248 4.46510186724e-05 -1.31672263405e-05
BPM.16R5.B1 14030.83431 -0.00151134738664 -0.0100818366853 -1.36666770287e-05 -4.45006878532e-05
BPM.17R5.B1 14084.28579 -0.00357101824193 -0.00954858264984 -4.4070047511e-05 1.49973346068e-05
BPM.18R5.B1 14137.73728 -0.0027886550007 -0.00980566189291 1.5490140337e-05 4.38992568568e-05
BPM.19R5.B1 14191.18876 -0.00476315258781 -0.00901332232295 4.34140104646e-05 -1.6802170395e-05
BPM.20R5.B1 14244.64025 -0.00402015903604 -0.00936834687622 -1.72875392758e-05 -4.32230268474e-05
BPM.21R5.B1 14298.09173 -0.00587709838649 -0.00832990494701 -4.26842076716e-05 1.85781467432e-05
BPM.22R5.B1 14351.54322 -0.00518558297935 -0.00877709126317 1.90551943427e-05 4.24733881605e-05
BPM.23R5.B1 14404.9947 -0.00689439983043 -0.0075096506414 4.18816551275e-05 -2.03228115713e-05
BPM.24R5.B1 14458.44618 -0.00637691982389 -0.00804868357068 -2.24885461122e-05 6.97051217778e-05
BPM.25R5.B1 14511.89767 -0.00790858452658 -0.00654986293321 7.03493226474e-05 2.03841187055e-05
BPM.26R5.B1 14565.34915 -0.00735416523659 -0.00716677523619 1.95942270487e-05 -7.05733980232e-05
BPM.27R5.B1 14618.80064 -0.00868155301106 -0.00548425483077 -7.11301802649e-05 -1.74652913991e-05
BPM.28R5.B1 14672.25212 -0.00832171052551 -0.00617418582038 -1.83671488812e-05 0.000182680192392
BPM.29R5.B1 14725.7036 -0.00942195916134 -0.00431255401985 0.000183149679939 1.28685487e-05
BPM.30R5.B1 14779.15509 -0.00904318694506 -0.00505887403783 1.08131299632e-05 -0.000183282515781
BPM.31R5.B1 14832.60657 -0.00989627322521 -0.00307167916316 -0.000183524574278 -5.30415716007e-06
BPM.32R5.B1 14886.05806 -0.00961604124967 -0.00386046465439 -3.25026067271e-06 0.000183572435859
BPM.33R5.B1 14939.50954 -0.0102078968536 -0.00178052758842 0.000183587190396 -2.26900022299e-06
BPM.34R5.B1 14992.96102 -0.0100308965543 -0.00259856709765 -4.32838832615e-06 -0.000183550179926
BPM.33L6.B1 15046.41251 -0.0103518040191 -0.000459989352617 -0.000183337448956 9.83798024546e-06
BPM.32L6.B1 15099.86399 -0.0102809011185 -0.0012940281466 1.18889277743e-05 0.000183215877561
BPM.31L6.B1 15153.31548 -0.0103255948509 0.000868059693371 0.000182775691319 -1.73911190693e-05
BPM.30L6.B1 15206.76696 -0.0103619700342 3.18380375051e-05 -1.94402549171e-05 -0.000182569113078
BPM.29L6.B1 15260.21845 -0.0101297156495 0.00218181059863 -0.000181903098989 2.49131907032e-05
BPM.28L6.B1 15313.66993 -0.0102727625402 0.00135712433273 2.69474431682e-05 0.000181612888313
BPM.27L6.B1 15367.12141 -0.0097673478718 0.00345981967661 0.000180720710815 -3.23948942844e-05
BPM.26L6.B1 15420.5729 -0.0101259274499 0.00265317188537 -3.61153636965e-05 -6.89890233552e-05
BPM.25L6.B1 15474.02438 -0.0093547388362 0.00469708304103 -6.78732136495e-05 3.81710888954e-05
BPM.24L6.B1 15527.47587 -0.00970331899147 0.00392674525017 3.89290617971e-05 6.744133139e-05
BPM.23L6.B1 15580.92735 -0.00867696344974 0.00585525687244 6.62409530669e-05 -4.09382586493e-05
BPM.22L6.B1 15634.37883 -0.00923242292875 0.00512883524331 -4.33757800903e-05 4.55818218063e-05
BPM.21L6.B1 15687.83032 -0.00796681131673 0.00693343360306 4.68643838385e-05 4.1986789311e-05
BPM.20L6.B1 15741.2818 -0.00850043852794 0.00626778500823 4.14587429934e-05 -4.73321706125e-05
BPM.19L6.B1 15794.73329 -0.00701442843114 0.0078955923093 -4.85563619893e-05 -4.0018003027e-05
BPM.18L6.B1 15848.18477 -0.00762879758586 0.00730369985202 -3.94717911709e-05 4.90014173984e-05
BPM.17L6.B1 15901.63625 -0.00594667717107 0.00872809341844 5.01651660082e-05 3.79818055198e-05
BPM.16L6.B1 15955.08774 -0.00663174981981 0.00821963979664 3.74170642634e-05 -5.05877936902e-05
BPM.15L6.B1 16008.53922 -0.00478133269436 0.00941708244532 -5.16890825481e-05 -3.58803530201e-05
BPM.14L6.B1 16061.99071 -0.00552578399258 0.00900046083906 -3.52992524432e-05 5.20876531937e-05
BPM.13L6.B1 16115.44219 -0.00353726588721 0.00995139860311 5.31246513603e-05 3.37184220111e-05
BPM.12L6.B1 16168.89367 -0.00432882378427 0.00963347646144 3.31204423678e-05 -5.34995107534e-05
BPM.11L6.B1 16222.34516 -0.00275379333987 0.0101960387584 -5.54312781635e-05 -2.97747307392e-05
BPM.10L6.B1 16274.18585 -0.00355760682625 0.00994414489789 -2.61924971529e-05 5.72111347992e-05
BPM.9L6.B1 16313.25284 0.00122619375439 0.0104899491401 4.74845995992e-05 4.12840696532e-05
BPM.8L6.B1 16353.71783 0.0040896697463 0.00973741164094 4.42025421827e-05 -4.47805354559e-05
BPMYA.5L6.B1 16450.80782 0.00997761265805 0.00346263335431 -6.16530431446e-05 -1.25723297382e-05
BPMYB.4L6.B1 16487.20782 0.00986917476681 0.00376058153014 -6.29114730543e-05 1.14348451653e-06
BPMSA.B4L6.B1 16519.19832 0.0102263393797 0.00263904660677 -6.10616669615e-05 1.51866443981e-05
BPMSA.A4L6.B1 16519.78332 0.0102321880114 0.00261627838469 -6.0992047391e-05 1.54638729619e-05
BPMSE.4L6.B1 16616.45832 0.0105016389816 -0.00112167857006 -2.46153357088e-05 5.79072226994e-05
BPMSA.4R6.B1 16708.02832 0.010550406436 -0.000481152935474 3.7106251887e-05 5.08162111383e-05
BPMSB.A4R6.B1 16804.83832 0.0096944424424 0.00419050949518 6.27451262932e-05 -4.71279530709e-06
BPMSB.B4R6.B1 16805.47332 0.00968343090623 0.00421589254955 6.2719573533e-05 -5.0414511509e-06
BPMYA.4R6.B1 16830.80782 0.00924219391418 0.00511120687952 6.0621446832e-05 -1.68582663024e-05
BPMYB.5R6.B1 16867.20782 0.00924182655548 0.00511187098062 5.53492630348e-05 -2.99268018031e-05
BPM.8R6.B1 16962.93481 0.00509613061605 0.00925051549138 -5.22665225891e-05 -3.50338696639e-05
BPM.9R6.B1 17002.0018 0.00336281987444 0.0100116944918 -1.3337005633e-05 6.14921547654e-05
BPM.10R6.B1 17042.46678 0.00895240217233 0.00560330968619 6.09622097711e-05 1.55810839641e-05
BPM.11R6.B1 17094.30747 0.00889451907381 0.00569474446641 3.00870878679e-05 -5.52623612069e-05
BPM.12R6.B1 17149.03396 0.00923465492955 0.0051248153543 -5.37045703366e-05 -3.27868992859e-05
BPM.13R6.B1 17202.48544 0.00876200011441 0.00589660395031 -3.19862787843e-05 5.41852362137e-05
BPM.14R6.B1 17255.93693 0.00979509023369 0.00394953052262 5.5121671831e-05 3.03440607087e-05
BPM.15R6.B1 17309.38841 0.00944436260231 0.00472721896217 2.97249310768e-05 -5.54579941654e-05
BPM.16R6.B1 17362.83989 0.0102198510189 0.00266406254136 -5.63260611256e-05 -2.80452564622e-05
BPM.17R6.B1 17416.29138 0.00997148579596 0.00348023779705 -2.74120234152e-05 5.66369318894e-05
BPM.18R6.B1 17469.74286 0.010476689218 0.00133475359889 5.74348565256e-05 2.56982213326e-05
BPM.19R6.B1 17523.19435 0.0103347805595 0.0021759813591 2.50535253039e-05 -5.77189844436e-05
BPM.20R6.B1 17576.64583 0.0105613594555 -1.6447365178e-05 -5.84456924466e-05 -2.33079878099e-05
BPM.21R6.B1 17630.09731 0.0105282295316 0.000836042496423 -2.26512625874e-05 5.87033365596e-05
BPM.22R6.B1 17683.5488 0.0104724789011 -0.00136739523407 5.93572904552e-05 2.08775700289e-05
BPM.23R6.B1 17737.00028 0.0105486763394 -0.000517698368067 2.02116737699e-05 -5.95873286991e-05
BPM.24R6.B1 17790.45177 0.0100435418107 -0.00266379285443 -5.9976742599e-05 0.000152512787956
BPM.25R6.B1 17843.90325 0.010225781891 -0.00184442653774 0.000153174818879 5.82652172153e-05
BPM.26R6.B1 17897.35474 0.00962025831729 -0.00392672311626 5.36396259595e-05 -0.000154855260149
BPM.27R6.B1 17950.80622 0.0099057843052 -0.00313750884567 -0.000155446863807 -5.1900225981e-05
BPM.28R6.B1 18004.2577 0.00887094252539 -0.00509304150768 -4.70093573415e-05 0.000327854292355
BPM.29R6.B1 18057.70919 0.00925313090352 -0.00436030522206 0.000328359581581 4.33394356496e-05
BPM.30R6.B1 18111.16067 0.00814653779023 -0.00618600155005 3.34632171044e-05 -0.000329512568722
BPM.31R6.B1 18164.61216 0.00861914761222 -0.00550844693351 -0.000329867355451 -2.97631907813e-05
BPM.32R6.B1 18218.06364 0.00728823003921 -0.00717735299666 -1.98321485534e-05 0.000330613075896
BPM.33R6.B1 18271.51512 0.00784387615955 -0.00656553881309 0.000330814245776 1.61323719647e-05
BPM.34R6.B1 18324.96661 0.00631018183789 -0.00805073278092 6.19238650826e-06 -0.000331149475925
BPM.33L7.B1 18378.41809 0.00693922222195 -0.00751531024717 -0.000331198105851 -2.47674110119e-06
BPM.32L7.B1 18431.86958 0.00522843227041 -0.00879182513121 7.47949918482e-06 0.000331122903329
BPM.31L7.B1 18485.32106 0.00592116597307 -0.00834101232806 0.000331018461961 -1.11846464521e-05
BPM.30L7.B1 18538.77254 0.00406074450105 -0.00938845286675 -2.11209697206e-05 -0.000330533243683
BPM.29L7.B1 18592.22403 0.00480504250336 -0.00903018602695 -0.000330275607455 2.48262906219e-05
BPM.28L7.B1 18645.67551 0.00282638491956 -0.0098307803053 3.47399555125e-05 0.000329380412675
BPM.27L7.B1 18699.127 0.0036108481538 -0.00957049991972 0.000328970779734 -3.84258749386e-05
BPM.26L7.B1 18752.57848 0.00137772243981 -0.0100794831258 -4.81037207475e-05 -0.000156746721911
BPM.25L7.B1 18806.02997 0.00218666211999 -0.00993542188017 -0.000156197846041 4.98571575238e-05
BPM.24L7.B1 18859.48145 7.7045315238e-05 -0.0101729132132 5.45273592754e-05 0.000154629459038
BPM.23L7.B1 18912.93293 0.000897961403782 -0.0101334971545 0.000154008801707 -5.62564841762e-05
BPM.22L7.B1 18966.38442 -0.00139280871167 -0.0100671279602 -6.06702034746e-05 1.86698833701e-05
BPM.21L7.B1 19019.8359 -0.000575678846219 -0.0101467026819 1.9348410673e-05 6.04572362489e-05
BPM.20L7.B1 19073.28739 -0.00266913372023 -0.00980625854375 5.98486270481e-05 -2.11560936238e-05
BPM.19L7.B1 19126.73887 -0.00186899635347 -0.00998968638569 -2.18253815727e-05 -5.96078116908e-05
BPM.18L7.B1 19180.19035 -0.00390176415412 -0.00938420044483 -5.89252489914e-05 2.3606228738e-05
BPM.17L7.B1 19233.64184 -0.00313157377626 -0.00966851731888 2.42648504889e-05 5.86571005989e-05
BPM.16L7.B1 19287.09332 -0.00507012931503 -0.00880799467241 5.79015534904e-05 -2.60163189627e-05
BPM.15L7.B1 19340.54481 -0.00434272205489 -0.00918845724859 -2.6663517946e-05 -5.76063819663e-05
BPM.14L7.B1 19393.99629 -0.00615530485909 -0.00808697740144 -5.67794129126e-05 2.83819747389e-05
BPM.13L7.B1 19447.44777 -0.0054824742695 -0.00855742118562 2.90162379135e-05 5.64579173508e-05
BPM.12L7.B1 19500.89926 -0.00713203524526 -0.00724023858056 5.554214856e-05 -3.07328555649e-05
BPM.11L7.B1 19554.35074 -0.00645246539059 -0.00785192153688 -3.11312567045e-05 -5.5319826939e-05
BPM.10L7.B1 19607.13343 -0.0087289745181 -0.00520499618449 -5.77208937575e-05 2.64147046511e-05
BPM.9L7.B1 19646.20042 -0.00917936027947 -0.00436191773671 -5.26059268683e-06 6.32595029259e-05
BPM.8L7.B1 19686.66541 -0.00957033353017 0.00341989730393 6.29876265888e-05 7.87386260266e-06
BPM.7L7.B1 19725.7314 -0.00932381181858 0.0040439479046 4.13670511646e-05 -4.81477456449e-05
BPM.6L7.B1 19760.5494 -0.00974312403037 0.00289110974361 2.27953582153e-07 -6.34774498444e-05
BPMWC.6L7.B1 19772.6519 -0.0101348583277 0.000756060905972 -1.90858482141e-05 -6.05406317981e-05
BPMWE.5L7.B1 19849.7059 -0.00839824821513 0.00572332145013 -5.28338099363e-05 3.51856103863e-05
BPMW.5L7.B1 19872.9109 -0.00427707776781 0.00921919667148 -1.88462572612e-05 6.06156515904e-05
BPMWE.4L7.B1 19907.9959 -0.00385001897101 0.00940554811981 1.1229569386e-05 6.24766758761e-05
BPMW.4L7.B1 19936.1009 -0.00692885891098 0.00743491060134 4.119956536e-05 4.82911405309e-05
BPMW.4R7.B1 20052.1479 -0.00500863753554 0.00884310643719 1.91850326793e-05 -6.05092831661e-05
BPMWE.4R7.B1 20080.2529 -0.00113730736074 0.0100991838002 -1.55191768898e-05 -6.15515522453e-05
BPMW.5R7.B1 20115.3379 -0.00112064906385 0.0101010458438 -3.88986688609e-05 -5.01630566259e-05
BPMWE.5R7.B1 20138.5429 -0.00423542278444 0.00923840761657 -5.68527501853e-05 -2.82347893404e-05
BPMR.6R7.B1 20217.7584 -0.00815258940588 0.00606813541442 -2.27226831516e-05 5.92715613341e-05
BPM_A.7R7.B1 20255.7944 -0.0067748192305 0.00757553997175 2.92560336284e-05 5.63340309195e-05
BPM.8R7.B1 20294.86039 -0.00335761779751 0.00959236072369 6.32733530027e-05 -5.0913019674e-06
BPM.9R7.B1 20333.92738 0.00332128168456 0.00960500231444 5.05149853953e-06 -6.32765451993e-05
BPM.10R7.B1 20374.39237 0.00529637790645 0.00867383205566 -5.47449799715e-05 -3.21313817235e-05
BPM.11R7.B1 20427.17506 0.00647458031584 0.00783369589023 -3.69054461769e-05 5.16471297807e-05
BPM.12R7.B1 20481.90154 0.00608068124486 0.00814323627664 5.25689584886e-05 3.55800969454e-05
BPM.13R7.B1 20535.35303 0.00776229869954 0.00656000765121 3.32140176663e-05 -5.40949910037e-05
BPM.14R7.B1 20588.80451 0.00720749959313 0.00716511905511 -5.44636714636e-05 -3.26059347357e-05
BPM.15R7.B1 20642.25599 0.00853772140108 0.00551310210243 -3.09546177783e-05 5.54188536167e-05
BPM.16R7.B1 20695.70748 0.00806491432367 0.00618418454273 5.57621714733e-05 3.03318060576e-05
BPM.17R7.B1 20749.15896 0.00917285517884 0.00437558102448 2.86431764279e-05 -5.66480940224e-05
BPM.18R7.B1 20802.61045 0.00878975686556 0.00510168165607 -5.69654842252e-05 -2.80066416185e-05
BPM.19R7.B1 20856.06193 0.00965723714294 0.00316618890549 -2.62821923664e-05 5.77813566242e-05
BPM.20R7.B1 20909.51341 0.00937018768507 0.00393529721705 5.80721674375e-05 2.56332232465e-05
BPM.21R7.B1 20962.9649 0.00998293115597 0.00190474852556 2.38773587164e-05 -5.88158983787e-05
BPM.22R7.B1 21016.41638 0.00979662478092 0.00270427889993 -5.90797630439e-05 -2.32168055157e-05
BPM.23R7.B1 21069.86787 0.0101445759283 0.000612013613878 -2.14309747399e-05 5.97507519521e-05
BPM.24R7.B1 21123.31935 0.00995242204888 0.00142186792571 5.83138076975e-05 0.000130581340572
BPM.25R7.B1 21176.77083 0.0100308060874 -0.000674790542247 0.000128771421293 -6.22085965217e-05
BPM.26R7.B1 21230.22232 0.0100525441959 0.000136997241663 -6.36465638674e-05 -0.000128066790204
BPM.27R7.B1 21283.6738 0.00986205854851 -0.00195248923768 -0.000126095762471 6.74673736203e-05
BPM.28R7.B1 21337.12529 0.0098778202239 -0.00115700355695 6.72052092908e-05 0.000235149683549
BPM.29R7.B1 21390.57677 0.00942257987484 -0.00318197707861 0.000233026290167 -7.42338248356e-05
BPM.30R7.B1 21444.02826 0.00964864077494 -0.00241116587067 -7.68367141048e-05 -0.000232181034021
BPM.31R7.B1 21497.47974 0.00893803397336 -0.00436136885718 -0.000229765752811 8.37831242486e-05
BPM.32R7.B1 21550.93122 0.00926092905014 -0.00362562860293 8.635506653e-05 0.000228811526455
BPM.33R7.B1 21604.38271 0.00830676558767 -0.00546878735508 0.000226116036112 -9.31850408974e-05
BPM.34R7.B1 21657.83419 0.00872098907781 -0.0047806212072 -9.57100739583e-05 -0.000225058865313
BPM.33L8.B1 21711.28568 0.0075387598223 -0.00648668559208 -0.000222079546101 0.000102433321471
BPM.32L8.B1 21764.73716 0.00803781908521 -0.00585691505966 0.000104917204921 0.000220916928397
BPM.31L8.B1 21818.18864 0.00664719186544 -0.00739762326359 0.000217667422334 -0.000111502503026
BPM.30L8.B1 21871.64013 0.00722244028857 -0.00683712994549 -0.000113932491805 -0.000216405402551
BPM.29L8.B1 21925.09161 0.00564598542767 -0.0081873584369 -0.000212882623129 0.000120386462506
BPM.28L8.B1 21978.5431 0.00628855631068 -0.00770480688369 0.000122765448781 0.000211519637577
BPM.27L8.B1 22031.99458 0.0045524858934 -0.00884222041196 0.000207737858276 -0.000129061598233
BPM.26L8.B1 22085.44606 0.00514153130604 -0.00845292987586 -0.000133054552812 -9.64577708816e-05
BPM.25L8.B1 22138.89755 0.00327510013324 -0.00933601021467 -9.2415737801e-05 0.000135893150585
BPM.24L8.B1 22192.34903 0.0040181045362 -0.00904113950611 0.000136920098708 9.08873041531e-05
BPM.23L8.B1 22245.80052 0.00205402113369 -0.00967824182329 8.6733515263e-05 -0.000139588372963
BPM.22L8.B1 22299.252 0.00271874984408 -0.00948782618307 -0.000142225090182 2.46559519508e-05
BPM.21L8.B1 22352.70349 0.000690386263305 -0.00984549710249 2.8917847591e-05 0.000141420122217
BPM.20L8.B1 22406.15497 0.00148288064568 -0.00975763861825 0.000141087262696 -3.05004535554e-05
BPM.19L8.B1 22459.60645 -0.00057481109548 -0.00985292030674 -3.47255128272e-05 -0.000140107217983
BPM.18L8.B1 22513.05794 0.000222211601387 -0.00986717124549 -0.000139709401098 3.62929319558e-05
BPM.17L8.B1 22566.50942 -0.00183051122798 -0.00969843672844 4.04736223023e-05 0.000138556047402
BPM.16L8.B1 22619.96091 -0.00104167027716 -0.0098145488641 0.000138093768874 -4.20238519864e-05
BPM.15L8.B1 22673.41239 -0.0030561963238 -0.00938456767447 -4.61540984173e-05 -0.000136768751213
BPM.14L8.B1 22726.86387 -0.00228886520901 -0.00960060114959 -0.000136243268142 4.76829466746e-05
BPM.13L8.B1 22780.31536 -0.00423158421212 -0.00891650949055 5.17540976017e-05 0.000134749425506
BPM.12L8.B1 22833.76684 -0.00363757834916 -0.00917488256822 0.000133633820487 -5.45700972247e-05
BPM.11L8.B1 22887.21833 -0.00502110375625 -0.0084969973216 -6.5726558903e-05 -0.000128514250093
BPM.10L8.B1 22939.05902 -0.0037675123148 -0.0091222967135 -0.000125003210967 7.21809508992e-05
BPM.9L8.B1 22978.126 -0.00671817602277 -0.00723025291972 3.32422416295e-05 0.000140466527066
BPM.8L8.B1 23018.59099 -0.00676847482372 -0.00718318835445 0.000138450914224 -4.08318408288e-05
BPM.7L8.B1 23057.65898 -0.00985437680843 -0.000549275980834 -4.1327061401e-05 -0.00013830389557
BPMR.6L8.B1 23090.12798 -0.00853235987808 0.00496077426586 -0.000138284862293 -4.13906983938e-05
BPM.5L8.B1 23150.54698 -0.00416961981905 0.00894565351892 4.12700395057e-06 0.000144287429717
BPMYB.4L8.B1 23171.31398 -0.00561608857962 0.00811603323538 8.62099837364e-05 0.000115774486747
BPMWB.4L8.B1 23195.70548 -0.00398370572442 0.00902997979429 0.000144346280988 2.10652874073e-07
BPMSX.4L8.B1 23245.93848 -0.00794779088574 0.00585175754576 -4.19474781622e-05 -0.000138116985374
BPMS.2L8.B1 23283.84998 -0.0079551161132 0.00584179547455 -0.000120937783021 -7.88032242275e-05
BPMSW.1L8.B1 23293.78398 -0.00773013833265 0.00613640023224 -0.000137185239488 -4.49010506663e-05
BPMSW.1R8.B1 23336.97398 -0.00773007355534 0.00613648182647 6.6680814642e-05 -0.00012802172721
BPMS.2R8.B1 23346.90798 -0.00795507217602 0.0058418552755 3.13600380046e-05 -0.000140898715888
BPMSX.4R8.B1 23384.81948 -0.00794780073094 0.00585174417416 -6.65845275943e-05 -0.00012807183163
BPMWB.4R8.B1 23434.97648 -0.00398298194115 0.00903029906611 -0.000103370099698 0.000100749769632
BPMYB.4R8.B1 23459.44398 -0.00559258204977 0.00813224891899 1.92449803034e-05 0.000143057764447
BPMYB.5R8.B1 23480.02098 -0.00352061049548 0.00922039848105 0.00010196793358 0.000102168650482
BPM.6R8.B1 23564.12898 -0.00575900661188 0.00801525355841 2.08659856807e-05 -0.000142830337454
BPM_A.7R8.B1 23586.36898 -0.00706716788009 0.00688952718045 -3.93125095385e-05 -0.000138889956302
BPM.8R8.B1 23627.80599 -0.00949013303546 0.00271068650939 -0.000144308289754 -3.31826546317e-06
BPM.9R8.B1 23666.871 -0.00986501685444 -0.000303131685093 7.05083605861e-05 0.000125954216151
BPM.10R8.B1 23707.33402 -0.00831186288515 0.00532197160926 9.20308829503e-05 -0.000111203474664
BPM.11R8.B1 23759.17273 -0.00981629482583 0.00102508645854 -0.000123135162242 -7.53234705069e-05
BPM.12R8.B1 23813.89624 -0.00971789711266 0.00172421637344 -7.27994842733e-05 0.000124644009194
BPM.13R8.B1 23867.34476 -0.00986553698499 0.000285703276739 0.00012881999946 6.51252776708e-05
BPM.14R8.B1 23920.79327 -0.00959146847322 0.00232683882279 6.12401350503e-05 -0.000130711653772
BPM.15R8.B1 23974.24179 -0.00974796304622 0.00154520639044 -0.00013138255827 -5.97872553308e-05
BPM.16R8.B1 24027.69031 -0.00921503333323 0.00353462968512 -5.5830728316e-05 0.000133112072392
BPM.17R8.B1 24081.13882 -0.00947020324976 0.00277951377408 0.000133723236712 5.43506127684e-05
BPM.18R8.B1 24134.58734 -0.00868715998346 0.00468441007725 5.03225799452e-05 -0.000135290545263
BPM.19R8.B1 24188.03585 -0.00903687711323 0.00396803457121 -0.000135840096658 -4.88196764774e-05
BPM.20R8.B1 24241.48437 -0.00801659238155 0.00575714277589 -4.47344499168e-05 0.000137239659259
BPM.21R8.B1 24294.93289 -0.00845499516941 0.00509151284028 0.000137727485608 4.32091794038e-05
BPM.22R8.B1 24348.3814 -0.00721424457048 0.00673536351069 3.90666008571e-05 -0.000138959320722
BPM.23R8.B1 24401.82992 -0.00773430589954 0.00613114659855 -0.000139383873214 -3.75237235012e-05
BPM.24R8.B1 24455.27843 -0.00609336195536 0.0075645172729 -3.35358761994e-05 -6.32841744989e-05
BPM.25R8.B1 24508.72695 -0.00668393571664 0.00704811923873 -6.29085984925e-05 3.42352149629e-05
BPM.26R8.B1 24562.17546 -0.00507560016428 0.00828186358711 3.61024878352e-05 6.18558988762e-05
BPM.27R8.B1 24615.62398 -0.00572737309029 0.00784526474949 6.14515148569e-05 -3.67865880107e-05
BPM.28R8.B1 24669.0725 -0.0037745428856 0.00882476731108 -3.88107808716e-05 -0.000264045271821
BPM.29R8.B1 24722.52101 -0.00447449384465 0.00849132480142 -0.000263599101343 4.1733600936e-05
BPM.30R8.B1 24775.96953 -0.00261459095304 0.00923512892383 4.96023956804e-05 0.000262232310383
BPM.31R8.B1 24829.41804 -0.00335119481856 0.00899406389707 0.00026166564846 -5.25097109834e-05
BPM.32R8.B1 24882.86656 -0.00141186247118 0.00949369982945 -6.03170825444e-05 -0.000259976984084
BPM.33R8.B1 24936.31508 -0.00217350795085 0.00934877292808 -0.000259292445513 6.31950194167e-05
BPM.34R8.B1 24989.76359 -0.000185709138409 0.00959631201116 7.092652331e-05 0.000257285078402
BPM.33L1.B1 25043.21211 -0.000959384654367 0.00955004047813 0.000256482526348 -7.37759837592e-05
BPM.32L1.B1 25096.66062 0.00104323063438 0.0095412453051 -8.14176820989e-05 -0.000254160074425
BPM.31L1.B1 25150.10914 0.000269754443394 0.00959431730924 -0.000253241434528 8.42315720526e-05
BPM.30L1.B1 25203.55766 0.00225532388233 0.00932937330471 9.17734121451e-05 0.000250606908077
BPM.29L1.B1 25257.00617 0.00149520706741 0.00948093075229 0.000249574206543 -9.45457491807e-05
BPM.28L1.B1 25310.45469 0.00343004712881 0.00896428852867 -0.000101970774154 -0.000246633626189
BPM.27L1.B1 25363.9032 0.0026953736295 0.00921187565589 -0.000245486735657 0.000104701687954
BPM.26L1.B1 25417.35172 0.00474872427438 0.00841366840709 0.000111801210482 3.85204885914e-05
BPM.25L1.B1 25470.80023 0.00405421406115 0.0087694667274 3.72787102313e-05 -0.000112221373613
BPM.24L1.B1 25524.24875 0.00578584376278 0.00773719654126 -0.00011328679673 -3.39033965931e-05
BPM.23L1.B1 25577.69727 0.00514264872206 0.00817883625249 -3.26443741325e-05 0.000113655985678
BPM.22L1.B1 25631.14578 0.00692821767017 0.00689530587945 0.000114384776195 -0.00017449710098
BPM.21L1.B1 25684.5943 0.00634904830399 0.00743202723657 -0.000175755411865 -0.000112441762816
BPM.20L1.B1 25738.04281 0.00775325323517 0.00595252109589 -0.000107128728579 0.0001790434372
BPM.19L1.B1 25791.49133 0.0072477153341 0.00655866340103 0.000180219873764 0.000105137579454
BPM.18L1.B1 25844.93985 0.00845106302164 0.0049117183298 9.97007005724e-05 -0.000183283610693
BPM.17L1.B1 25898.38836 0.00802705812253 0.00557779357209 -0.000184378628467 -9.76608167242e-05
BPM.16L1.B1 25951.83688 0.00900989889843 0.00379040435253 -9.20955747489e-05 0.000187220503601
BPM.15L1.B1 26005.28539 0.0086746856667 0.00450502739415 0.000188229659397 9.00150491807e-05
BPM.14L1.B1 26058.73391 0.0094207664138 0.00260664599965 8.4345870883e-05 -0.000190837334227
BPM.13L1.B1 26112.18243 0.00917966197057 0.00335845936423 -0.000191761642667 -8.22227807813e-05
BPM.12L1.B1 26165.63094 0.00936873838618 0.00278786375591 -5.75148198638e-05 0.000200562105769
BPM.11L1.B1 26219.07946 0.00839019550973 0.00501498380047 0.000206041842789 3.28614358022e-05
BPM.10L1.B1 26271.86017 0.00895337678699 0.00392205142324 2.24865420606e-05 -0.000207430637109
BPM.9L1.B1 26310.92518 0.00821618442554 0.00529525794385 -0.000202638490618 -4.97067104182e-05
BPM.8L1.B1 26351.38819 0.00975304106112 -0.000650871138718 5.2543456471e-05 0.000201921518989
BPMR.7L1.B1 26390.4542 0.00846302715154 0.00489107499924 0.000205640585743 -3.52854724316e-05
BPM.6L1.B1 26433.6382 0.00836052645695 0.00506429072817 0.00010296043144 -0.000181472491425
BPMR.5L1.B1 26465.5382 0.00843635197938 0.00493694323134 6.02941633827e-06 -0.000208558773762
BPMYA.4L1.B1 26486.6562 0.00840241183689 0.0049944888058 -5.84623755254e-05 -0.000200287956011
BPMWB.4L1.B1 26507.7887 0.00760920952533 0.00613558258137 -0.000127737379447 -0.000164973561048
BPMSY.4L1.B1 26600.5687 0.00708149336274 0.0067377959993 -0.000154485454127 0.00014024035583
BPMS.2L1.B1 26627.3542 0.00638216321985 0.0074036096514 -7.82115897115e-05 0.000193432315363
BPMSW.1L1.B1 26637.4082 0.00610975161572 0.00762996581823 -2.11929771881e-05 0.000207566789188
