BPMSW.1R1.B1 21.475 0.00431784012978 0.00823858619588 -0.000175273339736 -6.20197700053e-05
BPMS.2R1.B1 31.529 0.00461349731021 0.00807673749029 -0.000185614137844 -1.07044256093e-05
BPMSY.4R1.B1 58.3145 0.00538790281334 0.00758212036108 -0.000171830377508 7.10036392618e-05
BPMWB.4R1.B1 151.0945 0.00599042634571 0.00711567552019 8.42132896635e-05 0.000165756801604
BPMYA.4R1.B1 172.227 0.00693894480014 0.00619427888985 0.000139055821729 0.000123412616687
BPM.5R1.B1 199.635 0.00678448788263 0.00636307866214 0.000176627094036 5.80522681724e-05
BPMR.6R1.B1 231.535 0.00717357341908 0.00592097039035 0.000182644945599 -3.47565992976e-05
BPM_A.7R1.B1 259.259 0.00742811908651 0.00559831159339 0.000138199898902 -0.000124370342547
BPM.8R1.B1 300.6979894 0.00868755801228 0.00332330884668 -8.87759390103e-05 -0.000163358586728
BPM.9R1.B1 339.7649788 0.00860659408519 0.00352768821556 -0.000127207682886 0.000135592774722
BPM.10R1.B1 380.2299682 0.00651217778355 0.00664150482857 0.000155718158436 0.000101582725701
BPM.11R1.B1 433.0126576 0.00843274041009 0.00392516688936 7.72610795945e-05 -0.000169109206431
BPM.12R1.B1 487.7391417 0.00733459045436 0.00572029970953 -0.00016990271035 -7.55001002308e-05
BPM.13R1.B1 541.1906258 0.00781471137667 0.00504463398507 -8.53445698996e-05 0.000165177175145
BPM.14R1.B1 594.6421099 0.00738200647561 0.00565897749385 0.000166123781834 8.34870332737e-05
BPM.15R1.B1 648.093594 0.00839579880757 0.00400357443784 7.84610973524e-05 -0.000168555779458
BPM.16R1.B1 701.5450781 0.00804522373673 0.00466823531314 -0.000169424706034 -7.65667341871e-05
BPM.17R1.B1 754.9965622 0.00883895919352 0.00289669576403 -7.14391782845e-05 0.000171649754835
BPM.18R1.B1 808.4480463 0.00857635471009 0.00360058131005 0.000172438948445 6.95126250667e-05
BPM.19R1.B1 861.8995304 0.00913690933956 0.00174210609024 6.43036749192e-05 -0.000174448367433
BPM.20R1.B1 915.3510145 0.00896647698731 0.00247393134751 -0.000175158313223 -6.23438828468e-05
BPM.21R1.B1 968.8024986 0.0092846968915 0.000558971832609 -5.70502026296e-05 0.000176953301035
BPM.22R1.B1 1022.253983 0.0092092948601 0.00130649687195 0.00017758095814 5.50654125414e-05
BPM.23R1.B1 1075.705467 0.00927991622827 -0.000633404041529 4.97086602786e-05 -0.000179154243879
BPM.24R1.B1 1129.156951 0.0091671647513 0.000109241994372 -0.00018173692688 8.61080510352e-05
BPM.25R1.B1 1182.608435 0.00899020578107 -0.00179584059553 9.15305846722e-05 0.000179067191004
BPM.26R1.B1 1236.059919 0.00910581911418 -0.00106437853528 0.000178032194701 -9.35277824445e-05
BPM.27R1.B1 1289.511403 0.0086865872721 -0.0029312190239 -9.88330274944e-05 -0.000175142626289
BPM.28R1.B1 1342.962887 0.00876124696871 -0.00222894202372 -0.000176056314097 0.000234593081486
BPM.29R1.B1 1396.414371 0.00810785964384 -0.00399878018794 0.000239775890258 0.000168929755313
BPM.30R1.B1 1449.865855 0.00840414157083 -0.00333137140808 0.000166239232424 -0.000241649043393
BPM.31R1.B1 1503.31734 0.00752959866375 -0.00500327642217 -0.00024653509107 -0.000158903080478
BPM.32R1.B1 1556.768824 0.00790887865676 -0.00437918592369 -0.000156124682779 0.000248303898529
BPM.33R1.B1 1610.220308 0.00682781276974 -0.0059252513701 0.000252881500995 0.000148595712792
BPM.34R1.B1 1663.671792 0.00728374017815 -0.00535488187469 0.000145758917614 -0.000254527155238
BPM.33L2.B1 1717.123276 0.00601353683288 -0.00675018560902 -0.000258792189633 -0.000138044714361
BPM.32L2.B1 1770.57476 0.00653878287888 -0.00624275175162 -0.000135131266161 0.000260325339364
BPM.31L2.B1 1824.026244 0.00510082019481 -0.00746386390052 0.000264266836576 0.000127250859265
BPM.30L2.B1 1877.477728 0.00568653780557 -0.00702786729666 0.000124286637945 -0.000265673806164
BPM.29L2.B1 1930.929212 0.00410381645893 -0.00805520461996 -0.00026928857814 -0.000116247163295
BPM.28L2.B1 1984.380696 0.00474065412529 -0.0076976509034 -0.000113218904851 0.000270575724128
BPM.27L2.B1 2037.83218 0.00303992418768 -0.00851389992404 0.000273854472047 0.000105040314109
BPM.26L2.B1 2091.283665 0.00358360094008 -0.00824919716104 9.99268921887e-05 -0.000141212541054
BPM.25L2.B1 2144.735149 0.00179322622261 -0.00881338692997 -0.000144151016763 -9.56391599726e-05
BPM.24L2.B1 2198.186633 0.0024987437967 -0.0086398917181 -9.40173335462e-05 0.000145213998405
BPM.23L2.B1 2251.638117 0.000651204973999 -0.00897036128195 0.000147972977318 8.96122886988e-05
BPM.22L2.B1 2305.089601 0.00123959677365 -0.00889696012118 8.59093263239e-05 -1.5167912131e-05
BPM.21L2.B1 2358.541085 -0.000634102169679 -0.00896049183973 -1.77419957991e-05 -8.54148625369e-05
BPM.20L2.B1 2411.992569 9.11289954619e-05 -0.00898243814715 -8.5210701273e-05 1.86979489855e-05
BPM.19L2.B1 2465.444053 -0.00177515926885 -0.00880575432152 2.12495252913e-05 8.46104924355e-05
BPM.18L2.B1 2518.895537 -0.00105858939017 -0.00892030762059 8.43670938161e-05 -2.21961797984e-05
BPM.17L2.B1 2572.347021 -0.00288708941793 -0.00850630438122 -2.47208946913e-05 -8.36621474982e-05
BPM.16L2.B1 2625.798506 -0.00219116026601 -0.00871156221595 -8.33799518429e-05 2.56565941739e-05
BPM.15L2.B1 2679.24999 -0.00395152613811 -0.0080670899796 2.81499073907e-05 8.25715412594e-05
BPM.14L2.B1 2732.701474 -0.00328748351366 -0.00835972198741 8.2250902734e-05 -2.90734646687e-05
BPM.13L2.B1 2786.152958 -0.0049510828775 -0.00749528370731 -3.15315956543e-05 -8.13402483311e-05
BPM.12L2.B1 2839.604442 -0.00329195492566 -0.00835796221133 -8.32122750327e-05 2.61953066923e-05
BPM.11L2.B1 2893.055926 -0.00339642179568 -0.00831605787256 1.98166118184e-05 8.49575125669e-05
BPM.10L2.B1 2944.896615 -0.00322308659924 -0.00838476072043 8.37629370574e-05 -2.43771990602e-05
BPM.9L2.B1 2983.963605 -0.00729167998948 -0.00524632275398 -2.81896821845e-07 -8.72375907162e-05
BPM.8L2.B1 3024.428594 -0.00792102054939 -0.00423673612713 -7.66953856001e-05 -4.15727639313e-05
BPM.7L2.B1 3063.496584 -0.00897818802686 0.000290928373049 -7.36966488149e-05 4.66827714152e-05
BPMR.6L2.B1 3095.602584 -0.00780892655349 0.00443995109149 -1.76634087262e-05 8.54311538778e-05
BPMYB.5L2.B1 3167.801584 -0.00863597226747 0.0024723435492 8.29853048392e-05 -2.69056864358e-05
BPMYB.4L2.B1 3188.371584 -0.00896482781574 -0.000569527700661 4.41768583218e-05 -7.52255448668e-05
BPMWI.4L2.B1 3212.839084 -0.00891823604137 0.00107590216978 -3.40075070763e-05 -8.03365849451e-05
BPMSX.4L2.B1 3262.996084 -0.00827130629825 -0.00350399653531 -6.70838381705e-05 5.57694898305e-05
BPMS.2L2.B1 3300.907584 -0.00826691616378 -0.00351434169139 -1.55148328948e-05 8.58473433695e-05
BPMSW.1L2.B1 3310.841584 -0.00839305416575 -0.00320142799749 7.17974411529e-06 8.69420991423e-05
BPMSW.1R2.B1 3354.031584 -0.00839306565032 -0.00320139788529 -8.69486012501e-05 -7.10047076805e-06
BPMS.2R2.B1 3363.965584 -0.00826692615207 -0.00351431809383 -8.58331977387e-05 1.55929493297e-05
BPMSX.4R2.B1 3401.877084 -0.00827130304997 -0.00350400419559 -5.57085060431e-05 6.7134486895e-05
BPMWB.4R2.B1 3452.110084 -0.00891841483817 0.00107441906397 8.04752649964e-05 3.3678021438e-05
BPMYB.4R2.B1 3476.501584 -0.00896297205905 -0.000598022853202 7.5164052199e-05 -4.42814186527e-05
BPMR.5R2.B1 3506.035584 -0.00814864674766 0.00378048353144 3.08834666578e-06 -8.7183368862e-05
BPM.6R2.B1 3579.331584 -0.00891537317403 -0.00109937291247 -8.25782491146e-05 2.81302424923e-05
BPM_A.7R2.B1 3592.206584 -0.00866129996416 -0.00238209626191 -7.1801898658e-05 4.95476072804e-05
BPM.8R2.B1 3633.643594 -0.00745656861788 -0.00500919993675 8.77556878625e-06 8.67955442958e-05
BPM.9R2.B1 3672.708605 -0.0085457410057 -0.00276817814329 8.57773216637e-05 -1.58974265012e-05
BPM.10R2.B1 3713.171615 -0.00865953772402 0.00238849450414 -2.87750013092e-05 -8.23557894214e-05
BPM.11R2.B1 3765.010326 -0.00892788968511 0.000992615402059 -8.44223968443e-05 2.19849058361e-05
BPM.12R2.B1 3819.733842 -0.00886079154516 0.00147610053006 2.59937700647e-05 8.32754534542e-05
BPM.13R2.B1 3873.182358 -0.00897913979966 -0.000259899952968 8.03650005664e-05 -3.39403077016e-05
BPM.14R2.B1 3926.630874 -0.00883760750729 0.00160909698364 -3.63293105719e-05 -7.93136671495e-05
BPM.15R2.B1 3980.07939 -0.00893863468287 0.000890679276293 -7.89062587244e-05 3.72059164198e-05
BPM.16R2.B1 4033.527906 -0.00855916576725 0.00272638606169 3.95502805787e-05 7.77576541832e-05
BPM.17R2.B1 4086.976421 -0.00875126574843 0.0020267825069 7.73138886e-05 -4.04109007418e-05
BPM.18R2.B1 4140.424937 -0.00814009607521 0.00379885975968 -4.27067416268e-05 -7.60697830949e-05
BPM.19R2.B1 4193.873453 -0.00842010853728 0.00312958013736 -7.55919034048e-05 4.3547012955e-05
BPM.20R2.B1 4247.321969 -0.00758726199464 0.00480894531283 4.57894415449e-05 7.42549942368e-05
BPM.21R2.B1 4300.770485 -0.00795058817888 0.0041809863891 7.37422062377e-05 -4.6610777477e-05
BPM.22R2.B1 4354.219001 -0.00690979034312 0.00573997360554 -4.87968663586e-05 -7.2314196578e-05
BPM.23R2.B1 4407.667517 -0.00735046207647 0.00516364279077 -7.17690401234e-05 4.95951897886e-05
BPM.24R2.B1 4461.116033 -0.00593255126927 0.00654110214402 5.15331393199e-05 -0.000119319849883
BPM.25R2.B1 4514.564549 -0.0064411089109 0.00604096828408 -0.000119883958356 -5.0206860817e-05
BPM.26R2.B1 4568.013065 -0.00504711397752 0.00724622814322 -4.65975436061e-05 0.00012133243945
BPM.27R2.B1 4621.46158 -0.00561534643109 0.00681535518481 0.00012184176341 4.5249037105e-05
BPM.28R2.B1 4674.910096 -0.00389253635502 0.00779671544936 4.13923451794e-05 -0.000312708854387
BPM.29R2.B1 4728.358612 -0.00450917933072 0.00745707132766 -0.00031314840106 -3.79240117129e-05
BPM.30R2.B1 4781.807128 -0.00286324210389 0.00823058052161 -2.85385284008e-05 0.000314142811479
BPM.31R2.B1 4835.255644 -0.0035179211117 0.00797275624507 0.00031444010393 2.50514870308e-05
BPM.32R2.B1 4888.70416 -0.00178684031801 0.00852923283542 1.56286370873e-05 -0.000315049044019
BPM.33R2.B1 4942.152676 -0.00246949052813 0.00835716624026 -0.000315202956813 -1.21346700937e-05
BPM.34R2.B1 4995.601192 -0.000681120707481 0.00868773190538 -2.69724246955e-06 0.000315424917789
BPM.33L3.B1 5049.049708 -0.00137979333862 0.00860446287943 0.000315435431234 -8.00969126475e-07
BPM.32L3.B1 5102.498224 0.000435807525477 0.00870348682377 -1.02400932047e-05 -0.000315270194659
BPM.31L3.B1 5155.94674 -0.000268154778416 0.00871026429603 -0.000315137209812 1.37365517924e-05
BPM.30L3.B1 5209.395255 0.00154558369798 0.00857623355977 2.31622255479e-05 0.000314584913262
BPM.29L3.B1 5262.843771 0.000848634875033 0.00867297122863 0.000314308846528 -2.66477762126e-05
BPM.28L3.B1 5316.292287 0.00262993125229 0.0083080727392 -3.60399844982e-05 -0.000313370821791
BPM.27L3.B1 5369.740803 0.00195074546774 0.00849324456303 -0.000312951545847 3.95156286818e-05
BPM.26L3.B1 5423.189319 0.00385723127195 0.00786789056877 4.86772746361e-05 0.000122061007754
BPM.25L3.B1 5476.637835 0.00320977132479 0.0081534841069 0.00012151394774 -5.00272667112e-05
BPM.24L3.B1 5530.086351 0.00483196597819 0.00730985908087 -5.3641002525e-05 -0.00011996253789
BPM.23L3.B1 5583.534867 0.00422627831721 0.00767596942619 -0.000119359932495 5.49688485585e-05
BPM.22L3.B1 5636.983383 0.00591352296822 0.00659621234423 5.8330477988e-05 -7.19083724293e-05
BPM.21L3.B1 5690.431899 0.00536188988033 0.00705194356571 -7.25508986032e-05 -5.75293487413e-05
BPM.20L3.B1 5743.880414 0.00670870281285 0.00578559225289 -5.53318977959e-05 7.42404202387e-05
BPM.19L3.B1 5797.32893 0.00621997122589 0.00630806857145 7.48493799054e-05 5.45053141915e-05
BPM.18L3.B1 5850.777446 0.00739369149649 0.00487986652014 5.22415689999e-05 -7.64465677711e-05
BPM.17L3.B1 5904.225962 0.00697575775328 0.00546063868673 -7.70213270588e-05 -5.13904056215e-05
BPM.16L3.B1 5957.674478 0.00795717213164 0.00389399316522 -4.90618080815e-05 7.85251406956e-05
BPM.15L3.B1 6011.122994 0.00761699788159 0.00452339633662 7.9064265088e-05 4.81881782504e-05
BPM.14L3.B1 6064.57151 0.00838992059047 0.00284411737323 4.58012185097e-05 -8.04705343667e-05
BPM.13L3.B1 6118.020026 0.00813303510516 0.003511909896 -8.09736573816e-05 -4.49057371172e-05
BPM.12L3.B1 6171.468542 0.00875938237021 0.00132400587685 -4.47785814365e-05 8.10440511967e-05
BPM.11L3.B1 6224.917058 0.00881194350188 0.000910726550281 8.09863015922e-05 4.48829347762e-05
BPM.10L3.B1 6277.697768 0.00827633356096 -0.00315944202858 5.06658553379e-05 -7.74998691846e-05
BPM.9L3.B1 6316.762779 0.00839627328143 -0.002825308143 -2.47298164892e-05 -8.92283344971e-05
BPM.8L3.B1 6357.225789 0.00876904007191 0.00125845434936 -9.19370039411e-05 1.09929979693e-05
BPM.7L3.B1 6396.2898 0.00346168200599 0.00815454038067 3.10559799309e-05 8.72283483681e-05
BPM.6L3.B1 6468.9288 0.00353780486973 0.00812180447041 8.96069856068e-05 -2.33205124219e-05
BPMWE.5L3.B1 6512.0583 0.00418080440946 0.00781029100581 5.5062475416e-05 -7.44404710163e-05
BPMW.5L3.B1 6539.6033 0.0069466256247 0.00549765073833 3.87451401881e-06 -9.25107892079e-05
BPMWE.4L3.B1 6614.7313 0.00785235804463 0.00410124911751 -8.11773106958e-05 -4.45365320105e-05
BPMW.4L3.B1 6642.2763 0.00693011394761 0.00551845013347 -9.19305993612e-05 -1.1046366021e-05
BPMW.4R3.B1 6687.2413 0.00796724813657 0.0038733355484 -7.9321847228e-05 4.77629900523e-05
BPMWE.4R3.B1 6714.7863 0.0081449049826 -0.00348429246303 -2.7963498685e-06 9.25496554165e-05
BPMW.5R3.B1 6789.9143 0.00643953691815 -0.00608375997712 8.77128804322e-05 2.96598891908e-05
BPMWE.5R3.B1 6817.4593 0.00798444900708 -0.00383775261338 9.17629091094e-05 -1.23622920129e-05
BPMWC.6R3.B1 6858.4503 0.00799950827183 -0.00380626306895 6.94769190235e-05 -6.12063404855e-05
BPMR.6R3.B1 6870.5288 0.00706382052349 -0.00534623332817 4.82689975105e-05 -7.90149527275e-05
BPM_A.7R3.B1 6926.3528 0.00168080444084 -0.00869796916266 -8.19690037364e-05 -4.30620578907e-05
BPM.8R3.B1 6965.416811 -0.00105569278838 -0.00879575374097 -7.58252435984e-05 5.31393528269e-05
BPM.9R3.B1 7004.481821 -0.0038131256124 -0.00799623937656 3.34732311806e-06 9.25313665608e-05
BPM.10R3.B1 7044.944832 -0.00438049138539 -0.00770006924375 7.32180931072e-05 5.6677769988e-05
BPM.11R3.B1 7097.725542 -0.00400893228241 -0.00789988817141 7.76959290328e-05 -5.03646808458e-05
BPM.12R3.B1 7152.449058 -0.00314646517443 -0.0082812757505 -3.69005727878e-05 -8.49211785804e-05
BPM.13R3.B1 7205.897574 -0.00335822280394 -0.00819768935347 -8.8269767857e-05 2.79590144797e-05
BPM.14R3.B1 7259.34609 -0.00268538240783 -0.00844206683626 2.89380035534e-05 8.79536844502e-05
BPM.15R3.B1 7312.794606 -0.00437894396756 -0.00770094935276 8.70481797248e-05 -3.15574487842e-05
BPM.16R3.B1 7366.243122 -0.00374327026232 -0.00802917797049 -3.25210188296e-05 -8.66928015209e-05
BPM.17R3.B1 7419.691638 -0.00532813143582 -0.0070774844797 -8.56809167788e-05 3.51004123959e-05
BPM.18R3.B1 7473.140154 -0.00473956361238 -0.00748440431153 3.60482698822e-05 8.52864629366e-05
BPM.19R3.B1 7526.58867 -0.00618966007965 -0.00633781343779 8.41692676488e-05 -3.85848885705e-05
BPM.20R3.B1 7580.037186 -0.0056580656837 -0.00681660207515 -3.95160848367e-05 -8.37361173506e-05
BPM.21R3.B1 7633.485701 -0.00694957239657 -0.00549392525562 -8.25163470308e-05 4.20037130764e-05
BPM.22R3.B1 7686.934217 -0.00648352579925 -0.00603685881481 4.29160822965e-05 8.20455262093e-05
BPM.23R3.B1 7740.382733 -0.00759523750124 -0.0045598397411 8.07241336561e-05 -4.53527583379e-05
BPM.24R3.B1 7793.831249 -0.00732958480307 -0.00516593565623 -4.82003846984e-05 4.70835646015e-05
BPM.25R3.B1 7847.279765 -0.00824210633049 -0.00353233460796 4.85048902192e-05 4.67698189107e-05
BPM.26R3.B1 7900.728281 -0.00793017454134 -0.00418593314448 4.6228701018e-05 -4.9020887086e-05
BPM.27R3.B1 7954.176797 -0.00862625862534 -0.00244895215778 -5.03823761781e-05 -4.47409919345e-05
BPM.28R3.B1 8007.625313 -0.00852759126174 -0.00314515185625 -4.61372611181e-05 0.000178178083375
BPM.29R3.B1 8061.073829 -0.00899465183398 -0.00130691674198 0.000179479342256 4.07828523982e-05
BPM.30R3.B1 8114.522345 -0.00885985490206 -0.0020284881174 3.87870304165e-05 -0.000179921208818
BPM.31R3.B1 8167.97086 -0.00908793745654 -0.00014555322376 -0.000181001028758 -3.33872013796e-05
BPM.32R3.B1 8221.419376 -0.0090465514843 -0.0008784641131 -3.13808355563e-05 0.000181359649973
BPM.33R3.B1 8274.867892 -0.00903189551409 0.00101816321308 0.000182217809275 2.59373783343e-05
BPM.34R3.B1 8328.316408 -0.00908460281841 0.000285979997986 2.3912113175e-05 -0.000182494623412
BPM.33L4.B1 8381.764924 -0.00882745823104 0.00216512681225 -0.00018312825256 -1.84423107554e-05
BPM.32L4.B1 8435.21344 -0.00897338663241 0.00144572656135 -1.64131372711e-05 0.000183321266891
BPM.31L4.B1 8488.661956 -0.00847795316439 0.00327659931201 0.000183730477444 1.09173906444e-05
BPM.30L4.B1 8542.110472 -0.00871472839672 0.00258172460198 8.87651526035e-06 -0.000183840374303
BPM.29L4.B1 8595.558988 -0.00798920539417 0.00433409622911 -0.000184023628561 -3.3733645724e-06
BPM.28L4.B1 8649.007504 -0.00831288175888 0.00367529452143 -1.33484626579e-06 0.000184049709547
BPM.27L4.B1 8702.45602 -0.00736908460154 0.00532056247966 0.000184007170156 -4.17601705835e-06
BPM.26L4.B1 8755.904535 -0.00790151579347 0.00470051558746 -8.17143047151e-06 -5.66476084924e-05
BPM.25L4.B1 8809.353051 -0.00675395874565 0.0062380156986 -5.63777412543e-05 9.8627404783e-06
BPM.24L4.B1 8862.801567 -0.00723531165576 0.00567265932503 1.04871560469e-05 5.62649353266e-05
BPM.23L4.B1 8916.250083 -0.00590046989314 0.0070507626298 5.59258442184e-05 -1.21664848651e-05
BPM.22L4.B1 8969.698599 -0.00657727238035 0.00654363053587 -1.47410577913e-05 7.15171654176e-05
BPM.21L4.B1 9023.147115 -0.00507597836595 0.00776621246753 7.19263029376e-05 1.25940578643e-05
BPM.20L4.B1 9076.595631 -0.00568617232709 0.00733123841455 1.17954192913e-05 -7.20615837927e-05
BPM.19L4.B1 9130.044147 -0.00404090539983 0.00835168821426 -7.2382272129e-05 -9.63378473017e-06
BPM.18L4.B1 9183.492663 -0.00470165516264 0.00799837803977 -8.83065280927e-06 7.24846430959e-05
BPM.17L4.B1 9236.941179 -0.00293927731583 0.00880001484826 7.27164548033e-05 6.65740988819e-06
BPM.16L4.B1 9290.389694 -0.00363987683703 0.0085341027073 5.85047613006e-06 -7.27858198886e-05
BPM.15L4.B1 9343.83821 -0.00178952802381 0.00910369166419 -7.29282953247e-05 -3.66975335176e-06
BPM.14L4.B1 9397.286726 -0.00251829626165 0.0089296022521 -2.86083228778e-06 7.29645045827e-05
BPM.13L4.B1 9450.735242 -0.0006101925918 0.00925782250093 7.30174392257e-05 6.75992962092e-07
BPM.12L4.B1 9504.183758 -0.00174407653854 0.00911250840669 1.80881144908e-06 -7.29981648472e-05
BPM.11L4.B1 9557.632274 -0.000400887318167 0.00926924494403 -7.30009844969e-05 -1.69120733917e-06
BPMC.10L4.B1 9609.470985 -0.000739850774844 0.00924836381656 1.82818533143e-07 7.30203418435e-05
BPMC.9L4.B1 9648.535995 0.00147028606395 0.00916066980668 7.16535702708e-05 1.4063011684e-05
BPMC.8L4.B1 9688.999006 -0.00212991163666 0.00903012120109 -1.30231217154e-05 -7.18498560781e-05
BPMC.7L4.B1 9728.063016 0.00347042505948 0.00860440366019 -7.05570758882e-05 1.88069901115e-05
BPMYB.6L4.B1 9824.667016 0.0051228573527 0.00773536973614 1.67209027908e-05 7.108033758e-05
BPMYA.5L4.B1 9861.667016 0.00553237244572 0.00744798412769 3.56435435394e-05 6.37302191393e-05
BPMWA.B5L4.B1 9964.133516 0.000123040852345 0.00927709402 7.21567923119e-05 -1.11982369142e-05
BPMWA.A5L4.B1 9973.018516 -0.000389418708265 0.00926973384292 7.01914585718e-05 -2.01286431834e-05
BPMWA.A5R4.B1 10021.06752 -0.00202098964553 0.0090551208333 4.5398894758e-05 -5.71921646545e-05
BPMWA.B5R4.B1 10029.95252 -0.00210279174252 0.00903647494032 3.93023749717e-05 -6.1541259207e-05
BPMYB.5R4.B1 10132.34302 -7.46972562658e-05 0.00927760921738 -2.90662752286e-05 -6.69862253924e-05
BPMYA.6R4.B1 10163.90702 -0.000275766907104 0.00927381070946 -4.36125570197e-05 -5.85657565189e-05
BPMCA.7R4.B1 10260.42302 -0.00324257224113 0.00869283254956 -6.75061377081e-05 2.78374774046e-05
BPMC.8R4.B1 10298.21203 -0.00388639767893 0.00842469735655 -1.73017918193e-05 7.094118333e-05
BPMC.9R4.B1 10337.27704 -0.000199699797758 0.0092757604791 7.08942916646e-05 1.74929350735e-05
BPMC.10R4.B1 10377.74005 0.00471223325582 0.00799215053644 1.51313200573e-05 -7.14356110382e-05
BPM.11R4.B1 10429.57876 0.00379339839735 0.00846697945412 -6.87030538619e-05 -2.47364834853e-05
BPM.12R4.B1 10484.30227 0.0046089419505 0.00805215912325 -2.59621992062e-05 6.82493055945e-05
BPM.13R4.B1 10537.75079 0.00385749697815 0.0084379695147 6.87229153448e-05 2.46812513303e-05
BPM.14R4.B1 10591.19931 0.00552466573117 0.00745370250615 2.26139865239e-05 -6.9430621422e-05
BPM.15R4.B1 10644.64782 0.00490510981344 0.00787524667497 -6.96771953205e-05 -2.18424278166e-05
BPM.16R4.B1 10698.09634 0.00643273841865 0.0066857676409 -1.97471679753e-05 7.02997317739e-05
BPM.17R4.B1 10751.54485 0.00587226053126 0.00718304731406 7.05143432998e-05 1.89665734075e-05
BPM.18R4.B1 10804.99337 0.00723513993244 0.0058079568343 1.68482294185e-05 -7.1050263991e-05
BPM.19R4.B1 10858.44189 0.00674282961395 0.0063729005336 -7.12328039335e-05 -1.60589963556e-05
BPM.20R4.B1 10911.8904 0.00791864514664 0.00483473592231 -1.39197283993e-05 7.16815521107e-05
BPM.21R4.B1 10965.33892 0.00750268097101 0.005457965808 7.18314536893e-05 1.3124230771e-05
BPM.22R4.B1 11018.78743 0.00847205032521 0.00378205972135 1.096911889e-05 -7.21919800329e-05
BPM.23R4.B1 11072.23595 0.00813920504434 0.00445342045315 -7.2309233179e-05 -1.01675205028e-05
BPM.24R4.B1 11125.68447 0.00898014210408 0.00264936708755 -8.0929967935e-06 -2.29907496907e-05
BPM.25R4.B1 11179.13298 0.00873705161067 0.00336541636045 -2.28995680162e-05 8.34751088913e-06
BPM.26R4.B1 11232.5815 0.00924527279103 0.0014788607824 9.02910604298e-06 2.26394863245e-05
BPM.27R4.B1 11286.03001 0.0090957809366 0.00222010524051 2.25379868518e-05 -9.27955790257e-06
BPM.28R4.B1 11339.47853 0.00945240407092 0.000266156707052 -1.00428462223e-05 -0.000117824077398
BPM.29R4.B1 11392.92705 0.00940009611934 0.00102809293928 -0.00011770534817 1.13500193787e-05
BPM.30R4.B1 11446.37556 0.0094087945738 -0.000945180862289 1.48683848694e-05 0.000117312849603
BPM.31R4.B1 11499.82408 0.00945438286659 -0.000182829877515 0.000117140912635 -1.6167248886e-05
BPM.32R4.B1 11553.27259 0.00921059044163 -0.00214098245244 -1.96646202494e-05 -0.000116604780975
BPM.33R4.B1 11606.72111 0.00935332317144 -0.00139072922019 -0.000116379318696 2.09577535264e-05
BPM.34R4.B1 11660.16962 0.00886104883418 -0.00330160502028 2.44319692027e-05 0.000115699829147
BPM.33L5.B1 11713.61814 0.00909858647038 -0.00257575355132 0.000115422042184 -2.57123374954e-05
BPM.32L5.B1 11767.06666 0.00836590765842 -0.00440798947612 -2.9154188162e-05 -0.00011460107224
BPM.31L5.B1 11820.51517 0.00869433074268 -0.00371852055006 -0.00011427039507 3.04244847772e-05
BPM.30L5.B1 11873.96369 0.00773331949005 -0.00544192538143 3.38311228105e-05 0.000113308553389
BPM.29L5.B1 11927.4122 0.0081472646757 -0.00480008962471 0.000112926752907 -3.50844819051e-05
BPM.28L5.B1 11980.86072 0.00697364152227 -0.00638647837353 -3.84476885387e-05 -0.000111826422082
BPM.27L5.B1 12034.30924 0.00746625485207 -0.00580291483532 -0.000111392790345 3.96865180128e-05
BPM.26L5.B1 12087.75775 0.00619328400893 -0.00724402580074 4.29084243794e-05 1.45819322164e-05
BPM.25L5.B1 12141.20627 0.00675765377173 -0.00672062438889 1.41053548543e-05 -4.3067445907e-05
BPM.24L5.B1 12194.65478 0.00521571519303 -0.00797677827469 -4.34702812413e-05 -1.28101471e-05
BPM.23L5.B1 12248.1033 0.00584242853109 -0.00752985427756 -1.23271322274e-05 4.36097207518e-05
BPM.22L5.B1 12301.55182 0.00424636214646 -0.00859638416609 4.38655951971e-05 -8.45581070819e-05
BPM.21L5.B1 12355.00033 0.00492615654596 -0.00822571540635 -8.50393806088e-05 -4.29251423154e-05
BPM.20L5.B1 12408.44885 0.00311178293052 -0.00906897012865 -4.03607296144e-05 8.62860044529e-05
BPM.19L5.B1 12461.89736 0.00383355838852 -0.00878824455376 8.67282937749e-05 3.94013587184e-05
BPM.18L5.B1 12515.34588 0.00192616862129 -0.00939251226528 3.67884961794e-05 -8.78684825855e-05
BPM.17L5.B1 12568.79439 0.00267776280902 -0.00920646504453 -8.82710434278e-05 -3.58118230133e-05
BPM.16L5.B1 12622.24291 0.000708811986827 -0.00956174658561 -3.31540907079e-05 8.93032459676e-05
BPM.15L5.B1 12675.69143 0.00147819892401 -0.00947334894117 8.96654557373e-05 3.21616184081e-05
BPM.14L5.B1 12729.13994 -0.000520101774049 -0.00957386580012 2.946389679e-05 -9.05877595852e-05
BPM.13L5.B1 12782.58846 0.000254102781241 -0.00958461496275 -9.09088993149e-05 -2.84576088165e-05
BPM.12L5.B1 12836.03697 -0.000335445306031 -0.00958211295411 -1.68294733316e-05 9.37605046125e-05
BPM.11L5.B1 12889.48549 0.00204126963385 -0.00936817114132 9.51070767702e-05 5.37659878823e-06
BPM.10L5.B1 12942.2662 0.000848969184495 -0.00955032269222 5.98366921414e-07 -9.52570494757e-05
BPM.9L5.B1 12981.33121 0.00235595297124 -0.00929402484368 -9.43420261932e-05 -1.31850383148e-05
BPM.8L5.B1 13021.79422 -0.00365279114 -0.00886490434991 3.32217311826e-05 8.92781072335e-05
BPMR.7L5.B1 13060.86023 0.00190330342328 -0.00939717235825 9.17664325719e-05 -2.55574973791e-05
BPM.6L5.B1 13097.75423 0.00165375031839 -0.00944428515531 4.80102265429e-05 -8.22756438327e-05
BPMR.5L5.B1 13129.65423 0.00224815526775 -0.00932068721386 2.15469571717e-06 -9.52345573777e-05
BPMYA.4L5.B1 13157.06023 0.00201811963788 -0.0093731854423 -3.58343798556e-05 -8.82618856052e-05
BPMWB.4L5.B1 13178.19473 0.00332700027086 -0.0089922456263 -6.56646782033e-05 -6.9010243949e-05
BPMSY.4L5.B1 13270.97473 0.00405179959504 -0.00868978321087 -6.36681212732e-05 7.08564313729e-05
BPMS.2L5.B1 13297.76023 0.00488945024294 -0.00824758683721 -2.65595064759e-05 9.14814360237e-05
BPMSW.1L5.B1 13307.81423 0.00518508009826 -0.0080650081574 -6.62243326428e-09 9.52589288072e-05
BPMSW.1R5.B1 13350.76423 0.00518502922217 -0.00806504086621 -9.0339116358e-05 -3.02176736944e-05
BPMS.2R5.B1 13360.81823 0.00488941012235 -0.00824761062173 -9.51815811475e-05 -3.83816645045e-06
BPMSY.4R5.B1 13387.60373 0.00405178452202 -0.00868979023888 -8.73961126662e-05 3.78970053856e-05
BPMWT.A4R5.B1 13478.00823 0.00346548504427 -0.00893978890208 4.08255256854e-05 8.60670667425e-05
BPMWT.B4R5.B1 13479.99023 0.00335032239199 -0.0089835823629 4.39907799785e-05 8.44930481381e-05
BPMWB.4R5.B1 13480.38373 0.00332714027456 -0.00899219382643 4.46099758376e-05 8.41677691667e-05
BPMYA.4R5.B1 13501.51623 0.00201840032765 -0.0093731250033 7.2329490873e-05 6.1989584071e-05
BPM.5R5.B1 13522.63423 0.00195436453598 -0.00938668586198 8.78991913706e-05 3.67150578432e-05
BPMWT.A6R5.B1 13543.69223 0.00247781102388 -0.00926228183218 9.49405356791e-05 7.78191558668e-06
BPMWT.B6R5.B1 13549.51423 0.00233873676308 -0.00929837203935 9.52557394185e-05 -7.79178898155e-07
BPMR.6R5.B1 13554.53423 0.00209658203611 -0.00935594762494 9.48603553353e-05 -8.70491681948e-06
BPM_A.7R5.B1 13588.54823 0.00123519106715 -0.00950808683383 6.96941719603e-05 -6.49383236235e-05
BPM.8R5.B1 13629.98722 -0.00144524833898 -0.00947843180344 -4.69275692501e-05 -8.28979275723e-05
BPM.9R5.B1 13669.05421 -0.00122089553935 -0.00950993303254 -6.39647293509e-05 7.05887855267e-05
BPM.10R5.B1 13709.5192 0.00263655370661 -0.00921835108319 8.06719090391e-05 5.06587234959e-05
BPM.11R5.B1 13762.30189 -0.000775971058919 -0.0095565308091 3.80791135674e-05 -8.73169209779e-05
BPM.12R5.B1 13817.02837 0.00139189324066 -0.00948641372856 -8.77074896879e-05 -3.71706780948e-05
BPM.13R5.B1 13870.47986 0.000541905936544 -0.00957265637908 -4.22569016177e-05 8.53733995448e-05
BPM.14R5.B1 13923.93134 0.0013130513062 -0.00949764752213 8.58421011276e-05 4.12964388611e-05
BPM.15R5.B1 13977.38283 -0.000686886410792 -0.00956334665835 3.86987802831e-05 -8.70440542029e-05
BPM.16R5.B1 14030.83431 8.71396894376e-05 -0.0095875867085 -8.74721196473e-05 -3.77212379635e-05
BPM.17R5.B1 14084.28579 -0.00190470355806 -0.00939688866536 -3.507638611e-05 8.85658561692e-05
BPM.18R5.B1 14137.73728 -0.00113996608009 -0.00951997319005 8.89533537983e-05 3.40817215028e-05
BPM.19R5.B1 14191.18876 -0.00309112179126 -0.00907603317905 3.13936434729e-05 -8.99372161693e-05
BPM.20R5.B1 14244.64025 -0.00234857470108 -0.00929589205428 -9.02832321207e-05 -3.038424025e-05
BPM.21R5.B1 14298.09173 -0.00422683017248 -0.00860600481514 -2.76584406499e-05 9.115521698e-05
BPM.22R5.B1 14351.54322 -0.00351836413463 -0.00891911015913 9.14594683276e-05 2.66351219314e-05
BPM.23R5.B1 14404.9947 -0.00529300868884 -0.00799459012346 2.38749354949e-05 -9.22184935277e-05
BPM.24R5.B1 14458.44618 -0.00475936967013 -0.00840388210964 -9.44494765585e-05 0.000106281450318
BPM.25R5.B1 14511.89767 -0.00639993137001 -0.00723309840468 0.000109071033519 9.12138144732e-05
BPM.26R5.B1 14565.34915 -0.00579526482101 -0.00772604296086 8.99849622719e-05 -0.000110087040151
BPM.27R5.B1 14618.80064 -0.00727272638802 -0.00635486309693 -0.000112740757224 -8.66370201513e-05
BPM.28R5.B1 14672.25212 -0.00686494099971 -0.00692934368802 -8.73412479539e-05 0.000242828077705
BPM.29R5.B1 14725.7036 -0.00815360472412 -0.00535368553533 0.000245343159793 8.00043934229e-05
BPM.30R5.B1 14779.15509 -0.00769494100891 -0.00599425572801 7.72456884167e-05 -0.000246225651101
BPM.31R5.B1 14832.60657 -0.00877156939546 -0.00426647270346 -0.000248434499773 -6.98159762392e-05
BPM.32R5.B1 14886.05806 -0.00839856827475 -0.00496057151628 -6.70333496248e-05 0.000249199725609
BPM.33R5.B1 14939.50954 -0.00924525124003 -0.00310942895698 0.000251101881118 5.95131362866e-05
BPM.34R5.B1 14992.96102 -0.0089641393009 -0.00384544217154 5.66906193308e-05 -0.000251754137001
BPM.33L6.B1 15046.41251 -0.00956708601617 -0.00190107444709 -0.00025334295511 -4.91051491896e-05
BPM.32L6.B1 15099.86399 -0.0093824265745 -0.00266707526205 -4.62691612783e-05 0.000253876221042
BPM.31L6.B1 15153.31548 -0.00973167439513 -0.000661613448414 0.000255152322787 3.86168534833e-05
BPM.30L6.B1 15206.76696 -0.00964652630202 -0.001444904567 3.57501543125e-05 -0.000255569745563
BPM.29L6.B1 15260.21845 -0.00973635343813 0.000588761931447 -0.000256527944152 -2.80603617822e-05
BPM.28L6.B1 15313.66993 -0.00975210870305 -0.000198984314736 -2.51898852889e-05 0.00025682569991
BPM.27L6.B1 15367.12141 -0.00958102773592 0.00182951534545 0.000257466876269 1.74577872111e-05
BPM.26L6.B1 15420.5729 -0.00982636618551 0.00104209239708 1.26025989263e-05 -0.000128524264832
BPM.25L6.B1 15474.02438 -0.00939609061815 0.00305890667173 -0.000128844798641 -8.7367746835e-06
BPM.24L6.B1 15527.47587 -0.0096123184999 0.00229058115108 -7.29381105872e-06 0.000128934531203
BPM.23L6.B1 15580.92735 -0.00892754141307 0.00423585095199 0.000129095497141 3.41570224235e-06
BPM.22L6.B1 15634.37883 -0.00936922656324 0.00349335085479 8.81822454117e-10 4.54096672631e-10
BPM.21L6.B1 15687.83032 -0.00844011623324 0.00536193478383 4.34924110462e-10 -8.89381776075e-10
BPM.20L6.B1 15741.2818 -0.00884535203689 0.00466322356232 -8.91532157298e-10 -4.23800917951e-10
BPM.19L6.B1 15794.73329 -0.00768483861641 0.0063975903415 -3.96755110123e-10 9.05817823619e-10
BPM.18L6.B1 15848.18477 -0.00817612472206 0.00575646517461 9.0826677466e-10 3.94966652716e-10
BPM.17L6.B1 15901.63625 -0.00680326615809 0.00732812911027 3.56997027493e-10 -9.20004158142e-10
BPM.16L6.B1 15955.08774 -0.00737253898598 0.00675511477795 -9.29796536155e-10 -3.46392453937e-10
BPM.15L6.B1 16008.53922 -0.00580991457892 0.0081382307213 -3.22114729054e-10 9.35923063571e-10
BPM.14L6.B1 16061.99071 -0.00644780509001 0.00764275579904 9.41389583705e-10 3.10971619162e-10
BPM.13L6.B1 16115.44219 -0.00472106630501 0.0088146151161 2.78599017865e-10 -9.49453107641e-10
BPM.12L6.B1 16168.89367 -0.00541701061683 0.00840487374131 -9.51352810918e-10 -2.73539482951e-10
BPM.11L6.B1 16222.34516 -0.0040222302556 0.00915464747838 -2.08625621254e-10 9.65934288176e-10
BPM.10L6.B1 16274.18585 -0.00473903269382 0.00880496881446 9.77508179759e-10 1.50890690259e-10
BPM.9L6.B1 16313.25284 -0.000338177520966 0.00999357506997 4.19830668841e-10 -8.97511161689e-10
BPM.8L6.B1 16353.71783 0.00244898421656 0.0096947605952 -8.66205888263e-10 -4.7573985122e-10
BPMYA.5L6.B1 16450.80782 0.00884975113856 0.00465486965137 7.31956837363e-11 9.83639942494e-10
BPMYB.4L6.B1 16487.20782 0.008706035148 0.00491842030202 2.66578419969e-10 9.49532944197e-10
BPMSA.B4L6.B1 16519.19832 0.00919925941657 0.00391912399173 4.93506427352e-10 8.58912763653e-10
BPMSA.A4L6.B1 16519.78332 0.00920795975566 0.00389863871503 4.93740887393e-10 8.58892761888e-10
BPMSE.4L6.B1 16616.45832 0.00998971398538 0.000437631339122 9.81582128413e-10 1.22688557983e-10
BPMSA.4R6.B1 16708.02832 0.00994462945037 0.00104415122809 6.11878093976e-10 -7.815370821e-10
BPMSB.A4R6.B1 16804.83832 0.00848153864416 0.00529616926812 -3.40182521079e-10 -9.29034455984e-10
BPMSB.B4R6.B1 16805.47332 0.00846763457933 0.00531837111549 -3.47091439986e-10 -9.26311055689e-10
BPMYA.4R6.B1 16830.80782 0.00792774690805 0.00609399176641 -5.14418666309e-10 -8.42657560442e-10
BPMYB.5R6.B1 16867.20782 0.00792730853033 0.00609456197625 -7.2529530822e-10 -7.1124630809e-10
BPM.8R6.B1 16962.93481 0.00346019282745 0.00938152291903 -3.05209423453e-10 9.40135595684e-10
BPM.9R6.B1 17002.0018 0.00172976410136 0.00984854419871 9.88187017665e-10 -6.31939619377e-11
BPM.10R6.B1 17042.46678 0.00758675682572 0.00651360326799 -2.73348332844e-11 -9.84450112805e-10
BPM.11R6.B1 17094.30747 0.00751961701566 0.0065909989122 -9.68244952947e-10 -2.14674575097e-10
BPM.12R6.B1 17149.03396 0.00791878794226 0.00610562889579 -2.63167278259e-10 9.60198287285e-10
BPM.13R6.B1 17202.48544 0.00736700200726 0.00676115286496 9.56929405081e-10 2.51046829677e-10
BPM.14R6.B1 17255.93693 0.00860990069296 0.00508483203731 2.26833349063e-10 -9.67181610027e-10
BPM.15R6.B1 17309.38841 0.00817140122724 0.00576316828103 -9.63717689513e-10 -2.13246431907e-10
BPM.16R6.B1 17362.83989 0.00918963769295 0.00394163236665 -1.84140495385e-10 9.75348308841e-10
BPM.17R6.B1 17416.29138 0.00884152417755 0.00467047716323 9.77102899152e-10 1.69563195276e-10
BPM.18R6.B1 17469.74286 0.00961837668201 0.00273363067501 1.38467229626e-10 -9.83489978821e-10
BPM.19R6.B1 17523.19435 0.00936635862688 0.00350103309439 -9.79937653346e-10 -1.29305895002e-10
BPM.20R6.B1 17576.64583 0.0098890510937 0.00148073465651 -1.04116204369e-10 9.81706363661e-10
BPM.21R6.B1 17630.09731 0.00973727668375 0.00227406012659 9.83096026366e-10 9.43265225425e-11
BPM.22R6.B1 17683.5488 0.00999722466772 0.000203483807696 6.10432926345e-11 -9.86808373638e-10
BPM.23R6.B1 17737.00028 0.00994818473397 0.00100971637565 -9.94327010832e-10 -4.72977223558e-11
BPM.24R6.B1 17790.45177 0.00983334532112 -0.00105652552133 1.21592537306e-07 0.000109672920837
BPM.25R6.B1 17843.90325 0.00988653787042 -0.000259413395586 0.000109664683593 -1.34951149901e-06
BPM.26R6.B1 17897.35474 0.00961739175428 -0.00230579752712 -4.64253624468e-06 -0.000109574688032
BPM.27R6.B1 17950.80622 0.0097721178706 -0.00152205080457 -0.000109515753354 5.87078827342e-06
BPM.28R6.B1 18004.2577 0.00913564149587 -0.00349657130166 9.28259259423e-06 0.000218958856567
BPM.29R6.B1 18057.70919 0.00938806327989 -0.00274776714045 0.000218841304529 -1.17316757447e-05
BPM.30R6.B1 18111.16067 0.00861327112032 -0.00463654149571 -1.82976345808e-05 -0.000218390351136
BPM.31R6.B1 18164.61216 0.00895936751009 -0.00392628199653 -0.000218171307164 2.07467940938e-05
BPM.32R6.B1 18218.06364 0.00794937121753 -0.00570030294506 2.72951007291e-05 0.000217449137765
BPM.33R6.B1 18271.51512 0.0083835579026 -0.00504003108233 0.000217130127585 -2.97263827889e-05
BPM.34R6.B1 18324.96661 0.00715481871504 -0.00667042169025 -3.62336636965e-05 -0.000216139474325
BPM.33L7.B1 18378.41809 0.0076698000523 -0.0060712538705 -0.000215719394143 3.86560913705e-05
BPM.32L7.B1 18431.86958 0.00624273352665 -0.00753088537435 4.51217163022e-05 0.000214460206725
BPM.31L7.B1 18485.32106 0.00683026860729 -0.00700238439118 0.000213941813494 -4.75189460139e-05
BPM.30L7.B1 18538.77254 0.00522799710947 -0.00826764795047 -5.39233656636e-05 -0.00021241803353
BPM.29L7.B1 18592.22403 0.00587815107438 -0.00781877843934 -0.000211799917285 5.63022776724e-05
BPM.28L7.B1 18645.67551 0.00412744659808 -0.00886849147222 6.26412340805e-05 0.000210012440873
BPM.27L7.B1 18699.127 0.00482986636146 -0.00850637098631 0.000209298019247 -6.49883763658e-05
BPM.26L7.B1 18752.57848 0.00285127978821 -0.00930304736025 -7.11262762992e-05 -9.75799582806e-05
BPM.25L7.B1 18806.02997 0.00359281225514 -0.00904257632961 -9.6776618128e-05 7.22155245252e-05
BPM.24L7.B1 18859.48145 0.00163783428041 -0.00959134951337 7.50904564106e-05 9.45633076979e-05
BPM.23L7.B1 18912.93293 0.00240665265616 -0.00942785816897 9.37162756467e-05 -7.61449618226e-05
BPM.22L7.B1 18966.38442 0.000289643277195 -0.00970148689978 -7.88055400522e-05 1.82836370573e-05
BPM.21L7.B1 19019.8359 0.00107177721207 -0.00964645193353 1.9165504288e-05 7.8595729003e-05
BPM.20L7.B1 19073.28739 -0.000953714177516 -0.0096588389863 7.7984447671e-05 -2.15181411512e-05
BPM.19L7.B1 19126.73887 -0.000171079243994 -0.00970430178769 -2.23904989552e-05 -7.77384768573e-05
BPM.18L7.B1 19180.19035 -0.00218160091534 -0.00945744990445 -7.70307202501e-05 2.47158448541e-05
BPM.17L7.B1 19233.64184 -0.00141110042913 -0.00960268383718 2.55773405348e-05 7.67489729105e-05
BPM.16L7.B1 19287.09332 -0.00337344588739 -0.00910069250761 7.59458522261e-05 -2.78717180507e-05
BPM.15L7.B1 19340.54481 -0.00262796233393 -0.00934326256086 -2.87209164783e-05 -7.56287930787e-05
BPM.14L7.B1 19393.99629 -0.00451003247916 -0.00859432070149 -7.47318559123e-05 3.09799066972e-05
BPM.13L7.B1 19447.44777 -0.00380160695921 -0.00893031499094 3.18151788768e-05 7.43801008529e-05
BPM.12L7.B1 19500.89926 -0.00556444795933 -0.00795233677391 7.33701616301e-05 -3.40796807511e-05
BPM.11L7.B1 19554.35074 -0.00482723595173 -0.00842024550576 -3.46060679819e-05 -7.31233552417e-05
BPM.10L7.B1 19607.13343 -0.00739198108685 -0.00628978194231 -7.57519834685e-05 2.83943939466e-05
BPM.9L7.B1 19646.20042 -0.00795018807055 -0.00556751748683 -1.23710395082e-05 7.99472462094e-05
BPM.8L7.B1 19686.66541 -0.00955608761277 0.00169821401456 7.93668203757e-05 1.56688406378e-05
BPM.7L7.B1 19725.7314 -0.00942320351903 0.00232507564843 5.69143752757e-05 -5.74922471732e-05
BPM.6L7.B1 19760.5494 -0.00963469299249 0.00117278820971 5.9927177336e-06 -8.06764719965e-05
BPMWC.6L7.B1 19772.6519 -0.00966398865432 -0.000900035903298 -1.88241760994e-05 -7.86781810126e-05
BPMWE.5L7.B1 19849.7059 -0.00881873003955 0.00405373183747 -7.03271887763e-05 3.99836423432e-05
BPMW.5L7.B1 19872.9109 -0.00549396826958 0.0080011907846 -2.94046508453e-05 7.53655824941e-05
BPMWE.4L7.B1 19907.9959 -0.00512145840376 0.00824459854186 8.66260222928e-06 8.04336022526e-05
BPMW.4L7.B1 19936.1009 -0.00770728430592 0.00589919570525 4.80370365638e-05 6.50926093037e-05
BPMW.4R7.B1 20052.1479 -0.00612304276736 0.00753067649849 2.98255925586e-05 -7.51999955303e-05
BPMWE.4R7.B1 20080.2529 -0.00267729418338 0.00932924633364 -1.41992043601e-05 -7.96428741349e-05
BPMW.5R7.B1 20115.3379 -0.00266190533017 0.00933364887474 -4.49439941179e-05 -6.72654604201e-05
BPMWE.5R7.B1 20138.5429 -0.0054577994299 0.00802590597419 -6.97385219342e-05 -4.10017518106e-05
BPMR.6R7.B1 20217.7584 -0.00864224439966 0.00441750530371 -3.4211852772e-05 7.33086231132e-05
BPM_A.7R7.B1 20255.7944 -0.00758459606428 0.00605612449101 3.21309735908e-05 7.42442307638e-05
BPM.8R7.B1 20294.86039 -0.00468749016323 0.00849883387386 8.08948958229e-05 -7.87713972336e-07
BPM.9R7.B1 20333.92738 0.00159985044021 0.00957304653276 1.21066874149e-05 -7.99877075222e-05
BPM.10R7.B1 20374.39237 0.00360784280948 0.00901033914763 -6.67088846298e-05 -4.57660335365e-05
BPM.11R7.B1 20427.17506 0.00485094870283 0.00840660680564 -5.15569185081e-05 6.23417121372e-05
BPM.12R7.B1 20481.90154 0.0044308068443 0.00863543235868 6.36326470089e-05 4.99548903821e-05
BPM.13R7.B1 20535.35303 0.00626616643158 0.00741201049085 4.70840018443e-05 -6.57852663862e-05
BPM.14R7.B1 20588.80451 0.0056474646092 0.00789359770943 -6.630861523e-05 -4.63440644289e-05
BPM.15R7.B1 20642.25599 0.00716285831501 0.0065495192257 -4.43306608299e-05 6.7671245395e-05
BPM.16R7.B1 20695.70748 0.00661090439417 0.00710624263464 6.81636407161e-05 4.356975397e-05
BPM.17R7.B1 20749.15896 0.00794189167897 0.00557934564359 4.15026246628e-05 -6.94416055608e-05
BPM.18R7.B1 20802.61045 0.00746563494205 0.00620217996058 -6.99022983042e-05 -4.07219127087e-05
BPM.19R7.B1 20856.06193 0.00859036761868 0.00451755747278 -3.86029797915e-05 7.10943995167e-05
BPM.20R7.B1 20909.51341 0.00819774144035 0.00519613092003 7.15224053048e-05 3.78041124331e-05
BPM.21R7.B1 20962.9649 0.00909771329934 0.00338147217005 3.56387715194e-05 -7.26256413589e-05
BPM.22R7.B1 21016.41638 0.00879509592964 0.00410475685927 -7.30204328493e-05 -3.4822713373e-05
BPM.23R7.B1 21069.86787 0.00945553862348 0.00218987000563 -3.26126960756e-05 7.40338927864e-05
BPM.24R7.B1 21123.31935 0.00916769773791 0.00294078942507 7.31697243901e-05 0.000112157403241
BPM.25R7.B1 21176.77083 0.00957843471188 0.000973916187438 0.000109909529488 -7.65048193356e-05
BPM.26R7.B1 21230.22232 0.00946857559548 0.00174384646055 -7.7731013036e-05 -0.00010904577573
BPM.27R7.B1 21283.6738 0.00962432492031 -0.000259411083729 -0.000106660133625 8.09734965854e-05
BPM.28R7.B1 21337.12529 0.00953360782098 0.000513161858076 8.09398634056e-05 0.000186120475778
BPM.29R7.B1 21390.57677 0.00943250537028 -0.00147677202831 0.000183606520024 -8.64912600581e-05
BPM.30R7.B1 21444.02826 0.00952092252893 -0.000710666831256 -8.85412764332e-05 -0.000182626767009
BPM.31R7.B1 21497.47974 0.00916607054271 -0.00267135995034 -0.000179882319462 9.39917377734e-05
BPM.32R7.B1 21550.93122 0.00935178625324 -0.00192278627498 9.60027437083e-05 0.000178817130886
BPM.33R7.B1 21604.38271 0.00874905462871 -0.00382191787749 0.000175854238255 -0.000101328091789
BPM.34R7.B1 21657.83419 0.00902895944406 -0.0031033698679 -0.000103290692869 -0.00017470869273
BPM.33L8.B1 21711.28568 0.00818818343974 -0.00490985388264 -0.000171524483445 0.000108496299897
BPM.32L8.B1 21764.73716 0.0085577961067 -0.00423286415103 0.000110412349235 0.000170297403812
BPM.31L8.B1 21818.18864 0.00749289295066 -0.00591688840288 0.00016690553632 -0.000115475692627
BPM.30L8.B1 21871.64013 0.00794594089779 -0.00529292323693 -0.000117337547747 -0.000165601914643
BPM.29L8.B1 21925.09161 0.00667428123502 -0.00682693073061 -0.000161999834572 0.000122262627744
BPM.28L8.B1 21978.5431 0.00720361394863 -0.00626585662762 0.000124070725305 0.000160619265828
BPM.27L8.B1 22031.99458 0.0057462427782 -0.00762454635412 0.000156821264894 -0.000128837827614
BPM.26L8.B1 22085.44606 0.00626255917555 -0.00714101415891 -0.000131811662982 -7.49912785983e-05
BPM.25L8.B1 22138.89755 0.00464401794285 -0.00828533813735 -7.09960883235e-05 0.000134005825291
BPM.24L8.B1 22192.34903 0.0052976960944 -0.0078834095961 0.000134792820738 6.94902986545e-05
BPM.23L8.B1 22245.80052 0.00354603985472 -0.00881131840652 6.54103470391e-05 -0.000136819196039
BPM.22L8.B1 22299.252 0.00416534181881 -0.00850145858565 -0.000138768357581 1.65027737608e-05
BPM.21L8.B1 22352.70349 0.00231017403251 -0.00918084781032 2.06648199121e-05 0.000138209853604
BPM.20L8.B1 22406.15497 0.00304371827796 -0.0089644101673 0.000137969698519 -2.22117365134e-05
BPM.19L8.B1 22459.60645 0.00111670333074 -0.00940094911325 -2.63465442358e-05 -0.000137240145537
BPM.18L8.B1 22513.05794 0.00187174360957 -0.009280164137 -0.000136936321681 2.78826510879e-05
BPM.17L8.B1 22566.50942 -9.50857691169e-05 -0.00946656375118 3.19841539815e-05 0.000136036802482
BPM.16L8.B1 22619.96091 0.000669368434533 -0.00944334773568 0.000135669894048 -3.3506373371e-05
BPM.15L8.B1 22673.41239 -0.00130535706115 -0.00937661524485 -3.75673124511e-05 -0.000134601989068
BPM.14L8.B1 22726.86387 -0.000544375205271 -0.00945137694763 -0.000134172708493 3.90727842108e-05
BPM.13L8.B1 22780.31536 -0.0024941219456 -0.00913259143134 4.308592694e-05 0.000132938336311
BPM.12L8.B1 22833.76684 -0.00188968403759 -0.00927652762586 0.000132005141505 -4.58654529322e-05
BPM.11L8.B1 22887.21833 -0.0033103149621 -0.00886942418836 -5.69147522102e-05 -0.000127631142984
BPM.10L8.B1 22939.05902 -0.00202122907125 -0.00924875686756 -0.000124569446089 6.3336019902e-05
BPM.9L8.B1 22978.126 -0.00512622571386 -0.00795906278827 2.48946982166e-05 0.000137510916574
BPM.8L8.B1 23018.59099 -0.00518164363901 -0.00792309533936 0.000135953714537 -3.23355310247e-05
BPM.7L8.B1 23057.65898 -0.00921299865004 -0.00217842292053 -3.28217015029e-05 -0.000135837153079
BPMR.6L8.B1 23090.12798 -0.00889264714824 0.00324741393489 -0.000131553594141 -4.71450006851e-05
BPM.5L8.B1 23150.54698 -0.00544406756361 0.00774512743244 -3.45017006258e-06 0.000139703596983
BPMYB.4L8.B1 23171.31398 -0.00667025023857 0.00671808248905 7.73743361647e-05 0.000116370997951
BPMWB.4L8.B1 23195.70548 -0.00528272939134 0.00785605758295 0.000139536833738 7.6465838341e-06
BPMSX.4L8.B1 23245.93848 -0.00849070857248 0.00418721129578 -3.34313506295e-05 -0.000135688398263
BPMS.2L8.B1 23283.84998 -0.00849594143133 0.00417658348779 -0.000112854091771 -8.24193375305e-05
BPMSW.1L8.B1 23293.78398 -0.00833311135974 0.00449267467414 -0.000130309531036 -5.04819332603e-05
BPMSW.1R8.B1 23336.97398 -0.00833308088656 0.00449273119318 7.10652409556e-05 -0.000120327591117
BPMS.2R8.B1 23346.90798 -0.00849592182207 0.0041766233484 3.75826387539e-05 -0.000134597733671
BPMSX.4R8.B1 23384.81948 -0.00849071370773 0.00418720089119 -5.77673435775e-05 -0.000127247521594
BPMWB.4R8.B1 23434.97648 -0.00528206913595 0.00785650152569 -0.000105128653992 9.20704328821e-05
BPMYB.4R8.B1 23459.44398 -0.0066507763471 0.00673736183561 1.12286920528e-05 0.000139294347648
BPMYB.5R8.B1 23480.02098 -0.0048774932327 0.00811387270573 9.33099651718e-05 0.000104030050349
BPM.6R8.B1 23564.12898 -0.0067882301528 0.00659884852602 2.75369518114e-05 -0.000137006254721
BPM_A.7R8.B1 23586.36898 -0.00783392183276 0.00531549991452 -3.08441565458e-05 -0.00013629980321
BPM.8R8.B1 23627.80599 -0.00941810489246 0.000961338027287 -0.000139339875323 -1.06488148598e-05
BPM.9R8.B1 23666.871 -0.00926450269873 -0.00194778342885 6.16700774875e-05 0.000125402549626
BPM.10R8.B1 23707.33402 -0.00874528088016 0.00362559414182 9.47054146022e-05 -0.000102761285783
BPM.11R8.B1 23759.17273 -0.00944220349736 -0.000685320079425 -0.000115157800185 -7.91686718248e-05
BPM.12R8.B1 23813.89624 -0.00946703741175 -8.55588730652e-06 -7.68061929399e-05 0.000116746768251
BPM.13R8.B1 23867.34476 -0.00936416802022 -0.00139184332149 0.000121179583796 6.96024910503e-05
BPM.14R8.B1 23920.79327 -0.00944914908563 0.00058176639683 6.59442447995e-05 -0.000123208586073
BPM.15R8.B1 23974.24179 -0.00946527899957 -0.000182658270893 -0.000123932142293 -6.4574165792e-05
BPM.16R8.B1 24027.69031 -0.00929710124664 0.00178571525498 -6.08382012199e-05 0.000125808234543
BPM.17R8.B1 24081.13882 -0.00941088169724 0.00102964858915 0.000126475363583 5.94388897128e-05
BPM.18R8.B1 24134.58734 -0.00899228933501 0.00296033833319 5.56256563547e-05 -0.000128198218684
BPM.19R8.B1 24188.03585 -0.00920186272381 0.00222499281537 -0.0001288070434 -5.42009698756e-05
BPM.20R8.B1 24241.48437 -0.00853973868719 0.0040862860571 -5.03236942127e-05 0.000130370713784
BPM.21R8.B1 24294.93289 -0.00884162608305 0.00338386151893 0.000130920950279 4.88743657798e-05
BPM.22R8.B1 24348.3814 -0.00794684848676 0.005145140401 4.49329717318e-05 -0.000132325462513
BPM.23R8.B1 24401.82992 -0.00833616169581 0.00448701223178 -0.000132815464956 -4.34632145624e-05
BPM.24R8.B1 24455.27843 -0.0070703432573 0.00609009951523 -3.96221460256e-05 -2.17859176018e-05
BPM.25R8.B1 24508.72695 -0.00753873917287 0.00549967977285 -2.13453961206e-05 3.98611903678e-05
BPM.26R8.B1 24562.17546 -0.00623318284654 0.00694453004546 4.04821530696e-05 2.01428745028e-05
BPM.27R8.B1 24615.62398 -0.00677327097613 0.00641886798943 1.96924910359e-05 -4.07031466158e-05
BPM.28R8.B1 24669.0725 -0.00514064309936 0.00765549333282 -4.14280466666e-05 -0.000174303732459
BPM.29R8.B1 24722.52101 -0.00574171531237 0.00721564237409 -0.000173834063646 4.33565607028e-05
BPM.30R8.B1 24775.96953 -0.00411906675674 0.00825021688822 4.85387670021e-05 0.000172458872273
BPM.31R8.B1 24829.41804 -0.00477134956747 0.00789094499907 0.000171909507433 -5.04499324089e-05
BPM.32R8.B1 24882.86656 -0.00302993778291 0.00870932067838 -5.55721115612e-05 -0.000170322676282
BPM.33R8.B1 24936.31508 -0.0037229434947 0.0084363784534 -0.000169696348954 5.74562825031e-05
BPM.34R8.B1 24989.76359 -0.00189086128136 0.00902537718055 6.25088748087e-05 0.000167900909307
BPM.33L1.B1 25043.21211 -0.00261296334813 0.00884337108922 0.000167197036689 -6.4367892899e-05
BPM.32L1.B1 25096.66062 -0.000720913376831 0.00919309923539 -6.93423706631e-05 -0.000165195976353
BPM.31L1.B1 25150.10914 -0.00146048548964 0.00910493117921 -0.000164417032933 7.11696145443e-05
BPM.30L1.B1 25203.55766 0.000461106869235 0.00920978664817 7.6058443423e-05 0.000162213399234
BPM.29L1.B1 25257.00617 -0.000283557122636 0.00921696180969 0.000161359915045 -7.78527570935e-05
BPM.28L1.B1 25310.45469 0.00163530050713 0.00907516291229 -8.26462277993e-05 -0.000158958092567
BPM.27L1.B1 25363.9032 0.000897575173995 0.00917753498754 -0.000158031608428 8.44042875908e-05
BPM.26L1.B1 25417.35172 0.00293586477923 0.00876218730756 8.89426009138e-05 -4.0370694953e-07
BPM.25L1.B1 25470.80023 0.00221913248258 0.00897054510423 -1.38996947917e-06 -8.89326573204e-05
BPM.24L1.B1 25524.24875 0.00403247320675 0.00831470915081 -8.88512228843e-05 4.0508213523e-06
BPM.23L1.B1 25577.69727 0.00334840430719 0.00861297956722 5.03606967332e-06 8.88008295558e-05
BPM.22L1.B1 25631.14578 0.00521607549209 0.00770133770059 8.84586962376e-05 -0.000163530594206
BPM.21L1.B1 25684.5943 0.00457743965078 0.00809722743584 -0.000164501857535 -8.66391050311e-05
BPM.20L1.B1 25738.04281 0.00615828076225 0.0069709127074 -8.16756848882e-05 0.00016702178727
BPM.19L1.B1 25791.49133 0.00557577624213 0.00744504971225 0.000167916918258 7.98191941798e-05
BPM.18L1.B1 25844.93985 0.00699947514724 0.00612579738055 7.47604908452e-05 -0.00017022944143
BPM.17L1.B1 25898.38836 0.00648221095941 0.00667075610311 -0.00017104845209 -7.28671557297e-05
BPM.16L1.B1 25951.83688 0.00772552875084 0.00518017870119 -6.77133206362e-05 0.000173153408675
BPM.15L1.B1 26005.28539 0.00728237493057 0.0057866277959 0.000173893273219 6.5790008042e-05
BPM.14L1.B1 26058.73391 0.00832474005075 0.0041493070425 6.05593269209e-05 -0.000175783282553
BPM.13L1.B1 26112.18243 0.00796269783402 0.00480764902115 -0.000176444487455 -5.86049410343e-05
BPM.12L1.B1 26165.63094 0.00824316203822 0.00430909799494 -3.60064150495e-05 0.000182402663047
BPM.11L1.B1 26219.07946 0.00692383791069 0.00621116047872 0.000185416802913 1.3704187656e-05
BPM.10L1.B1 26271.86017 0.0076487709492 0.00529285829229 4.38674165402e-06 -0.000185870794144
BPM.9L1.B1 26310.92518 0.00671028253465 0.0064412851367 -0.000183660102566 -2.891648538e-05
BPM.8L1.B1 26351.38819 0.00922798507206 0.00116719211927 6.18188067996e-05 0.000175344315692
BPMR.7L1.B1 26390.4542 0.0070144146792 0.00610868501454 0.00017994247589 -4.67750055189e-05
BPM.6L1.B1 26433.6382 0.006887142743 0.00625182459069 7.77908980559e-05 -0.00016886613342
BPMR.5L1.B1 26465.5382 0.00698114000398 0.00614668447937 -1.03106566466e-05 -0.000185636433823
BPMYA.4L1.B1 26486.6562 0.00693896380727 0.00619425758973 -6.69530353209e-05 -0.000173448806129
BPMWB.4L1.B1 26507.7887 0.00599041037492 0.00711568896294 -0.000125811273611 -0.000136889439955
BPMSY.4L1.B1 26600.5687 0.00538791970478 0.00758210836044 -0.000126638706877 0.000136124328324
BPMS.2L1.B1 26627.3542 0.00461355341207 0.00807670544442 -5.49190285404e-05 0.000177626280471
BPMSW.1L1.B1 26637.4082 0.00431791729408 0.00823854575435 -3.22958494481e-06 0.000185894499059
