BPMSW.1R1.B2 21.475 -0.00920404573108 -0.0030545616705 2.00445536987e-06 0.000113226073886
BPMS.2R1.B2 31.529 -0.00908732716365 -0.00338604348102 3.3486435081e-05 0.000108179569168
BPMSY.4R1.B2 58.3145 -0.00870888466719 -0.00426616134577 7.71620854105e-05 8.28865180899e-05
BPMWB.4R1.B2 151.1705 -0.00832801857258 -0.00496879376168 7.64845810529e-05 -8.35121019895e-05
BPMYA.4R1.B2 172.227 -0.00754220138919 -0.00609590050742 4.07451265662e-05 -0.000105659815358
BPMR.5R1.B2 199.635 -0.00768046557866 -0.00592074768783 -4.48393915069e-06 -0.000113155006052
BPM.6R1.B2 231.535 -0.00718692515329 -0.00651098392278 -5.91797348568e-05 -9.65500897774e-05
BPMRA.7R1.B2 259.259 -0.00662866345721 -0.00707853272571 -0.000101324235797 -5.0572345977e-05
BPM.8R1.B2 300.6960106 -0.00372408436164 -0.00895410522681 -7.10648072525e-05 8.81700357387e-05
BPM.9R1.B2 339.7610212 -0.00462442231037 -0.00852405555319 0.000103636258802 4.56474327314e-05
BPM.10R1.B2 380.2240318 -0.00777160255117 -0.00580060329711 2.20851613956e-05 -0.000111069382062
BPM.11R1.B2 433.0047424 -0.00392583362021 -0.00886750444975 -0.000112736922643 1.07027162666e-05
BPM.12R1.B2 487.7282583 -0.00529119400114 -0.00812699641636 1.99097177123e-05 0.000111479886721
BPM.13R1.B2 541.1767742 -0.00408972679492 -0.00879311887374 0.00011016920919 -2.62089122987e-05
BPM.14R1.B2 594.6252901 -0.00582555818904 -0.00775291406732 -2.94935486587e-05 -0.000109335684738
BPM.15R1.B2 648.073806 -0.00518096863307 -0.00819770509435 -0.000109002128916 3.07033868171e-05
BPM.16R1.B2 701.5223219 -0.00676944143519 -0.00694402386092 3.39512391011e-05 0.000108034600585
BPM.17R1.B2 754.9708378 -0.00618694857878 -0.00746769523244 0.00010765113441 -3.51481946596e-05
BPM.18R1.B2 808.4193537 -0.00760210744042 -0.00602102708937 -3.8354415728e-05 -0.000106550933905
BPM.19R1.B2 861.8678696 -0.00709146487415 -0.00661482658001 -0.00010611942504 3.95326411159e-05
BPM.20R1.B2 915.3163855 -0.00830985817003 -0.00499910612063 4.26902302538e-05 0.000104889019298
BPM.21R1.B2 968.7649014 -0.00787931068795 -0.0056534297473 0.000104408678695 -4.38519261596e-05
BPM.22R1.B2 1022.213417 -0.00888107114841 -0.00389504557104 -4.69572129533e-05 -0.000103049417646
BPM.23R1.B2 1075.661933 -0.00853780326119 -0.00459899122584 -0.000102522878027 4.80959651043e-05
BPM.24R1.B2 1129.110449 -0.00930391989758 -0.00272744065754 5.11396890003e-05 9.85501174839e-05
BPM.25R1.B2 1182.558965 -0.00905346426677 -0.0034693865045 9.79763182913e-05 -5.22305889084e-05
BPM.26R1.B2 1236.007481 -0.00957637423828 -0.00151489751544 -5.51395678732e-05 -9.6369193733e-05
BPM.27R1.B2 1289.455997 -0.00942289965107 -0.00228272208803 -9.57524578704e-05 5.62037452418e-05
BPM.28R1.B2 1342.904513 -0.00968904126512 -0.000277886814941 5.90413210644e-05 9.15400828322e-05
BPM.29R1.B2 1396.353029 -0.00963501355344 -0.00105889355463 9.08789862615e-05 -6.00539302567e-05
BPM.30R1.B2 1449.801545 -0.00964499224342 0.000963777136664 -6.27469022323e-05 -8.90409469617e-05
BPM.31R1.B2 1503.25006 -0.00969131051007 0.000182324914017 -8.83403707255e-05 6.37294467326e-05
BPM.32R1.B2 1556.698576 -0.00944245766336 0.00218968833206 6.63443749624e-05 8.63937946127e-05
BPM.33R1.B2 1610.147092 -0.00958836867255 0.00142053792225 8.56519600312e-05 -6.72993673261e-05
BPM.34R1.B2 1663.595608 -0.00908480052091 0.00337951789945 -6.98326011314e-05 -8.35994744118e-05
BPM.33L2.B2 1717.044124 -0.00932788650095 0.00263538898776 -8.28206862039e-05 7.07544839172e-05
BPM.32L2.B2 1770.49264 -0.00857782534205 0.00451393998103 7.32011506025e-05 8.06663214607e-05
BPM.31L2.B2 1823.941156 -0.00891412326085 0.00380698676726 7.98487937465e-05 -7.40920659002e-05
BPM.30L2.B2 1877.389672 -0.0079299816654 0.00557405889028 -7.64485248409e-05 -7.75956658191e-05
BPM.29L2.B2 1930.838188 -0.0083539248523 0.00491596189197 -7.67438519204e-05 7.73035951463e-05
BPM.28L2.B2 1984.286704 -0.00715173832092 0.00654273495599 7.95655298547e-05 7.43961711695e-05
BPM.27L2.B2 2037.73522 -0.00765641181609 0.00594424931426 7.35085182601e-05 -8.03863247201e-05
BPM.26L2.B2 2091.183735 -0.0062536781008 0.00740329395371 -8.2552622331e-05 -7.35575812569e-05
BPM.25L2.B2 2144.632251 -0.00683069980734 0.00687450298616 -7.26382148628e-05 8.33627221182e-05
BPM.24L2.B2 2198.080767 -0.0052551780276 0.00814250299692 8.54991069956e-05 7.0111025276e-05
BPM.23L2.B2 2251.529283 -0.00589513992653 0.00769185129644 6.91579809714e-05 -8.62718212508e-05
BPM.22L2.B2 2304.977799 -0.00416808997699 0.00874732692154 -8.83052724455e-05 -6.90328742406e-05
BPM.21L2.B2 2358.426315 -0.00486036987155 0.00838245233136 -6.80498175501e-05 8.90650425922e-05
BPM.20L2.B2 2411.874831 -0.00301476755139 0.00920868497363 9.10615669851e-05 6.53540376924e-05
BPM.19L2.B2 2465.323347 -0.00374807991028 0.00893535669835 6.43397961265e-05 -9.17809865169e-05
BPM.18L2.B2 2518.771863 -0.00181216533343 0.00951865322039 -9.36653351865e-05 -6.15642988877e-05
BPM.17L2.B2 2572.220379 -0.002574367564 0.00934137752269 -6.05220176419e-05 9.43421691282e-05
BPM.16L2.B2 2625.668894 -0.000579514479721 0.00967227301563 9.61110416279e-05 5.76717208691e-05
BPM.15L2.B2 2679.11741 -0.00135818502359 0.0095939582985 5.66022198549e-05 -9.67447520934e-05
BPM.14L2.B2 2732.565926 0.000662375753638 0.0096669519834 -9.83953614767e-05 -5.36815859164e-05
BPM.13L2.B2 2786.014442 -0.000119860439783 0.00968887691125 -5.2587052102e-05 9.89846477306e-05
BPM.12L2.B2 2839.462958 0.00210744670514 0.00945766200964 9.98402107374e-05 5.0944001058e-05
BPM.11L2.B2 2892.911474 0.00025987363816 0.00968613276906 6.03339433358e-05 -9.4462555263e-05
BPM.10L2.B2 2944.750185 0.00104495559299 0.0096331080231 -8.15866171888e-05 -7.685689784e-05
BPM.9L2.B2 2983.815195 0.00295285291952 0.00922872483058 -9.1842097911e-05 6.42525255348e-05
BPM.8L2.B2 3024.278206 0.00630041151867 0.0073616246126 0.000110397996846 1.9381471034e-05
BPM.7L2.B2 3063.344216 -0.00375372943565 0.00893298481148 4.1445929878e-06 -0.00011200973838
BPM.6L2.B2 3095.450216 -0.00459520893322 0.00853069499663 -4.81265062844e-05 -0.00010122844269
BPMYB.5L2.B2 3167.649216 -0.00229591919619 0.0094136845798 -0.000103886017334 4.20839095788e-05
BPMYB.4L2.B2 3188.219216 -0.00043523096126 0.00967983865268 -5.98593264854e-05 9.47640261838e-05
BPMWB.4L2.B2 3212.610716 -0.00224238678443 0.00942657964639 4.00811763125e-05 0.000104675011205
BPMSX.4L2.B2 3262.843716 0.00274360390287 0.00929308021884 8.84101179659e-05 -6.88985481546e-05
BPMS.2L2.B2 3300.755216 0.00275516163522 0.00928966020665 2.3404989327e-05 -0.000109615536402
BPMSW.1L2.B2 3310.689216 0.00240434765454 0.00938657630303 -5.694926195e-06 -0.000111941621256
BPMSW.1R2.B2 3353.879216 0.00240442117729 0.00938655747016 0.00011137089044 1.26444883873e-05
BPMS.2R2.B2 3363.813216 0.00275521470007 0.0092896444597 0.000110858746155 -1.65435643921e-05
BPMSX.4R2.B2 3401.724716 0.00274359097764 0.00929308403527 7.42628007751e-05 -8.3954722589e-05
BPMWB.4R2.B2 3451.881716 -0.00224405485653 0.00942618269172 -0.000101832086403 -4.68357287873e-05
BPMYB.4R2.B2 3476.349216 -0.000477889823917 0.00967782638968 -9.83397256345e-05 5.37834429323e-05
BPM.5R2.B2 3505.883216 -0.0061904153461 0.00745435847037 5.52360283834e-06 0.000111950202754
BPMR.6R2.B2 3579.179216 -0.00724189313153 0.00643767708827 0.000112080375665 1.15966841785e-06
BPM_A.7R2.B2 3592.054216 -0.00696141547552 0.00673998493078 0.000110497965398 -1.88032275486e-05
BPM.8R2.B2 3633.493206 -0.0038728504557 0.00888198917299 3.5729574788e-05 -0.000106239147856
BPM.9R2.B2 3672.560195 0.00586202699574 0.00771526679678 -0.000111750994472 8.66462304819e-06
BPM.10R2.B2 3713.025185 0.00641389068098 0.00726296830812 -3.15095863137e-05 0.000107566281373
BPM.11R2.B2 3764.865874 0.00694415852309 0.00675776329634 0.000104007260633 4.17833669976e-05
BPM.12R2.B2 3819.592358 0.00650314740507 0.00718315920515 3.24415347202e-05 -0.000107288888738
BPM.13R2.B2 3873.043842 0.00837857518639 0.00486705046044 -0.000110155336413 -2.07161740471e-05
BPM.14R2.B2 3926.495326 0.00795850365593 0.00552728883564 -1.94808742066e-05 0.000110380499751
BPM.15R2.B2 3979.94681 0.00893244007481 0.00375502551754 0.000110915838999 1.61566115073e-05
BPM.16R2.B2 4033.398294 0.00860022160345 0.00446373058515 1.49138950252e-05 -0.000111089758408
BPM.17R2.B2 4086.849779 0.00933940549847 0.00258151259944 -0.000111487758007 -1.15688516456e-05
BPM.18R2.B2 4140.301263 0.00910057636223 0.00332689227788 -1.03179766301e-05 0.000111610475039
BPM.19R2.B2 4193.752747 0.00959291675892 0.00136552200976 0.000111870024519 6.96102878212e-06
BPM.20R2.B2 4247.204231 0.00945140894194 0.00213531527613 5.7082533458e-06 -0.000111940943567
BPM.21R2.B2 4300.655715 0.00968878450523 0.000127110761619 -0.000112061929719 -2.3416834032e-06
BPM.22R2.B2 4354.107199 0.00964691344482 0.000908715183595 -1.08494931164e-06 0.00011208114581
BPM.23R2.B2 4407.558683 0.00962544098089 -0.00111336795838 0.000112063154392 -2.28189640079e-06
BPM.24R2.B2 4461.010167 0.00959383835283 -0.000338560297468 -4.91203424089e-06 -2.1834357192e-05
BPM.25R2.B2 4514.461651 0.00931464146877 -0.0023224581185 -2.16769180838e-05 5.56583229016e-06
BPM.26R2.B2 4567.913135 0.00947170589706 -0.00156305621455 5.80839486596e-06 2.16131848811e-05
BPM.27R2.B2 4621.36462 0.00894101141078 -0.00349494954087 2.14289338051e-05 -6.45508190321e-06
BPM.28R2.B2 4674.816104 0.00910386789402 -0.00276758434391 -8.06921485153e-06 6.88391601103e-05
BPM.29R2.B2 4728.267588 0.00833119379452 -0.00459686237157 6.90504785364e-05 5.99779921453e-06
BPM.30R2.B2 4781.719072 0.00867503153894 -0.00390944516134 5.22405669682e-06 -6.9113312252e-05
BPM.31R2.B2 4835.170556 0.00767465269306 -0.0056249124214 -6.92390855443e-05 -3.14490487313e-06
BPM.32R2.B2 4888.62204 0.00810361662574 -0.00498711653013 -2.36872229522e-06 6.92699866122e-05
BPM.33R2.B2 4942.073524 0.00689205697211 -0.00656044849268 6.93098804258e-05 2.86952243319e-07
BPM.34R2.B2 4995.525008 0.00739906322116 -0.00598279175451 -4.89434219065e-07 -6.93087429415e-05
BPM.33L3.B2 5048.976492 0.00599612003818 -0.00738826625465 -6.92627361582e-05 2.57187465814e-06
BPM.32L3.B2 5102.427976 0.00657289726624 -0.00688018570424 3.34786423058e-06 6.92295659969e-05
BPM.31L3.B2 5155.87946 0.00500176057736 -0.00809458614705 6.90977680345e-05 -5.42586702268e-06
BPM.30L3.B2 5209.330945 0.00563874073407 -0.00766449846376 -6.19962141907e-06 -6.90326503244e-05
BPM.29L3.B2 5262.782429 0.0039250747477 -0.00866797104175 -6.8815186843e-05 8.27113704804e-06
BPM.28L3.B2 5316.233913 0.00461191278419 -0.00832287175428 9.04165378095e-06 6.87181928283e-05
BPM.27L3.B2 5369.685397 0.00278404246683 -0.00909884835012 6.8415579685e-05 -1.11017968845e-05
BPM.26L3.B2 5423.136881 0.00341932476267 -0.00885013126297 -1.3242332777e-05 2.19072170588e-05
BPM.25L3.B2 5476.588365 0.00150797010408 -0.00936710367685 2.22951935536e-05 1.25781596032e-05
BPM.24L3.B2 5530.039849 0.00225907342749 -0.00921483545386 1.23276304808e-05 -2.24346923756e-05
BPM.23L3.B2 5583.491333 0.000297238422759 -0.00948305090453 -2.27949066342e-05 -1.16480795389e-05
BPM.22L3.B2 5636.942817 0.000971710096929 -0.00943379860214 -1.27663895067e-05 0.000113117832988
BPM.21L3.B2 5690.394301 -0.00100741693121 -0.00943005237273 0.000113450324298 9.36213658023e-06
BPM.20L3.B2 5743.845786 -0.000243091431566 -0.00948059508296 8.09064762388e-06 -0.000113548078287
BPM.19L3.B2 5797.29727 -0.00220565957738 -0.00922365667029 -0.000113739882472 -4.67579630777e-06
BPM.18L3.B2 5850.748754 -0.00145393139848 -0.00937159858618 -3.40109444203e-06 0.000113785136781
BPM.17L3.B2 5904.200238 -0.00336733577794 -0.00886576710651 0.000113835953779 -1.92175875339e-08
BPM.16L3.B2 5957.651722 -0.00264085197424 -0.00910860458163 -1.29469096762e-06 -0.000113828593038
BPM.15L3.B2 6011.103206 -0.00447397761803 -0.00836207515163 -0.000113738329242 4.71349028558e-06
BPM.14L3.B2 6064.55469 -0.00378439709681 -0.00869592520564 5.98735234511e-06 0.000113678389517
BPM.13L3.B2 6118.006174 -0.00550682891102 -0.00772111468211 0.000113447146796 -9.40047298025e-06
BPM.12L3.B2 6171.457658 -0.00360964046297 -0.00876990720064 -7.77748337495e-07 -0.000113833299782
BPM.11L3.B2 6224.909142 -0.00269893045489 -0.00909156482717 -0.000113757029334 -4.23831036869e-06
BPM.10L3.B2 6277.691832 0.00123834492202 -0.00940251447277 -1.33304422045e-05 0.0001130527488
BPM.9L3.B2 6316.758821 -0.000358133438001 -0.00947694660589 7.77694988141e-05 8.31295999591e-05
BPM.8L3.B2 6357.223811 -0.0021477517302 -0.0092373123301 0.00011281262867 -1.52294365877e-05
BPM.7L3.B2 6396.2898 -0.00582800432753 -0.007481653703 3.78867381507e-05 -0.000107346263084
BPMR.6L3.B2 6468.9288 -0.00948365324956 -3.31315941426e-05 -0.000112509132211 1.73297830617e-05
BPMWE.5L3.B2 6511.9823 -0.00948224151577 0.00016695002169 -8.0650536589e-05 8.03375005668e-05
BPMW.5L3.B2 6539.5273 -0.00908408722834 -0.00272399261667 -3.6603198441e-05 0.000107790680533
BPMWE.4L3.B2 6614.6553 -0.00946581240889 0.000582384753213 9.24348480035e-05 6.64411311931e-05
BPMW.4L3.B2 6642.2003 -0.00575911319573 0.007534811995 0.000105909855025 -4.17340235085e-05
BPMW.4R3.B2 6687.1653 -0.00397632120691 0.00860985750584 5.79257674403e-05 -9.79960729243e-05
BPMWE.4R3.B2 6714.7103 -0.00553976516261 0.00769751768685 1.7196138311e-05 -0.000112529628915
BPMW.5R3.B2 6789.8383 -0.00400225150008 0.00859783458401 -9.32031071474e-05 -6.53590499716e-05
BPMWE.5R3.B2 6817.3833 -0.000244937938154 0.00948054755713 -0.000113820365879 -1.88394171391e-06
BPMWC.6R3.B2 6858.3743 0.000662958094255 0.00946051072457 -9.22181243333e-05 6.67416040072e-05
BPM.6R3.B2 6870.5288 -0.000357098371342 0.00947698566486 -7.52907881575e-05 8.53810390255e-05
BPM_A.7R3.B2 6926.3528 -0.000144930127868 0.00948260364233 4.47491170535e-05 0.000104671584392
BPM.8R3.B2 6965.418789 -0.00525211665212 0.00789658452821 0.00010740598185 -3.77171381821e-05
BPM.9R3.B2 7004.485779 -0.00948183267088 -0.000188747838506 -5.53141654974e-05 -9.94935560247e-05
BPM.10R3.B2 7044.950768 -0.00944039999647 0.000905331153456 -0.000110334053489 -2.80182487115e-05
BPM.11R3.B2 7097.733458 -0.00866563292282 0.00385325610366 -4.9577628082e-05 0.000102472841662
BPM.12R3.B2 7152.459942 -0.00699312581099 0.00640601030027 0.000110808589899 2.60783651642e-05
BPM.13R3.B2 7205.911426 -0.00787810354651 0.00527979744375 1.89265086116e-05 -0.000112251559525
BPM.14R3.B2 7259.36291 -0.00661080379276 0.00679985659958 -0.000112769275288 -1.55471642366e-05
BPM.15R3.B2 7312.814394 -0.00713802192311 0.00624415082746 -1.42837471065e-05 0.00011293625964
BPM.16R3.B2 7366.265878 -0.00568650308158 0.00758976015934 0.000113314463628 1.08837726235e-05
BPM.17R3.B2 7419.717362 -0.0062805855222 0.00710598494932 9.61258164126e-06 -0.000113429371652
BPM.18R3.B2 7473.168846 -0.004668967214 0.00825478780537 -0.000113666938925 -6.20092853677e-06
BPM.19R3.B2 7526.62033 -0.0053199284569 0.00785105966441 -4.92784101413e-06 0.000113729246067
BPM.20R3.B2 7580.071814 -0.00357445811952 0.00878430564832 0.000113825963941 1.50839002865e-06
BPM.21R3.B2 7633.523299 -0.00427186613711 0.0084671090832 2.32285189104e-07 -0.00011383572125
BPM.22R3.B2 7686.974783 -0.00242149412493 0.00916935890765 -0.000113791320894 3.18750959851e-06
BPM.23R3.B2 7740.426267 -0.00315358506256 0.00894403028596 4.46164591669e-06 0.000113748486013
BPM.24R3.B2 7793.877751 -0.00100500648986 0.00936107922931 0.000113311679715 -0.000235488073583
BPM.25R3.B2 7847.329235 -0.00175752159895 0.00924937620782 -0.000236743061452 -0.000110665686433
BPM.26R3.B2 7900.780719 0.00020062267353 0.00941273567781 -0.000103503407107 0.000239960860092
BPM.27R3.B2 7954.232203 -0.00055950026207 0.00939823397569 0.000241105130996 0.000100809156288
BPM.28R3.B2 8007.683687 0.00162667551549 0.00926704257009 9.32719417884e-05 -0.000471634380346
BPM.29R3.B2 8061.135171 0.000873006551116 0.00936813806532 -0.000472650393843 -8.79786774675e-05
BPM.30R3.B2 8114.586655 0.0027986896418 0.00898284406504 -7.37343321191e-05 0.000475080935766
BPM.31R3.B2 8168.03814 0.00206491709903 0.00917933922595 0.000475876502766 6.84119763541e-05
BPM.32R3.B2 8221.489624 0.00392493372003 0.00855096758153 5.4091165757e-05 -0.00047771622273
BPM.33R3.B2 8274.941108 0.00322162394496 0.00883998248908 -0.000478292991129 -4.87283734089e-05
BPM.34R3.B2 8328.392592 0.00498651892946 0.00797864526392 -3.43277226429e-05 0.00047954171099
BPM.33L4.B2 8381.844076 0.00432657849232 0.00835493086788 0.000479895671468 2.89619017263e-05
BPM.32L4.B2 8435.29556 0.00596626943613 0.00727514812731 1.4542050064e-05 -0.000480548825808
BPM.31L4.B2 8488.747044 0.00535936692845 0.00773313244365 -0.000480681806473 -9.1458853545e-06
BPM.30L4.B2 8542.198528 0.00684791464943 0.00645214818774 5.31187972638e-06 0.000480739461366
BPM.29L4.B2 8595.650012 0.00630500725412 0.00698362619121 0.000480650063081 -1.06845557803e-05
BPM.28L4.B2 8649.101496 0.00761705921993 0.00552309334659 -2.51067125016e-05 -0.000480112793078
BPM.27L4.B2 8702.55298 0.00714628245547 0.00612003254625 -0.000479800415003 3.04994136444e-05
BPM.26L4.B2 8756.004465 0.00848460447705 0.00446071431636 4.4654212684e-05 0.00025106190983
BPM.25L4.B2 8809.455949 0.00809694691105 0.00513088063216 0.000250546738907 -4.74595578458e-05
BPM.24L4.B2 8862.907433 0.00898553526459 0.00333865861786 -5.49620843686e-05 -0.000249008531007
BPM.23L4.B2 8916.358917 0.00868671550087 0.0040530802013 -0.000248375909474 5.77536472127e-05
BPM.22L4.B2 8969.810401 0.00956244964825 0.00211912547501 6.49400710954e-05 1.89143180958e-05
BPM.21L4.B2 9023.261885 0.00936021895268 0.00288399673349 1.81858208473e-05 -6.51478343373e-05
BPM.20L4.B2 9076.713369 0.00975497439903 0.000878413609233 -6.56648595041e-05 -1.62200503332e-05
BPM.19L4.B2 9130.164853 0.00965224678379 0.00166290949771 -1.54830415224e-05 6.58425356665e-05
BPM.18L4.B2 9183.616337 0.00978719702303 -0.000376709997278 6.62779121738e-05 1.34982220538e-05
BPM.17L4.B2 9237.067821 0.00978567226745 0.00041443246492 1.27550715827e-05 -6.64249307114e-05
BPM.16L4.B2 9290.519306 0.00965858605683 -0.00162568489665 -6.67782048987e-05 -1.07533984148e-05
BPM.15L4.B2 9343.97079 0.00975828934335 -0.000840788340794 -1.00042622985e-05 6.68945391653e-05
BPM.14L4.B2 9397.422274 0.00937126875992 -0.00284788655801 6.71648723835e-05 7.99027876793e-06
BPM.13L4.B2 9450.873758 0.00957054453584 -0.00208226158066 7.2375431685e-06 -6.72501425944e-05
BPM.12L4.B2 9504.325242 0.00848286534297 -0.00489613434899 -6.70359095836e-05 -9.00837043884e-06
BPM.11L4.B2 9557.776726 0.00865250629497 -0.00458969179597 -1.9900139759e-05 6.46447898987e-05
BPMC.10L4.B2 9609.617415 0.00801665054368 -0.00562711738179 6.12374370545e-05 2.87217793072e-05
BPMC.9L4.B2 9648.684405 0.00745705669114 -0.00635007413262 3.95059098145e-05 -5.49021615824e-05
BPMC.8L4.B2 9689.149394 0.005131412458 -0.00834264599188 -6.67526414695e-05 1.091095677e-05
BPMC.7L4.B2 9728.215384 0.00968431673333 -0.00146463150701 1.76376664581e-05 6.52983703644e-05
BPMYA.6L4.B2 9824.819384 0.00936306949754 -0.00287472878129 6.76219623004e-05 1.49473504041e-06
BPMYB.5L4.B2 9861.819384 0.00936823084353 -0.00285786398979 6.55299716588e-05 -1.67566378481e-05
BPMWA.B5L4.B2 9964.209884 0.00663819272528 -0.0072017729315 1.84503848738e-05 -6.50734001612e-05
BPMWA.A5L4.B2 9973.094884 0.00637789226788 -0.00743327829563 1.22794321117e-05 -6.65145068625e-05
BPMWA.A5R4.B2 10021.14388 0.00549765686199 -0.00810597958537 -1.93112238556e-05 -6.48231495128e-05
BPMWA.B5R4.B2 10030.02888 0.00544735084135 -0.00813987130403 -2.44807756948e-05 -6.30528011717e-05
BPMYA.5R4.B2 10132.49538 0.0066943199823 -0.00714963050734 -6.28665424777e-05 -2.49551338333e-05
BPMYB.6R4.B2 10164.05938 0.006512188041 -0.00731591029621 -6.67683984374e-05 -1.0813876053e-05
BPMCA.7R4.B2 10260.57538 0.00864293599399 -0.00460768851071 -3.34445054677e-06 6.75557458251e-05
BPMC.8R4.B2 10298.36637 0.00955744300744 -0.0021415926575 6.76316444108e-05 -9.61470990751e-07
BPMC.9R4.B2 10337.43336 0.0058829558083 -0.00783083437133 -2.7186891428e-05 -6.19341355881e-05
BPMC.10R4.B2 10377.89835 0.00557194596251 -0.00805509492223 -6.69582244092e-05 9.56869680689e-06
BPM.11R4.B2 10429.73904 0.00258782645146 -0.00944639032995 3.45653572231e-06 6.75501029251e-05
BPM.12R4.B2 10484.46553 0.00225536809184 -0.00953123553512 6.76380792211e-05 -2.33052439939e-07
BPM.13R4.B2 10537.91701 0.000210218954181 -0.00979218790675 -2.35811934908e-06 -6.75973606078e-05
BPM.14R4.B2 10591.36849 0.000999844662334 -0.00974327699505 -6.75667067987e-05 3.11517963498e-06
BPM.15R4.B2 10644.81998 -0.0010441723408 -0.00973862619193 5.14376426451e-06 6.7442611644e-05
BPM.16R4.B2 10698.27146 -0.000254716007263 -0.00979113148552 6.73807285303e-05 -5.89925377353e-06
BPM.17R4.B2 10751.72295 -0.00228144396793 -0.00952502752689 -7.92088644674e-06 -6.71730858343e-05
BPM.18R4.B2 10805.17443 -0.00150524868904 -0.00967808671128 -6.7080153451e-05 8.672774725e-06
BPM.19R4.B2 10858.62591 -0.00348118830696 -0.0091549147448 1.0684200136e-05 6.67893076376e-05
BPM.20R4.B2 10912.0774 -0.00273089548139 -0.00940602710394 6.66653630026e-05 -1.14321074198e-05
BPM.21R4.B2 10965.52888 -0.00462375747536 -0.0086343501664 -1.34297746412e-05 -6.62918167387e-05
BPM.22R4.B2 11018.98037 -0.00391180530247 -0.00897936051668 -6.61372558417e-05 1.41713694609e-05
BPM.23R4.B2 11072.43185 -0.00569032258301 -0.00797191099188 1.61519751992e-05 6.56816404333e-05
BPM.24R4.B2 11125.88333 -0.00506169795029 -0.00840731865699 6.49865508854e-05 1.65789223025e-05
BPM.25R4.B2 11179.33482 -0.00669648431286 -0.00717362467435 1.46189406384e-05 -6.54553227742e-05
BPM.26R4.B2 11232.7863 -0.00609567791641 -0.00769067642572 -6.56149512372e-05 -1.3884910708e-05
BPM.27R4.B2 11286.23779 -0.00755918352823 -0.00625799788154 -1.1907456457e-05 6.6002461086e-05
BPM.28R4.B2 11339.68927 -0.00706279702926 -0.00684985509607 6.56217787315e-05 4.46332756079e-05
BPM.29R4.B2 11393.14075 -0.00833072795701 -0.00523474817556 4.26413646576e-05 -6.69332509964e-05
BPM.30R4.B2 11446.59224 -0.00788107686688 -0.00589001223206 -6.74067253829e-05 -4.18889074472e-05
BPM.31R4.B2 11500.04372 -0.00893196877518 -0.0041259605502 -3.98451835442e-05 6.86346002736e-05
BPM.32R4.B2 11553.49521 -0.00856979064689 -0.00483345683774 6.90768030493e-05 3.90735537109e-05
BPM.33R4.B2 11606.94669 -0.0093863851518 -0.00294947292613 3.6980260831e-05 -7.02197029414e-05
BPM.34R4.B2 11660.39818 -0.00911772164405 -0.00369740027131 -7.06295441913e-05 -3.61913591728e-05
BPM.33L5.B2 11713.84966 -0.00968658795532 -0.00172442178613 -3.40534644228e-05 7.16847865161e-05
BPM.32L5.B2 11767.30114 -0.00951579506544 -0.00250065210641 7.20618957132e-05 3.32480086233e-05
BPM.31L5.B2 11820.75263 -0.00982759694624 -0.000471120925598 3.10675868676e-05 -7.30284363507e-05
BPM.30L5.B2 11874.20411 -0.00975751325445 -0.00126275564272 -7.33718571807e-05 -3.02475976484e-05
BPM.29L5.B2 11927.6556 -0.0098071157014 0.000789998970113 -2.80300702821e-05 7.42473101696e-05
BPM.28L5.B2 11981.10708 -0.0098388820229 -4.14937793832e-06 7.45567628785e-05 2.71962592942e-05
BPM.27L5.B2 12034.55856 -0.00962548094707 0.00203807096658 2.49435696861e-05 -7.53403382038e-05
BPM.26L5.B2 12088.01005 -0.00979198761503 0.00125244497393 -7.61253241119e-05 9.36797797521e-06
BPM.25L5.B2 12141.46153 -0.00931878368182 0.00325759276005 1.16505256047e-05 7.58095643999e-05
BPM.24L5.B2 12194.91302 -0.00955131085825 0.00249481477718 7.56742122436e-05 -1.24995429303e-05
BPM.23L5.B2 12248.3645 -0.00882550197293 0.00442291248044 -1.47676864692e-05 -7.52644652801e-05
BPM.22L5.B2 12301.81598 -0.00918709523788 0.0036940783768 -7.5604844327e-05 4.90759801272e-05
BPM.21L5.B2 12355.26747 -0.00822026490182 0.00552052342165 5.13251747445e-05 7.40963561742e-05
BPM.20L5.B2 12408.71895 -0.00863902833108 0.004839020908 7.35163108179e-05 -5.21526198317e-05
BPM.19L5.B2 12462.17044 -0.00744655168415 0.00652669915361 -5.43378309631e-05 -7.19162245685e-05
BPM.18L5.B2 12515.62192 -0.00794902368739 0.00590440143339 -7.13032485345e-05 5.5139731479e-05
BPM.17L5.B2 12569.07341 -0.00655036566992 0.00742574194926 5.72569670729e-05 6.96145345704e-05
BPM.16L5.B2 12622.52489 -0.00712835553227 0.00687280738208 6.89683423808e-05 -5.8033704498e-05
BPM.15L5.B2 12675.97637 -0.00554666801006 0.00820264639453 -6.0079606913e-05 -6.71936304197e-05
BPM.14L5.B2 12729.42786 -0.0061906020072 0.00772821976269 -6.65165560818e-05 6.08283789719e-05
BPM.13L5.B2 12782.87934 -0.00445167184465 0.00884486018416 6.2799229463e-05 6.46591049135e-05
BPM.12L5.B2 12836.33083 -0.00616627373026 0.00774764494687 6.85078566514e-05 -5.85765890692e-05
BPM.11L5.B2 12889.78231 -0.00552732865008 0.00821569058957 -5.05884117399e-05 -7.46013113888e-05
BPM.10L5.B2 12942.565 -0.00455535547844 0.00879190937032 -7.15087675079e-05 5.48729447806e-05
BPM.9L5.B2 12981.63199 -0.00264958607078 0.00954089238681 4.83483080442e-05 7.60722330887e-05
BPM.8L5.B2 13022.09698 -0.00852014962579 0.00504539238051 4.46809119732e-05 -7.82825560807e-05
BPM.7L5.B2 13061.16497 -0.00399550173507 0.00906007173097 -7.37283467469e-05 -5.1852428426e-05
BPMR.6L5.B2 13098.05897 -0.00373557887122 0.0091702990364 -8.88296980796e-05 1.5291434601e-05
BPMWT.B6L5.B2 13109.36897 -0.00297027559202 0.00944597251672 -8.39563646631e-05 3.28004853332e-05
BPMWT.A6L5.B2 13115.19097 -0.00280161437285 0.0094973623067 -8.06451459989e-05 4.02604370949e-05
BPM.5L5.B2 13129.95897 -0.00299688152233 0.00943756510032 -7.00449023689e-05 5.67296697733e-05
BPMYA.4L5.B2 13157.36497 -0.00321335273709 0.00936607164701 -4.18163108864e-05 7.98494843204e-05
BPMWB.4L5.B2 13178.42347 -0.00185732239469 0.00972621649948 -9.79997081622e-06 8.96019203829e-05
BPMWT.B4L5.B2 13178.89297 -0.00182737131405 0.00973188820353 -9.01472875981e-06 8.96843266276e-05
BPMWT.A4L5.B2 13180.87497 -0.00170216135706 0.00975456716607 -5.68093499405e-06 8.99570482182e-05
BPMSY.4L5.B2 13271.27947 -0.00105017287859 0.00984611957975 9.00975410591e-05 2.64141107672e-06
BPMS.2L5.B2 13298.06497 -7.35657137062e-05 0.00990169288449 8.22970899716e-05 -3.67659099487e-05
BPMSW.1L5.B2 13308.11897 0.000285229713464 0.0098978572374 6.87868425182e-05 -5.82487344794e-05
BPMSW.1R5.B2 13351.06897 0.000285220163018 0.00989785751245 3.34264628289e-05 8.37091088405e-05
BPMS.2R5.B2 13361.12297 -7.35721708269e-05 0.00990169283657 5.54351897083e-05 7.10737858194e-05
BPMSY.4R5.B2 13387.90847 -0.00105017434811 0.0098461194244 8.08092639265e-05 3.99300147973e-05
BPMWB.4R5.B2 13480.76447 -0.00185739031161 0.00972620353197 3.33749238724e-05 -8.37296730476e-05
BPMYA.4R5.B2 13501.82097 -0.00321335723673 0.00936607009747 5.2740933154e-07 -9.01347038524e-05
BPMR.5R5.B2 13522.93897 -0.00328551442233 0.00934100256282 -2.72223061022e-05 -8.5927235668e-05
BPM.6R5.B2 13554.83897 -0.0032459461456 0.00935482589336 -6.43372171284e-05 -6.31289642244e-05
BPMRA.7R5.B2 13588.85297 -0.00447541303707 0.00883287110754 -8.96793375645e-05 -9.06420247906e-06
BPM.8R5.B2 13630.28998 -0.00728967505706 0.00670146039759 -2.80267280302e-05 8.56682355576e-05
BPM.9R5.B2 13669.35499 -0.00656238501571 0.00741512216713 9.00111919817e-05 4.74645769732e-06
BPM.10R5.B2 13709.818 -0.0028499053485 0.00948298336015 -1.48869693841e-05 -8.88983796767e-05
BPM.11R5.B2 13762.59871 -0.00713613776178 0.00686472663318 -8.0892064668e-05 3.97620119801e-05
BPM.12R5.B2 13817.32223 -0.0059485189538 0.00791606317251 4.62603887117e-05 7.73596782797e-05
BPM.13R5.B2 13870.77074 -0.00700736105416 0.00699612928281 7.46076558788e-05 -5.05790594089e-05
BPM.14R5.B2 13924.21926 -0.00540298330025 0.00829799405516 -5.27886293283e-05 -7.30609592925e-05
BPM.15R5.B2 13977.66777 -0.0060549809562 0.00783493072973 -7.24712768029e-05 5.35953143858e-05
BPM.16R5.B2 14031.11629 -0.00429704008219 0.00892100781352 5.57399735882e-05 7.08350117513e-05
BPM.17R5.B2 14084.56481 -0.00500294799928 0.00854514161317 7.02123200303e-05 -5.6522329603e-05
BPM.18R5.B2 14138.01332 -0.00312065463274 0.00939736391502 -5.85982753971e-05 -6.8489308139e-05
BPM.19R5.B2 14191.46184 -0.00386881086664 0.00911489091704 -6.78354005121e-05 5.93540446463e-05
BPM.20R5.B2 14244.91035 -0.00189281819382 0.00971937102796 6.13573957073e-05 6.6028887355e-05
BPM.21R5.B2 14298.35887 -0.0026709951857 0.00953492100736 6.53442947717e-05 -6.20859617594e-05
BPM.22R5.B2 14351.80738 -0.000634065977332 0.00988164430741 -6.40137490224e-05 -6.34569426844e-05
BPM.23R5.B2 14405.2559 -0.00142941161898 0.00979825067714 -6.27431752504e-05 6.47135061033e-05
BPM.24R5.B2 14458.70442 0.000737625146417 0.00986201146664 6.64597353804e-05 -4.34845167735e-05
BPM.25R5.B2 14512.15293 -6.07230925524e-05 0.00988937175442 -4.42188792967e-05 -6.59733988305e-05
BPM.26R5.B2 14565.60145 0.00199302089661 0.00968665209172 -6.46203955812e-05 4.61736227508e-05
BPM.27R5.B2 14619.04996 0.00120491868643 0.00981588161968 4.68873922474e-05 6.41043840716e-05
BPM.28R5.B2 14672.49848 0.0033181741695 0.00933257760124 6.2571200794e-05 -0.000153047662989
BPM.29R5.B2 14725.947 0.0025540712353 0.00956995321968 -0.000153732364641 -6.08695633285e-05
BPM.30R5.B2 14779.39551 0.00448467298713 0.00883147737961 -5.62402311489e-05 0.000155485623381
BPM.31R5.B2 14832.84403 0.00375750377435 0.00916452125806 0.000156099486521 5.45132280301e-05
BPM.32R5.B2 14886.29254 0.00557758914844 0.00818521739245 4.98191902877e-05 -0.000157660361428
BPM.33R5.B2 14939.74106 0.00489874946177 0.00860868969306 -0.000158203462089 -4.80666946452e-05
BPM.34R5.B2 14993.18958 0.00657878990182 0.00740451267281 -4.33087438272e-05 0.000159571596861
BPM.33L6.B2 15046.63809 0.00595989765521 0.0079111885604 0.000160041741519 4.15377294048e-05
BPM.32L6.B2 15100.08661 0.0074719369874 0.00650211059204 3.67319831277e-05 -0.00016121260329
BPM.31L6.B2 15153.53512 0.00692279009571 0.00708394394427 -0.000161610373622 -3.49403811491e-05
BPM.30L6.B2 15206.98364 0.00824229422364 0.00549289272 -3.0086001478e-05 0.000162584055243
BPM.29L6.B2 15260.43215 0.00777219520189 0.00614005425021 0.000162907398672 2.82829054561e-05
BPM.28L6.B2 15313.88067 0.00887722709584 0.00439341822754 2.3397578686e-05 -0.000163680477227
BPM.27L6.B2 15367.32919 0.0084937049039 0.00509551386093 -0.000163930139633 -2.15789382274e-05
BPM.26L6.B2 15420.7777 0.00946873786024 0.00320224007821 -1.67656108723e-05 6.02403300995e-05
BPM.25L6.B2 15474.22622 0.00917944377353 0.00395590068636 6.042246177e-05 1.60968561405e-05
BPM.24L6.B2 15527.67473 0.00980057425212 0.0019647092839 1.42818613475e-05 -6.08770116117e-05
BPM.23L6.B2 15581.12325 0.0096100634328 0.00274918516092 -6.10317345663e-05 -1.36055108336e-05
BPM.22L6.B2 15634.57177 0.010073837855 0.000675338958583 -1.18754439772e-05 -4.28531046504e-05
BPM.21L6.B2 15688.02028 0.00998648077772 0.00148610010264 -4.27187461712e-05 1.23500502019e-05
BPM.20L6.B2 15741.4688 0.0100774666384 -0.000618835998381 1.36230099128e-05 4.23299957746e-05
BPM.19L6.B2 15794.91731 0.0100945392006 0.000196392932914 4.21763475144e-05 -1.40914965412e-05
BPM.18L6.B2 15848.36583 0.00991551219893 -0.00190286879604 -1.53472475735e-05 -4.17357957229e-05
BPM.17L6.B2 15901.81435 0.0100367334701 -0.00109648216141 -4.15629877686e-05 1.58092526221e-05
BPM.16L6.B2 15955.26286 0.00959064147421 -0.00315561213421 1.70460909214e-05 4.1071224915e-05
BPM.15L6.B2 16008.71138 0.00981401085738 -0.0023713883513 4.08797069669e-05 -1.7500396063e-05
BPM.14L6.B2 16062.15989 0.00910818086585 -0.00435652765112 -1.87158213188e-05 -4.03377319854e-05
BPM.13L6.B2 16115.60841 0.00943004274414 -0.00360729617535 -4.01276444414e-05 1.91621228676e-05
BPM.12L6.B2 16169.05693 0.00839291599052 -0.00561224135802 1.99998973284e-05 3.97167362557e-05
BPM.11L6.B2 16222.50544 0.00922554088217 -0.00410215640824 4.10350441964e-05 -1.71329956908e-05
BPM.10L6.B2 16274.34415 0.00837994355717 -0.00563159283109 -9.54626513261e-06 -4.34313686766e-05
BPM.9L6.B2 16313.40916 0.00752800794242 -0.00672810436261 -4.40285239171e-05 -6.2372964039e-06
BPM.8L6.B2 16353.87217 0.00262362673037 -0.00974960894861 1.09096897038e-05 4.31090875834e-05
BPMYB.5L6.B2 16450.96018 0.00940420523354 -0.00367412789881 1.80547437028e-05 -4.06379285917e-05
BPMYA.4L6.B2 16487.36018 0.00925281456624 -0.00404026177036 8.14884846713e-06 -4.37151111557e-05
BPMSB.B4L6.B2 16518.13068 0.00965073833283 -0.00296673919972 -1.95480796172e-06 -4.44251457992e-05
BPMSB.A4L6.B2 16518.76568 0.00965847845297 -0.0029414428142 -2.18654955352e-06 -4.44143448318e-05
BPMSA.4L6.B2 16615.57568 0.0100127585875 0.0012972884448 -3.81457754712e-05 -2.28541998694e-05
BPMSE.4R6.B2 16707.14568 0.0099687553399 0.00160069010508 -3.98334598331e-05 1.97663949094e-05
BPMSA.A4R6.B2 16803.82068 0.00987948864496 -0.00208182515138 -8.45465414336e-06 4.36570004456e-05
BPMSA.B4R6.B2 16804.40568 0.00987475975777 -0.00210414152877 -8.25504766972e-06 4.36951845858e-05
BPMYB.4R6.B2 16830.96018 0.00962788117939 -0.00304009800185 2.32971183374e-07 4.44675229314e-05
BPMYA.5R6.B2 16867.36018 0.00959716933617 -0.00313570268638 9.73135117576e-06 4.33902536448e-05
BPM.8R6.B2 16963.08519 0.00725778570403 -0.00701874907028 4.14436273601e-05 -1.61195654426e-05
BPM.9R6.B2 17002.1502 0.000556087489915 -0.0100811238719 -2.05321987151e-05 -3.94441909357e-05
BPM.10R6.B2 17042.61322 -0.00147469619493 -0.00998817115272 -4.35735949849e-05 8.87448497056e-06
BPM.11R6.B2 17094.45193 -0.00400822813474 -0.00926673615859 1.43904960957e-05 4.2075271958e-05
BPM.12R6.B2 17149.17544 -0.00194561946535 -0.00990721235969 3.9734104828e-05 -1.99653599274e-05
BPM.13R6.B2 17202.62396 -0.0039725736775 -0.00928207682565 -2.11878696806e-05 -3.90958913494e-05
BPM.14R6.B2 17256.07247 -0.00321059728871 -0.00957237467353 -3.88585233052e-05 2.16201289867e-05
BPM.15R6.B2 17309.52099 -0.00512729269749 -0.00869765263988 2.27733449147e-05 3.81941055231e-05
BPM.16R6.B2 17362.96951 -0.00440866464557 -0.00908305938953 3.79391895602e-05 -2.31955227635e-05
BPM.17R6.B2 17416.41802 -0.00619777456005 -0.00797031256563 -2.43204872099e-05 -3.72280608068e-05
BPM.18R6.B2 17469.86654 -0.00553439254961 -0.008444453265 -3.6956080029e-05 2.4731815247e-05
BPM.19R6.B2 17523.31505 -0.00716641010573 -0.00711202208009 2.58266804627e-05 3.61994072731e-05
BPM.20R6.B2 17576.76357 -0.00656909318375 -0.00766715766002 3.59107395676e-05 -2.62265816864e-05
BPM.21R6.B2 17630.21209 -0.00801730615205 -0.00613686352982 -2.72895059357e-05 -3.510979291e-05
BPM.22R6.B2 17683.6606 -0.00749594054872 -0.00676381305911 -3.48050432561e-05 2.76771311873e-05
BPM.23R6.B2 17737.10912 -0.00873646070904 -0.00506088392327 2.87062943292e-05 3.39612046983e-05
BPM.24R6.B2 17790.55763 -0.00818632073581 -0.00574220032723 3.53811548704e-05 -0.000142518372611
BPM.25R6.B2 17844.00615 -0.0091998276697 -0.00391814784732 -0.000143513131097 -3.1101332184e-05
BPM.26R6.B2 17897.45466 -0.00885362856379 -0.00464779227272 -2.95093758033e-05 0.00014384890726
BPM.27R6.B2 17950.90318 -0.00962543629911 -0.00270918583007 0.000144667773929 2.51902095486e-05
BPM.28R6.B2 18004.3517 -0.00926216549424 -0.00346990766599 2.53210504679e-05 -0.000258372567108
BPM.29R6.B2 18057.80021 -0.00978064396113 -0.00147206404029 -0.000259014293098 -1.75821910046e-05
BPM.30R6.B2 18111.24873 -0.00962994991775 -0.00225655343342 -1.47138428312e-05 0.000259193051434
BPM.31R6.B2 18164.69724 -0.00988859661584 -0.000208867958285 0.000259517422265 6.94581767979e-06
BPM.32R6.B2 18218.14576 -0.00983948953307 -0.00100618814359 4.0622705348e-06 -0.000259578580358
BPM.33R6.B2 18271.59428 -0.00983407732079 0.00105777695785 -0.000259583953197 3.70253646255e-06
BPM.34R6.B2 18325.04279 -0.00988736402002 0.000260771163146 6.57605707438e-06 0.000259527062853
BPM.33L7.B2 18378.49131 -0.00961796089812 0.0023071187633 0.000259213730576 -1.43449847902e-05
BPM.32L7.B2 18431.93982 -0.00977278218875 0.00152338344919 -1.72235008912e-05 -0.00025903839478
BPM.31L7.B2 18485.38834 -0.00924385870373 0.00351838671823 -0.000258407468522 2.49623883003e-05
BPM.30L7.B2 18538.83686 -0.00949761338601 0.00276103401093 2.78220793164e-05 0.000258115225422
BPM.29L7.B2 18592.28537 -0.00871777306319 0.00467208750297 0.000257166290216 -3.55392228121e-05
BPM.28L7.B2 18645.73389 -0.00906641479118 0.00395323812309 -3.83930644883e-05 -0.000256755743177
BPM.27L7.B2 18699.1824 -0.008048615276 0.00574871819868 -0.000255492719598 4.60544211699e-05
BPM.26L7.B2 18752.63092 -0.00837297462981 0.00508767015517 5.06255842111e-05 0.000141529520217
BPM.25L7.B2 18806.07943 -0.00713476688632 0.00671462532818 0.000139950496988 -5.48398952282e-05
BPM.24L7.B2 18859.52795 -0.0076534190664 0.00611688388668 -5.63894044908e-05 -0.000139333379187
BPM.23L7.B2 18912.97647 -0.00621732575922 0.00757205072856 -0.000137584097794 6.05324003423e-05
BPM.22L7.B2 18966.42498 -0.00669482022051 0.00705279391287 6.37960862578e-05 2.34697089289e-05
BPM.21L7.B2 19019.8735 -0.00508537010825 0.00828863864521 2.15498521074e-05 -6.44699307982e-05
BPM.20L7.B2 19073.32201 -0.00573770391185 0.0078511956766 -6.47049409404e-05 -2.08335883005e-05
BPM.19L7.B2 19126.77053 -0.00398332077077 0.0088710582999 -1.88880499011e-05 6.52993848518e-05
BPM.18L7.B2 19180.21905 -0.00468615958702 0.0085207058443 6.5504830134e-05 1.81627462274e-05
BPM.17L7.B2 19233.66756 -0.00281580774297 0.00930772509752 1.61942224793e-05 -6.60190527725e-05
BPM.16L7.B2 19287.11608 -0.00355779049619 0.00905011858784 -6.61945919623e-05 -1.54610415044e-05
BPM.15L7.B2 19340.56459 -0.00160204059789 0.00959145378264 -1.34732330982e-05 6.66276238661e-05
BPM.14L7.B2 19394.01311 -0.00237077470705 0.00943090382874 6.67729198802e-05 1.27336061837e-05
BPM.13L7.B2 19447.46163 -0.000361941204379 0.0097175880907 1.07296595922e-05 -6.71240837141e-05
BPM.12L7.B2 19500.91014 -0.00134967900508 0.00963020697178 -6.7098750589e-05 -1.08869642714e-05
BPM.11L7.B2 19554.35866 0.00089891182594 0.00968268956826 -1.18868729952e-05 6.69288470837e-05
BPM.10L7.B2 19607.13937 0.000948999677811 0.00967790883144 6.63305858659e-05 1.48667793495e-05
BPM.9L7.B2 19646.20438 0.00458467752481 0.00857573621986 3.84919682694e-05 -5.60279994607e-05
BPM.8L7.B2 19686.66739 0.0072826158469 0.00644406906819 -5.12211718225e-05 -4.46895979404e-05
BPM.7L7.B2 19725.7314 0.00971495721441 0.00042676234825 -4.87833802948e-05 4.73386648349e-05
BPMR.6L7.B2 19760.5494 0.00970896066435 0.000546445407585 -8.9655504911e-07 6.79703161882e-05
BPMWC.6L7.B2 19772.7279 0.00968872988546 -0.000831283920186 1.81890955592e-05 6.54975184467e-05
BPMWE.5L7.B2 19849.7819 0.008806886462 0.00412325970454 6.4584415774e-05 -2.12042827449e-05
BPMW.5L7.B2 19872.9869 0.00706697170863 0.00667985258766 4.89195394404e-05 -4.71979545824e-05
BPMWE.4L7.B2 19908.0719 0.00707798593746 0.00666818077192 2.58881362055e-05 -6.2853586294e-05
BPMW.4L7.B2 19936.1769 0.00912675231863 0.00335632415707 -1.10521900744e-05 -6.70717341832e-05
BPMW.4R7.B2 20052.2239 0.00965721342167 0.00114050368821 -5.10707226033e-05 4.48614491395e-05
BPMWE.4R7.B2 20080.3289 0.00862896929063 0.00448368249362 -2.1483222661e-05 6.44921727345e-05
BPMW.5R7.B2 20115.4139 0.00882540481825 0.00408347273076 1.06773228466e-05 6.71324286251e-05
BPMWE.5R7.B2 20138.6189 0.00967091322072 -0.00101781982797 5.05982412645e-05 4.53936870033e-05
BPM.6R7.B2 20217.7584 0.00805832509954 -0.00544296944106 2.63132118412e-05 -6.26768175239e-05
BPM_A.7R7.B2 20255.7944 0.00941360388318 -0.00243856138805 -2.78430346243e-05 -6.20123686797e-05
BPM.8R7.B2 20294.85841 0.00943446415778 -0.00235656653017 -6.65425319349e-05 -1.38873917744e-05
BPM.9R7.B2 20333.92342 0.00682573186898 -0.00692617528852 -1.61880424703e-05 6.6020570868e-05
BPM.10R7.B2 20374.38643 0.00278838763015 -0.00931597628554 6.39353127889e-05 2.30877439282e-05
BPM.11R7.B2 20427.16714 0.00307022772219 -0.00922692915014 3.15432192233e-05 -6.0214566496e-05
BPM.12R7.B2 20481.89066 0.00181709321975 -0.00955304621482 -6.04407513194e-05 -3.11076213027e-05
BPM.13R7.B2 20535.33917 0.00267768728062 -0.00934839615175 -2.99754908568e-05 6.10101454093e-05
BPM.14R7.B2 20588.78769 0.00067932714258 -0.00970056876513 6.18798527702e-05 2.81363268151e-05
BPM.15R7.B2 20642.23621 0.00145989336477 -0.00961411624246 2.74483707078e-05 -6.21880649686e-05
BPM.16R7.B2 20695.68472 -0.000567243310994 -0.00970776775379 -6.29815979024e-05 -2.55751237399e-05
BPM.17R7.B2 20749.13324 0.000218040514692 -0.0097218814058 -2.48751310142e-05 6.32613298152e-05
BPM.18R7.B2 20802.58175 -0.00180430282928 -0.00955547021332 6.39774462545e-05 2.29707235878e-05
BPM.19R7.B2 20856.03027 -0.001027345057 -0.00966990599057 2.22597399162e-05 -6.42282823038e-05
BPM.20R7.B2 20909.47879 -0.00301189653524 -0.00924613427246 -6.48656123029e-05 -2.03278305986e-05
BPM.21R7.B2 20962.9273 -0.0022558957931 -0.00945904085554 -1.96073579495e-05 6.50870163886e-05
BPM.22R7.B2 21016.37582 -0.00416983722446 -0.00878492898065 6.56446867826e-05 1.76505977614e-05
BPM.23R7.B2 21069.82433 -0.00344734003252 -0.00909276450991 1.69213594122e-05 -6.58364321726e-05
BPM.24R7.B2 21123.27285 -0.00535047749977 -0.00816196074973 -6.62227948558e-05 7.78181402913e-05
BPM.25R7.B2 21176.72137 -0.00467429376086 -0.00856715767622 7.85478173912e-05 6.53556590975e-05
BPM.26R7.B2 21230.16988 -0.00635054459563 -0.00741051929167 6.29750813107e-05 -8.04690065305e-05
BPM.27R7.B2 21283.6184 -0.00573188246647 -0.00789878067925 -8.11623460593e-05 -6.2078945791e-05
BPM.28R7.B2 21337.06691 -0.00733745277658 -0.0065198999792 -5.95338236951e-05 0.000175746275266
BPM.29R7.B2 21390.51543 -0.00678729288886 -0.00709083664176 0.000176396117623 5.75798492502e-05
BPM.30R7.B2 21443.96394 -0.00811117340541 -0.00552776401375 5.22723656858e-05 -0.000178041088655
BPM.31R7.B2 21497.41246 -0.00763870104895 -0.00616421571043 -0.000178609385373 -5.02962995881e-05
BPM.32R7.B2 21550.86098 -0.00875165538736 -0.00444475386774 -4.49317890922e-05 0.000180033784834
BPM.33R7.B2 21604.30949 -0.00836439021456 -0.00513656357288 0.000180521439453 4.29306428356e-05
BPM.34R7.B2 21657.75801 -0.00924832434451 -0.0032887392476 3.75059792079e-05 -0.000181725976824
BPM.33L8.B2 21711.20652 -0.00895278846175 -0.00402428723418 -0.000182130333379 -3.54904542411e-05
BPM.32L8.B2 21764.65504 -0.0095930387685 -0.00207868136088 -3.00273528054e-05 0.000183110314319
BPM.31L8.B2 21818.10356 -0.00939399764892 -0.00284607048352 0.000183432408131 2.79925422426e-05
BPM.30L8.B2 21871.55207 -0.00978013234738 -0.000834458086929 2.24874694136e-05 -0.000184188334275
BPM.29L8.B2 21925.00059 -0.00968089758498 -0.00162096604865 -0.000184426118751 -2.04459596943e-05
BPM.28L8.B2 21978.4491 -0.00980652824347 0.000423453409891 -1.49207292906e-05 0.000184955133359
BPM.27L8.B2 22031.89762 -0.00980871748577 -0.000369283466067 0.000185109413092 1.2866087544e-05
BPM.26L8.B2 22085.34614 -0.00976294554393 0.00169183771462 7.41118966757e-06 -9.26498856404e-05
BPM.25L8.B2 22138.79465 -0.00986763485646 0.000898444709723 -9.2726341403e-05 -6.38392500784e-06
BPM.24L8.B2 22192.24317 -0.00946632351112 0.0029267968355 -3.60681943062e-06 9.28758244902e-05
BPM.23L8.B2 22245.69168 -0.00967162963946 0.00215336960105 9.2910131249e-05 2.57596289062e-06
BPM.22L8.B2 22299.1402 -0.00910529841255 0.00413111711131 -1.14431550894e-07 -1.81815952157e-07
BPM.21L8.B2 22352.58871 -0.00940898075487 0.00338284923777 -1.8053514004e-07 1.16444437107e-07
BPM.20L8.B2 22406.03723 -0.00850204786128 0.00526191695088 1.21793442547e-07 1.76966600175e-07
BPM.19L8.B2 22459.48575 -0.00889893923643 0.00455866956736 1.7560922409e-07 -1.23751632181e-07
BPM.18L8.B2 22512.93426 -0.00775909453112 0.0063062698863 -1.28939369487e-07 -1.71829086758e-07
BPM.17L8.B2 22566.38278 -0.00824269997151 0.00565954812197 -1.70383068142e-07 1.30846024403e-07
BPM.16L8.B2 22619.83129 -0.00688865755322 0.00724699833794 1.35879305584e-07 1.66394407423e-07
BPM.15L8.B2 22673.27981 -0.00745100225831 0.00666746976666 1.64877593227e-07 -1.37722639432e-07
BPM.14L8.B2 22726.72833 -0.0059050307866 0.00806865535312 -1.42592065916e-07 -1.60681070537e-07
BPM.13L8.B2 22780.17684 -0.00653690383292 0.00756580967982 -1.59089536502e-07 1.4436918301e-07
BPM.12L8.B2 22833.62536 -0.00405581912986 0.00913908742596 1.4132600868e-07 1.6179427867e-07
BPM.11L8.B2 22887.07387 -0.00469925046691 0.00882551034401 1.8169767981e-07 -1.14614908385e-07
BPM.10L8.B2 22938.91258 -0.00297519810544 0.00954572071859 -7.62272367052e-08 -2.00849737252e-07
BPM.9L8.B2 22977.9776 -0.000985460807076 0.00994994747708 -2.14541537947e-07 1.10488343524e-08
BPM.8L8.B2 23018.44061 0.00782585610004 0.00622322780247 6.15593768828e-08 2.05819313014e-07
BPM.7L8.B2 23057.50662 0.00617321432342 0.00786536793486 2.035207586e-07 6.87844077373e-08
BPM.6L8.B2 23089.97562 0.00029224170236 0.00999435753705 1.62789900952e-07 -1.40184896549e-07
BPMR.5L8.B2 23150.39462 -0.00497288503681 0.0086742724305 -2.02336127212e-07 -7.21915562035e-08
BPMYB.4L8.B2 23171.16162 -0.00292316170827 0.00956178400805 -2.05071125919e-07 6.401377183e-08
BPMWB.4L8.B2 23195.62912 -0.00465636692525 0.00884821082592 -7.08603181991e-08 2.02805633084e-07
BPMSX.4L8.B2 23245.78612 0.000363047212316 0.00999203605373 2.14630753876e-07 9.23713254596e-09
BPMS.2L8.B2 23283.69762 0.000375519305461 0.00999157510357 1.70312586847e-07 -1.30936686594e-07
BPMSW.1L8.B2 23293.63162 4.5331091284e-08 0.00999862929503 1.30725220708e-07 -1.70477780457e-07
BPMSW.1R8.B2 23336.82162 4.72455053155e-08 0.00999862929502 1.46862733139e-07 1.56785908507e-07
BPMS.2R8.B2 23346.75562 0.0003755212454 0.00999157503035 1.82425569981e-07 1.13544269869e-07
BPMSX.4R8.B2 23384.66712 0.000363042260716 0.00999203623439 2.12677311579e-07 -3.03098905983e-08
BPMWI.4R8.B2 23434.90012 -0.00465548610765 0.00884867429943 -9.10899294654e-08 -1.94560188962e-07
BPMYB.4R8.B2 23459.29162 -0.00291052797897 0.00956563718152 -2.10383710439e-07 -4.34799019927e-08
BPMYB.5R8.B2 23479.86862 -0.004626817889 0.00886369810104 -1.96715347296e-07 8.63441961261e-08
BPMR.6R8.B2 23563.97662 -0.00365072693643 0.00930831781795 1.35723596852e-07 1.66520581546e-07
BPM_A.7R8.B2 23586.21662 -0.00279358779354 0.00960044035588 1.84511817818e-07 1.10035381367e-07
BPM.8R8.B2 23627.65561 -8.7479021355e-05 0.00999824660711 1.62789118421e-07 -1.40181522175e-07
BPM.9R8.B2 23666.7226 0.00669879037917 0.00742285626935 -2.11114189743e-07 -3.97649473516e-08
BPM.10R8.B2 23707.18758 0.0055622282449 0.00830868249207 -8.32654164372e-08 1.98034752224e-07
BPM.11R8.B2 23759.02827 0.00718588102909 0.00695238819212 1.80483835878e-07 1.16516161187e-07
BPM.12R8.B2 23813.75476 0.00763385420874 0.00645731041136 1.19256289251e-07 -1.78681972117e-07
BPM.13R8.B2 23867.20624 0.00917140981685 0.00398218907414 -1.89168408402e-07 -1.01812667113e-07
BPM.14R8.B2 23920.65773 0.00882014554505 0.00470931209064 -9.9689375085e-08 1.90302590076e-07
BPM.15R8.B2 23974.10921 0.00960551883995 0.00277607557949 1.93209686722e-07 9.3918148061e-08
BPM.16R8.B2 24027.56069 0.00935011500859 0.00354230675101 9.17520006488e-08 -1.94247985682e-07
BPM.17R8.B2 24081.01218 0.00988173076235 0.00152446217308 -1.96916941365e-07 -8.58718919124e-08
BPM.18R8.B2 24134.46366 0.00972645231909 0.00231704834958 -8.36654698123e-08 1.97868046414e-07
BPM.19R8.B2 24187.91515 0.00999555813236 0.000247801181717 2.00287681507e-07 7.76870701935e-08
BPM.20R8.B2 24241.36663 0.00994294600501 0.0010537611322 7.54314248786e-08 -2.011453093e-07
BPM.21R8.B2 24294.81811 0.00994513069548 -0.00103293912611 -2.03322303567e-07 -6.93523644819e-08
BPM.22R8.B2 24348.2696 0.00999605463605 -0.000226890959347 -6.70696441842e-08 2.04082942082e-07
BPM.23R8.B2 24401.72108 0.00973127852183 -0.00229669461008 2.06015558085e-07 6.0907466404e-08
BPM.24R8.B2 24455.17257 0.00973163986594 -0.00151340853053 -2.27915253731e-06 0.000153286581648
BPM.25R8.B2 24508.62405 0.00920560088019 -0.00350030459105 0.000153285886672 -2.32534327248e-06
BPM.26R8.B2 24562.07554 0.00945806879221 -0.00274593419404 -4.04079097156e-06 -0.000153250265622
BPM.27R8.B2 24615.52702 0.00868213887768 -0.00464926707005 -0.000153059581051 8.64489227961e-06
BPM.28R8.B2 24668.9785 0.00887585960571 -0.00394289666764 8.02643059662e-06 0.000306441129507
BPM.29R8.B2 24722.42999 0.00786425792939 -0.00569918986335 0.000306062046079 -1.72223589541e-05
BPM.30R8.B2 24775.88147 0.00829851406389 -0.00504598674643 -2.06440968478e-05 -0.000305850305106
BPM.31R8.B2 24829.33296 0.00707036670648 -0.00665862091546 -0.000305091363898 2.98302441683e-05
BPM.32R8.B2 24882.78444 0.00758483957362 -0.00606609648354 3.32522096332e-05 0.000304737386045
BPM.33R8.B2 24936.23592 0.00616071237822 -0.00750819158438 0.000303601692752 -4.23863033117e-05
BPM.34R8.B2 24989.68741 0.00674646250414 -0.00698659871052 -4.578035911e-05 -0.000303108472011
BPM.33L1.B2 25043.13889 0.00514928435342 -0.0082348156337 -0.00030159522566 5.4871702724e-05
BPM.32L1.B2 25096.59038 0.00579731729366 -0.00779220315772 5.82513977846e-05 0.000300960732535
BPM.31L1.B2 25150.04186 0.00405388198025 -0.0088257214303 0.000299075896939 -6.72621441179e-05
BPM.30L1.B2 25203.49334 0.00475277110155 -0.00846985741786 -7.06054717954e-05 -0.000298304292956
BPM.29L1.B2 25256.94483 0.00289112820384 -0.00927193052127 -0.000296047360195 7.9539589271e-05
BPM.28L1.B2 25310.39631 0.00363030458033 -0.00900822993267 8.28540744979e-05 0.000295136897835
BPM.27L1.B2 25363.8478 0.00168167146201 -0.00956552659068 0.000292515362688 -9.16806794124e-05
BPM.26L1.B2 25417.29928 0.00229485402466 -0.00940829857639 -9.72912116955e-05 -0.000137978832113
BPM.25L1.B2 25470.75077 0.000292080554987 -0.00967972758296 -0.00013499321625 0.000101393141015
BPM.24L1.B2 25524.20225 0.00107257713444 -0.00962455273963 0.000102899666493 0.000133848407179
BPM.23L1.B2 25577.65373 -0.000948408764232 -0.0096375805017 0.000130696681586 -0.000106874299765
BPM.22L1.B2 25631.10522 -0.000320726448969 -0.00969236500199 -0.000110671603156 2.39991473539e-05
BPM.21L1.B2 25684.5567 -0.00232537476385 -0.00941474572012 2.73131998947e-05 0.000109900640466
BPM.20L1.B2 25738.00819 -0.001557839078 -0.00957172618681 0.000109587603561 -2.85432880421e-05
BPM.19L1.B2 25791.45967 -0.0035106902238 -0.00903990369745 -3.18229207366e-05 -0.000108680559326
BPM.18L1.B2 25844.91115 -0.00276967505576 -0.00929374547001 -0.000108317372487 3.30379794899e-05
BPM.17L1.B2 25898.36264 -0.00463826854001 -0.00851652920733 3.62770815139e-05 0.000107275976055
BPM.16L1.B2 25951.81412 -0.00393569615362 -0.00886313153358 0.000106862539364 -3.74774538508e-05
BPM.15L1.B2 26005.26561 -0.00568967103139 -0.00785318077821 -4.06712943266e-05 -0.000105688257898
BPM.14L1.B2 26058.71709 -0.00503731446928 -0.00828675254389 -0.000105226277201 4.18520352993e-05
BPM.13L1.B2 26112.16857 -0.00664753834023 -0.00706081006349 4.49942191661e-05 0.000103921517313
BPM.12L1.B2 26165.62006 -0.00506318686155 -0.00827096992993 0.000106563193468 -3.83203408934e-05
BPM.11L1.B2 26219.07154 -0.00570814577515 -0.00783976253222 -2.62228941936e-05 -0.000110165884599
BPM.10L1.B2 26271.85423 -0.00656417276595 -0.00713837801542 -0.000108440134367 3.26327933221e-05
BPM.9L1.B2 26310.92122 -0.00789200575094 -0.00563569428698 2.29354410616e-05 0.000110896918691
BPM.8L1.B2 26351.38621 -0.00178761980101 -0.00953148573144 8.73430512076e-05 -7.20788065343e-05
BPM.7L1.B2 26390.4542 -0.00699855129264 -0.0067130532968 -6.35360910659e-05 -9.37407444057e-05
BPMR.6L1.B2 26433.6382 -0.00752114780985 -0.00612185760395 -0.000112929476425 -8.43190011115e-06
BPM.5L1.B2 26465.5382 -0.00749510729571 -0.00615371200096 -0.000103697588433 4.55079288485e-05
BPMYA.4L1.B2 26486.6562 -0.00754231785783 -0.00609575640078 -8.46729482497e-05 7.51974266506e-05
BPMWB.4L1.B2 26507.7127 -0.00832809052645 -0.00496867316107 -5.14030250912e-05 0.000100905354707
BPMSY.4L1.B2 26600.5687 -0.00870887878585 -0.00426617335541 0.000104674773487 4.32128902755e-05
BPMS.2L1.B2 26627.3542 -0.0090873155032 -0.00338607464213 0.000113053803827 -6.55761341025e-06
BPMSW.1L1.B2 26637.4082 -0.00920403279619 -0.00305460064529 0.00010674485939 -3.78113285956e-05
