BPMSW.1R1.B2 21.475 -0.00345786342467 -0.00927202246527 -0.000111120603328 -6.70115457434e-06
BPMS.2R1.B2 31.529 -0.00311964843269 -0.00939122002631 -0.000108584222733 2.45388875859e-05
BPMSY.4R1.B2 58.3145 -0.00217780067574 -0.00965320694262 -8.71386654855e-05 6.92787694919e-05
BPMWB.4R1.B2 151.1705 -0.0013754136562 -0.00979976822897 7.59913727138e-05 8.13511285952e-05
BPMYA.4R1.B2 172.227 2.3396696245e-05 -0.00989579065292 0.000100432932859 4.80200034248e-05
BPMR.5R1.B2 199.635 -0.000204276797201 -0.00989370967099 0.000111240670043 4.26707711689e-06
BPM.6R1.B2 231.535 0.00058070581958 -0.00987876514525 9.91537279369e-05 -5.06086201309e-05
BPMRA.7R1.B2 259.259 0.00138901799157 -0.00979784920687 5.73190836922e-05 -9.54317449228e-05
BPM.8R1.B2 300.6960106 0.00473792029566 -0.00868788417002 -8.09716058818e-05 -7.63956435372e-05
BPM.9R1.B2 339.7610212 0.00382007378698 -0.00912875984117 -5.2668721325e-05 9.80749792055e-05
BPM.10R1.B2 380.2240318 -0.000358108839339 -0.00988933658667 0.000107162887746 3.01464576009e-05
BPM.11R1.B2 433.0047424 0.00454009526687 -0.00879288092738 -1.85987572856e-06 -0.000111306943112
BPM.12R1.B2 487.7282583 0.00307791635512 -0.00940498011581 -0.00011077964624 1.09802135084e-05
BPM.13R1.B2 541.1767742 0.00437602755717 -0.00887567478432 1.72539254925e-05 0.000109977258228
BPM.14R1.B2 594.6252901 0.00243888273483 -0.00959057198875 0.00010941191212 -2.05360495653e-05
BPM.15R1.B2 648.073806 0.00320475861472 -0.00936251794663 -2.17475942644e-05 -0.000109177549646
BPM.16R1.B2 701.5223219 0.00119184881395 -0.00982378320502 -0.000108477765054 2.50053857165e-05
BPM.17R1.B2 754.9708378 0.001980841148 -0.00969553961283 2.62073005431e-05 0.000108193683514
BPM.18R1.B2 808.4193537 -7.44156390644e-05 -0.00989553850841 0.000107360984031 -2.94332127945e-05
BPM.19R1.B2 861.8678696 0.00072425369325 -0.00986927943958 -3.06216464227e-05 -0.000107028077926
BPM.20R1.B2 915.3163855 -0.00133981569799 -0.00980469856944 -0.00010606377161 3.38108251572e-05
BPM.21R1.B2 968.7649014 -0.000544100372118 -0.00988084889356 3.49852612795e-05 0.000105682196717
BPM.22R1.B2 1022.213417 -0.00258284891478 -0.00955280647573 0.000104587827322 -3.81324074127e-05
BPM.23R1.B2 1075.661933 -0.00180365474988 -0.00973005907457 -3.92896984533e-05 -0.00010415860334
BPM.24R1.B2 1129.110449 -0.00390417807419 -0.00912090411923 -0.000102816826391 0.000165046458749
BPM.25R1.B2 1182.558965 -0.00315520293745 -0.00940628475393 0.000166177072112 0.000100979276645
BPM.26R1.B2 1236.007481 -0.00503870578377 -0.0085466334008 9.59594425747e-05 -0.000169125453429
BPM.27R1.B2 1289.455997 -0.00433275643956 -0.00892528543362 -0.000170178637326 -9.40790394281e-05
BPM.28R1.B2 1342.904513 -0.00621113511682 -0.00780884754954 -8.88289522587e-05 0.000295576053156
BPM.29R1.B2 1396.353029 -0.00556049705123 -0.00828475539912 0.000296544095491 8.55416959958e-05
BPM.30R1.B2 1449.801545 -0.00715892386233 -0.00695025959944 7.6622893069e-05 -0.00029897277215
BPM.31R1.B2 1503.25006 -0.00657488285899 -0.0075051458919 -0.000299802989749 -7.33072481445e-05
BPM.32R1.B2 1556.698576 -0.00798924624053 -0.00597731075611 -6.43094550062e-05 0.000301861020078
BPM.33R1.B2 1610.147092 -0.00748069530164 -0.00660268863692 0.000302556709766 6.095259896e-05
BPM.34R1.B2 1663.595608 -0.0086881842416 -0.00490629738495 5.1863517895e-05 -0.00030424653941
BPM.33L2.B2 1717.044124 -0.00826401747453 -0.00559127129066 -0.000304802037426 -4.84922987888e-05
BPM.32L2.B2 1770.49264 -0.00924444332384 -0.00375453953771 -3.93570276397e-05 0.000306115682406
BPM.31L2.B2 1823.941156 -0.00891124640122 -0.00448842812583 0.000306534092411 3.59532101313e-05
BPM.30L2.B2 1877.389672 -0.00964876125645 -0.00254120162107 2.67556674378e-05 -0.000307473441855
BPM.29L2.B2 1930.838188 -0.0094122576072 -0.00331145077032 -0.000307750713332 -2.33513709785e-05
BPM.28L2.B2 1984.286704 -0.00989456732863 -0.00128601589325 -1.41393792915e-05 0.000308311312859
BPM.27L2.B2 2037.73522 -0.00975850326681 -0.00208036378379 0.000308449413405 1.07117814964e-05
BPM.26L2.B2 2091.183735 -0.0100983160944 1.32041213204e-05 1.5939255609e-06 -0.000185976131859
BPM.25L2.B2 2144.632251 -0.0100664493928 -0.000801722472074 -0.000185982382842 4.65736900543e-07
BPM.24L2.B2 2198.080767 -0.0100136598498 0.0013049056336 6.02840273665e-06 0.000185885239276
BPM.23L2.B2 2251.529283 -0.0100863051983 0.00049255435532 0.000185806824117 -8.09238534976e-06
BPM.22L2.B2 2304.977799 -0.00988501224851 0.00259811241627 -1.35290114336e-05 -6.28220108167e-05
BPM.21L2.B2 2358.426315 -0.0100624335406 0.00179195047185 -6.26682022718e-05 1.42244972389e-05
BPM.20L2.B2 2411.874831 -0.00947143661539 0.00384129453485 1.60932653985e-05 6.22145194175e-05
BPM.19L2.B2 2465.323347 -0.00975053403196 0.00306443165141 6.2032128438e-05 -1.67825706298e-05
BPM.18L2.B2 2518.771863 -0.00890227104246 0.00502127728381 -1.86316614696e-05 -6.15020362672e-05
BPM.17L2.B2 2572.220379 -0.00927844256979 0.00428650891917 -6.12917349326e-05 1.93122454762e-05
BPM.16L2.B2 2625.668894 -0.00818678590977 0.00611883908241 2.11375733299e-05 6.06864301453e-05
BPM.15L2.B2 2679.11741 -0.00865386445572 0.00543822445694 6.04481799338e-05 -2.18095658028e-05
BPM.14L2.B2 2732.565926 -0.00733684550102 0.00711578198938 -2.36089715705e-05 -5.97683524309e-05
BPM.13L2.B2 2786.014442 -0.00788714829033 0.0065005036088 -5.9502963845e-05 2.42700866429e-05
BPM.12L2.B2 2839.462958 -0.00618437427758 0.00813739332078 2.52500535738e-05 5.90937758175e-05
BPM.11L2.B2 2892.911474 -0.00762640412984 0.00680452902843 6.12531093781e-05 -1.94344102155e-05
BPM.10L2.B2 2944.750185 -0.00704908845048 0.00740094638075 -7.69781765797e-06 -6.37995567273e-05
BPM.9L2.B2 2983.815195 -0.00542425247458 0.00866262895339 -6.40318254964e-05 -5.43736556467e-06
BPM.8L2.B2 3024.278206 -0.00164080832419 0.0100881813661 4.14891418002e-05 4.90743416582e-05
BPM.7L2.B2 3063.344216 -0.0097524603488 0.00305829565631 4.29575520388e-05 -4.77942338583e-05
BPM.6L2.B2 3095.450216 -0.0100013168833 0.00210649372253 1.59841751588e-05 -6.22426361924e-05
BPMYB.5L2.B2 3167.649216 -0.00914709080674 0.00456008607948 -6.1193737596e-05 -1.96205398342e-05
BPMYB.4L2.B2 3188.219216 -0.00809459684313 0.00624028502798 -6.11548989139e-05 1.97412694784e-05
BPMWB.4L2.B2 3212.610716 -0.00912106372699 0.0046119249493 -2.07922662497e-05 6.08056007278e-05
BPMSX.4L2.B2 3262.843716 -0.00561861533808 0.0085378461536 6.42269151557e-05 2.1313125232e-06
BPMS.2L2.B2 3300.755216 -0.00560796609332 0.00854484477061 5.05582444077e-05 -3.96673988038e-05
BPMSW.1L2.B2 3310.689216 -0.00592490049354 0.00832821766182 3.86001579951e-05 -5.13776943652e-05
BPMSW.1R2.B2 3353.879216 -0.0059248843103 0.00832822917414 4.43914687258e-05 4.64654405645e-05
BPMS.2R2.B2 3363.813216 -0.00560795417678 0.00854485257797 5.48846565401e-05 3.34263052506e-05
BPMSX.4R2.B2 3401.724716 -0.00561862122208 0.00853784227959 6.3527047919e-05 -9.69298831757e-06
BPMWB.4R2.B2 3451.881716 -0.00912184428842 0.00461038089666 -2.76360354024e-05 -5.80162821194e-05
BPMYB.4R2.B2 3476.349216 -0.00812200875241 0.00620456518379 -6.30481329083e-05 -1.2432728218e-05
BPM.5R2.B2 3505.883216 -0.0102203633604 8.84763707002e-05 -3.86789013765e-05 5.13184336476e-05
BPMR.6R2.B2 3579.179216 -0.0101172372251 -0.00145091921524 4.89213580871e-05 4.16693876953e-05
BPM_A.7R2.B2 3592.054216 -0.0101698102808 -0.00101912438813 5.55555141482e-05 3.22989398108e-05
BPM.8R2.B2 3633.493206 -0.00979249034826 0.00292759082368 5.47448696601e-05 -3.36547047725e-05
BPM.9R2.B2 3672.560195 -0.00222415505022 0.00997581022124 -5.23841730672e-05 -3.72228213542e-05
BPM.10R2.B2 3713.025185 -0.00148405132219 0.0101124303148 -5.33743970409e-05 3.57884450779e-05
BPM.11R2.B2 3764.865874 -0.000716003879252 0.0101956360124 3.04487866951e-05 5.65907287405e-05
BPM.12R2.B2 3819.592358 -0.00135895597379 0.0101299996973 5.3682499793e-05 -3.53246227113e-05
BPM.13R2.B2 3873.043842 0.0017838971666 0.0100638643719 -4.08923058293e-05 -4.95727577313e-05
BPM.14R2.B2 3926.495326 0.000965949765251 0.0101749985899 -4.91118394356e-05 4.14447409562e-05
BPM.15R2.B2 3979.94681 0.00305688450889 0.00975290276937 4.29014362927e-05 4.78446027329e-05
BPM.16R2.B2 4033.398294 0.0022597513837 0.0099678071283 4.73610511806e-05 -4.34346714195e-05
BPM.17R2.B2 4086.849779 0.00427937430725 0.0092817353343 -4.48380298029e-05 -4.60346728131e-05
BPM.18R2.B2 4140.301263 0.00351625597065 0.00959685361026 -4.5529262238e-05 4.53511404798e-05
BPM.19R2.B2 4193.752747 0.00543164007266 0.0086579986966 4.66984477177e-05 4.4146287943e-05
BPM.20R2.B2 4247.204231 0.00471513065308 0.00906814193693 4.36205039874e-05 -4.71899487436e-05
BPM.21R2.B2 4300.655715 0.00649456568806 0.00789203850808 -4.84792258215e-05 -4.21829792182e-05
BPM.22R2.B2 4354.107199 0.00583638540387 0.00839048632085 -4.16369315193e-05 4.89490043862e-05
BPM.23R2.B2 4407.558683 0.00745083437451 0.00699633635346 5.0177747831e-05 4.01476394425e-05
BPM.24R2.B2 4461.010167 0.00684089966943 0.00757353267755 3.92630028292e-05 -2.96277600722e-05
BPM.25R2.B2 4514.461651 0.00826384796968 0.00598874963959 -3.0794009206e-05 -3.83551347259e-05
BPM.26R2.B2 4567.913135 0.00775350709539 0.00663622130267 -3.80075616627e-05 3.1221985592e-05
BPM.27R2.B2 4621.36462 0.0089620729686 0.00488237172743 3.23497466809e-05 3.70524124598e-05
BPM.28R2.B2 4674.816104 0.00851782650439 0.00558842817517 3.63676177397e-05 -1.17662965861e-05
BPM.29R2.B2 4728.267588 0.00949224632452 0.00369880487311 -1.28535682099e-05 -3.59977112583e-05
BPM.30R2.B2 4781.719072 0.00916272600403 0.00445290354917 -3.58513948506e-05 1.32562170088e-05
BPM.31R2.B2 4835.170556 0.00988742653584 0.00245411783338 1.43273690667e-05 3.54369366626e-05
BPM.32R2.B2 4888.62204 0.00965710338876 0.00324411034803 3.52742488808e-05 -1.47233584785e-05
BPM.33R2.B2 4942.073524 0.0101201372149 0.0011690682327 -1.57764294749e-05 -3.4816006117e-05
BPM.34R2.B2 4995.525008 0.00999275672233 0.00198209759368 -3.46369918099e-05 1.61656633109e-05
BPM.33L3.B2 5048.976492 0.0101865416878 -0.000135152785141 1.71990310431e-05 3.41356617341e-05
BPM.32L3.B2 5102.427976 0.0101642184028 0.000687431512749 3.39409000677e-05 -1.75802468892e-05
BPM.31L3.B2 5155.87946 0.010085552109 -0.00143719743395 -1.85919635099e-05 -3.3397438604e-05
BPM.30L3.B2 5209.330945 0.0101686481444 -0.000618459983644 -3.31869462023e-05 1.89651330129e-05
BPM.29L3.B2 5262.782429 0.00981883629719 -0.00271557574002 1.99536765598e-05 3.2602157136e-05
BPM.28L3.B2 5316.233913 0.0100059761186 -0.00191424649436 3.237664155e-05 -2.03175465717e-05
BPM.27L3.B2 5369.685397 0.00939075465638 -0.003949382835 -2.12810269661e-05 -3.17516569443e-05
BPM.26L3.B2 5423.136881 0.00965792298105 -0.00317984782727 -3.18309718975e-05 4.26318557834e-05
BPM.25L3.B2 5476.588365 0.00878760626025 -0.00511516223683 4.35689253874e-05 3.05358058276e-05
BPM.24L3.B2 5530.039849 0.00917177673764 -0.00438923910739 3.00460088134e-05 -4.39081307798e-05
BPM.23L3.B2 5583.491333 0.00806100417789 -0.00619734782661 -4.4790995572e-05 -2.87132959874e-05
BPM.22L3.B2 5636.942817 0.00851396264601 -0.00552779767851 -2.85291928525e-05 6.61062421189e-05
BPM.21L3.B2 5690.394301 0.00718124406359 -0.00717452721559 6.69334765065e-05 2.65303494532e-05
BPM.20L3.B2 5743.845786 0.00773685475596 -0.00657154361893 2.57792106223e-05 -6.72263439198e-05
BPM.19L3.B2 5797.29727 0.00620435195979 -0.00803430917273 -6.79705177865e-05 -2.37477963604e-05
BPM.18L3.B2 5850.748754 0.0068326067646 -0.00750730257963 -2.29843407538e-05 6.8232464576e-05
BPM.17L3.B2 5904.200238 0.00512565891336 -0.00876194771918 6.88921775796e-05 2.09240982691e-05
BPM.16L3.B2 5957.651722 0.00581608763438 -0.00831968939737 2.01512909676e-05 -6.91221681124e-05
BPM.15L3.B2 6011.103206 0.0039625566672 -0.00934570766651 -6.96963935422e-05 -1.80654918498e-05
BPM.14L3.B2 6064.55469 0.00470398126693 -0.00899536921954 -1.72831536128e-05 6.98945057372e-05
BPM.13L3.B2 6118.006174 0.00273454216267 -0.00977580617096 7.03822002224e-05 1.51754988819e-05
BPM.12L3.B2 6171.457658 0.00488302972378 -0.00889944536941 2.04650178476e-05 -6.90299395297e-05
BPM.11L3.B2 6224.909142 0.00576290467463 -0.00835661635167 -6.80613523942e-05 -2.34862007676e-05
BPM.10L3.B2 6277.691832 0.00866701627769 -0.00528459420718 -2.8858578007e-05 6.5963110323e-05
BPM.9L3.B2 6316.758821 0.00765651577249 -0.00666497361915 3.17744419939e-05 6.46090889885e-05
BPM.8L3.B2 6357.223811 0.00625456870319 -0.00799527845147 7.10702249228e-05 1.15313712293e-05
BPM.7L3.B2 6396.2898 0.00231925172044 -0.00988256943292 4.26699921635e-05 -5.79932851522e-05
BPMR.6L3.B2 6468.9288 -0.00634344522181 -0.00792494856079 -7.12728327069e-05 -1.02045147794e-05
BPMWE.5L3.B2 6511.9823 -0.00650922031971 -0.00778936184592 -6.35811593161e-05 3.37844001411e-05
BPMW.5L3.B2 6539.5273 -0.00383271261467 -0.00939970324501 -4.19743703881e-05 5.84987326233e-05
BPMWE.4L3.B2 6614.6553 -0.00684431875587 -0.00749662643397 4.37184536645e-05 5.72070488431e-05
BPMW.4L3.B2 6642.2003 -0.0101476648297 0.000262689084459 7.17674759656e-05 -5.77751548167e-06
BPMW.4R3.B2 6687.1653 -0.00984584450542 0.00247051677078 5.30767894846e-05 -4.86498061919e-05
BPMWE.4R3.B2 6714.7103 -0.0101358908275 0.000554819142832 3.11019095263e-05 -6.49355079114e-05
BPMW.5R3.B2 6789.8383 -0.00985322515527 0.0024409140049 -4.4382263024e-05 -5.66936032434e-05
BPMWE.5R3.B2 6817.3833 -0.00806464238379 0.00616487229159 -6.85327219979e-05 -2.20729456249e-05
BPMWC.6R3.B2 6858.3743 -0.00743803334915 0.00690794955564 -6.80810626708e-05 2.342901221e-05
BPM.6R3.B2 6870.5288 -0.0081370309357 0.00606900607246 -6.12654193424e-05 3.7821918631e-05
BPM_A.7R3.B2 6926.3528 -0.00799921240653 0.00624953662252 7.82962394325e-06 7.15726650234e-05
BPM.8R3.B2 6965.418789 -0.0101085382305 0.000928203644932 7.19341016008e-05 -3.07151582436e-06
BPM.9R3.B2 7004.485779 -0.00621252586412 -0.00802799037648 -1.51753736762e-05 -7.03822204139e-05
BPM.10R3.B2 7044.950768 -0.00709640566435 -0.00725845257342 -6.16164671067e-05 -3.72472840328e-05
BPM.11R3.B2 7097.733458 -0.00903241388989 -0.0046324514542 -4.88480806692e-05 5.28943611105e-05
BPM.12R3.B2 7152.459942 -0.0100360230951 -0.00152392504606 6.22604689217e-05 3.61605179248e-05
BPM.13R3.B2 7205.911426 -0.0096920736752 -0.00301791567255 3.20980486755e-05 -6.44489315535e-05
BPM.14R3.B2 7259.36291 -0.0101073888341 -0.000940637038473 -6.53838098969e-05 -3.01480851999e-05
BPM.15R3.B2 7312.814394 -0.00999849728196 -0.00175332805136 -2.9414150368e-05 6.57172501438e-05
BPM.16R3.B2 7366.265878 -0.010144674902 0.000360108711529 6.65713668489e-05 2.74263085079e-05
BPM.17R3.B2 7419.717362 -0.0101406415292 -0.000459887463521 2.66781838922e-05 -6.6874697251e-05
BPM.18R3.B2 7473.168846 -0.010015258702 0.0016549018748 -6.76459281883e-05 -2.46572065875e-05
BPM.19R3.B2 7526.62033 -0.0101161510618 0.000841186562967 -2.38983020406e-05 6.79177535168e-05
BPM.20R3.B2 7580.071814 -0.00972125250193 0.00292255999855 6.86051448419e-05 2.18468160627e-05
BPM.21R3.B2 7633.523299 -0.00992542901912 0.0021283716492 2.10762520126e-05 -6.88457840686e-05
BPM.22R3.B2 7686.974783 -0.00926752552431 0.00414211030731 -6.9447838475e-05 -1.89986022984e-05
BPM.23R3.B2 7740.426267 -0.00957159323122 0.00338063753874 -1.82198444238e-05 6.96562065924e-05
BPM.24R3.B2 7793.877751 -0.00856557134218 0.00527534410576 7.00638233713e-05 -8.14857195495e-05
BPM.25R3.B2 7847.329235 -0.00896344428074 0.00456672032112 -8.22656300878e-05 -6.91464182302e-05
BPM.26R3.B2 7900.780719 -0.00782038032013 0.00632771044503 -6.66444314849e-05 8.43052791891e-05
BPM.27R3.B2 7954.232203 -0.00830553456451 0.00567594603296 8.50466502535e-05 6.5695718589e-05
BPM.28R3.B2 8007.683687 -0.0068507255099 0.00725784767884 6.30010659781e-05 -0.000184584830249
BPM.29R3.B2 8061.135171 -0.00741426975239 0.00668112243184 -0.000185278795961 -6.09299785572e-05
BPM.30R3.B2 8114.586655 -0.00586602743842 0.00807455973911 -5.5338177492e-05 0.000187025079031
BPM.31R3.B2 8168.03814 -0.006498475617 0.00757486683492 0.000187633583715 5.32384262908e-05
BPM.32R3.B2 8221.489624 -0.00478481195465 0.00875867384006 4.7575595918e-05 -0.000189148766687
BPM.33R3.B2 8274.941108 -0.00547627316266 0.00834381358129 -0.000189669766356 -4.54540695868e-05
BPM.34R3.B2 8328.392592 -0.00362509234205 0.00929879015799 -3.97364095413e-05 0.000190949498879
BPM.33L4.B2 8381.844076 -0.00436362569831 0.0089759436088 0.000191382811994 3.75940580611e-05
BPM.32L4.B2 8435.29556 -0.00240568530699 0.00968614841269 3.18266069172e-05 -0.000192425988266
BPM.31L4.B2 8488.747044 -0.00317979228086 0.00946032313854 -0.000192770463992 -2.96688672545e-05
BPM.30L4.B2 8542.198528 -0.00114684971543 0.00991430928509 -2.38642068867e-05 0.000193574774817
BPM.29L4.B2 8595.650012 -0.00194313339856 0.00978943437645 0.000193829990337 2.16940120105e-05
BPM.28L4.B2 8649.101496 0.000130916152484 0.00997956180625 1.58611585824e-05 -0.000194394232267
BPM.27L4.B2 8702.55298 -0.000675150793963 0.00995755814912 -0.000194559771532 -1.36817158974e-05
BPM.26L4.B2 8756.004465 0.00150226256181 0.00986252384867 -7.93733968449e-06 9.72803812534e-05
BPM.25L4.B2 8809.455949 0.000701429039633 0.00995159116604 9.73631845915e-05 6.847211863e-06
BPM.24L4.B2 8862.907433 0.0027516161939 0.00958930538596 3.91932008229e-06 -9.75249363644e-05
BPM.23L4.B2 8916.358917 0.00196858946785 0.00978012397367 -9.75627314677e-05 -2.82601512101e-06
BPM.22L4.B2 8969.810401 0.00405153135559 0.00914024605533 -8.76898020445e-10 1.03608450656e-09
BPM.21L4.B2 9023.261885 0.00330059129381 0.00943743086968 1.04377057431e-09 8.61804966007e-10
BPM.20L4.B2 9076.713369 0.00518753284391 0.00854684195101 8.30023578273e-10 -1.07118277171e-09
BPM.19L4.B2 9130.164853 0.00448077744826 0.00893765281045 -1.07980747477e-09 -8.1866495988e-10
BPM.18L4.B2 9183.616337 0.00623827178548 0.00781300002762 -7.84605525215e-10 1.10565499478e-09
BPM.17L4.B2 9237.067821 0.00558732000529 0.00829101076393 1.11318740048e-09 7.75172635507e-10
BPM.16L4.B2 9290.519306 0.00718651619986 0.00695075457685 7.36868350081e-10 -1.13735800068e-09
BPM.15L4.B2 9343.97079 0.0066020631871 0.00750811334439 -1.14321137023e-09 -7.26652700189e-10
BPM.14L4.B2 9397.422274 0.0080166486858 0.00597430733225 -6.95314573916e-10 1.16900468797e-09
BPM.13L4.B2 9450.873758 0.00750829801211 0.00660185317189 1.1663757723e-09 6.82597699891e-10
BPM.12L4.B2 9504.325242 0.00916131611247 0.00400365975318 7.10588213223e-10 -1.15238356606e-09
BPM.11L4.B2 9557.776726 0.00901232331899 0.0043286294236 -1.02372171744e-09 -8.86934313274e-10
BPMC.10L4.B2 9609.617415 0.00947949545985 0.00317776180309 -1.02641999555e-09 8.92649337348e-10
BPMC.9L4.B2 9648.684405 0.00973448361994 0.00228009495482 6.88205345267e-10 1.16392025275e-09
BPMC.8L4.B2 9689.149394 0.00996279515366 -0.000837685512875 3.39549294267e-10 -1.30710597565e-09
BPMC.7L4.B2 9728.215384 0.00706980550938 0.00706943097767 -1.34066793324e-09 -2.06412624825e-10
BPMYA.6L4.B2 9824.819384 0.00803373399116 0.00595131266625 -5.76927044422e-10 1.22847060642e-09
BPMYB.5L4.B2 9861.819384 0.00802299968495 0.00596577575318 -2.26788031171e-10 1.33465629758e-09
BPMWA.B5L4.B2 9964.209884 0.00993820235914 0.00109139276733 1.04167838488e-09 8.66002401168e-10
BPMWA.A5L4.B2 9973.094884 0.00997072729873 0.000737293315536 1.11759629715e-09 7.67058017157e-10
BPMWA.A5R4.B2 10021.14388 0.00999020723412 -0.000393400218432 1.34234934734e-09 1.73901434913e-10
BPMWA.B5R4.B2 10030.02888 0.00998757937696 -0.000455260917534 1.35399867539e-09 6.47003017036e-11
BPMYA.5R4.B2 10132.49538 0.00992936036966 0.00116910543452 9.98395585189e-10 -9.49548457099e-10
BPMYB.6R4.B2 10164.05938 0.00995564825119 0.000918733967378 7.33688887748e-10 -1.14708415723e-09
BPMCA.7R4.B2 10260.57538 0.00902131431474 0.00430985989754 -1.20824342072e-09 -6.11320282604e-10
BPMC.8R4.B2 10298.36637 0.00754912956612 0.00655512373006 -5.33379635316e-10 1.2455320348e-09
BPMC.9R4.B2 10337.43336 0.0099975463629 8.98388751392e-05 1.35885583196e-09 -3.52209592186e-13
BPMC.10R4.B2 10377.89835 0.00999340133684 -0.000301552775488 3.71804984864e-10 -1.30097215274e-09
BPM.11R4.B2 10429.73904 0.00932880334888 -0.00359616913059 -1.26195250912e-09 -4.87493192179e-10
BPM.12R4.B2 10484.46553 0.00919711679271 -0.00392072020624 -5.49745060043e-10 1.24154603057e-09
BPM.13R4.B2 10537.91701 0.00817265909928 -0.00575904919257 1.2530349779e-09 5.08848376457e-10
BPM.14R4.B2 10591.36849 0.00861080722158 -0.00508064988647 4.91144164003e-10 -1.26009772861e-09
BPM.15R4.B2 10644.81998 0.00736875617713 -0.00675725067752 -1.27578481058e-09 -4.55277858917e-10
BPM.16R4.B2 10698.27146 0.00789011492342 -0.00614044710692 -4.45046572052e-10 1.28675057964e-09
BPM.17R4.B2 10751.72295 0.00644379330044 -0.00764437912421 1.28957287974e-09 4.01905747675e-10
BPM.18R4.B2 10805.17443 0.00703974959035 -0.00709936124315 3.85930737932e-10 -1.30402002072e-09
BPM.19R4.B2 10858.62591 0.00541291269682 -0.00840591342061 -1.31590837813e-09 -3.46360653373e-10
BPM.20R4.B2 10912.0774 0.00607371923154 -0.00794159549759 -3.31181387333e-10 1.31307355396e-09
BPM.21R4.B2 10965.52888 0.00429311077201 -0.00902929699361 1.3268711844e-09 2.91193321997e-10
BPM.22R4.B2 11018.98037 0.00500786340159 -0.00865334088236 2.80284203455e-10 -1.32159515157e-09
BPM.23R4.B2 11072.43185 0.00310273496494 -0.00950431691606 -1.32814762988e-09 -2.37748517617e-10
BPM.24R4.B2 11125.88333 0.00363228944918 -0.00923716411548 -3.47400150479e-06 0.000228013952117
BPM.25R4.B2 11179.33482 0.00163612081819 -0.00978988438355 0.00022801541375 -3.37668371258e-06
BPM.26R4.B2 11232.7863 0.00242075645131 -0.00962593713982 -5.92997022557e-06 -0.000227963304233
BPM.27R4.B2 11286.23779 0.000369922303952 -0.00991876429111 -0.000227682206395 1.27767517561e-05
BPM.28R4.B2 11339.68927 0.000942061052458 -0.00987087936045 1.18538920168e-05 0.000455536335821
BPM.29R4.B2 11393.14075 -0.00112688461484 -0.00985149071934 0.000454974655437 -2.55330331828e-05
BPM.30R4.B2 11446.59224 -0.00032846380476 -0.00991029010138 -3.0628500599e-05 -0.000454660051692
BPM.31R4.B2 11500.04372 -0.00237858983444 -0.00962621674429 -0.000453534737076 4.42731924286e-05
BPM.32R4.B2 11553.49521 -0.00159349618787 -0.00978685384926 4.93504485134e-05 0.000453010378479
BPM.33R4.B2 11606.94669 -0.00358985161836 -0.0092430895161 0.000451322744621 -6.29416128279e-05
BPM.34R4.B2 11660.39818 -0.00283248698119 -0.00950256575228 -6.79972657666e-05 -0.000450588770008
BPM.33L5.B2 11713.84966 -0.00474337292404 -0.00870759161536 -0.000448343600878 8.14977636791e-05
BPM.32L5.B2 11767.30114 -0.00402474798904 -0.00906218196616 8.65115586422e-05 0.000447403196069
BPM.31L5.B2 11820.75263 -0.00581783783859 -0.00802960155812 0.000444600222367 -9.99225357605e-05
BPM.30L5.B2 11874.20411 -0.00515108256388 -0.00847278506578 -0.000104902942633 -0.000443451507866
BPM.29L5.B2 11927.6556 -0.00679764267377 -0.0072189883227 -0.000440102628445 0.00011816744502
BPM.28L5.B2 11981.10708 -0.00619254780371 -0.0077442940333 0.000123084792434 0.000438752781312
BPM.27L5.B2 12034.55856 -0.00766498056694 -0.00629045398363 0.000434852724851 -0.00013622398558
BPM.26L5.B2 12088.01005 -0.00736002716987 -0.00690287059467 -0.000144564500418 -0.000205291014484
BPM.25L5.B2 12141.46153 -0.00863250366323 -0.00522489262831 -0.000200858299189 0.000150662669007
BPM.24L5.B2 12194.91302 -0.00818253269102 -0.00590472532554 0.00015290338989 0.000199157844026
BPM.23L5.B2 12248.3645 -0.00922990700452 -0.00407779831804 0.000194470517282 -0.000158822268083
BPM.22L5.B2 12301.81598 -0.00909836697035 -0.00482381607853 -0.000164468705552 3.53367811588e-05
BPM.21L5.B2 12355.26747 -0.00990143646286 -0.00283037791686 4.02607029616e-05 0.000163333156329
BPM.20L5.B2 12408.71895 -0.00964066939684 -0.00362035587519 0.000162871127268 -4.20908974977e-05
BPM.19L5.B2 12462.17044 -0.0101821601682 -0.00154048609163 -4.6966346018e-05 -0.000161532676509
BPM.18L5.B2 12515.62192 -0.0100246156505 -0.0023572365397 -0.000160997170394 4.87704283598e-05
BPM.17L5.B2 12569.07341 -0.0102955697869 -0.000225223998088 5.35841469988e-05 0.000159459660255
BPM.16L5.B2 12622.52489 -0.010243798724 -0.00105549550369 0.000158848322929 -5.53701521677e-05
BPM.15L5.B2 12675.97637 -0.0102397945342 0.00109365943548 -6.0118559686e-05 -0.000157112710437
BPM.14L5.B2 12729.42786 -0.0102946575218 0.00026364661136 -0.000156430365014 6.18723243061e-05
BPM.13L5.B2 12782.87934 -0.0100157378291 0.00239467717827 6.65431635667e-05 0.000154501301317
BPM.12L5.B2 12836.33083 -0.0102937789953 0.000295968010636 0.000158406049889 -5.6623035115e-05
BPM.11L5.B2 12889.78231 -0.0102371898913 0.00111777735058 -3.86431280061e-05 -0.000163723407901
BPM.10L5.B2 12942.565 -0.0100431958532 0.00227677407548 -0.000161178317758 4.81684154681e-05
BPM.9L5.B2 12981.63199 -0.00936016055273 0.00429381852231 3.37557181615e-05 0.000164800478247
BPM.8L5.B2 13022.09698 -0.00972495808156 -0.00338742873108 0.00012994982128 -0.000106825514202
BPM.7L5.B2 13061.16497 -0.00988079507548 0.00290161536806 -9.41172205914e-05 -0.000139429530377
BPMR.6L5.B2 13098.05897 -0.009794058111 0.00318212330836 -0.000165078020148 -3.23711459419e-05
BPMWT.B6L5.B2 13109.36897 -0.00949982594315 0.00397527233487 -0.000168216160814 1.40243497105e-06
BPMWT.A6L5.B2 13115.19097 -0.00942753934771 0.00414378870962 -0.000167399689189 1.66128219004e-05
BPM.5L5.B2 13129.95897 -0.00951099127291 0.00394848426872 -0.000159859467003 5.23793094392e-05
BPMYA.4L5.B2 13157.36497 -0.00959937039868 0.00372848105211 -0.000125996851575 0.000111460472933
BPMWB.4L5.B2 13178.42347 -0.00897603795896 0.00504779413898 -7.664419118e-05 0.000149747495772
BPMWT.B4L5.B2 13178.89297 -0.0089604557244 0.00507540306971 -7.5329546553e-05 0.00015041311175
BPMWT.A4L5.B2 13180.87497 -0.00889449462286 0.00519012990995 -6.96968703996e-05 0.00015310450986
BPMSY.4L5.B2 13271.27947 -0.00852990710819 0.00576976323555 0.000155370161054 6.44884251686e-05
BPMS.2L5.B2 13298.06497 -0.00791899262426 0.00658323923809 0.000167957985295 -9.42121538258e-06
BPMSW.1L5.B2 13308.11897 -0.00767527445824 0.00686583171207 0.000158674631244 -5.58659507847e-05
BPMSW.1R5.B2 13351.06897 -0.00767531489001 0.00686578651154 2.65706395774e-06 0.000168201020497
BPMS.2R5.B2 13361.12297 -0.00791902028356 0.00658320596819 4.94372349775e-05 0.000160793668248
BPMSY.4R5.B2 13387.90847 -0.00852991395929 0.00576975310977 0.000114388115883 0.000123345061917
BPMWB.4R5.B2 13480.76447 -0.0089760527141 0.00504776790284 0.000113852562531 -0.000123839569588
BPMYA.4R5.B2 13501.82097 -0.0095993624044 0.00372850164218 6.08244727913e-05 -0.000156840771756
BPMR.5R5.B2 13522.93897 -0.0096278399672 0.0036543372394 9.63367882803e-06 -0.000167945936962
BPM.6R5.B2 13554.83897 -0.00961228694807 0.00369505382159 -7.02450515396e-05 -0.000152853776231
BPMRA.7R5.B2 13588.85297 -0.0100221270608 0.00236779480757 -0.000150372525741 -7.54105354574e-05
BPM.8R5.B2 13630.28998 -0.0102158279618 -0.0012985923592 -0.000105815911534 0.00013077322701
BPM.9R5.B2 13669.35499 -0.010295191185 -0.0002419122365 0.000153820429005 6.81022795754e-05
BPM.10R5.B2 13709.818 -0.00944849262262 0.00409578688681 3.31206961393e-05 -0.000164929263023
BPM.11R5.B2 13762.59871 -0.0102426040256 -0.00106702663808 -0.000167499015558 1.55796223369e-05
BPM.12R5.B2 13817.32223 -0.010281573375 0.000582006864727 2.92588190839e-05 0.000165657980694
BPM.13R5.B2 13870.77074 -0.0102606545949 -0.000876613017844 0.000163728521353 -3.86214372759e-05
BPM.14R5.B2 13924.21926 -0.0102191966834 0.00127181061738 -4.35039440757e-05 -0.000162499387063
BPM.15R5.B2 13977.66777 -0.0102884994865 0.000443014001635 -0.000162007702066 4.53006434249e-05
BPM.16R5.B2 14031.11629 -0.00997253743381 0.00256865338695 5.01273311717e-05 0.000160579872392
BPM.17R5.B2 14084.56481 -0.0101473002809 0.00175549994099 0.000160013243633 -5.19076767431e-05
BPM.18R5.B2 14138.01332 -0.00956205434598 0.00382316620025 -5.66740683835e-05 -0.000158387798635
BPM.19R5.B2 14191.46184 -0.00983938946563 0.00303906203904 -0.000157750482937 5.84245737131e-05
BPM.20R5.B2 14244.91035 -0.00899439834862 0.00501500562808 6.31182822527e-05 0.000155931801679
BPM.21R5.B2 14298.35887 -0.00936976455178 0.00427282053088 0.000155221269138 -6.4845986171e-05
BPM.22R5.B2 14351.80738 -0.00827904856891 0.00612428263775 -6.94628634118e-05 -0.00015321082019
BPM.23R5.B2 14405.2559 -0.00874626803304 0.00543620074468 -0.000152432056582 7.11555499624e-05
BPM.24R5.B2 14458.70442 -0.00732798889052 0.00711403740728 7.55855045302e-05 4.8881162069e-05
BPM.25R5.B2 14512.15293 -0.00787820738215 0.00649944597192 4.80394202197e-05 -7.61232565492e-05
BPM.26R5.B2 14565.60145 -0.0063578627364 0.00799290503199 -7.75267094014e-05 -4.57399845482e-05
BPM.27R5.B2 14619.04996 -0.0069821029374 0.00745380358825 -4.48778534089e-05 7.80289300027e-05
BPM.28R5.B2 14672.49848 -0.00518355032342 0.0087215404704 7.92368044371e-05 -5.88288805533e-05
BPM.29R5.B2 14725.947 -0.00587055492409 0.0082747233815 -5.97040044369e-05 -7.85795176367e-05
BPM.30R5.B2 14779.39551 -0.00402543882028 0.00931291063253 -7.67578916291e-05 6.2028497643e-05
BPM.31R5.B2 14832.84403 -0.004763732049 0.00895775190194 6.28759178978e-05 7.60652819338e-05
BPM.32R5.B2 14886.29254 -0.00280093212441 0.00975137125679 7.41494302586e-05 -6.51242700418e-05
BPM.33R5.B2 14939.74106 -0.00357883598273 0.00949349225041 -6.59425442409e-05 -7.34226744039e-05
BPM.34R5.B2 14993.18958 -0.00153066281467 0.0100295330644 -7.14164557614e-05 6.81101947796e-05
BPM.33L6.B2 15046.63809 -0.00233490667096 0.00987333139932 6.88980251194e-05 7.06567078233e-05
BPM.32L6.B2 15100.08661 -0.000234988430072 0.0101429405288 6.85633039707e-05 -7.09815634884e-05
BPM.31L6.B2 15153.53512 -0.00105286720193 0.0100908836496 -7.17375386689e-05 -6.77719299312e-05
BPM.30L6.B2 15206.98364 0.00106430567574 0.0100896836225 -6.55945649868e-05 7.37337180066e-05
BPM.29L6.B2 15260.43215 0.000246742974029 0.0101426613885 7.44566175238e-05 6.47728382957e-05
BPM.28L6.B2 15313.88067 0.00234633203956 0.00987062247633 6.25159840128e-05 -7.63613764977e-05
BPM.27L6.B2 15367.32919 0.00154202050255 0.010027793123 -7.70499937031e-05 -6.16652846408e-05
BPM.26L6.B2 15420.7777 0.00368909254586 0.00947045056369 -5.94316357829e-05 -2.2489630028e-05
BPM.25L6.B2 15474.22622 0.00291284494274 0.00973725690716 -2.18290389406e-05 5.96774349963e-05
BPM.24L6.B2 15527.67473 0.00487031288813 0.00892070009117 6.03038887238e-05 2.00335690497e-05
BPM.23L6.B2 15581.12325 0.00413451887368 0.00928464277356 1.93637465003e-05 -6.05222973074e-05
BPM.22L6.B2 15634.57177 0.00607087531999 0.00820549974789 -6.11743276657e-05 -0.000118895391247
BPM.21L6.B2 15688.02028 0.00538886837725 0.00866867064954 -0.000118209167827 6.24900366768e-05
BPM.20L6.B2 15741.4688 0.00707069230995 0.00736145796429 6.59996789864e-05 0.000116286088172
BPM.19L6.B2 15794.91731 0.00645360932836 0.00790801364827 0.000115547642266 -6.72841324049e-05
BPM.18L6.B2 15848.36583 0.00795423937888 0.00639654822495 -7.07117403696e-05 -0.000113482435428
BPM.17L6.B2 15901.81435 0.00741208168008 0.00701760631568 -0.000112690506957 7.19670936546e-05
BPM.16L6.B2 15955.26286 0.00870716220669 0.00532645094014 7.530732963e-05 0.000110486282242
BPM.15L6.B2 16008.71138 0.00824895116118 0.00601170175419 0.000109645243358 -7.65266739553e-05
BPM.14L6.B2 16062.15989 0.00931696910127 0.00416891352594 -7.97735569223e-05 -0.000107306064429
BPM.13L6.B2 16115.60841 0.00895014365356 0.00490720712432 -0.000106413759291 8.09600005887e-05
BPM.12L6.B2 16169.05693 0.00981672050073 0.00279602429724 8.31748274361e-05 0.000104691740037
BPM.11L6.B2 16222.50544 0.00919775101801 0.00442573490101 0.000110327337235 -7.55399982048e-05
BPM.10L6.B2 16274.34415 0.00982314053491 0.00277338479218 -5.46705065092e-05 -0.000122022733317
BPM.9L6.B2 16313.40916 0.010110759342 0.00139939229317 -0.000133435239955 8.57008815724e-06
BPM.8L6.B2 16353.87217 0.0092303917968 -0.00435724918808 5.84887371127e-05 0.00012023926059
BPMYB.5L6.B2 16450.96018 0.00898477192642 0.00484351387319 2.8295795943e-05 -0.000130681901373
BPMYA.4L6.B2 16487.36018 0.00916787882292 0.00448728765268 -2.74964423919e-06 -0.000133681908974
BPMSB.B4L6.B2 16518.13068 0.00860090355464 0.00549638165219 -3.29291827059e-05 -0.000129591977436
BPMSB.A4L6.B2 16518.76568 0.00858647256973 0.00551889862581 -3.36048221148e-05 -0.000129418420449
BPMSA.4L6.B2 16615.57568 0.00555156332994 0.008565389531 -0.000126281109345 -4.394875761e-05
BPMSE.4R6.B2 16707.14568 0.00528896699262 0.00872998175086 -0.000105178221178 8.25587880028e-05
BPMSA.A4R6.B2 16803.82068 0.0080686076906 0.00625166563058 1.81522189534e-06 0.00013369785482
BPMSA.B4R6.B2 16804.40568 0.00808271222221 0.00623341931603 2.4262151601e-06 0.000133688166418
BPMYB.4R6.B2 16830.96018 0.00864249495974 0.00543074894124 2.78873375836e-05 0.000130769675439
BPMYA.5R6.B2 16867.36018 0.00869608541954 0.00534451599791 5.51916114397e-05 0.000121787912325
BPM.8R6.B2 16963.08519 0.0101579487965 0.0010009143205 0.000112150110592 -7.28063480822e-05
BPM.9R6.B2 17002.1502 0.00813303520119 -0.00616761636731 -8.45742433565e-05 -0.000103564517786
BPM.10R6.B2 17042.61322 0.00673264678554 -0.00767184596453 -0.000122851940213 5.27807970785e-05
BPM.11R6.B2 17094.45193 0.00451903359244 -0.00915227232018 6.81035747564e-05 0.000115066568389
BPM.12R6.B2 17149.17544 0.00636217137854 -0.00798176224763 0.000104764662933 -8.30829545783e-05
BPM.13R6.B2 17202.62396 0.00455407342189 -0.00913488743682 -8.62916174799e-05 -0.000102137986
BPM.14R6.B2 17256.07247 0.00527639791171 -0.00873758424148 -0.000101174109393 8.74197364317e-05
BPM.15R6.B2 17309.52099 0.00334826072326 -0.00964234947221 9.04083990915e-05 9.85126034959e-05
BPM.16R6.B2 17362.96951 0.00411544571283 -0.00934070981632 9.7504479469e-05 -9.14947491364e-05
BPM.17R6.B2 17416.41802 0.00208716138563 -0.00999147189204 -9.43716067357e-05 -9.47228140537e-05
BPM.18R6.B2 17469.86654 0.00288666350257 -0.00979045080963 -9.36700135087e-05 9.54166666147e-05
BPM.19R6.B2 17523.31505 0.000792067452644 -0.0101763639068 9.81771512683e-05 9.07725679751e-05
BPM.20R6.B2 17576.76357 0.00161067755712 -0.0100792594503 8.96784794252e-05 -9.91775312212e-05
BPM.21R6.B2 17630.21209 -0.000516357367658 -0.0101940731947 -0.000101816751587 -8.66704237941e-05
BPM.22R6.B2 17683.6606 0.000307990749067 -0.0102024945441 -8.55358704005e-05 0.000102771721238
BPM.23R6.B2 17737.10912 -0.00181597401347 -0.0100443014513 0.000105285514734 8.24219173263e-05
BPM.24R6.B2 17790.55763 -0.0010251584932 -0.0101597103628 8.08544773704e-05 -8.04857124029e-05
BPM.25R6.B2 17844.00615 -0.00311147142089 -0.00972570872216 -8.28692094992e-05 -7.84097524913e-05
BPM.26R6.B2 17897.45466 -0.00231647329468 -0.00994507999261 -7.74860890748e-05 8.37335163204e-05
BPM.27R6.B2 17950.90318 -0.00432990753137 -0.00924784111642 8.60149581423e-05 7.49454688657e-05
BPM.28R6.B2 18004.3517 -0.00359515117875 -0.00956872470147 7.35920961956e-05 -6.11335859497e-05
BPM.29R6.B2 18057.80021 -0.00550282108731 -0.00861420713471 -6.33084546087e-05 -7.1729713172e-05
BPM.30R6.B2 18111.24873 -0.00478973533551 -0.00903017385425 -7.10234607916e-05 6.40997669697e-05
BPM.31R6.B2 18164.69724 -0.00655947944107 -0.00783956847521 6.61965637001e-05 6.90733476373e-05
BPM.32R6.B2 18218.14576 -0.00590543877587 -0.00834334448937 6.83346740178e-05 -6.69588235394e-05
BPM.33R6.B2 18271.59428 -0.00750847259836 -0.00693602505679 -6.89737374827e-05 -6.63003471263e-05
BPM.34R6.B2 18325.04279 -0.00692426873414 -0.007519315588 -6.55317543906e-05 6.97043829128e-05
BPM.33L7.B2 18378.49131 -0.00833400246692 -0.00591861532041 7.16343394369e-05 6.34163507064e-05
BPM.32L7.B2 18431.93982 -0.00782919405633 -0.00657185855399 6.26175691597e-05 -7.23336243129e-05
BPM.31L7.B2 18485.38834 -0.0090226678446 -0.00480385983879 -7.41750169818e-05 -6.04249827238e-05
BPM.30L7.B2 18538.83686 -0.00860558511012 -0.00551629488802 -5.95992340357e-05 7.48401250461e-05
BPM.29L7.B2 18592.28537 -0.0095630334465 -0.00361026256028 7.65902623264e-05 5.73327500092e-05
BPM.28L7.B2 18645.73389 -0.0092404980859 -0.00437021733092 5.6479230638e-05 -7.72218158793e-05
BPM.27L7.B2 18699.1824 -0.00994630003535 -0.00235726961066 -7.88773043105e-05 -5.41431723251e-05
BPM.26L7.B2 18752.63092 -0.00974930616299 -0.00315384427543 -5.36610114505e-05 0.000105180153248
BPM.25L7.B2 18806.07943 -0.0101915719283 -0.00106186912432 0.000106739116459 5.04888911212e-05
BPM.24L7.B2 18859.52795 -0.0100726397737 -0.00188085948224 4.93008930169e-05 -0.000107293000078
BPM.23L7.B2 18912.97647 -0.0102436771106 0.000250566571281 -0.000108720092382 -4.60685193369e-05
BPM.22L7.B2 18966.42498 -0.0102561601753 -0.000578497139325 -4.52565649661e-05 0.000134931700662
BPM.21L7.B2 19019.8735 -0.0101529145554 0.00156262808017 0.000136225928184 4.11973252632e-05
BPM.20L7.B2 19073.32201 -0.0102459049293 0.000738182022909 3.96822813604e-05 -0.000136674930846
BPM.19L7.B2 19126.77053 -0.00986962388501 0.00284850923566 -0.00013780097343 -3.55754725821e-05
BPM.18L7.B2 19180.21905 -0.0100672963836 0.00204279809127 -3.40468798839e-05 0.000138186581195
BPM.17L7.B2 19233.66756 -0.00942413510056 0.00408768370704 0.000139143820385 2.98951449798e-05
BPM.16L7.B2 19287.11608 -0.00972328353692 0.00331379506979 2.83485039742e-05 -0.000139467147232
BPM.15L7.B2 19340.56459 -0.00882386284459 0.00525955559276 -0.000140252835045 -2.41632795032e-05
BPM.14L7.B2 19394.01311 -0.00921949347498 0.00453038856135 -2.26080602502e-05 0.000140511912736
BPM.13L7.B2 19447.46163 -0.00807850124614 0.00634517912297 0.000141125697197 1.83918529514e-05
BPM.12L7.B2 19500.91014 -0.00868268992731 0.00548947868117 1.87213094183e-05 -0.000141082367376
BPM.11L7.B2 19554.35866 -0.00718933974428 0.00733736154872 -0.000140787174884 -2.08253256945e-05
BPM.10L7.B2 19607.13937 -0.00715126496455 0.00737447556134 -2.7098832702e-05 0.000139715335027
BPM.9L7.B2 19646.20438 -0.00377987670346 0.00955175442453 0.000119584473019 7.71639540866e-05
BPM.8L7.B2 19686.66739 -0.000219347218789 0.0102701201206 9.04250040125e-05 -0.000109900144698
BPM.7L7.B2 19725.7314 0.00629104892127 0.00812072558687 -0.000102021849184 -9.92283510557e-05
BPMR.6L7.B2 19760.5494 0.00619048369013 0.00819764552544 -0.000142301495245 2.23753069537e-06
BPMWC.6L7.B2 19772.7279 0.00728698841834 0.00724039227418 -0.000135971217506 4.20303462548e-05
BPMWE.5L7.B2 19849.7819 0.00269194789339 0.00991347048272 4.82858836712e-05 0.000133877542173
BPMW.5L7.B2 19872.9869 -0.000556666697912 0.0102573682132 0.00010173649129 9.95208917604e-05
BPMWE.4L7.B2 19908.0719 -0.000539707398444 0.0102582745327 0.000133106169646 5.03733092655e-05
BPMW.4L7.B2 19936.1769 0.00352854424368 0.00964742743051 0.000139697586628 -2.71901825419e-05
BPMW.4R7.B2 20052.2239 0.00567641077946 0.00856164944297 -9.69760152228e-05 -0.000104165133575
BPMWE.4R7.B2 20080.3289 0.00227986221191 0.0100162722001 -0.000136268438397 -4.10564920424e-05
BPMW.5R7.B2 20115.4139 0.00273654210959 0.00990125334327 -0.000139847448383 2.64085517197e-05
BPMWE.5R7.B2 20138.6189 0.00742516771027 0.00709861711635 -9.19360325932e-05 0.000108639256852
BPM.6R7.B2 20217.7584 0.00989005529827 0.00277674028907 0.000132762143709 5.12731372513e-05
BPM_A.7R7.B2 20255.7944 0.00839445352568 0.00592086399936 0.000128093169559 -6.20230832451e-05
BPM.8R7.B2 20294.85841 0.00834259343954 0.00599371463863 2.50364678274e-05 -0.000140099599004
BPM.9R7.B2 20333.92342 0.010243528398 0.000770458599504 -0.000139146566474 -2.98823637118e-05
BPM.10R7.B2 20374.38643 0.00941205202419 -0.00411542916299 -4.44464294395e-05 0.000135200731041
BPM.11R7.B2 20427.16714 0.00953280502123 -0.00382741542918 0.00012792574374 6.23676639027e-05
BPM.12R7.B2 20481.89066 0.00893978805815 -0.00506000691139 6.14439641884e-05 -0.00012837197177
BPM.13R7.B2 20535.33917 0.0093625829094 -0.00422676255631 -0.000129495279201 -5.90397685824e-05
BPM.14R7.B2 20588.78769 0.00828155300419 -0.0060777759388 -5.51366158204e-05 0.000131204709973
BPM.15R7.B2 20642.23621 0.00874503957953 -0.00538959768966 0.00013180786947 5.36787530047e-05
BPM.16R7.B2 20695.68472 0.00743606140575 -0.00708720475525 4.97117691378e-05 -0.000133354650496
BPM.17R7.B2 20749.13324 0.00798368703577 -0.00646407161066 -0.000133897937279 -4.82292983144e-05
BPM.18R7.B2 20802.58175 0.00646836380343 -0.00798020991179 -4.41992963372e-05 0.000135281720343
BPM.19R7.B2 20856.03027 0.00709131682498 -0.00743214007806 0.000135763408453 4.26968241667e-05
BPM.20R7.B2 20909.47879 0.00539441706386 -0.00874206754837 3.86160771781e-05 -0.000136980003266
BPM.21R7.B2 20962.9273 0.00608221523271 -0.00827829320492 -0.000137399931824 -3.70942027021e-05
BPM.22R7.B2 21016.37582 0.00423179906871 -0.00936030753434 -3.29647457878e-05 0.000138448720998
BPM.23R7.B2 21069.82433 0.00497344594688 -0.00898823207769 0.000138805704685 3.14276669967e-05
BPM.24R7.B2 21123.27285 0.00291334921749 -0.00980820091727 2.73463591293e-05 -5.17284328516e-05
BPM.25R7.B2 21176.72137 0.00369531374362 -0.00954112494317 -5.20285035497e-05 -2.67710494419e-05
BPM.26R7.B2 21230.16988 0.0016347346159 -0.0101002995811 -2.52018803571e-05 5.28064336388e-05
BPM.27R7.B2 21283.6184 0.00244451972029 -0.00993542813464 5.30826904369e-05 2.4614682368e-05
BPM.28R7.B2 21337.06691 0.000242979001668 -0.0102099292395 2.31014812838e-05 3.41592987064e-05
BPM.29R7.B2 21390.51543 0.00106613449253 -0.0101570197963 3.39010335748e-05 -2.34788419464e-05
BPM.30R7.B2 21443.96394 -0.00106509352708 -0.0101571290068 -2.44829459104e-05 -3.31831491271e-05
BPM.31R7.B2 21497.41246 -0.000241980544712 -0.0102099529526 -3.29095882758e-05 2.48494471251e-05
BPM.32R7.B2 21550.86098 -0.00235560470839 -0.00993744536143 2.58230572167e-05 3.21512925091e-05
BPM.33R7.B2 21604.30949 -0.00154597381365 -0.0100951304521 3.1862934817e-05 -2.61780312811e-05
BPM.34R7.B2 21657.75801 -0.00360748331096 -0.00955446273117 -2.7119944341e-05 -3.10651641848e-05
BPM.33L8.B2 21711.20652 -0.00282470081367 -0.00981441588576 -3.07625322375e-05 2.74627495717e-05
BPM.32L8.B2 21764.65504 -0.00480000827729 -0.00901452241544 2.83709361784e-05 2.99270088459e-05
BPM.31L8.B2 21818.10356 -0.00405689512534 -0.00937247543653 2.96104938392e-05 -2.87011313718e-05
BPM.30L8.B2 21871.55207 -0.00591374722912 -0.00832642105127 -2.95744984839e-05 -2.87382170149e-05
BPM.29L8.B2 21925.00059 -0.00522253264756 -0.00877649398223 -2.84085547073e-05 2.98913106222e-05
BPM.28L8.B2 21978.4491 -0.0069302372651 -0.00750156686335 3.07279769127e-05 2.75014106358e-05
BPM.27L8.B2 22031.89762 -0.00630227852214 -0.00803635360757 2.71588498583e-05 -3.10311636382e-05
BPM.26L8.B2 22085.34614 -0.00791930810367 -0.00653694874875 -3.1743771719e-05 6.1736746328e-05
BPM.25L8.B2 22138.79465 -0.00736591645576 -0.00715474769437 6.20850321307e-05 3.10570673914e-05
BPM.24L8.B2 22192.24317 -0.00869042444161 -0.00547025254744 2.91849969196e-05 -6.29867274874e-05
BPM.23L8.B2 22245.69168 -0.00822067817028 -0.00615366478243 -6.33064613117e-05 -2.84848213334e-05
BPM.22L8.B2 22299.1402 -0.00940520404818 -0.00429715335167 -2.64927445517e-05 0.000152086645303
BPM.21L8.B2 22352.58871 -0.00902771341874 -0.00504219996254 0.00015237130236 2.48031505679e-05
BPM.20L8.B2 22406.03723 -0.00987761454622 -0.00305877767564 2.02304788268e-05 -0.00015304554945
BPM.19L8.B2 22459.48575 -0.00959859029365 -0.00384583598528 -0.000153260302663 -1.85334888155e-05
BPM.18L8.B2 22512.93426 -0.0101877482836 -0.00177007768223 -1.39405255647e-05 0.000153746136442
BPM.17L8.B2 22566.38278 -0.010011665096 -0.00258649416138 0.000153891400593 1.223302998e-05
BPM.16L8.B2 22619.83129 -0.0103304776566 -0.000452351030748 7.62039339374e-06 -0.000154188650407
BPM.15L8.B2 22673.27981 -0.0102602873607 -0.00128448172523 -0.000154263611631 -5.91173742292e-06
BPM.14L8.B2 22726.72833 -0.0103034706352 0.000872859055961 -1.2944171437e-06 0.00015437142167
BPM.13L8.B2 22780.17684 -0.0103403049651 3.85135939454e-05 0.000154376278399 -4.19422283682e-07
BPM.12L8.B2 22833.62536 -0.00988275545295 0.00304212667995 2.50212765035e-06 -0.000154356570841
BPM.11L8.B2 22887.07387 -0.0100750719013 0.00232729805298 -0.000152113570101 -2.63376548988e-05
BPM.10L8.B2 22938.91258 -0.0094661550179 0.00416116561081 -5.60368074336e-05 0.000143847436598
BPM.9L8.B2 22977.9776 -0.00843032637875 0.00598773639717 0.000119771314769 9.74014528762e-05
BPM.8L8.B2 23018.44061 0.000459818556154 0.0103301479626 6.62613502105e-05 -0.000139433295232
BPM.7L8.B2 23057.50662 -0.00194339355661 0.010156112029 -7.54543277524e-05 -0.000134680571066
BPM.6L8.B2 23089.97562 -0.00759743816559 0.00701443678665 -0.000154335111077 -3.58944919502e-06
BPMR.5L8.B2 23150.39462 -0.0101429029745 0.00201119598579 7.31812294822e-05 0.000135929093978
BPMYB.4L8.B2 23171.16162 -0.00944333345065 0.00421270025449 0.000140218186132 6.45838202738e-05
BPMWB.4L8.B2 23195.62912 -0.0100636528779 0.0023761904021 0.000135444668838 -7.40739668656e-05
BPMSX.4L8.B2 23245.78612 -0.00754754084842 0.00706809855341 -0.000110051441589 -0.000108263061898
BPMS.2L8.B2 23283.69762 -0.00753872050363 0.00707750538623 -0.000153898127046 -1.21477163715e-05
BPMSW.1L8.B2 23293.63162 -0.00779917660144 0.00678942077865 -0.000151815458727 2.8004980272e-05
BPMSW.1R8.B2 23336.82162 -0.0077991431688 0.00678945917625 -2.8627265561e-06 -0.000154350298656
BPMS.2R8.B2 23346.75562 -0.00753869256377 0.00707753527052 -4.26234693559e-05 -0.000148376051754
BPMSX.4R8.B2 23384.66712 -0.00754754865174 0.00706809022329 -0.000128052207449 -8.622553556e-05
BPMWI.4R8.B2 23434.90012 -0.0100634169402 0.00237718941759 -4.50805366365e-05 0.000147648080755
BPMYB.4R8.B2 23459.29162 -0.00943776300251 0.00422516503689 9.12970662913e-05 0.000124487176002
BPMYB.5R8.B2 23479.86862 -0.010055665745 0.00240976689821 0.000146511419391 4.864786358e-05
BPMR.6R8.B2 23563.97662 -0.0097396869918 0.00347302279619 7.76592923279e-06 -0.000154181393122
BPM_A.7R8.B2 23586.21662 -0.00938552702412 0.00433996227342 -4.54531243639e-05 -0.000147533811634
BPM.8R8.B2 23627.65561 -0.00785831178774 0.00672088728547 -0.000154334992872 -3.59454261645e-06
BPM.9R8.B2 23666.7226 -0.00124120895249 0.0102656120321 9.34746524215e-05 0.000122860489698
BPM.10R8.B2 23707.18758 -0.00270392537435 0.00998059004541 0.00013976656952 -6.55554463155e-05
BPM.11R8.B2 23759.02827 -0.000543587205755 0.0103260787822 -4.01855883033e-05 -0.000149054785527
BPM.12R8.B2 23813.75476 0.000146705366425 0.0103393359355 -0.000149651481429 3.79031065322e-05
BPM.13R8.B2 23867.20624 0.00312155659353 0.00985795488344 5.19003555596e-05 0.000145391074662
BPM.14R8.B2 23920.65773 0.00231592364931 0.0100776925789 0.000144801060481 -5.35244167316e-05
BPM.15R8.B2 23974.10921 0.00435705619147 0.00937760370958 -5.78503834755e-05 -0.000143127717467
BPM.16R8.B2 24027.56069 0.00358589459497 0.0096986983664 -0.000142470308244 5.94510117525e-05
BPM.17R8.B2 24081.01218 0.00552097177388 0.0087431264838 6.37047320846e-05 0.00014061976342
BPM.18R8.B2 24134.46366 0.00479734352118 0.00916017932109 0.000139897611796 -6.52753358601e-05
BPM.19R8.B2 24187.91515 0.00659402695679 0.00796506112077 -6.94485394839e-05 -0.000137873540633
BPM.20R8.B2 24241.36663 0.00592959415261 0.00847132240154 -0.000137086195154 7.09900464895e-05
BPM.21R8.B2 24294.81811 0.00755884682547 0.00705600627978 7.5076878738e-05 0.000134891336797
BPM.22R8.B2 24348.2696 0.00696472142987 0.00764303901716 0.00013404246684 -7.65821656791e-05
BPM.23R8.B2 24401.72108 0.00839934890018 0.00603111333396 -8.05743348941e-05 -0.000131681386765
BPM.24R8.B2 24455.17257 0.00775143916441 0.00668086968935 -0.00013280728638 0.000216002787862
BPM.25R8.B2 24508.62405 0.0089693811438 0.00492636080601 0.000219894504109 0.000126259196767
BPM.26R8.B2 24562.07554 0.00854249414519 0.00563423665749 0.000123792494467 -0.000221292552804
BPM.27R8.B2 24615.52702 0.00952584348168 0.00373860065209 -0.000224912692546 -0.000117086544297
BPM.28R8.B2 24668.9785 0.00905929067245 0.00448673483322 -0.000116588307373 0.000360165375948
BPM.29R8.B2 24722.42999 0.00979329278753 0.00250857594671 0.000363503463326 0.000105722085398
BPM.30R8.B2 24775.88147 0.00955886121701 0.0032908523483 0.000101655618272 -0.000364661571104
BPM.31R8.B2 24829.33296 0.0100337284324 0.00123524517953 -0.000367553013497 -9.06460808853e-05
BPM.32R8.B2 24882.78444 0.00990129550094 0.00204104980972 -8.65091696546e-05 0.000368548637211
BPM.33R8.B2 24936.23592 0.0101093082142 -5.85183427293e-05 0.000370979489226 7.54065548773e-05
BPM.34R8.B2 24989.68741 0.0100810515211 0.0007575863788 7.12585517128e-05 -0.000371798532211
BPM.33L1.B2 25043.13889 0.0100187541747 -0.00135133329894 -0.000373773094607 -6.00466885939e-05
BPM.32L1.B2 25096.59038 0.0100951393262 -0.000538236839083 -5.5842202576e-05 0.000374424333652
BPM.31L1.B2 25150.04186 0.00976359593365 -0.00262178019066 0.000375931793993 4.45781836025e-05
BPM.30L1.B2 25203.49334 0.00994333353692 -0.0018252821967 4.03759556363e-05 -0.000376406314708
BPM.29L1.B2 25256.94483 0.00934790371326 -0.00384944582122 -0.000377450244838 -2.90387213254e-05
BPM.28L1.B2 25310.39631 0.00962814085871 -0.00308227845264 -2.47961292954e-05 0.000377752677985
BPM.27L1.B2 25363.8478 0.00877878366367 -0.00501343139469 0.000378326732979 1.34465286512e-05
BPM.26L1.B2 25417.29928 0.00902098833916 -0.00429705435931 7.16992484862e-06 -0.000244495555403
BPM.25L1.B2 25470.75077 0.00793258687936 -0.00607593385403 -0.000244600595689 1.83149624393e-07
BPM.24L1.B2 25524.20225 0.00839718000989 -0.00541574322517 2.92796370508e-06 0.000244583142384
BPM.23L1.B2 25577.65373 0.00709031408093 -0.00704062163573 0.000244384948889 -1.02705830123e-05
BPM.22L1.B2 25631.10522 0.00750165367357 -0.00645386801322 -1.50488184648e-05 -0.000110300628895
BPM.21L1.B2 25684.5567 0.00599870274063 -0.00787037390995 -0.000109798569106 1.83566899904e-05
BPM.20L1.B2 25738.00819 0.00661443487653 -0.00736046678705 1.95864869086e-05 0.000109585873267
BPM.19L1.B2 25791.45967 0.00494270754605 -0.00857303109591 0.000108948125568 -2.28692228873e-05
BPM.18L1.B2 25844.91115 0.00561843761749 -0.00814618799003 -2.40877653699e-05 -0.000108685209752
BPM.17L1.B2 25898.36264 0.00380523297406 -0.00913495605207 -0.000107912313441 2.73427887882e-05
BPM.16L1.B2 25951.81412 0.00453021774577 -0.00879797404172 2.85507176458e-05 0.00010759903284
BPM.15L1.B2 26005.26561 0.00260551994686 -0.00954664788643 0.000106692847984 -3.1769976237e-05
BPM.14L1.B2 26058.71709 0.003367430719 -0.00930524746629 -3.29628580609e-05 -0.000106330357072
BPM.13L1.B2 26112.16857 0.0013626719556 -0.00980154810302 -0.000105291929928 3.61428405062e-05
BPM.12L1.B2 26165.62006 0.00333826936219 -0.00931574890799 2.9399562186e-05 0.00010737020403
BPM.11L1.B2 26219.07154 0.00258303014249 -0.00955275747336 0.000109975187898 -1.7267107827e-05
BPM.10L1.B2 26271.85423 0.00147779456338 -0.00978485274811 -2.36817192238e-05 -0.000108774405408
BPM.9L1.B2 26310.92122 -0.000566397617945 -0.00987959583309 -0.000110439880015 1.39903678671e-05
BPM.8L1.B2 26351.38621 0.00643550737846 -0.00751741077953 6.39558198215e-05 9.11172159663e-05
BPM.7L1.B2 26390.4542 0.000861856074887 -0.00985821607556 9.67338779194e-05 -5.50931118001e-05
BPMR.6L1.B2 26433.6382 5.75008834299e-05 -0.00989565125224 1.69073902283e-05 -0.000110031064515
BPM.5L1.B2 26465.5382 9.94415106251e-05 -0.00989531866534 -3.66631920343e-05 -0.000105111872966
BPMYA.4L1.B2 26486.6562 2.31346522884e-05 -0.00989579126835 -6.72166118774e-05 -8.87390684411e-05
BPMWB.4L1.B2 26507.7127 -0.00137563668267 -0.00979973692497 -9.49581626995e-05 -5.81002771696e-05
BPMSY.4L1.B2 26600.5687 -0.00217776941959 -0.00965321399453 -5.03625620741e-05 9.92789377692e-05
BPMS.2L1.B2 26627.3542 -0.00311956361924 -0.00939124820322 -2.22673876444e-06 0.000111300209014
BPMSW.1L1.B2 26637.4082 -0.00345775495055 -0.00927206291848 2.88861133167e-05 0.000107509475954
