BPMSW.1R1.B1 21.475 -0.00851350472406 -0.00472932919048 0.000192732604424 7.96304504933e-05
BPMS.2R1.B1 31.529 -0.0086792649193 -0.00441776841265 0.000207290400133 2.27498794024e-05
BPMSY.4R1.B1 58.3145 -0.00907280742656 -0.00353984219308 0.000196587041368 -6.95729748402e-05
BPMWB.4R1.B1 151.0945 -0.00933208156242 -0.00278542117713 -8.47222978119e-05 -0.000190549194937
BPMYA.4R1.B1 172.227 -0.00963276427241 -0.00143393508483 -0.00014860669842 -0.000146297337987
BPM.5R1.B1 199.635 -0.00959457836646 -0.00167044405977 -0.000194479414458 -7.52636751578e-05
BPMR.6R1.B1 231.535 -0.0096810592002 -0.00105991045378 -0.000206599760301 2.8344347402e-05
BPM_A.7R1.B1 259.259 -0.00971843005216 -0.000631216886899 -0.000162010803477 0.000131298760863
BPM.8R1.B1 300.6979894 -0.0095133700536 0.00208377245609 8.99701269571e-05 0.000188128252979
BPM.9R1.B1 339.7649788 -0.00955995482238 0.00185838134367 0.00015034794228 -0.000144507304548
BPM.10R1.B1 380.2299682 -0.00951624405106 -0.00207060778086 -0.000168535821649 -0.000122810995344
BPM.11R1.B1 433.0126576 -0.00963622325424 0.00141050303882 -9.6345285254e-05 0.000184944448768
BPM.12R1.B1 487.7391417 -0.00970668133837 -0.000791615336257 0.000185935393014 9.44187134682e-05
BPM.13R1.B1 541.1906258 -0.00973861381633 7.56196835155e-05 0.000105170491977 -0.000180072283674
BPM.14R1.B1 594.6421099 -0.00971293172999 -0.000710826700582 -0.000181240164272 -0.000103144874986
BPM.15R1.B1 648.093594 -0.00964894828739 0.00132064923103 -9.76573808087e-05 0.00018425498177
BPM.16R1.B1 701.5450781 -0.00972406015313 0.000537560778928 0.000185338166479 9.55857023124e-05
BPM.17R1.B1 754.9965622 -0.00940072393212 0.00254415152526 8.99702170076e-05 -0.000188128205017
BPM.18R1.B1 808.4480463 -0.00957540193291 0.00177707489397 -0.000189123838962 -8.78580494662e-05
BPM.19R1.B1 861.8995304 -0.00899802256092 0.00372584318243 -8.21405413945e-05 0.000191676280176
BPM.20R1.B1 915.3510145 -0.00926936877938 0.00298749390466 0.000192585104012 7.9986507352e-05
BPM.21R1.B1 968.8024986 -0.00844744489048 0.00484633802057 7.41605808528e-05 -0.000194902717443
BPM.22R1.B1 1022.253983 -0.00881107395951 0.00414864955165 -0.000195720879293 -7.1973608402e-05
BPM.23R1.B1 1075.705467 -0.00775808039023 0.00588714752923 -6.60646814862e-05 0.00019779363501
BPM.24R1.B1 1129.156951 -0.00802128499376 0.00525354131272 0.000201367222453 -0.00012309877185
BPM.25R1.B1 1182.608435 -0.00675630136931 0.00680390336434 -0.000129093898781 -0.000197577413206
BPM.26R1.B1 1236.059919 -0.00728342345224 0.00623638132291 -0.000196120967015 0.00013129598256
BPM.27R1.B1 1289.511403 -0.00583025561793 0.00761241279648 0.000137128184056 0.000192088339752
BPM.28R1.B1 1342.962887 -0.00623909769204 0.00712870145023 0.00019338003551 -0.00032621048065
BPM.29R1.B1 1396.414371 -0.00462388769826 0.00826827593423 -0.000331871677588 -0.000183494702266
BPM.30R1.B1 1449.865855 -0.00527605966717 0.00786815853804 -0.000179772043506 0.00033390287464
BPM.31R1.B1 1503.31734 -0.00352774676611 0.00879202633775 0.00033915430255 0.000169656932948
BPM.32R1.B1 1556.768824 -0.00422596639643 0.00847855720898 0.000165840669464 -0.000341036638704
BPM.33R1.B1 1610.220308 -0.00237448823305 0.00917096123704 -0.000345864128464 -0.000155522096022
BPM.34R1.B1 1663.671792 -0.00310681382368 0.00894943753465 -0.000151641451441 0.000347583062237
BPM.33L2.B1 1717.123276 -0.00118127017052 0.00939943217237 0.000351982698643 0.000141128659548
BPM.32L2.B1 1770.57476 -0.0019362095914 0.00927339295059 0.000137173640113 -0.000353542795169
BPM.31L2.B1 1824.026244 3.03598638995e-05 0.00947332057143 -0.000357503951967 -0.000126491282562
BPM.30L2.B1 1877.477728 -0.000734181687175 0.0094448770042 -0.000122478725813 0.000358898423214
BPM.29L2.B1 1930.929212 0.00124251789491 0.0093915320207 0.000362416211248 0.000111640529228
BPM.28L2.B1 1984.380696 0.000480283677891 0.00946118660354 0.000107573837886 -0.000363644037594
BPM.27L2.B1 2037.83218 0.00243323822849 0.00915554892256 -0.000366711921039 -9.65996124273e-05
BPM.26L2.B1 2091.283665 0.00187298127369 0.00933386242075 -8.96350433422e-05 0.000180837137801
BPM.25L2.B1 2144.735149 0.00376969161573 0.00874176593524 0.0001834483177 8.41619013826e-05
BPM.24L2.B1 2198.186633 0.00305177710491 0.00901752200102 8.21023486595e-05 -0.000184379267757
BPM.23L2.B1 2251.638117 0.00485681507114 0.00818781985321 -0.000186762870723 -7.65254147989e-05
BPM.22L2.B1 2305.089601 0.00436666811062 0.00856495154807 -7.15789542368e-05 6.72106103045e-07
BPM.21L2.B1 2358.541085 0.00604934816579 0.00747205274054 2.82246011784e-06 7.15264416053e-05
BPM.20L2.B1 2411.992569 0.00542657400276 0.00793589818443 7.14903355129e-05 -3.62349592892e-06
BPM.19L2.B1 2465.444053 0.00695551145199 0.0066367948548 -5.76944201572e-06 -7.13492268482e-05
BPM.18L2.B1 2518.895537 0.00639711704157 0.00717656456453 -7.12800794665e-05 6.56871085958e-06
BPM.17L2.B1 2572.347021 0.00774739592579 0.00569245480773 8.70749644215e-06 7.10505258372e-05
BPM.16L2.B1 2625.798506 0.00726269990759 0.0062991567242 7.09485500676e-05 -9.50270996455e-06
BPM.15L2.B1 2679.24999 0.00841194845388 0.00465460080324 -1.16296697056e-05 -7.06310734227e-05
BPM.14L2.B1 2732.701474 0.00800880431542 0.00531838685868 -7.04962773591e-05 1.24206437278e-05
BPM.13L2.B1 2786.152958 0.00893828855155 0.00354022361152 1.45332832305e-05 7.00912338725e-05
BPM.12L2.B1 2839.604442 0.00801162603157 0.00531413527604 7.08856055585e-05 -9.96136332271e-06
BPM.11L2.B1 2893.055926 0.00807759642526 0.00521331194066 -4.56287819866e-06 -7.14365303767e-05
BPM.10L2.B1 2944.896615 0.00796766055915 0.00537982997763 -7.10856981406e-05 8.41550553916e-06
BPM.9L2.B1 2983.963605 0.00961294204683 0.000132403036771 -1.15551295815e-05 7.06433107599e-05
BPM.8L2.B1 3024.428594 0.00954613759359 -0.0011390533069 5.64576717805e-05 4.40060187952e-05
BPM.7L2.B1 3063.496584 0.00769796926587 -0.0057591192529 6.59514506429e-05 -2.7828120392e-05
BPMR.6L2.B1 3095.602584 0.00412871778863 -0.00868215841955 2.58349701027e-05 -6.67574135668e-05
BPMYB.5L2.B1 3167.801584 0.00606043467826 -0.00746306350534 -7.07978730122e-05 1.05669184155e-05
BPMYB.4L2.B1 3188.371584 0.00821370625138 -0.00499611998157 -4.59151958727e-05 5.49162383522e-05
BPMWI.4L2.B1 3212.839084 0.00716414553289 -0.00641102208659 1.6672460745e-05 6.96134117494e-05
BPMSX.4L2.B1 3262.996084 0.00940424277234 -0.00199659790967 6.18267818959e-05 -3.60755689119e-05
BPMS.2L2.B1 3300.907584 0.00940672967882 -0.0019848481359 2.41523866697e-05 -6.73844155209e-05
BPMSW.1L2.B1 3310.841584 0.00932555904033 -0.00233669295964 5.93258274987e-06 -7.13358397948e-05
BPMSW.1R2.B1 3354.031584 0.00932555770745 -0.00233669832317 6.94122722111e-05 1.74910202799e-05
BPMS.2R2.B1 3363.965584 0.0094067285416 -0.00198485372453 7.15747890575e-05 -1.02643106613e-06
BPMSX.4R2.B1 3401.877084 0.00940424389214 -0.00199659263945 5.4155326429e-05 -4.68102368586e-05
BPMWB.4R2.B1 3452.110084 0.00716519204915 -0.00640985243998 -6.05832276961e-05 -3.81270320323e-05
BPMYB.4R2.B1 3476.501584 0.00822954222386 -0.00496999196385 -6.68147658797e-05 2.56862999281e-05
BPMR.5R2.B1 3506.035584 0.0048310007657 -0.00831189611432 -1.42757343366e-05 7.01441463711e-05
BPM.6R2.B1 3579.331584 0.00849516073244 -0.0045009365118 7.06338006336e-05 -1.16130657036e-05
BPM_A.7R2.B1 3592.206584 0.0090586157372 -0.00321988605206 6.48048996954e-05 -3.04026681602e-05
BPM.8R2.B1 3633.643594 0.00961222995957 -0.000176693559681 4.62126438086e-06 -7.14327789269e-05
BPM.9R2.B1 3672.708605 0.00919389977 -0.00281040787374 -7.15706553827e-05 1.28034200258e-06
BPM.10R2.B1 3713.171615 0.00613253364456 -0.00740393250318 1.21647851914e-05 7.05408811592e-05
BPM.11R2.B1 3765.010326 0.00722368944191 -0.00634385499248 7.12962946857e-05 -6.3902863419e-06
BPM.12R2.B1 3819.733842 0.00686841266948 -0.00672689325108 -9.7898242286e-06 -7.09095018733e-05
BPM.13R2.B1 3873.182358 0.00803644396433 -0.0052765285859 -6.96273152558e-05 1.66142736276e-05
BPM.14R2.B1 3926.630874 0.00676654728687 -0.00682935013308 1.86897538906e-05 6.90991399717e-05
BPM.15R2.B1 3980.07939 0.00729560533266 -0.00626101655437 6.88877656181e-05 -1.94544075467e-05
BPM.16R2.B1 4033.527906 0.00583733644382 -0.00763882770028 -2.15070183213e-05 -6.82747848628e-05
BPM.17R2.B1 4086.976421 0.0064347224176 -0.00714286587087 -6.80319229484e-05 2.22633147166e-05
BPM.18R2.B1 4140.424937 0.00481224621163 -0.00832276827824 2.42894114216e-05 6.73351512566e-05
BPM.19R2.B1 4193.873453 0.00546820049172 -0.00790727316091 6.70618041377e-05 -2.50342288555e-05
BPM.20R2.B1 4247.321969 0.00370803734277 -0.00886998559571 -2.70297918687e-05 -6.62826384194e-05
BPM.21R2.B1 4300.770485 0.00441171498063 -0.00854183565236 -6.59786526555e-05 2.77635679618e-05
BPM.22R2.B1 4354.219001 0.002542968831 -0.00927143435074 2.97256600226e-05 6.51182244223e-05
BPM.23R2.B1 4407.667517 0.00328288245764 -0.00903597632888 6.47847178971e-05 -3.0445665769e-05
BPM.24R2.B1 4461.116033 0.00121083165514 -0.00949661867962 -3.224524945e-05 6.37052017999e-05
BPM.25R2.B1 4514.564549 0.00197331092232 -0.00936791992426 6.40589627755e-05 3.15366129706e-05
BPM.26R2.B1 4568.013065 -1.386688674e-05 -0.00957348877714 2.96054821442e-05 -6.49740263669e-05
BPM.27R2.B1 4621.46158 0.00075866972072 -0.00954339037788 -6.5298264743e-05 -2.88833070674e-05
BPM.28R2.B1 4674.910096 -0.00136363334631 -0.0094691465827 -2.67911862005e-05 0.000193682588221
BPM.29R2.B1 4728.358612 -0.000594881469997 -0.00954831655111 0.000193967895238 2.46407852427e-05
BPM.30R2.B1 4781.807128 -0.00256367453613 -0.00921693039102 1.88243543831e-05 -0.000194618489851
BPM.31R2.B1 4835.255644 -0.00181167792305 -0.00939372429077 -0.000194815183907 -1.66660874763e-05
BPM.32R2.B1 4888.70416 -0.00372167252141 -0.00881325062448 -1.08297009052e-05 0.000195226614987
BPM.33R2.B1 4942.152676 -0.00299818321169 -0.00908488471945 0.000195334774422 8.66251364097e-06
BPM.34R2.B1 4995.601192 -0.00481845860568 -0.00826478612251 2.81165497857e-06 -0.000195506540709
BPM.33L3.B1 5049.049708 -0.00413591335399 -0.00862661310538 -0.000195525694491 -6.45181249398e-07
BPM.32L3.B1 5102.498224 -0.00583611769809 -0.00758049887131 5.20471088998e-06 0.000195457473291
BPM.31L3.B1 5155.94674 -0.00520524933548 -0.00802680585881 0.000195387653636 -7.37412456566e-06
BPM.30L3.B1 5209.395255 -0.00675785346735 -0.00677167995879 -1.32198529383e-05 -0.000195079337627
BPM.29L3.B1 5262.843771 -0.00618943472281 -0.00729487016668 -0.000194920934525 1.53799776451e-05
BPM.28L3.B1 5316.292287 -0.00756857215147 -0.00585157658633 2.12042411987e-05 0.000194373594258
BPM.27L3.B1 5369.740803 -0.00707161365983 -0.00644333090703 0.00019412615819 -2.33612338669e-05
BPM.26L3.B1 5423.189319 -0.008380204758 -0.00481149347315 -2.9035070041e-05 -6.57916574402e-05
BPM.25L3.B1 5476.637835 -0.00796461010582 -0.0054720459782 -6.54658141777e-05 2.97624648336e-05
BPM.24L3.B1 5530.086351 -0.00892684619783 -0.00369996192015 3.17081229998e-05 6.45458904989e-05
BPM.23L3.B1 5583.534867 -0.00859914168245 -0.0044082948683 6.41900644965e-05 -3.24224193215e-05
BPM.22L3.B1 5636.983383 -0.00945212062768 -0.00250379359899 -3.42040903981e-05 6.43601584038e-05
BPM.21L3.B1 5690.431899 -0.0092192382625 -0.00325840644087 6.47356031296e-05 3.34880732701e-05
BPM.20L3.B1 5743.880414 -0.00969475428769 -0.00127409026031 3.1535287996e-05 -6.57090189684e-05
BPM.19L3.B1 5797.32893 -0.00956031940122 -0.00205228156633 -6.60545965322e-05 -3.08048680535e-05
BPM.18L3.B1 5850.777446 -0.00977808847913 -2.35039838901e-05 -2.88148433463e-05 6.69466580663e-05
BPM.17L3.B1 5904.225962 -0.00974430213313 -0.000812491640026 6.7262197641e-05 2.80703803748e-05
BPM.16L3.B1 5957.674478 -0.00970075954341 0.00122753042855 2.60444382466e-05 -6.80722928193e-05
BPM.15L3.B1 6011.122994 -0.00976818155506 0.000440676525491 -6.83568207152e-05 -2.52882236236e-05
BPM.14L3.B1 6064.57151 -0.00946404741262 0.00245832733538 -2.32317207349e-05 6.90828252002e-05
BPM.13L3.B1 6118.020026 -0.0096315590008 0.00168660544528 6.93363184576e-05 2.2463850533e-05
BPM.12L3.B1 6171.468542 -0.00888405888261 0.00408473554667 2.23551754763e-05 -6.93714357125e-05
BPM.11L3.B1 6224.917058 -0.00868221401665 0.0044978579871 -6.934254341e-05 -2.24446200284e-05
BPM.10L3.B1 6277.697768 -0.00572235242002 0.00792882396624 -2.74383283041e-05 6.75224978078e-05
BPM.9L3.B1 6316.762779 -0.00603541947267 0.00769319690248 3.25788925773e-05 6.519789845e-05
BPM.8L3.B1 6357.225789 -0.00885325312232 0.00415108128706 6.93648562001e-05 -2.23755700418e-05
BPM.7L3.B1 6396.2898 -0.00813391425425 -0.00542687807646 -3.71639600291e-05 -6.26976071055e-05
BPM.6L3.B1 6468.9288 -0.00818429881927 -0.00535059057869 -6.57033767205e-05 3.15470403244e-05
BPMWE.5L3.B1 6512.0583 -0.00858886635857 -0.00467364326858 -3.1297097686e-05 6.58227997029e-05
BPMW.5L3.B1 6539.6033 -0.0097398413366 -0.000864324836816 1.09763970823e-05 7.20532315628e-05
BPMWE.4L3.B1 6614.7313 -0.00972960462648 0.000972810618317 6.94378931977e-05 2.21478848182e-05
BPMW.4L3.B1 6642.2763 -0.00973721071142 -0.000893473156383 7.26879930913e-05 -5.34834398028e-06
BPMW.4R3.B1 6687.2413 -0.00969754093578 0.00125270369001 5.40666921807e-05 -4.88767994981e-05
BPMWE.4R3.B1 6714.7863 -0.00540429834525 0.00814893404551 -1.18149600593e-05 -7.1920489028e-05
BPMW.5R3.B1 6789.9143 -0.00225608430215 0.00951428664359 -7.22403608293e-05 -9.66847611385e-06
BPMWE.5R3.B1 6817.4593 -0.00504213538524 0.00837785399581 -6.90236541374e-05 2.34069496682e-05
BPMWC.6R3.B1 6858.4503 -0.00507509963876 0.00835792619889 -4.44310681876e-05 5.77756865984e-05
BPMR.6R3.B1 6870.5288 -0.00327886420225 0.00921198221085 -2.53578386705e-05 6.83310298588e-05
BPM_A.7R3.B1 6926.3528 0.00371830357615 0.00904354937137 6.98268480469e-05 2.0889240113e-05
BPM.8R3.B1 6965.416811 0.00630240154511 0.00747604851976 5.0553705595e-05 -5.25021197572e-05
BPM.9R3.B1 7004.481821 0.00836227458228 0.00506793157581 -1.65585412634e-05 -7.09786226269e-05
BPM.10R3.B1 7044.944832 0.00870636290583 0.00445093379633 -6.51224316277e-05 -3.27294687119e-05
BPM.11R3.B1 7097.725542 0.00848459464613 0.00486037245894 -5.24177026847e-05 5.06412217923e-05
BPM.12R3.B1 7152.449058 0.00791984781698 0.00573476915753 4.13307348143e-05 6.00326556043e-05
BPM.13R3.B1 7205.897574 0.0080645739151 0.0055293954716 6.39698947763e-05 -3.49285265165e-05
BPM.14R3.B1 7259.34609 0.00759182360402 0.00616244927468 -3.56370727691e-05 -6.35778901916e-05
BPM.15R3.B1 7312.794606 0.00870547643368 0.00445266737619 -6.24826969109e-05 3.75241513427e-05
BPM.16R3.B1 7366.243122 0.00831778279999 0.00514062797292 3.82148850196e-05 6.20626443156e-05
BPM.17R3.B1 7419.691638 0.00920354377348 0.00330247614592 6.08915278248e-05 -4.0054604082e-05
BPM.18R3.B1 7473.140154 0.00890701193538 0.00403443987725 -4.07273338274e-05 -6.04436384329e-05
BPM.19R3.B1 7526.58867 0.0095503840817 0.00209803018172 -5.91974384298e-05 4.25183781387e-05
BPM.20R3.B1 7580.037186 0.00934993487706 0.00286186730817 4.31722992256e-05 5.8722247056e-05
BPM.21R3.B1 7633.485701 0.00974030114171 0.000859127699227 5.74043408773e-05 -4.49098169831e-05
BPM.22R3.B1 7686.934217 0.00963920273204 0.00164235726086 -4.55436485141e-05 -5.69027735406e-05
BPM.23R3.B1 7740.382733 0.0097701783808 -0.000393930342802 -5.55139639284e-05 4.72265687672e-05
BPM.24R3.B1 7793.831249 0.00975331345069 0.000394731635709 4.75811391025e-05 7.18013840314e-05
BPM.25R3.B1 7847.279765 0.00962288282437 -0.00163800565806 7.03457933344e-05 -4.970787987e-05
BPM.26R3.B1 7900.728281 0.00972368122998 -0.000856130662149 -5.04849296429e-05 -6.97902268912e-05
BPM.27R3.B1 7954.176797 0.00933427912836 -0.00285555065359 -6.82476806136e-05 5.25514881692e-05
BPM.28R3.B1 8007.625313 0.00951749100992 -0.00209400773309 5.30469545922e-05 8.44752101762e-05
BPM.29R3.B1 8061.073829 0.00887569803882 -0.00402361626188 8.28504614959e-05 -5.55503386565e-05
BPM.30R3.B1 8114.522345 0.00917143390484 -0.00329428346887 -5.64657065048e-05 -8.22293378562e-05
BPM.31R3.B1 8167.97086 0.0082880395123 -0.00512600278263 -8.05021592501e-05 5.89019746917e-05
BPM.32R3.B1 8221.419376 0.00867469311967 -0.00444040570623 5.97910732778e-05 7.98440257552e-05
BPM.33R3.B1 8274.867892 0.00756428913535 -0.00614402419671 7.80195120252e-05 -6.21530064918e-05
BPM.34R3.B1 8328.316408 0.00803539139874 -0.00551361846367 -6.30144885611e-05 -7.73253835736e-05
BPM.33L4.B1 8381.764924 0.00671613679908 -0.00706123289793 -7.54044797882e-05 6.53008867333e-05
BPM.32L4.B1 8435.21344 0.00726411247106 -0.00649616606022 6.61329692049e-05 7.4675767695e-05
BPM.31L4.B1 8488.661956 0.00575776946876 -0.00786228937628 7.26636905986e-05 -6.8337608385e-05
BPM.30L4.B1 8542.110472 0.00637339735326 -0.0073720627801 -6.91393737397e-05 -7.1901233015e-05
BPM.29L4.B1 8595.558988 0.00470464126837 -0.00853427524912 -6.97995963797e-05 7.12604861839e-05
BPM.28L4.B1 8649.007504 0.00537807449841 -0.00812673477827 7.20300130173e-05 6.90051994127e-05
BPM.27L4.B1 8702.45602 0.00357437931353 -0.00906594264339 6.68190208785e-05 -7.40625333521e-05
BPM.26L4.B1 8755.904535 0.00427746431822 -0.00874902486454 -7.50573128942e-05 -4.91786751186e-05
BPM.25L4.B1 8809.353051 0.00236859964846 -0.00944626237181 -4.69103467401e-05 7.64954927223e-05
BPM.24L4.B1 8862.801567 0.00312325279691 -0.00922428474899 7.70108886324e-05 4.60593555362e-05
BPM.23L4.B1 8916.250083 0.00114083907279 -0.00967164015532 4.3734145757e-05 -7.835474512e-05
BPM.22L4.B1 8969.698599 0.00190074399067 -0.00954910718808 -7.90931825114e-05 -2.60476679425e-05
BPM.21L4.B1 9023.147115 -0.000122388847725 -0.00973567135647 -2.36691648294e-05 7.98372332847e-05
BPM.20L4.B1 9076.595631 0.000663732527556 -0.00971379096477 8.00947635501e-05 2.27824913524e-05
BPM.19L4.B1 9130.044147 -0.00136674907029 -0.00964003489468 2.03751928893e-05 -8.07407264429e-05
BPM.18L4.B1 9183.492663 -0.000584427707732 -0.00971888471194 -8.09617396241e-05 -1.94784405151e-05
BPM.17L4.B1 9236.941179 -0.00258867574489 -0.00938600200794 -1.70471361111e-05 8.15083362137e-05
BPM.16L4.B1 9290.389694 -0.00182273884696 -0.00956430336603 8.16923602756e-05 1.6142208981e-05
BPM.15L4.B1 9343.83821 -0.00376806392094 -0.00897774860687 1.36899178125e-05 -8.21389028477e-05
BPM.14L4.B1 9397.286726 -0.00303134142842 -0.00925252640794 -8.22856616994e-05 -1.27782130756e-05
BPM.13L4.B1 9450.735242 -0.00488552627951 -0.00842198959897 -1.0310430839e-05 8.26311609009e-05
BPM.12L4.B1 9504.183758 -0.00381271582911 -0.0089588768153 8.24612468251e-05 1.15911782893e-05
BPM.11L4.B1 9557.632274 -0.00507464406132 -0.00830940812693 1.14578981777e-05 -8.24798769827e-05
BPMC.10L4.B1 9609.470985 -0.00476713676955 -0.00848956316997 -8.27467411194e-05 -9.33754279026e-06
BPMC.9L4.B1 9648.535995 -0.00664109161415 -0.00711998441295 -2.52980365532e-05 7.93361419998e-05
BPMC.8L4.B1 9688.999006 -0.00342839871292 -0.00911286771932 8.30991327814e-05 -5.36164193396e-06
BPMC.7L4.B1 9728.063016 -0.00805808160704 -0.00546494250597 -1.20835429988e-05 -8.23905405012e-05
BPMYB.6L4.B1 9824.667016 -0.00898905055754 -0.00374102203544 -8.27107477016e-05 9.65118619819e-06
BPMYA.5L4.B1 9861.667016 -0.00917762963976 -0.00325105975485 -7.68575479853e-05 3.20488251008e-05
BPMWA.B5L4.B1 9964.133516 -0.00553555153242 -0.00800974063279 3.25402645391e-06 8.3208320185e-05
BPMWA.A5L4.B1 9973.018516 -0.00508481198284 -0.00830318992195 1.36279709141e-05 8.21492045649e-05
BPMWA.A5R4.B1 10021.06752 -0.00353788357259 -0.00907092363529 5.88570800944e-05 5.89071923907e-05
BPMWA.B5R4.B1 10029.95252 -0.00345571241378 -0.00910254511158 6.45809771131e-05 5.25691044226e-05
BPMYB.5R4.B1 10132.34302 -0.00536362879256 -0.00812586990059 7.9686324424e-05 -2.41724521682e-05
BPMYA.6R4.B1 10163.90702 -0.00518625927116 -0.00824020571454 7.20483498015e-05 -4.17522631582e-05
BPMCA.7R4.B1 10260.42302 -0.0022618596211 -0.00947007216802 -2.27125519521e-05 -8.01146252207e-05
BPMC.8R4.B1 10298.21203 -0.00154409682809 -0.00961322218354 -7.81059290009e-05 -2.88734712289e-05
BPMC.9R4.B1 10337.27704 -0.00525363392195 -0.00819741461686 -2.90843671733e-05 7.80276449958e-05
BPMC.10R4.B1 10377.74005 -0.00878156921724 -0.00420503483368 7.89496946616e-05 2.64794031709e-05
BPM.11R4.B1 10429.57876 -0.00825901173283 -0.00515625843007 3.70033401852e-05 -7.4598700146e-05
BPM.12R4.B1 10484.30227 -0.00872673811426 -0.0043176750258 -7.3924230891e-05 -3.83330259213e-05
BPM.13R4.B1 10537.75079 -0.00829783148858 -0.00509355164291 -3.69441781452e-05 7.46280242029e-05
BPM.14R4.B1 10591.19931 -0.00917425173679 -0.00326057984132 7.5700214015e-05 3.46942473497e-05
BPM.15R4.B1 10644.64782 -0.00888122197936 -0.0039902596299 3.38520115267e-05 -7.60805722262e-05
BPM.16R4.B1 10698.09634 -0.00951598228558 -0.00206018371775 -7.70594480036e-05 -3.15603269057e-05
BPM.17R4.B1 10751.54485 -0.00931868532179 -0.00282141448067 -3.07044240343e-05 7.74044657788e-05
BPM.18R4.B1 10804.99337 -0.00970133950833 -0.00082600696015 7.82887767686e-05 2.83739440452e-05
BPM.19R4.B1 10858.44189 -0.00960304640145 -0.0016061679858 2.75033825909e-05 -7.85988294075e-05
BPM.20R4.B1 10911.8904 -0.00972730057138 0.00042178119429 -7.93865685629e-05 -2.51393207408e-05
BPM.21R4.B1 10965.33892 -0.00972961211941 -0.000364587188391 -2.42579919712e-05 7.96602960911e-05
BPM.22R4.B1 11018.78743 -0.00959343145067 0.00166263308868 8.03506798849e-05 2.18627719861e-05
BPM.23R4.B1 11072.23595 -0.00969631363532 0.000883050202069 2.09697788873e-05 -8.05883448315e-05
BPM.24R4.B1 11125.68447 -0.00941348486962 0.00289745105205 -8.10699274871e-05 9.49700240679e-05
BPM.25R4.B1 11179.13298 -0.00961659890555 0.00212836685909 9.58634079842e-05 8.00115424598e-05
BPM.26R4.B1 11232.5815 -0.00896549240915 0.00407785064391 7.71054843764e-05 -9.82160127611e-05
BPM.27R4.B1 11286.03001 -0.0092653385587 0.00334102101206 -9.90648472368e-05 -7.60118099952e-05
BPM.28R4.B1 11339.47853 -0.00848175343398 0.00521250677528 -7.29064150729e-05 0.000214816516509
BPM.29R4.B1 11392.92705 -0.00887468830592 0.00451112798812 0.000215612591375 7.05172912531e-05
BPM.30R4.B1 11446.37556 -0.0077452537555 0.00625471121813 6.4029028147e-05 -0.000217627576186
BPM.31R4.B1 11499.82408 -0.00822480173773 0.00560918929359 -0.00021832358651 -6.1614050163e-05
BPM.32R4.B1 11553.27259 -0.00688156729236 0.00719405308603 -5.50567574762e-05 0.000220068698288
BPM.33R4.B1 11606.72111 -0.00743957944538 0.00661536286863 0.000220666299584 5.26104976972e-05
BPM.34R4.B1 11660.16962 -0.00590472554103 0.00801527195405 4.59799709166e-05 -0.000222142568643
BPM.33L5.B1 11713.61814 -0.00653240001035 0.0075125307579 -0.000222638380096 -4.35158701838e-05
BPM.32L5.B1 11767.06666 -0.00483095160558 0.00870472715284 -3.683648461e-05 0.000223840462706
BPM.31L5.B1 11820.51517 -0.00551751280953 0.0082865807574 0.000224235521159 3.43498307861e-05
BPM.30L5.B1 11873.96369 -0.00367771902053 0.00925120267971 2.76218612734e-05 -0.0002251633008
BPM.29L5.B1 11927.4122 -0.00441243493329 0.00892416865108 -0.000225455575402 -2.51249060677e-05
BPM.28L5.B1 11980.86072 -0.00246412544473 0.0096456443024 -1.83682019176e-05 0.000226106365585
BPM.27L5.B1 12034.30924 -0.00323430429124 0.00941539399179 0.000226296260507 1.58581992455e-05
BPM.26L5.B1 12087.75775 -0.00132142312964 0.00990292773294 9.19029172226e-06 -0.000113148677555
BPM.25L5.B1 12141.20627 -0.00211635074425 0.00976397441204 -0.000113243613654 -7.93525772589e-06
BPM.24L5.B1 12194.65478 -4.37943930461e-05 0.00999060653055 -4.54290075116e-06 0.000113430362202
BPM.23L5.B1 12248.1033 -0.00084978301908 0.00995449675477 0.000113473768936 3.28449385801e-06
BPM.22L5.B1 12301.55182 0.00112313734527 0.00993541497679 -1.17549561064e-09 5.96021533465e-10
BPM.21L5.B1 12355.00033 0.000317707141423 0.0099936465052 6.05765302768e-10 1.16889513216e-09
BPM.20L5.B1 12408.44885 0.00238485226464 0.00971011781557 1.1559821481e-09 -6.39900333435e-10
BPM.19L5.B1 12461.89736 0.00159348550982 0.00987090230056 -6.54130625605e-10 -1.14528901608e-09
BPM.18L5.B1 12515.34588 0.00360736327118 0.00932527954381 -1.12593413627e-09 6.85014517697e-10
BPM.17L5.B1 12568.79439 0.00284306678065 0.00958597306391 7.05652364546e-10 1.1165009026e-09
BPM.16L5.B1 12622.24291 0.00477062298122 0.00878721028551 1.08937405557e-09 -7.35091228126e-10
BPM.15L5.B1 12675.69143 0.00404595278569 0.00914353183121 -7.45040642678e-10 -1.08719133886e-09
BPM.14L5.B1 12729.13994 0.0058554745782 0.00810477178782 -1.06467129745e-09 7.79179141494e-10
BPM.13L5.B1 12782.58846 0.0051823383217 0.00855086415644 7.87900384581e-10 1.05561809905e-09
BPM.12L5.B1 12836.03697 0.00569813189456 0.0082161548888 9.4579398634e-10 -9.14034107206e-10
BPM.11L5.B1 12889.48549 0.00349271964136 0.00936882158042 -1.02756578043e-09 -8.28485012706e-10
BPM.10L5.B1 12942.2662 0.00464124352823 0.00885622757462 -7.75307509675e-10 1.06331866796e-09
BPM.9L5.B1 12981.33121 0.00317473247045 0.00948129643327 9.52086821502e-10 9.10811018039e-10
BPM.8L5.B1 13021.79422 0.00820362093293 0.00571616233626 3.46965372209e-10 -1.27127601268e-09
BPMR.7L5.B1 13060.86023 0.0036300924266 0.00931645518759 -1.24142398429e-09 -4.54643854062e-10
BPM.6L5.B1 13097.75423 0.00387553159464 0.00921705827246 -1.20339217136e-09 5.33424093749e-10
BPMR.5L5.B1 13129.65423 0.0032843888441 0.00944387093388 -7.91876088268e-10 1.05001769263e-09
BPMYA.4L5.B1 13157.06023 0.00351575423425 0.00936020194193 -3.1576003405e-10 1.28091413205e-09
BPMWB.4L5.B1 13178.19473 0.0021527658173 0.00976419518415 1.80388994179e-10 1.30520893184e-09
BPMSY.4L5.B1 13270.97473 0.00134641835493 0.00990762665258 1.2887786881e-09 -2.83461409704e-10
BPMS.2L5.B1 13297.76023 0.000362288430702 0.0099921296726 1.04289741516e-09 -8.12670067322e-10
BPMSW.1L5.B1 13307.81423 1.60599102507e-08 0.00999869532953 7.74597297035e-10 -1.07076188929e-09
BPMSW.1R5.B1 13350.76423 1.23236404733e-08 0.00999869532953 7.72468333525e-10 1.07000899863e-09
BPMS.2R5.B1 13360.81823 0.000362284989769 0.00999212979748 1.03268388176e-09 8.11526772928e-10
BPMSY.4R5.B1 13387.60373 0.00134641663189 0.00990762688559 1.29023374851e-09 2.79239358164e-10
BPMWT.A4R5.B1 13478.00823 0.00200179264336 0.00979626125296 2.36115503596e-10 -1.29641402811e-09
BPMWT.B4R5.B1 13479.99023 0.00212751186142 0.00976972883982 1.8829541586e-10 -1.3040649025e-09
BPMWB.4R5.B1 13480.38373 0.00215270387969 0.00976420884333 1.79806150724e-10 -1.3045341679e-09
BPMYA.4R5.B1 13501.51623 0.00351556294438 0.00936027379098 -3.16213641876e-10 -1.28266733264e-09
BPM.5R5.B1 13522.63423 0.00357939091937 0.0093360521127 -6.88997050466e-10 -1.1209286184e-09
BPMWT.A6R5.B1 13543.69223 0.00305007349927 0.00952213001111 -1.00610896734e-09 -8.53222807162e-10
BPMWT.B6R5.B1 13549.51423 0.00319242072062 0.00947535530997 -1.07674989153e-09 -7.61194582231e-10
BPMR.6R5.B1 13554.53423 0.00343730531197 0.00938929392973 -1.13554333036e-09 -6.71141148071e-10
BPM_A.7R5.B1 13588.54823 0.00427868486802 0.0090369665311 -1.30995936924e-09 1.68465294297e-10
BPM.8R5.B1 13629.98722 0.00661313815658 0.00749935410737 -1.42572705707e-10 1.31115017761e-09
BPM.9R5.B1 13669.05421 0.0064341038356 0.0076535100522 1.2895517775e-09 -2.74104010503e-10
BPM.10R5.B1 13709.5192 0.00288604470349 0.00957312144696 -5.0045337389e-10 -1.22128907623e-09
BPM.11R5.B1 13762.30189 0.00607014959627 0.00794526224285 -1.13647154369e-09 6.7340593308e-10
BPM.12R5.B1 13817.02837 0.00412889785524 0.00910637747954 6.7994196306e-10 1.12684029874e-09
BPM.13R5.B1 13870.47986 0.00492317752485 0.00870265656866 1.16464811621e-09 -6.15780258892e-10
BPM.14R5.B1 13923.93134 0.00420451969072 0.00907171000775 -6.276424287e-10 -1.15714553884e-09
BPM.15R5.B1 13977.38283 0.00599584984512 0.00800148067037 -1.13919708363e-09 6.64736352488e-10
BPM.16R5.B1 14030.83431 0.00533047463575 0.00845931134599 6.79131703414e-10 1.12997279915e-09
BPM.17R5.B1 14084.28579 0.00697020052538 0.00716869673616 1.10712396998e-09 -7.11031441532e-10
BPM.18R5.B1 14137.73728 0.00636886414073 0.00770788413642 -7.24917130015e-10 -1.10197983331e-09
BPM.19R5.B1 14191.18876 0.00782998872006 0.0062181335613 -1.07701971329e-09 7.5764672107e-10
BPM.20R5.B1 14244.64025 0.00730256638126 0.00682981936037 7.72055740573e-10 1.06850714367e-09
BPM.21R5.B1 14298.09173 0.0085611294955 0.00516536252473 1.04495920485e-09 -7.98576121435e-10
BPM.22R5.B1 14351.54322 0.00811629491772 0.00583949185502 -8.11709573936e-10 -1.03975983722e-09
BPM.23R5.B1 14404.9947 0.00915156880776 0.00402774087991 -1.01775917745e-09 8.42155697785e-10
BPM.24R5.B1 14458.44618 0.00875143177221 0.00475036514743 -6.89057570933e-07 4.52718667703e-05
BPM.25R5.B1 14511.89767 0.00954683419891 0.00283045648657 4.52721362314e-05 -6.71220890217e-07
BPM.26R5.B1 14565.34915 0.00928723360253 0.00359177101753 -1.17825263474e-06 -4.52617767752e-05
BPM.27R5.B1 14618.80064 0.00983047937331 0.00158593895064 -4.52059386972e-05 2.53770678735e-06
BPM.28R5.B1 14672.25212 0.00962520321668 0.00237133013441 2.35463248161e-06 9.04450181688e-05
BPM.29R5.B1 14725.7036 0.0099077816381 0.000321879732045 9.03334834574e-05 -5.07014322266e-06
BPM.30R5.B1 14779.15509 0.00984947784386 0.00112050424487 -6.08127243312e-06 -9.0271050595e-05
BPM.31R5.B1 14832.60657 0.00986755383076 -0.000948222006934 -9.00475347147e-05 8.79131186767e-06
BPM.32R5.B1 14886.05806 0.00991189355116 -0.000148693593741 9.80028985292e-06 8.99433184324e-05
BPM.33R5.B1 14939.50954 0.00966517631763 -0.00220275063109 8.96083849239e-05 -1.24973168153e-05
BPM.34R5.B1 14992.96102 0.00981142856847 -0.00141549038512 -1.34998732502e-05 -8.94628367159e-05
BPM.33L6.B1 15046.41251 0.00930396448255 -0.00342110924449 -8.90167258004e-05 1.61823073238e-05
BPM.32L6.B1 15099.86399 0.00954974145239 -0.00265898132997 1.71792366539e-05 8.88297213608e-05
BPM.31L6.B1 15153.31548 0.00878988724883 -0.00458318947485 8.82736658546e-05 -1.98394641488e-05
BPM.30L6.B1 15206.76696 0.00913111126729 -0.00385882762928 -2.08266733159e-05 -8.80459804951e-05
BPM.29L6.B1 15260.21845 0.00813131977549 -0.00567004252893 -8.73803346135e-05 2.34632128195e-05
BPM.28L6.B1 15313.66993 0.00856245545342 -0.00499520772492 2.4441272093e-05 8.7111818941e-05
BPM.27L6.B1 15367.12141 0.00733920945434 -0.0066636137477 8.6338419645e-05 -2.70466674633e-05
BPM.26L6.B1 15420.5729 0.00780787640676 -0.00605239026745 -2.8702184732e-05 -4.07592007263e-05
BPM.25L6.B1 15474.02438 0.00638162079139 -0.00754117219022 -3.98783499846e-05 2.99139678017e-05
BPM.24L6.B1 15527.47587 0.00696949207337 -0.00700146714506 3.03589856391e-05 3.9540612096e-05
BPM.23L6.B1 15580.92735 0.00536450611477 -0.00829556725365 3.86108148079e-05 -3.15330465723e-05
BPM.22L6.B1 15634.37883 0.00597134549881 -0.00783838323177 -3.26536576947e-05 7.01538272599e-06
BPM.21L6.B1 15687.83032 0.00421441575758 -0.00890707126583 7.99328961551e-06 3.24281412467e-05
BPM.20L6.B1 15741.2818 0.00491958874255 -0.00853784898332 3.23365418565e-05 -8.35613091011e-06
BPM.19L6.B1 15794.73329 0.00304032502913 -0.00937302738983 -9.32381518896e-06 -3.20709148604e-05
BPM.18L6.B1 15848.18477 0.00378689809358 -0.00909706664348 -3.19644488273e-05 9.6825236518e-06
BPM.17L6.B1 15901.63625 0.00181629311292 -0.00968495214542 1.06385074394e-05 3.16591104515e-05
BPM.16L6.B1 15955.08774 0.00259207761763 -0.00950675298777 3.15379152449e-05 -1.09925911457e-05
BPM.15L6.B1 16008.53922 0.000562395736483 -0.0098377299088 -1.19351034658e-05 -3.11934345035e-05
BPM.14L6.B1 16061.99071 0.00135455750975 -0.00976024552192 -3.10577743519e-05 1.22837993532e-05
BPM.13L6.B1 16115.44219 -0.000700726436291 -0.0098288453642 1.32113550104e-05 3.06747015383e-05
BPM.12L6.B1 16168.89367 9.47662370649e-05 -0.00985333639356 3.05246234613e-05 -1.35545007904e-05
BPM.11L6.B1 16222.34516 -0.00146198098284 -0.00974473346627 -1.54022375932e-05 -2.96352533124e-05
BPM.10L6.B1 16274.18585 -0.000680718491582 -0.00983025132205 -2.85966900262e-05 1.72541756785e-05
BPM.9L6.B1 16313.25284 -0.00497345432318 -0.00850658396544 8.47526577324e-06 3.23055294995e-05
BPM.8L6.B1 16353.71783 -0.00713915711531 -0.00679188150723 3.2776556254e-05 -6.41673086483e-06
BPMYA.5L6.B1 16450.80782 -0.00982331702626 0.000774377986204 -2.32756384964e-05 -2.39524862672e-05
BPMYB.4L6.B1 16487.20782 -0.00984213537946 0.000479157122495 -2.79296955588e-05 -1.83143125704e-05
BPMSA.B4L6.B1 16519.19832 -0.00972769669071 0.0015713484031 -3.13184958971e-05 -1.16029738824e-05
BPMSA.A4L6.B1 16519.78332 -0.00972417512225 0.00159299620903 -3.13708792185e-05 -1.14605822885e-05
BPMSE.4L6.B1 16616.45832 -0.00855567002742 0.00488853036112 -2.81133705101e-05 1.80309569558e-05
BPMSA.4R6.B1 16708.02832 -0.0088370369602 0.00435935734846 1.07310394482e-06 3.3381514555e-05
BPMSB.A4R6.B1 16804.83832 -0.00985368335781 4.6292563479e-05 2.89241366709e-05 1.66994438244e-05
BPMSB.B4R6.B1 16805.47332 -0.00985377082208 2.04775514024e-05 2.9011227842e-05 1.65476752597e-05
BPMYA.4R6.B1 16830.80782 -0.00981169714042 -0.000909844995724 3.16254087355e-05 1.07382789627e-05
BPMYB.5R6.B1 16867.20782 -0.00981163162318 -0.00091055137709 3.32220844487e-05 3.43068809311e-06
BPM.8R6.B1 16962.93481 -0.00781720203886 -0.0059990475079 -1.24416542201e-05 -3.09948759293e-05
BPM.9R6.B1 17002.0018 -0.00662064664574 -0.00729823654272 -2.42398383408e-05 2.29762365044e-05
BPM.10R6.B1 17042.46678 -0.00974817287942 -0.00143886909981 2.20726765632e-05 2.50653988463e-05
BPM.11R6.B1 17094.30747 -0.00973291712206 -0.0015386822289 2.97216133332e-05 -1.52349318154e-05
BPM.12R6.B1 17149.03396 -0.00981034980168 -0.000924259447039 -1.37443504525e-05 -3.04396045396e-05
BPM.13R6.B1 17202.48544 -0.00969520570965 -0.00176073989763 -3.0232422613e-05 1.41942917062e-05
BPM.14R6.B1 17255.93693 -0.00984952599879 0.000289924640544 1.50960915865e-05 2.97923722094e-05
BPM.15R6.B1 17309.38841 -0.00984079152589 -0.000506004818652 2.96213082916e-05 -1.54290413006e-05
BPM.16R6.B1 17362.83989 -0.00973151392385 0.00154753206106 -1.6312049289e-05 -2.91443659675e-05
BPM.17R6.B1 17416.29138 -0.00982466785318 0.000757047103248 -2.89598326731e-05 1.66374682246e-05
BPM.18R6.B1 17469.74286 -0.0094535764846 0.00277976804122 1.74999539929e-05 2.84469461166e-05
BPM.19R6.B1 17523.19435 -0.00964709553677 0.00200767687104 2.82490351958e-05 -1.78176676423e-05
BPM.20R6.B1 17576.64583 -0.00902030862789 0.00396626410826 -1.86583659387e-05 -2.77009462333e-05
BPM.21R6.B1 17630.09731 -0.00931100115441 0.00322528698727 -2.74902116608e-05 1.89674716322e-05
BPM.22R6.B1 17683.5488 -0.00843878499602 0.00508764449135 1.97847676138e-05 2.69079926297e-05
BPM.23R6.B1 17737.00028 -0.00882188811352 0.00438993267648 2.66845813863e-05 -2.00850672655e-05
BPM.24R6.B1 17790.45177 -0.00763608369383 0.00610955864788 -2.09707229848e-05 -0.000110097330375
BPM.25R6.B1 17843.90325 -0.00810430101867 0.00547327928184 -0.000109855629659 2.22021207894e-05
BPM.26R6.B1 17897.35474 -0.00679173820628 0.00703624709835 2.54918726362e-05 0.000109139169171
BPM.27R6.B1 17950.80622 -0.00733746262019 0.00646514680823 0.000108846536351 -2.67137927744e-05
BPM.28R6.B1 18004.2577 -0.00575332984205 0.00783144829427 -3.00658563241e-05 -0.00019202171944
BPM.29R6.B1 18057.70919 -0.00636671594201 0.00734147905921 -0.000191673125504 3.22135015262e-05
BPM.30R6.B1 18111.16067 -0.00470416023891 0.00850313254627 3.79560446098e-05 0.000190619086188
BPM.31R6.B1 18164.61216 -0.00537503570653 0.00809576295494 0.000190181534364 -4.00909116706e-05
BPM.32R6.B1 18218.06364 -0.00357778937366 0.00903503236565 -4.57875733254e-05 -0.000188890960748
BPM.33R6.B1 18271.51512 -0.00429543686828 0.00871674301059 -0.00018836639895 4.78998488138e-05
BPM.34R6.B1 18324.96661 -0.00239249808634 0.00941851047513 5.35366666252e-05 0.000186842506779
BPM.33L7.B1 18378.41809 -0.00314478276969 0.00919471195861 0.000186230722321 -5.56274653235e-05
BPM.32L7.B1 18431.86958 -0.00116804501195 0.00964717873292 -6.11977773684e-05 -0.000184475282087
BPM.31L7.B1 18485.32106 -0.00194296887732 0.0095214105343 -0.000183778165862 6.32604386814e-05
BPM.30L7.B1 18538.77254 7.57797225868e-05 0.00971733729434 6.87530605505e-05 0.000181794704221
BPM.29L7.B1 18592.22403 -0.000708676551644 0.00969175753934 0.000181013014544 -7.0785476807e-05
BPM.28L7.B1 18645.67551 0.00131816246881 0.00962781566003 -7.61916791709e-05 -0.00017880471054
BPM.27L7.B1 18699.127 0.000536696989715 0.00970280078078 -0.000177939600073 7.81907638652e-05
BPM.26L7.B1 18752.57848 0.00262157012128 0.00936431013423 8.34090507672e-05 9.14821970846e-05
BPM.25L7.B1 18806.02997 0.00185722764486 0.00954534649137 9.05422544455e-05 -8.44284473613e-05
BPM.24L7.B1 18859.48145 0.00379787368214 0.0089520438849 -8.71105466534e-05 -8.79648460108e-05
BPM.23L7.B1 18912.93293 0.00306293300034 0.00922937568931 -8.69828662862e-05 8.80911050145e-05
BPM.22L7.B1 18966.38442 0.0049944597181 0.008376863968 9.05723760861e-05 2.69244466104e-07
BPM.21L7.B1 19019.8359 0.00430201614244 0.00875266444855 -7.45231930514e-07 -9.05697126031e-05
BPM.20L7.B1 19073.28739 0.00602496914554 0.00766917366093 -9.05064216954e-05 3.46632235538e-06
BPM.19L7.B1 19126.73887 0.00538635364247 0.00813041648887 4.48051169195e-06 9.04618856739e-05
BPM.18L7.B1 19180.19035 0.00695662108701 0.00683534204547 9.02864784517e-05 -7.1957912788e-06
BPM.17L7.B1 19233.64184 0.00638220773902 0.00737454420399 -8.20649212376e-06 -9.0200229388e-05
BPM.16L7.B1 19287.09332 0.007773840281 0.00588930259893 -8.99128974609e-05 1.09132457964e-05
BPM.15L7.B1 19340.54481 0.00727316124878 0.00649750747274 1.19203906168e-05 8.97849248135e-05
BPM.14L7.B1 19393.99629 0.00846339757347 0.00484637795896 8.93863601491e-05 -1.46118583041e-05
BPM.13L7.B1 19447.44777 0.00804461502393 0.00551367817355 -1.56119577312e-05 -8.92171201181e-05
BPM.12L7.B1 19500.89926 0.00901011686802 0.00373286376654 -8.86967008517e-05 1.83391048809e-05
BPM.11L7.B1 19554.35074 0.0086381567901 0.00452755177886 1.89764134675e-05 8.85625394693e-05
BPM.10L7.B1 19607.13343 0.00966067493707 0.00133710043745 8.98355458617e-05 -1.15326551086e-05
BPM.9L7.B1 19646.20042 0.00974356494495 0.000423579986289 3.39712066618e-05 -8.39606140395e-05
BPM.8L7.B1 19686.66541 0.00717997256224 -0.00660033876726 -8.24829230828e-05 -3.74165093164e-05
BPM.7L7.B1 19725.7314 0.00672879777441 -0.00705972792119 -7.67623640563e-05 4.80725233343e-05
BPM.6L7.B1 19760.5494 0.00753038196476 -0.00619756608031 -2.72065404761e-05 8.63899995238e-05
BPMWC.6L7.B1 19772.6519 0.00867477139566 -0.00445699664482 3.52539825054e-07 9.05720894784e-05
BPMWE.5L7.B1 19849.7059 0.00528299945078 -0.00819795063774 8.68932811612e-05 -2.55535877574e-05
BPMW.5L7.B1 19872.9109 0.000333730246081 -0.00974705606678 5.13608135954e-05 -7.46022420575e-05
BPMWE.4L7.B1 19907.9959 -0.000113386973155 -0.00975210855539 1.11716772263e-05 -8.98811504538e-05
BPMW.4L7.B1 19936.1009 0.00334443661408 -0.00916139844885 -3.56721383598e-05 -8.32521870904e-05
BPMW.4R7.B1 20052.1479 0.00112084844547 -0.00968814619114 -5.17776600623e-05 7.43135377411e-05
BPMWE.4R7.B1 20080.2529 -0.00277027768282 -0.0093510448335 -4.93566869288e-06 9.04381949294e-05
BPMW.5R7.B1 20115.3379 -0.00278568955658 -0.00934646518629 3.17438271221e-05 8.48278115539e-05
BPMWE.5R7.B1 20138.5429 0.000289718672474 -0.00974846351607 6.54972133717e-05 6.25583158979e-05
BPMR.6R7.B1 20217.7584 0.00493697068481 -0.00841087381059 5.60729249019e-05 -7.11284381227e-05
BPM_A.7R7.B1 20255.7944 0.0031557273304 -0.00922810180132 -1.59915367914e-05 -8.91498648582e-05
BPM.8R7.B1 20294.86039 -0.0006184528915 -0.00973313895239 -8.83657322431e-05 -1.98727319098e-05
BPM.9R7.B1 20333.92738 -0.00652613172033 -0.00724748802005 -3.36936419241e-05 8.40723858828e-05
BPM.10R7.B1 20374.39237 -0.00792365658836 -0.00568613613346 6.09742683447e-05 6.69743716947e-05
BPM.11R7.B1 20427.17506 -0.00865089534272 -0.00450316417793 7.21661111364e-05 -5.47309828097e-05
BPM.12R7.B1 20481.90154 -0.0084184692254 -0.00492400789179 -5.6548607348e-05 -7.07508533251e-05
BPM.13R7.B1 20535.35303 -0.00931285962411 -0.00289605308507 -6.817394465e-05 5.96300352842e-05
BPM.14R7.B1 20588.80451 -0.00904873536172 -0.0036382504304 6.03899063381e-05 6.75017576722e-05
BPM.15R7.B1 20642.25599 -0.00960682513783 -0.00168088925139 6.56563568031e-05 -6.23912616919e-05
BPM.16R7.B1 20695.70748 -0.00943981710919 -0.00245078167116 -6.31230248555e-05 -6.49531518206e-05
BPM.17R7.B1 20749.15896 -0.00974292304008 -0.000438096430356 -6.30280490924e-05 6.50453225991e-05
BPM.18R7.B1 20802.61045 -0.00967577787303 -0.00122302918661 6.57473522177e-05 6.22953720459e-05
BPM.19R7.B1 20856.06193 -0.00971891562115 0.000811884830044 6.02913102532e-05 -6.75898313784e-05
BPM.20R7.B1 20909.51341 -0.00975273619764 2.47893994406e-05 -6.82611313477e-05 -5.95302128148e-05
BPM.21R7.B1 20962.9649 -0.00953520199195 0.00204851185261 -5.74532160788e-05 7.0018246212e-05
BPM.22R7.B1 21016.41638 -0.00966942836626 0.00127225505681 7.06575379918e-05 5.66651613337e-05
BPM.23R7.B1 21069.86787 -0.00919479001757 0.00325150955953 5.4516118541e-05 -7.2328562742e-05
BPM.24R7.B1 21123.31935 -0.00934007860518 0.00250421247488 -7.16049200207e-05 -0.000140997794527
BPM.25R7.B1 21176.77083 -0.0086169180927 0.00438826514744 -0.000138784066422 7.58064972704e-05
BPM.26R7.B1 21230.22232 -0.00894295903178 0.00367853668186 7.73558074645e-05 0.000137926509711
BPM.27R7.B1 21283.6738 -0.00798468196531 0.00545463127515 0.000135539020571 -8.14666598732e-05
BPM.28R7.B1 21337.12529 -0.00831179453665 0.00479775363273 -8.16518288402e-05 -0.000221911376485
BPM.29R7.B1 21390.57677 -0.00713502187283 0.0064183978795 -0.000219359858534 8.82775985835e-05
BPM.30R7.B1 21444.02826 -0.00762968709012 0.00582170450268 9.07275057192e-05 0.000218357961126
BPM.31R7.B1 21497.47974 -0.00625513590094 0.00727857426236 0.000215531863791 -9.72506817808e-05
BPM.32R7.B1 21550.93122 -0.0068223220175 0.00674983634862 -9.96613181492e-05 -0.000214427848328
BPM.33R7.B1 21604.38271 -0.00527283149122 0.00801882887325 -0.000211338609313 0.000106055052006
BPM.34R7.B1 21657.83419 -0.00590268183287 0.00756721320182 0.000108414632702 0.00021013792965
BPM.33L8.B1 21711.28568 -0.00420343680188 0.00862760033067 0.000206784350058 -0.000114681789461
BPM.32L8.B1 21764.73716 -0.00488626082714 0.00826007406405 -0.000116992709278 -0.000205485733477
BPM.31L8.B1 21818.18864 -0.00306547224621 0.0090943525509 -0.00020187947654 0.000123111158399
BPM.30L8.B1 21871.64013 -0.00378927496836 0.00881735581806 0.000125364241526 0.000200488122836
BPM.29L8.B1 21925.09161 -0.00187658323717 0.00941184380304 0.000196630201561 -0.00013133256747
BPM.28L8.B1 21978.5431 -0.00263034311524 0.0092296079831 -0.000133528200903 -0.000195145848908
BPM.27L8.B1 22031.99458 -0.000657434731562 0.00957455732611 -0.000191046790545 0.00013932984473
BPM.26L8.B1 22085.44606 -0.00134074702626 0.00949578551651 0.000142791883629 0.00010217815748
BPM.25L8.B1 22138.89755 0.000659352394476 0.00956727754302 9.78419891693e-05 -0.00014579726996
BPM.24L8.B1 22192.34903 -0.000115179531266 0.00958927937112 -0.000146884608474 -9.62019230468e-05
BPM.23L8.B1 22245.80052 0.00187769065005 0.00940435128077 -9.17453129849e-05 0.000149708704128
BPM.22L8.B1 22299.252 0.00119978155217 0.00953071480045 0.000152057891882 2.7670260219e-06
BPM.21L8.B1 22352.70349 0.00315173398652 0.00907417066438 -1.80204986777e-06 -0.000152072389833
BPM.20L8.B1 22406.15497 0.00240894490081 0.00929897762482 -0.000152042633592 3.50657501064e-06
BPM.19L8.B1 22459.60645 0.00428665110218 0.00859643081381 8.07357436701e-06 0.000151868615162
BPM.18L8.B1 22513.05794 0.00357893708416 0.00891432609492 0.000151768693658 -9.77357581419e-06
BPM.17L8.B1 22566.50942 0.00535115480442 0.00797741453651 -1.43279209389e-05 -0.000151406640496
BPM.16L8.B1 22619.96091 0.0046897373601 0.00838333846919 -0.000151236472125 1.60246207571e-05
BPM.15L8.B1 22673.41239 0.00632770660344 0.00722731828064 2.05620644335e-05 0.000150686632881
BPM.14L8.B1 22726.86387 0.00572380742783 0.00771440398955 0.000150447005806 -2.22476281575e-05
BPM.13L8.B1 22780.31536 0.00720028657209 0.00635844899768 -2.67564008372e-05 -0.000149710904772
BPM.12L8.B1 22833.76684 0.0067676835207 0.00681707123048 -0.000149116389475 2.98925264319e-05
BPM.11L8.B1 22887.21833 0.00774610938327 0.00568082651284 4.24541432471e-05 0.000146037339702
BPM.10L8.B1 22939.05902 0.00686379109713 0.00672029554096 0.000143688086971 -4.9829654368e-05
BPM.9L8.B1 22978.126 0.0087797007013 0.00389754486044 -6.46623006507e-06 -0.0001519455404
BPM.8L8.B1 23018.59099 0.00880669591127 0.00383615790936 -0.000151369018465 1.47200510963e-05
BPM.7L8.B1 23057.65898 0.00902810012262 -0.00328137296457 1.52617575362e-05 0.000151315358491
BPMR.6L8.B1 23090.12798 0.00573556989656 -0.00770566274555 0.000134849497671 7.03197845873e-05
BPM.5L8.B1 23150.54698 0.000306074265401 -0.0096010582204 2.4416839833e-05 -0.00015011021846
BPMYB.4L8.B1 23171.31398 0.00191800591313 -0.00941250517776 -6.61805351783e-05 -0.000136928434175
BPMWB.4L8.B1 23195.70548 0.000107403386312 -0.00960533522909 -0.000149308560707 -2.89173501646e-05
BPMSX.4L8.B1 23245.93848 0.00487133818144 -0.00827913429629 1.59403743118e-05 0.000151245376553
BPMS.2L8.B1 23283.84998 0.00488172719006 -0.0082730127546 0.000109462401783 0.000105580487149
BPMSW.1L8.B1 23293.78398 0.00456762662689 -0.00845049036425 0.000133013782547 7.373326293e-05
BPMSW.1R8.B1 23336.97398 0.00456749198198 -0.00845056313952 -9.4446625678e-05 0.000119201904111
BPMS.2R8.B1 23346.90798 0.00488163070153 -0.00827306968955 -6.04616286932e-05 0.000139547999128
BPMSX.4R8.B1 23384.81948 0.00487135766766 -0.00827912283084 4.34288362962e-05 0.00014575045387
BPMWB.4R8.B1 23434.97648 0.000106662535338 -0.00960534348587 0.000126984774858 -8.36906598449e-05
BPMYB.4R8.B1 23459.44398 0.00189077521745 -0.00941801303067 8.53030907317e-06 -0.000151843646032
BPMYB.5R8.B1 23480.02098 -0.000379865728627 -0.00959842187092 -8.51898940314e-05 -0.00012598389165
BPM.6R8.B1 23564.12898 0.00208445230513 -0.00937704958914 -4.99879958186e-05 0.000143633068664
BPM_A.7R8.B1 23586.36898 0.00368601999041 -0.00887058380682 1.3060293272e-05 0.000151521246869
BPM.8R8.B1 23627.80599 0.00745407398386 -0.00605894226976 0.000148651447191 3.21248636117e-05
BPM.9R8.B1 23666.871 0.00894337088129 -0.00350572641138 -4.79101284105e-05 -0.000144339463582
BPM.10R8.B1 23707.33402 0.00539992662247 -0.00794448191286 -0.000117331532475 9.67603758667e-05
BPM.11R8.B1 23759.17273 0.00839127216031 -0.00467552691413 0.000112428031545 0.000102416787968
BPM.12R8.B1 23813.89624 0.00803555246288 -0.00526344915394 0.000100105082476 -0.000114491194998
BPM.13R8.B1 23867.34476 0.00871838349235 -0.00403283891092 -0.000120337398445 -9.2995531636e-05
BPM.14R8.B1 23920.79327 0.00769166860082 -0.00575432311812 -8.93520217987e-05 0.000123066960086
BPM.15R8.B1 23974.24179 0.00813099606287 -0.00511477305195 0.000124050305207 8.79817042501e-05
BPM.16R8.B1 24027.69031 0.00689244559048 -0.00669090383564 8.42315905775e-05 -0.000126626615239
BPM.17R8.B1 24081.13882 0.00740983994275 -0.00611295937636 -0.00012755293512 -8.28221570291e-05
BPM.18R8.B1 24134.58734 0.00597985270059 -0.00751766998927 -7.89664865282e-05 0.000129975204488
BPM.19R8.B1 24188.03585 0.00656710051117 -0.00701050577735 0.000130842941515 7.75202190065e-05
BPM.20R8.B1 24241.48437 0.00496915165325 -0.00822079875901 7.35711608329e-05 -0.000133103509449
BPM.21R8.B1 24294.93289 0.00561624017784 -0.0077930640119 -0.000133911203318 -7.20905729339e-05
BPM.22R8.B1 24348.3814 0.00387663627986 -0.00878895281188 -6.8049846311e-05 0.000136009110506
BPM.23R8.B1 24401.82992 0.00457336833367 -0.0084473843548 0.000136755433597 6.65372846957e-05
BPM.24R8.B1 24455.27843 0.00256559834104 -0.00918294947172 6.25700187919e-05 1.92154710216e-05
BPM.25R8.B1 24508.72695 0.00329824152594 -0.0089459744436 1.85206629502e-05 -6.27791942787e-05
BPM.26R8.B1 24562.17546 0.00136974108863 -0.00943571222543 -6.33053500088e-05 -1.66335248417e-05
BPM.27R8.B1 24615.62398 0.00212675823973 -0.00929439375581 -1.5930243239e-05 6.34859703206e-05
BPM.28R8.B1 24669.0725 -3.40133539707e-06 -0.00950378406134 6.4089201017e-05 0.000171922280135
BPM.29R8.B1 24722.52101 0.000763615188719 -0.00947305731459 0.000171201153754 -6.59913679123e-05
BPM.30R8.B1 24775.96953 -0.00121920856034 -0.00942525615478 -7.10855819708e-05 -0.000169149446749
BPM.31R8.B1 24829.41804 -0.00045469364615 -0.00949290138669 -0.000168350698659 7.2957092751e-05
BPM.32R8.B1 24882.86656 -0.00241474247394 -0.00919189543951 7.79618985908e-05 0.000166092255336
BPM.33R8.B1 24936.31508 -0.00166504651426 -0.00935679128537 0.000165217285587 -7.97994062908e-05
BPM.34R8.B1 24989.76359 -0.00357085360148 -0.00880743592319 -8.47085859492e-05 -0.000162754880694
BPM.33L1.B1 25043.21211 -0.00284850656152 -0.00906685907158 -0.000161805884107 8.65075205119e-05
BPM.32L1.B1 25096.66062 -0.00466803645943 -0.00827836690977 9.13102716501e-05 0.000159144999349
BPM.31L1.B1 25150.10914 -0.00398473241324 -0.00862808383387 0.000158121914704 -9.30707014473e-05
BPM.30L1.B1 25203.55766 -0.00568876652748 -0.00761313722963 -9.77616378367e-05 -0.000155265444009
BPM.29L1.B1 25257.00617 -0.00505586916696 -0.0080473666514 -0.000154172708458 9.94759855441e-05
BPM.28L1.B1 25310.45469 -0.00661579725371 -0.00682298686118 0.000104044558345 0.000151127188255
BPM.27L1.B1 25363.9032 -0.00604360577792 -0.00733462693339 0.000149962785339 -0.000105715931594
BPM.26L1.B1 25417.35172 -0.00758939819952 -0.00589101270794 -0.000110001672511 1.11667561016e-05
BPM.25L1.B1 25470.80023 -0.00708920549379 -0.00648430113595 1.23855017542e-05 0.000109871124396
BPM.24L1.B1 25524.24875 -0.00828055920687 -0.00487189233741 0.000109451157558 -1.56687329515e-05
BPM.23L1.B1 25577.69727 -0.00786043670962 -0.00552417691017 -1.68820901559e-05 -0.000109270580118
BPM.22L1.B1 25631.14578 -0.00899090486708 -0.00374298637187 -0.000108565183201 0.000178046234862
BPM.21L1.B1 25684.5943 -0.00865947984844 -0.00445642526507 0.000179239909913 0.000106582916322
BPM.20L1.B1 25738.04281 -0.00939581767722 -0.00256221145883 0.000101167474823 -0.000182351334111
BPM.19L1.B1 25791.49133 -0.00915843724555 -0.00331200009331 -0.000183461362129 -9.91402672464e-05
BPM.18L1.B1 25844.93985 -0.00964639316938 -0.00133918492495 -9.3609644926e-05 0.000186344035652
BPM.17L1.B1 25898.38836 -0.00950685013103 -0.00211331918619 0.000187371378162 9.15359547741e-05
BPM.16L1.B1 25951.83688 -0.00973845113313 -9.42704062601e-05 8.58835387645e-05 -0.000190028638352
BPM.15L1.B1 26005.28539 -0.00969908547346 -0.000879805887802 -0.000190968697918 -8.37724276044e-05
BPM.14L1.B1 26058.73391 -0.00967050069757 0.00115227325917 -7.80242355845e-05 0.000193388416844
BPM.13L1.B1 26112.18243 -0.00973194766955 0.000368119466579 0.000194242459197 7.58731187038e-05
BPM.12L1.B1 26165.63094 -0.00969092246989 0.000965577061652 5.09040525918e-05 -0.000202226712326
BPM.11L1.B1 26219.07946 -0.00962924121894 -0.0014574055515 -0.000206895506647 -2.6098107342e-05
BPM.10L1.B1 26271.86017 -0.00973602266559 -0.000237023306819 -1.56890723873e-05 0.000207944016555
BPM.9L1.B1 26310.92518 -0.00957459633917 -0.00178141021667 0.000204045874853 4.30365318397e-05
BPM.8L1.B1 26351.38819 -0.00874735589541 0.00428136453168 -5.90809620521e-05 -0.000199990756431
BPMR.7L1.B1 26390.4542 -0.00964962944358 -0.00131566294851 -0.000204269349428 4.1963013304e-05
BPM.6L1.B1 26433.6382 -0.00962049880225 -0.00151404103464 -9.69250550657e-05 0.000184641268734
BPMR.5L1.B1 26465.5382 -0.00964235298694 -0.00136797161446 7.87221164994e-07 0.000208533549633
BPMYA.4L1.B1 26486.6562 -0.00963278048809 -0.00143382614829 6.49402958603e-05 0.000198165636198
BPMWB.4L1.B1 26507.7887 -0.00933209612097 -0.00278537239957 0.000132988350018 0.000160626779711
BPMSY.4L1.B1 26600.5687 -0.00907281008511 -0.00353983538836 0.000149740979253 -0.000145136150821
BPMS.2L1.B1 26627.3542 -0.00867927892727 -0.00441774092486 7.18109925948e-05 -0.000195780605941
BPMSW.1L1.B1 26637.4082 -0.00851352665943 -0.00472928970782 1.43914587271e-05 -0.000208037854333
