BPMSW.1R1.B2 21.475 0.000900599749106 0.009638444561 8.31932411506e-05 5.33163001081e-05
BPMS.2R1.B2 31.529 0.000550796507552 0.00966474607433 9.47575885659e-05 2.80132460477e-05
BPMSY.4R1.B2 58.3145 -0.000405487872062 0.00967193222729 9.75177120273e-05 -1.59385854896e-05
BPMWB.4R1.B2 151.1705 -0.00120060081888 0.00960568847745 -2.36457316195e-05 -9.5940724852e-05
BPMYA.4R1.B2 172.227 -0.00254612699364 0.00933958943485 -5.70179324925e-05 -8.07012947348e-05
BPMR.5R1.B2 199.635 -0.00233059415486 0.00939569179563 -8.43402793796e-05 -5.14826209527e-05
BPM.6R1.B2 231.535 -0.00306813710687 0.00918135219439 -9.87412011668e-05 -3.73080702991e-06
BPMRA.7R1.B2 259.259 -0.00381088947916 0.00889875355469 -8.57402829943e-05 4.91156490886e-05
BPM.8R1.B2 300.6960106 -0.00669048668745 0.00699629054075 2.96503418372e-05 9.42581569361e-05
BPM.9R1.B2 339.7610212 -0.00593607812928 0.00764680782553 8.32818807729e-05 -5.31777314527e-05
BPM.10R1.B2 380.2240318 -0.00218419304406 0.00943080029392 -6.99729480603e-05 -6.97676855098e-05
BPM.11R1.B2 433.0047424 -0.00653043420106 0.00714591649343 -4.67641728535e-05 8.70451324972e-05
BPM.12R1.B2 487.7282583 -0.00530567984898 0.00809694107534 9.05864485447e-05 3.94694571833e-05
BPM.13R1.B2 541.1767742 -0.00639654768438 0.00726600792747 3.42610574736e-05 -9.26818349664e-05
BPM.14R1.B2 594.6252901 -0.00474947120776 0.00843523661115 -9.36652223524e-05 -3.14732993827e-05
BPM.15R1.B2 648.073806 -0.00541465074983 0.00802447822237 -3.04331935995e-05 9.40083189186e-05
BPM.16R1.B2 701.5223219 -0.00363130260198 0.00897353524775 9.48770713776e-05 2.76058745143e-05
BPM.17R1.B2 754.9708378 -0.00434365339929 0.00865120619455 2.65515507001e-05 -9.51775090225e-05
BPM.18R1.B2 808.4193537 -0.0024537128907 0.00936429316604 -9.59293692647e-05 -2.36917562331e-05
BPM.19R1.B2 861.8678696 -0.0032013349078 0.0091357620504 -2.26268082743e-05 9.61861233602e-05
BPM.20R1.B2 915.3163855 -0.00123553456975 0.00960125761405 9.68202402165e-05 1.97379109743e-05
BPM.21R1.B2 968.7649014 -0.00200637145202 0.00947022529184 1.86627409175e-05 -9.70332147135e-05
BPM.22R1.B2 1022.213417 2.65345564939e-06 0.00968042800708 -9.75482174212e-05 -1.57508172381e-05
BPM.23R1.B2 1075.661933 -0.000778477437375 0.00964907593144 -1.46681836948e-05 9.77168734203e-05
BPM.24R1.B2 1129.110449 0.0013402576208 0.00958159996691 9.80126827624e-05 -8.92889318643e-05
BPM.25R1.B2 1182.558965 0.000562521004008 0.00965851533652 -9.03705077954e-05 -9.70163434076e-05
BPM.26R1.B2 1236.007481 0.00255477596235 0.00933147727873 -9.42683417641e-05 9.32334599217e-05
BPM.27R1.B2 1289.455997 0.00179355654654 0.00950718166885 9.42730279648e-05 9.32287289279e-05
BPM.28R1.B2 1342.904513 0.00382676437034 0.00890904375016 9.02677530482e-05 -0.000198046867815
BPM.29R1.B2 1396.353029 0.00309513662459 0.00918886910433 -0.000199036128061 -8.80650137159e-05
BPM.30R1.B2 1449.801545 0.00493485616601 0.00834639926658 -8.20674250202e-05 0.000201583151422
BPM.31R1.B2 1503.25006 0.00424540577298 0.00871732275161 0.000202480404974 7.98280343807e-05
BPM.32R1.B2 1556.698576 0.00596206856893 0.00764649753674 7.37352352959e-05 -0.000204777794121
BPM.33R1.B2 1610.147092 0.00532540994895 0.00810278933546 -0.000205583433091 -7.14582578441e-05
BPM.34R1.B2 1663.595608 0.00689115823884 0.00682107940711 -6.52711467793e-05 0.000207630697322
BPM.33L2.B2 1717.044124 0.00631836323219 0.00735482645654 0.00020834121963 6.29663786074e-05
BPM.32L2.B2 1770.49264 0.00770713944914 0.00588346731826 5.67066405508e-05 -0.000210131358559
BPM.31L2.B2 1823.941156 0.00720712004179 0.00648634001746 -0.000210747861779 -5.43706664377e-05
BPM.30L2.B2 1877.389672 0.0083964021133 0.00484929043332 -4.80358993737e-05 0.000212281372069
BPM.29L2.B2 1930.838188 0.00797776093167 0.00551094517407 0.0002128004822 4.56813083858e-05
BPM.28L2.B2 1984.286704 0.00894775830715 0.00373534569938 3.92964572188e-05 -0.00021407153158
BPM.27L2.B2 2037.73522 0.00861709408391 0.0044453206533 -0.000214494641204 -3.69171832194e-05
BPM.26L2.B2 2091.183735 0.00945132170522 0.00254119149536 -3.05798553773e-05 0.000114478438515
BPM.25L2.B2 2144.632251 0.00921544567091 0.00329555719906 0.000114810321865 2.93092104007e-05
BPM.24L2.B2 2198.080767 0.00969874615559 0.00131128152643 2.58615544042e-05 -0.000115635717839
BPM.23L2.B2 2251.529283 0.0095612883883 0.00208971303936 -0.000115915588895 -2.45767334732e-05
BPM.22L2.B2 2304.977799 0.00988607879164 4.09357673224e-05 -2.11961818355e-05 1.55718448724e-05
BPM.21L2.B2 2358.426315 0.00985053440373 0.000838571127818 1.5805950838e-05 2.10221975518e-05
BPM.20L2.B2 2411.874831 0.00981009509751 -0.0012240358554 2.05398181759e-05 -1.64279198455e-05
BPM.19L2.B2 2465.323347 0.0098768783443 -0.000428373370931 -1.66546945995e-05 -2.03563722258e-05
BPM.18L2.B2 2518.771863 0.00957292478489 -0.00246887436589 -1.98487945127e-05 1.72564808527e-05
BPM.17L2.B2 2572.220379 0.00974093517773 -0.00168831613935 1.74755338429e-05 1.96562117959e-05
BPM.16L2.B2 2625.668894 0.00917846043729 -0.0036731585304 1.91244932138e-05 -1.80558727613e-05
BPM.15L2.B2 2679.11741 0.00944494432601 -0.00292048905714 -1.82668484473e-05 -1.89230800119e-05
BPM.14L2.B2 2732.565926 0.00863318625949 -0.00481708672857 -1.8367881785e-05 1.88250280705e-05
BPM.13L2.B2 2786.014442 0.00899375885762 -0.00410469623863 1.90275564911e-05 1.81579910134e-05
BPM.12L2.B2 2839.462958 0.0078114231446 -0.00605952952227 1.78410930024e-05 -1.93250084465e-05
BPM.11L2.B2 2892.911474 0.00882606163579 -0.00445385962149 -1.75146230612e-05 -1.96213864302e-05
BPM.10L2.B2 2944.750185 0.00843551123967 -0.00515542235703 -2.25376482772e-05 1.35578505005e-05
BPM.9L2.B2 2983.815195 0.00723224384492 -0.00674024320787 8.69132574336e-06 2.48238154474e-05
BPM.8L2.B2 3024.278206 0.00405285129941 -0.00901724048328 1.13800757638e-05 -2.37119074881e-05
BPM.7L2.B2 3063.344216 0.00987714542984 -0.000422170327275 -2.50423396987e-05 -8.04000936992e-06
BPM.6L2.B2 3095.450216 0.00987197907093 0.000529394761067 -2.59216774296e-05 4.45279887059e-06
BPMYB.5L2.B2 3167.649216 0.00968651556782 -0.0019767765925 2.91923430667e-06 2.61388366804e-05
BPMYB.4L2.B2 3188.219216 0.00912262283857 -0.00380972205556 1.76128367836e-05 1.95332690467e-05
BPMWB.4L2.B2 3212.610716 0.0096751476513 -0.00203168587591 2.61900755995e-05 -2.41674869422e-06
BPMSX.4L2.B2 3262.843716 0.00738276636794 -0.00657502778256 -9.95865346365e-06 -2.43430863068e-05
BPMS.2L2.B2 3300.755216 0.00737455015087 -0.00658424171657 -2.32800589907e-05 -1.22393413103e-05
BPMSW.1L2.B2 3310.689216 0.00761660348257 -0.00630266459836 -2.56510058915e-05 -5.81260946277e-06
BPMSW.1R2.B2 3353.879216 0.00761660796116 -0.00630265918361 9.91974666667e-06 -2.43589697728e-05
BPMS.2R2.B2 3363.813216 0.00737455426978 -0.00658423720446 3.2931149895e-06 -2.60943971138e-05
BPMSX.4R2.B2 3401.724716 0.00738276877103 -0.00657502508357 -1.42573648428e-05 -2.21017715339e-05
BPMWB.4R2.B2 3451.881716 0.00967548670569 -0.00203007058887 -1.70392472399e-05 2.00355880437e-05
BPMYB.4R2.B2 3476.349216 0.00913931460184 -0.00376950371573 5.91412768037e-06 2.56277942276e-05
BPM.5R2.B2 3505.883216 0.00957266913291 0.00246986543434 2.56421039337e-05 5.85177756625e-06
BPMR.6R2.B2 3579.179216 0.00909183175877 0.00388263113169 7.37004301323e-06 -2.52476368708e-05
BPM_A.7R2.B2 3592.054216 0.00924880013558 0.00349226655504 2.75972061127e-06 -2.61561516456e-05
BPM.8R2.B2 3633.493206 0.00988190840405 -0.000290027378322 -2.1735530288e-05 -1.48097100186e-05
BPM.9R2.B2 3672.560195 0.00456982345563 -0.00876658104261 -5.12965101494e-06 2.57962674849e-05
BPM.10R2.B2 3713.025185 0.00391235763583 -0.00907907965241 2.23029540083e-05 1.3940545472e-05
BPM.11R2.B2 3764.865874 0.00321548589411 -0.00934862984891 1.60358314698e-05 -2.08473685664e-05
BPM.12R2.B2 3819.592358 0.00379990432858 -0.00912671663804 -2.21813454062e-05 -1.41332523618e-05
BPM.13R2.B2 3873.043842 0.00084643545982 -0.00984986175474 -1.16661177801e-05 2.35724937354e-05
BPM.14R2.B2 3926.495326 0.00163854798575 -0.00974943024661 2.37015886977e-05 1.14015411613e-05
BPM.15R2.B2 3979.94681 -0.000420716564398 -0.00987720745678 1.06843599405e-05 -2.40334180043e-05
BPM.16R2.B2 4033.398294 0.000377834563801 -0.00987894076449 -2.41516309262e-05 -1.04143982351e-05
BPM.17R2.B2 4086.849779 -0.00168083326498 -0.00974222916612 -9.6840711672e-06 2.44536188251e-05
BPM.18R2.B2 4140.301263 -0.000889010236556 -0.00984611041927 2.45605761235e-05 9.40950620487e-06
BPM.19R2.B2 4193.752747 -0.00291330314733 -0.00944716329773 8.66739219654e-06 -2.48321769238e-05
BPM.20R2.B2 4247.204231 -0.00214133029572 -0.00965147315972 -2.49277318734e-05 -8.3886125534e-06
BPM.21R2.B2 4300.655715 -0.00409792106044 -0.00899684792458 -7.63590637027e-06 2.51685085823e-05
BPM.22R2.B2 4354.107199 -0.00335837450977 -0.00929825522518 2.52524730799e-05 7.35345103507e-06
BPM.23R2.B2 4407.558683 -0.00521518211672 -0.0083986966282 6.59145408749e-06 -2.54620037647e-05
BPM.24R2.B2 4461.010167 -0.00455588699891 -0.00879447378746 -2.60777230818e-05 2.93459539388e-05
BPM.25R2.B2 4514.461651 -0.00628200061727 -0.00765737186206 3.01161878292e-05 2.51842825131e-05
BPM.26R2.B2 4567.913135 -0.00564346297641 -0.00813942265576 2.48452273957e-05 -3.03965077294e-05
BPM.27R2.B2 4621.36462 -0.00720999434126 -0.00679079207765 -3.11291968377e-05 -2.39208228625e-05
BPM.28R2.B2 4674.816104 -0.00667395656671 -0.0073528326331 -2.41142617853e-05 6.70471210697e-05
BPM.29R2.B2 4728.267588 -0.00805472165098 -0.00580752125255 6.77413944668e-05 2.20888723622e-05
BPM.30R2.B2 4781.719072 -0.00755971661624 -0.00643867445514 2.13281891468e-05 -6.79847314904e-05
BPM.31R2.B2 4835.170556 -0.00873150792069 -0.00472933541605 -6.85947472782e-05 -1.92762866088e-05
BPM.32R2.B2 4888.62204 -0.00832130361858 -0.00541864836268 -1.85069087383e-05 6.88063137382e-05
BPM.33R2.B2 4942.073524 -0.00926475679792 -0.0035735312427 6.93313226439e-05 1.64311290451e-05
BPM.34R2.B2 4995.525008 -0.00894610754636 -0.00430964079657 1.56529069593e-05 -6.95111601643e-05
BPM.33L3.B2 5048.976492 -0.00964579374102 -0.00235892076587 -6.99499931432e-05 -1.35577789547e-05
BPM.32L3.B2 5102.427976 -0.00942393133673 -0.00312975432849 -1.27736349361e-05 7.00974259529e-05
BPM.31L3.B2 5155.87946 -0.00986830634839 -0.00110561018355 7.04495887097e-05 1.0661589016e-05
BPM.30L3.B2 5209.330945 -0.00974687472258 -0.00189849339821 9.87115645568e-06 -7.05646847077e-05
BPM.29L3.B2 5262.782429 -0.00992866146143 0.000165908393127 -7.0829358472e-05 -7.74704690257e-06
BPM.28L3.B2 5316.233913 -0.00990966043409 -0.000635982754078 -6.95344171156e-06 7.09116684205e-05
BPM.27L3.B2 5369.685397 -0.00982585961141 0.00143468704692 7.10885877458e-05 4.8195043747e-06
BPM.26L3.B2 5423.136881 -0.0099451985045 0.000634687174975 3.47917778954e-06 -3.54864134643e-05
BPM.25L3.B2 5476.588365 -0.00959688254827 0.00268507848045 -3.55749153388e-05 -2.41156650943e-06
BPM.24L3.B2 5530.039849 -0.00978228716411 0.00190175154259 -2.01295496281e-06 3.55996976944e-05
BPM.23L3.B2 5583.491333 -0.00917453394944 0.00389072331747 3.56441065527e-05 9.42426313494e-07
BPM.22L3.B2 5636.942817 -0.00949422841283 0.00313528896136 -4.18325667066e-10 -4.17870937949e-10
BPM.21L3.B2 5690.394301 -0.00863670818109 0.00503762660654 -4.07339254728e-10 4.30726173438e-10
BPM.20L3.B2 5743.845786 -0.00901512390591 0.00432411273123 4.35372071858e-10 3.97955092493e-10
BPM.19L3.B2 5797.29727 -0.00792130418497 0.00610109416607 3.85961790846e-10 -4.42981537785e-10
BPM.18L3.B2 5850.748754 -0.00838789238657 0.00544184447617 -4.47698947095e-10 -3.79333886253e-10
BPM.17L3.B2 5904.200238 -0.00707571972208 0.00706431881854 -3.71660339624e-10 4.63280645721e-10
BPM.16L3.B2 5957.651722 -0.00762280575253 0.00647018102417 4.63852423934e-10 3.62241298546e-10
BPM.15L3.B2 6011.103206 -0.00611387384554 0.00791144465877 3.51768609087e-10 -4.75587954566e-10
BPM.14L3.B2 6064.55469 -0.00673247497007 0.00739217091014 -4.79513433715e-10 -3.44233094046e-10
BPM.13L3.B2 6118.006174 -0.00505154789336 0.00862857310717 -3.2852172507e-10 4.8869709673e-10
BPM.12L3.B2 6171.457658 -0.00687902013433 0.00725599695805 4.69078858348e-10 3.60151124707e-10
BPM.11L3.B2 6224.909142 -0.00758142561322 0.0065186191515 3.83649857628e-10 -4.4415935134e-10
BPM.10L3.B2 6277.691832 -0.00957916890172 0.00286529809236 -4.13819618082e-10 -4.16980058221e-10
BPM.9L3.B2 6316.758821 -0.00896196401421 0.00443323933436 -5.8474793688e-10 4.51365926354e-11
BPM.8L3.B2 6357.223811 -0.00795930980655 0.00605142937005 -3.04434089711e-10 5.06012368792e-10
BPM.7L3.B2 6396.2898 -0.00468266093521 0.00883420039138 3.13162991938e-10 4.99349521146e-10
BPMR.6L3.B2 6468.9288 0.00405969523465 0.00913724710299 2.93540667951e-10 -5.06936904327e-10
BPMWE.5L3.B2 6511.9823 0.00425155321579 0.00904956933685 -6.7617215909e-11 -5.84373662123e-10
BPMW.5L3.B2 6539.5273 0.00129877139964 0.00991380869584 -3.23027314414e-10 -4.95997097478e-10
BPMWE.4L3.B2 6614.6553 0.00464409704093 0.00885453401772 -5.6862539428e-10 1.59803994616e-10
BPMW.4L3.B2 6642.2003 0.00973289326084 0.0022893664622 -1.71508194465e-10 5.60709480197e-10
BPMW.4R3.B2 6687.1653 0.00999790922448 0.00011054959249 2.12918197574e-10 5.45754832886e-10
BPMWE.4R3.B2 6714.7103 0.00979478994683 0.00200810854014 3.99931938403e-10 4.35159732539e-10
BPMW.5R3.B2 6789.8383 0.00999753228141 0.000140564224329 5.67373473218e-10 -1.66917951475e-10
BPMWE.5R3.B2 6817.3833 0.00922560173998 -0.00385469616279 3.73902258315e-10 -4.53753452595e-10
BPMWC.6R3.B2 6858.3743 0.00881462669953 -0.00471940315871 2.88918667089e-11 -5.82825036837e-10
BPM.6R3.B2 6870.5288 0.00927057520917 -0.00374524302679 -9.93829542349e-11 -5.77406241873e-10
BPM_A.7R3.B2 6926.3528 0.00918448058602 -0.00395167386563 -5.65763349963e-10 -1.52170313549e-10
BPM.8R3.B2 6965.418789 0.00986217439513 0.0016455777768 -1.96309355588e-10 5.5397458596e-10
BPM.9R3.B2 7004.485779 0.00390922445677 0.0092026286531 5.7734451483e-10 9.75480216062e-11
BPM.10R3.B2 7044.950768 0.00494381592601 0.00869074761316 4.69406793569e-10 -3.5627674838e-10
BPM.11R3.B2 7097.733458 0.0074453560314 0.00667361098661 -2.55598583976e-10 -5.30053151801e-10
BPM.12R3.B2 7152.459942 0.00917941067741 0.00396343658847 -4.62168727246e-10 3.70162260523e-10
BPM.13R3.B2 7205.911426 0.00847786415483 0.00530058764205 3.96693194953e-10 4.33988849588e-10
BPM.14R3.B2 7259.36291 0.00939337879025 0.00342561598956 4.29096334112e-10 -4.06857780017e-10
BPM.15R3.B2 7312.814394 0.00908624776448 0.00417259050503 -4.06780686508e-10 -4.25261613361e-10
BPM.16R3.B2 7366.265878 0.00975442465637 0.00219581637729 -4.14645673915e-10 4.26902416183e-10
BPM.17R3.B2 7419.717362 0.00954537150026 0.00297595243785 4.27103917607e-10 4.04991848505e-10
BPM.18R3.B2 7473.168846 0.00995518346792 0.00092990972374 3.89299720313e-10 -4.36616383171e-10
BPM.19R3.B2 7526.62033 0.00984765078267 0.00173037108346 -4.44280229633e-10 -3.85031664232e-10
BPM.20R3.B2 7580.071814 0.00999234867721 -0.000351251915148 -3.71505498354e-10 4.52508672692e-10
BPM.21R3.B2 7633.523299 0.00998809853478 0.000456396417146 4.63072986171e-10 3.60524706381e-10
BPM.22R3.B2 7686.974783 0.00986531083549 -0.00162666901632 3.52174406823e-10 -4.69255549059e-10
BPM.23R3.B2 7740.426267 0.00996441607812 -0.000825119514247 -4.74593243111e-10 -3.49839602004e-10
BPM.24R3.B2 7793.877751 0.00944732795153 -0.00285070956307 1.45042026406e-07 0.000131115453621
BPM.25R3.B2 7847.329235 0.00964659647222 -0.0020788763652 0.000131105610543 -1.61279222201e-06
BPM.26R3.B2 7900.780719 0.00900501633635 -0.00403586808862 -5.54970550635e-06 -0.000130998024455
BPM.27R3.B2 7954.232203 0.00930136748437 -0.00329592374322 -0.000130927560844 7.01828001308e-06
BPM.28R3.B2 8007.683687 0.00828593458768 -0.00513002631384 1.10971028266e-05 0.000261768560769
BPM.29R3.B2 8061.135171 0.00867299472169 -0.00444443972101 0.000261628039606 -1.40245783523e-05
BPM.30R3.B2 8114.586655 0.00756156848301 -0.00614789101987 -2.18744702091e-05 -0.000261088932414
BPM.31R3.B2 8168.03814 0.00803304644978 -0.00551761240379 -0.000260827045087 2.48027230487e-05
BPM.32R3.B2 8221.489624 0.00671298948296 -0.00706467650255 3.26309649206e-05 0.000259963728569
BPM.33R3.B2 8274.941108 0.00726136711047 -0.00649972535628 0.000259582363669 -3.5537588817e-05
BPM.34R3.B2 8328.392592 0.00575402622006 -0.00786543477436 -4.33176355276e-05 -0.000258397956054
BPM.33L4.B2 8381.844076 0.00636999197335 -0.00737543789344 -0.000257895791302 4.62134455794e-05
BPM.32L4.B2 8435.29556 0.00470061284545 -0.00853686832514 5.39426094783e-05 0.000256390554863
BPM.31L4.B2 8488.747044 0.00537440905666 -0.00812955159682 0.000255770710397 -5.68090119045e-05
BPM.30L4.B2 8542.198528 0.00356981251447 -0.00906809354535 -6.44662512516e-05 -0.000253948860847
BPM.29L4.B2 8595.650012 0.00428995004438 -0.00875044058974 -0.000253210080538 6.73095609831e-05
BPM.28L4.B2 8649.101496 0.00238053404302 -0.00945023489735 7.48871994159e-05 0.000251073352906
BPM.27L4.B2 8702.55298 0.00313563260714 -0.00922722548148 0.000250218976061 -7.76941775616e-05
BPM.26L4.B2 8756.004465 0.00102321886527 -0.00965251741053 -8.50323469265e-05 -0.000116658279255
BPM.25L4.B2 8809.455949 0.00179892596872 -0.00953844508072 -0.000115698137866 8.63342025921e-05
BPM.24L4.B2 8862.907433 -0.00021986854365 -0.00970410877096 8.97711066005e-05 0.00011305220688
BPM.23L4.B2 8916.358917 0.000564104273977 -0.00969019378428 0.000112039245294 -9.10321963569e-05
BPM.22L4.B2 8969.810401 -0.00158830435705 -0.00957164820031 -9.42130831376e-05 2.18586536053e-05
BPM.21L4.B2 9023.261885 -0.000810497017465 -0.00966862216205 2.29127414661e-05 9.39622865863e-05
BPM.20L4.B2 9076.713369 -0.00279959163726 -0.00928985718813 9.3231447543e-05 -2.57255101652e-05
BPM.19L4.B2 9130.164853 -0.00204073803395 -0.00948549145755 -2.67686176253e-05 -9.29373207093e-05
BPM.18L4.B2 9183.616337 -0.00396513012999 -0.00885533189753 -9.20912375122e-05 2.95484126381e-05
BPM.17L4.B2 9237.067821 -0.00323739098408 -0.00914649985205 3.05781332173e-05 9.17544678611e-05
BPM.16L4.B2 9290.519306 -0.00506528250314 -0.00827538960307 9.07942347189e-05 -3.33213356114e-05
BPM.15L4.B2 9343.97079 -0.00438090355539 -0.00865718452842 -3.43367506366e-05 -9.0415112755e-05
BPM.14L4.B2 9397.422274 -0.00608239265443 -0.00755934253 -8.93429088107e-05 3.70371324865e-05
BPM.13L4.B2 9450.873758 -0.00545236469107 -0.00802563886546 3.80355354214e-05 8.89224529211e-05
BPM.12L4.B2 9504.325242 -0.00763619163249 -0.00598562756391 8.98944002783e-05 -3.56777414109e-05
BPM.11L4.B2 9557.776726 -0.00741734209598 -0.00625477386552 -2.04230304881e-05 -9.45346721848e-05
BPMC.10L4.B2 9609.617415 -0.00813567450164 -0.00528677219806 -9.64591637358e-05 7.03803704271e-06
BPMC.9L4.B2 9648.684405 -0.00859314149011 -0.00450522799061 -1.08429014465e-05 9.61058581336e-05
BPMC.8L4.B2 9689.149394 -0.00956443277026 -0.00163119149898 7.56017686409e-05 -6.03181351507e-05
BPMC.7L4.B2 9728.215384 -0.00492689846009 -0.00835851849885 -6.76879506354e-05 -6.90814498404e-05
BPMYA.6L4.B2 9824.819384 -0.0061040265775 -0.00754188434581 -8.53674381002e-05 4.54566336249e-05
BPMYB.5L4.B2 9861.819384 -0.00609042550379 -0.00755287210813 -6.99868992618e-05 6.67513142258e-05
BPMWA.B5L4.B2 9964.209884 -0.00907308549699 -0.00343777245842 2.25299774414e-05 9.40547962731e-05
BPMWA.A5L4.B2 9973.094884 -0.0091895959226 -0.00311295465706 3.12333444795e-05 9.15335083174e-05
BPMWA.A5R4.B2 10021.14388 -0.00948235081486 -0.00205528172695 6.94420206008e-05 6.73179808215e-05
BPMWA.B5R4.B2 10030.02888 -0.00949489688095 -0.00199652026583 7.46493922329e-05 6.14928666343e-05
BPMYA.5R4.B2 10132.49538 -0.00904590202355 -0.00350867732119 9.58547484512e-05 -1.2875227859e-05
BPMYB.6R4.B2 10164.05938 -0.00913137554835 -0.00327980801264 9.08243163348e-05 -3.32392427001e-05
BPMCA.7R4.B2 10260.57538 -0.0074303536504 -0.0062393112242 -4.31041524851e-05 -8.65790774822e-05
BPMC.8R4.B2 10298.36637 -0.00550213086137 -0.0079916028373 -8.36606923682e-05 4.85262204848e-05
BPMC.9R4.B2 10337.43336 -0.00937194877239 -0.00251112248152 7.72410093758e-05 5.8204218963e-05
BPMC.10R4.B2 10377.89835 -0.00946305340613 -0.00214237722101 7.67974359773e-05 -5.87882467201e-05
BPM.11R4.B2 10429.73904 -0.00963830199703 0.0011145826551 -5.15809803547e-05 -8.18126350871e-05
BPM.12R4.B2 10484.46553 -0.00959334613574 0.00145150606094 -8.41786001688e-05 4.76221287616e-05
BPM.13R4.B2 10537.91701 -0.00907696725764 0.00342751007612 5.02433540881e-05 8.2640852551e-05
BPM.14R4.B2 10591.36849 -0.00932399001229 0.00268372319552 8.20722634302e-05 -5.11668688953e-05
BPM.15R4.B2 10644.81998 -0.00856393126511 0.00456050887347 -5.36096904727e-05 -8.04978629077e-05
BPM.16R4.B2 10698.27146 -0.00890408223318 0.00385441039442 -7.98926525636e-05 5.4507503851e-05
BPM.17R4.B2 10751.72295 -0.00791013006002 0.00561862993718 5.68830229464e-05 7.82190911994e-05
BPM.18R4.B2 10805.17443 -0.00833780566024 0.00496187028507 7.75763903231e-05 -5.77564562611e-05
BPM.19R4.B2 10858.62591 -0.00712640115105 0.00658434253128 -6.00611157013e-05 -7.58061167707e-05
BPM.20R4.B2 10912.0774 -0.00763459178382 0.00598766801332 -7.51288853733e-05 6.09061192608e-05
BPM.21R4.B2 10965.52888 -0.00622548378293 0.0074419427305 6.31357249671e-05 7.32651687487e-05
BPM.22R4.B2 11018.98037 -0.00680581685383 0.00691520187162 7.25527840346e-05 -6.3953094638e-05
BPM.23R4.B2 11072.43185 -0.00522237296473 0.0081771621326 -6.61039459443e-05 -7.05986797566e-05
BPM.24R4.B2 11125.88333 -0.00573194458158 0.00773733025519 -6.78157262338e-05 -6.67978857965e-05
BPM.25R4.B2 11179.33482 -0.00400117248538 0.00875854364965 -6.47307294401e-05 6.9791578536e-05
BPM.26R4.B2 11232.7863 -0.00469494942253 0.00840707547496 7.05123835497e-05 6.39447704152e-05
BPM.27R4.B2 11286.23779 -0.0028477577075 0.00919846422835 6.17971655158e-05 -7.24019463109e-05
BPM.28R4.B2 11339.68927 -0.00344762880613 0.00894695024928 -7.10528138766e-05 -0.000194668961397
BPM.29R4.B2 11393.14075 -0.00151562426733 0.00946767902945 -0.000192446953137 7.68679050218e-05
BPM.30R4.B2 11446.59224 -0.00227463148189 0.00931451097718 7.90185987281e-05 0.000191573923001
BPM.31R4.B2 11500.04372 -0.00029171679848 0.00958378653954 0.00018911309803 -8.47392674691e-05
BPM.32R4.B2 11553.49521 -0.00106449966091 0.00952895081268 -8.68532079005e-05 -0.000188151607002
BPM.33R4.B2 11606.94669 0.000936422503913 0.00954238837965 -0.000185457444011 9.246644498e-05
BPM.34R4.B2 11660.39818 0.000163401649016 0.00958683279356 9.45382556365e-05 0.000184409940363
BPM.33L5.B2 11713.84966 0.00214972285243 0.00934412943197 0.000181486605089 -0.000100035595104
BPM.32L5.B2 11767.30114 0.00138831601333 0.00948718302587 -0.000102062812161 -0.000180354342637
BPM.31L5.B2 11820.75263 0.00332717902431 0.0089924380941 -0.000177206131886 0.000107435995149
BPM.30L5.B2 11874.20411 0.00259073309433 0.00923158519203 0.000109414639781 0.000175991316365
BPM.29L5.B2 11927.6556 0.00445043238131 0.00849280370618 0.000172625548034 -0.000114651329574
BPM.28L5.B2 11981.10708 0.00375025770388 0.00882437704684 -0.000116578211416 -0.000171330170464
BPM.27L5.B2 12034.55856 0.0055001391269 0.00785382280907 -0.000167749163758 0.000121674665857
BPM.26L5.B2 12088.01005 0.00498184812392 0.00828051973218 0.000125584427322 3.26886565143e-05
BPM.25L5.B2 12141.46153 0.00659199748018 0.00706621448179 2.89018740269e-05 -0.00012650960291
BPM.24L5.B2 12194.91302 0.00600008486235 0.00757527553441 -0.000126825643294 -2.74818463156e-05
BPM.23L5.B2 12248.3645 0.00744176749868 0.00616489368838 -2.36580840965e-05 0.0001275942454
BPM.22L5.B2 12301.81598 0.00705339621879 0.00675385312798 0.000129891178297 -0.000111461229338
BPM.21L5.B2 12355.26747 0.00830154835426 0.00514288101745 -0.000115313071656 -0.000126484074076
BPM.20L5.B2 12408.71895 0.00785935998814 0.00579615310926 -0.000125182273243 0.000116724994874
BPM.19L5.B2 12462.17044 0.00889128075311 0.00403857113206 0.000120433329219 0.00012161882661
BPM.18L5.B2 12515.62192 0.00853632308117 0.00474300732749 0.000120263980592 -0.000121786290052
BPM.17L5.B2 12569.07341 0.00933485292432 0.00286800473407 -0.000125344414012 -0.000116550863019
BPM.16L5.B2 12622.52489 0.00907290976202 0.00361209616151 -0.000115136859477 0.000126644498312
BPM.15L5.B2 12675.97637 0.00962505392672 0.00165023246945 0.000130046374548 0.000111280128035
BPM.14L5.B2 12729.42786 0.00946046358024 0.0024216851819 0.000109818594846 -0.000131282909359
BPM.13L5.B2 12782.87934 0.0097570794264 0.000405377933298 -0.000134523117698 -0.000105824648387
BPM.12L5.B2 12836.33083 0.00946800629664 0.00239202572249 -0.000114132947104 0.000127549975347
BPM.11L5.B2 12889.78231 0.00962891375872 0.00162755956272 0.000114055531991 0.00012761920301
BPM.10L5.B2 12942.565 0.00975164347924 0.000519980522791 0.000120718491042 -0.000121335780012
BPM.9L5.B2 12981.63199 0.0096500972348 -0.00149684787312 -0.000110209204203 -0.000130955172976
BPM.8L5.B2 13022.09698 0.00799650947377 0.00560542295292 -6.43120743606e-05 0.000158616780851
BPM.7L5.B2 13061.16497 0.00976506275901 -9.20845380576e-05 0.000151857391479 7.89598499075e-05
BPMR.6L5.B2 13098.05897 0.00975846812669 -0.000370445825013 0.000163315412098 -5.1219170301e-05
BPMWT.B6L5.B2 13109.36897 0.00969513571475 -0.00117015973414 0.000149720730768 -8.29399201314e-05
BPMWT.A6L5.B2 13115.19097 0.00967276389472 -0.0013425977848 0.000141604529322 -9.61430281747e-05
BPM.5L5.B2 13129.95897 0.00969839536535 -0.0011428287946 0.000117494545452 -0.000124460267424
BPMYA.4L5.B2 13157.36497 0.00972213564149 -0.000919243609988 5.85279277816e-05 -0.000160840936834
BPMWB.4L5.B2 13178.42347 0.00949462008649 -0.00228410150889 -4.19064611452e-06 -0.000171107463759
BPMWT.B4L5.B2 13178.89297 0.00948754349848 -0.00231331983339 -5.68929716222e-06 -0.000171064191279
BPMWT.A4L5.B2 13180.87497 0.00945703307967 -0.00243504735042 -1.20324373406e-05 -0.000170735310941
BPMSY.4L5.B2 13271.27947 0.00927431608108 -0.0030581025925 -0.000170231633066 1.77909217894e-05
BPMS.2L5.B2 13298.06497 0.00892732591297 -0.00395825493386 -0.000145594894687 8.99858543869e-05
BPMSW.1L5.B2 13308.11897 0.00877805278963 -0.00427910265727 -0.000114740549937 0.000127003660793
BPMSW.1R5.B2 13351.06897 0.00877805279522 -0.00427910263235 -8.40550302789e-05 -0.000149097547466
BPMS.2R5.B2 13361.12297 0.00892732559961 -0.00395825568231 -0.000122284131361 -0.000119757740449
BPMSY.4R5.B2 13387.90847 0.0092743157254 -0.00305810367565 -0.000162171248571 -5.47340078795e-05
BPMWB.4R5.B2 13480.76447 0.009494638921 -0.0022840232092 -4.1656921344e-05 0.000166012129302
BPMYA.4R5.B2 13501.82097 0.0097221372498 -0.000919226615691 2.17804600331e-05 0.000169767299843
BPMR.5R5.B2 13522.93897 0.00972893803118 -0.000844212625558 7.29423112934e-05 0.000154837796981
BPM.6R5.B2 13554.83897 0.00972527602364 -0.000885401867686 0.000137032333461 0.000102554695919
BPMRA.7R5.B2 13588.85297 0.00975595990768 0.000431481749787 0.00017106724344 -5.59678951381e-06
BPM.8R5.B2 13630.28998 0.00898453324263 0.0038266294101 3.11053611288e-05 -0.000168308589145
BPM.9R5.B2 13669.35499 0.00933018933347 0.00288314017214 -0.00017060094901 1.38072909678e-05
BPM.10R5.B2 13709.818 0.00967947346048 -0.00129333821731 5.04779427367e-05 0.000163546024204
BPM.11R5.B2 13762.59871 0.00906886022501 0.00362225129748 0.000142194942926 -9.52676441923e-05
BPM.12R5.B2 13817.32223 0.00953084212335 0.00212790476589 -0.000106605130618 -0.000133905456046
BPM.13R5.B2 13870.77074 0.0091345467068 0.00345325740449 -0.000127633519907 0.000114039513008
BPM.14R5.B2 13924.21926 0.00965233110164 0.00148237463927 0.000117807168709 0.000124164391238
BPM.15R5.B2 13977.66777 0.00950123115298 0.00225644340628 0.000122852581143 -0.000119174538535
BPM.16R5.B2 14031.11629 0.00976265750996 0.000235475250227 -0.000122797567049 -0.000119231216768
BPM.17R5.B2 14084.56481 0.00971181296726 0.00102255522267 -0.000117859681233 0.000124114546036
BPM.18R5.B2 14138.01332 0.00971257717067 -0.00101527088078 0.000127585981653 0.000114092694731
BPM.19R5.B2 14191.46184 0.00976283040668 -0.00022819436557 0.000112673266584 -0.000128841217658
BPM.20R5.B2 14244.91035 0.00950290011088 -0.00224940431001 -0.000132155491631 -0.000108766961363
BPM.21R5.B2 14298.35887 0.00965343332872 -0.00147517972683 -0.000107292164775 0.000133355597761
BPM.22R5.B2 14351.80738 0.00913711273582 -0.00344646211448 0.00013650648722 0.000103253595049
BPM.23R5.B2 14405.2559 0.00938542839113 -0.00269789995165 0.000101735938641 -0.000137641288514
BPM.24R5.B2 14458.70442 0.00853102233265 -0.00456981519224 -0.000140533572176 -5.85352465663e-06
BPM.25R5.B2 14512.15293 0.00887199793405 -0.00386642025709 -4.29311511151e-06 0.00014058989046
BPM.26R5.B2 14565.60145 0.00787643920004 -0.00562345609813 0.000140655393981 8.52024371527e-08
BPM.27R5.B2 14619.04996 0.00830451642065 -0.00496956335995 -1.47323351879e-06 -0.000140647712833
BPM.28R5.B2 14672.49848 0.00700219865667 -0.00656766511526 -0.000140448685046 9.73982331626e-05
BPM.29R5.B2 14725.947 0.00750943734094 -0.00598108366191 9.89503036484e-05 0.000139359547189
BPM.30R5.B2 14779.39551 0.00610466358667 -0.00740932476842 0.000136337256295 -0.000103074722584
BPM.31R5.B2 14832.84403 0.0066825709318 -0.00689262335789 -0.000104579934647 -0.00013518610955
BPM.32R5.B2 14886.29254 0.00510656873883 -0.00812945058132 -0.000131994731043 0.000108580087881
BPM.33R5.B2 14939.74106 0.0057460687187 -0.00769075453102 0.000110037514081 0.000130782230876
BPM.34R5.B2 14993.18958 0.00402486311137 -0.00871581826194 0.000127431689422 -0.00011390088189
BPM.33L6.B2 15046.63809 0.00471494203867 -0.00836267496969 -0.00011530684117 -0.000126160928894
BPM.32L6.B2 15100.08661 0.00287669988287 -0.00915912707768 -0.000122652979446 0.000119031482045
BPM.31L6.B2 15153.53512 0.00360660252099 -0.00889704610302 0.000120384541444 0.00012132522229
BPM.30L6.B2 15206.98364 0.00168161489269 -0.00945183486933 0.00011766879153 -0.000123960886335
BPM.29L6.B2 15260.43215 0.00243870233442 -0.00928535093313 -0.000125258039636 -0.000116287012813
BPM.28L6.B2 15313.88067 0.00045854749714 -0.00958930368817 -0.000112486239368 0.000128682134393
BPM.27L6.B2 15367.32919 0.00123106968753 -0.00952100196959 0.000129921807201 0.000111052107331
BPM.26L6.B2 15420.7777 -0.000861728076342 -0.00955199598628 0.000107204500511 -4.14723061804e-05
BPM.25L6.B2 15474.22622 -8.82025183414e-05 -0.00959038179103 -4.26585496543e-05 -0.000106738020995
BPM.24L6.B2 15527.67473 -0.00207669559211 -0.00936325466828 -0.000105413694119 4.58335152742e-05
BPM.23L6.B2 15581.12325 -0.00131421522196 -0.00950031793883 4.6999727548e-05 0.000104898916699
BPM.22L6.B2 15634.57177 -0.0033472563338 -0.0090035627524 0.000103535698125 4.15966463063e-05
BPM.21L6.B2 15688.02028 -0.00260981233007 -0.00924430348285 4.04456126837e-05 -0.000103990737691
BPM.20L6.B2 15741.4688 -0.00447162184837 -0.00850134491042 -0.000105154478869 -3.73156241715e-05
BPM.19L6.B2 15794.91731 -0.0037709542094 -0.00883448762717 -3.6147619422e-05 0.000105561691124
BPM.18L6.B2 15848.36583 -0.00552225578823 -0.00785957749108 0.000106596233374 3.29721665365e-05
BPM.17L6.B2 15901.81435 -0.00487003155297 -0.00827955674893 3.17874404084e-05 -0.000106955504101
BPM.16L6.B2 15955.26286 -0.00648237987779 -0.00708851312985 -0.000107858774227 -2.8572803282e-05
BPM.15L6.B2 16008.71138 -0.00588917468633 -0.00758853667009 -2.73756087955e-05 0.0001081688364
BPM.14L6.B2 16062.15989 -0.00733580513563 -0.00620114748839 0.000108939734 2.41258390035e-05
BPM.13L6.B2 16115.60841 -0.00681148777478 -0.00677287986194 2.29154497864e-05 -0.00010920075069
BPM.12L6.B2 16169.05693 -0.00814603572284 -0.0050902229103 -0.00010965737798 -2.06199027911e-05
BPM.11L6.B2 16222.50544 -0.00716099090787 -0.00640222434089 -2.83449494269e-05 0.000107918882687
BPM.10L6.B2 16274.34415 -0.00815770620869 -0.00507149845994 0.00010114072979 4.71219020361e-05
BPM.9L6.B2 16313.40916 -0.0087763957682 -0.00390424699648 7.95023596665e-05 -7.82898295328e-05
BPM.8L6.B2 16353.87217 -0.00948293359845 0.00153043708404 -0.000102575035284 -4.39122206935e-05
BPMYB.5L6.B2 16450.96018 -0.00685936548396 -0.00672438639082 5.35273928626e-05 9.79016861474e-05
BPMYA.4L6.B2 16487.36018 -0.00711790052852 -0.00645009766009 7.47523902905e-05 8.28371570407e-05
BPMSB.B4L6.B2 16518.13068 -0.00634188455971 -0.00721448317796 9.15586036803e-05 6.37725863815e-05
BPMSB.A4L6.B2 16518.76568 -0.006322959637 -0.00723107521068 9.18900663629e-05 6.32940533182e-05
BPMSA.4L6.B2 16615.57568 -0.00278382618474 -0.00919339866731 0.000103675050038 -4.12480918771e-05
BPMSE.4R6.B2 16707.14568 -0.0025034908453 -0.00927366167565 2.1262921239e-05 -0.000109534511095
BPMSA.A4R6.B2 16803.82068 -0.00566355619519 -0.00775837602215 -7.41709449199e-05 -8.33582163126e-05
BPMSA.B4R6.B2 16804.40568 -0.00568107109968 -0.00774555991752 -7.45511325336e-05 -8.30183702673e-05
BPMYB.4R6.B2 16830.96018 -0.00639669529887 -0.00716593026367 -8.90203863775e-05 -6.72702910657e-05
BPMYA.5R6.B2 16867.36018 -0.00646765319447 -0.00710195247659 -0.000101340735871 -4.66901457446e-05
BPM.8R6.B2 16963.08519 -0.00892307010091 -0.00355627434852 -3.09882254186e-05 0.000107189788077
BPM.9R6.B2 17002.1502 -0.00896328528975 0.00345366241759 0.000109924791258 1.91431944524e-05
BPM.10R6.B2 17042.61322 -0.00808975291472 0.00517920505946 4.86772577501e-05 -0.000100401417853
BPM.11R6.B2 17094.45193 -0.00647469569405 0.00709553260366 -0.000105815776081 -3.53969227087e-05
BPM.12R6.B2 17149.17544 -0.00783562987392 0.00555618319214 -2.07159029933e-05 0.000109639275907
BPM.13R6.B2 17202.62396 -0.00650183622656 0.00707067131995 0.000110229058541 1.73053753578e-05
BPM.14R6.B2 17256.07247 -0.00705125835738 0.00652288454675 1.60810030461e-05 -0.000110414321535
BPM.15R6.B2 17309.52099 -0.00554404963456 0.00784421958712 -0.000110846033392 -1.27701880761e-05
BPM.16R6.B2 17362.96951 -0.00615893066927 0.00737128484445 -1.1540934079e-05 0.0001109807532
BPM.17R6.B2 17416.41802 -0.0044949455511 0.00848903597439 0.000111276463008 8.21398702581e-06
BPM.18R6.B2 17469.86654 -0.00516539722311 0.00809857634143 6.97877716301e-06 -0.000111360758957
BPM.19R6.B2 17523.31505 -0.00337225122168 0.00899423087178 -0.000111519707 -3.64358903236e-06
BPM.20R6.B2 17576.76357 -0.00408699606103 0.00869279762096 -2.40717576098e-06 0.000111553242684
BPM.21R6.B2 17630.21209 -0.0021938478731 0.00935175378181 0.000111575314177 -9.32644555525e-07
BPM.22R6.B2 17683.6606 -0.00294144506999 0.00914418767569 -2.17034789735e-06 -0.000111558102674
BPM.23R6.B2 17737.10912 -0.000979723335201 0.00955554338935 -0.000111443209456 5.50755029841e-06
BPM.24R6.B2 17790.55763 -0.00167530205198 0.00944988706058 7.85528414627e-06 3.89408000227e-05
BPM.25R6.B2 17844.00615 0.000322406259939 0.00959182238137 3.86882727452e-05 -9.01712510114e-06
BPM.26R6.B2 17897.45466 -0.000452728737692 0.00958655512045 -9.44566296906e-06 -3.85858869796e-05
BPM.27R6.B2 17950.90318 0.00154667138372 0.00947179022395 -3.8285937425e-05 1.05961453726e-05
BPM.28R6.B2 18004.3517 0.000849562109698 0.00957028267522 1.2132386374e-05 -3.42683328384e-05
BPM.29R6.B2 18057.80021 0.00281723033715 0.00918560175101 -3.46160579609e-05 -1.11014396014e-05
BPM.30R6.B2 18111.24873 0.00206679143422 0.00938298670095 -1.07168130112e-05 3.47370602851e-05
BPM.31R6.B2 18164.69724 0.00396913416587 0.00874974515098 3.5042205689e-05 9.67248155875e-06
BPM.32R6.B2 18218.14576 0.00325009222219 0.00904151352504 9.28334673038e-06 -3.51473017378e-05
BPM.33R6.B2 18271.59428 0.00505576256417 0.00817014878889 -3.54093727197e-05 -8.22735723561e-06
BPM.34R6.B2 18325.04279 0.00437996728946 0.00855148833914 -7.83408871851e-06 3.5498458128e-05
BPM.33L7.B2 18378.49131 0.00605936987063 0.00745627943124 3.57169931672e-05 6.76828818681e-06
BPM.32L7.B2 18431.93982 0.00543789268911 0.00792094624204 6.3718651859e-06 -3.57898427184e-05
BPM.31L7.B2 18485.38834 0.00696337708526 0.00661992793523 -3.5964501396e-05 -5.29793064631e-06
BPM.30L7.B2 18538.83686 0.0064064576046 0.00716026306997 -4.89867258706e-06 3.60210586565e-05
BPM.29L7.B2 18592.28537 0.00775299848285 0.0056747758273 3.61515114389e-05 3.81856868057e-06
BPM.28L7.B2 18645.73389 0.00726976469307 0.00628192546456 3.41750939225e-06 -3.61916303616e-05
BPM.27L7.B2 18699.1824 0.00841521243844 0.00463640656532 -3.62776992399e-05 -2.33285520042e-06
BPM.26L7.B2 18752.63092 0.00808592540473 0.00530497279828 -8.1807101349e-07 -3.61333752677e-05
BPM.25L7.B2 18806.07943 0.00901084483961 0.00351135320202 -3.60927005746e-05 1.89913618999e-06
BPM.24L7.B2 18859.52795 0.00869810484566 0.00422704366507 2.29935077361e-06 3.60694208263e-05
BPM.23L7.B2 18912.97647 0.00938599488211 0.00232981246323 3.59844616778e-05 -3.37761889943e-06
BPM.22L7.B2 18966.42498 0.00923968848446 0.0030842457088 -2.66338784399e-06 -0.000108380678996
BPM.21L7.B2 19019.8735 0.00967860790673 0.0010995289359 -0.000108252377402 5.90655572014e-06
BPM.20L7.B2 19073.32201 0.00955831526324 0.00187697208281 7.1075294382e-06 0.000108180156038
BPM.19L7.B2 19126.77053 0.00973974468135 -0.000147609136243 0.000107919108974 -1.03406903056e-05
BPM.18L7.B2 19180.21905 0.00971989087142 0.000638855471927 -1.1536037832e-05 -0.000107797882766
BPM.17L7.B2 19233.66756 0.00964084631249 -0.001392299268 -0.000107404229884 1.47579084545e-05
BPM.16L7.B2 19287.11608 0.00972175992708 -0.00060975306777 1.59488773771e-05 0.000107233844828
BPM.15L7.B2 19340.56459 0.00938354585933 -0.00261409295295 0.000106708733701 -1.91496810436e-05
BPM.14L7.B2 19394.01311 0.00956389063053 -0.00184835355784 -2.03311510011e-05 -0.000106489939154
BPM.13L7.B2 19447.46163 0.00897204610257 -0.00379299402193 -0.000105833575775 2.35099749415e-05
BPM.12L7.B2 19500.91014 0.0093116652927 -0.00285959864725 2.32623229015e-05 0.000105888279605
BPM.11L7.B2 19554.35866 0.0084056488179 -0.00492234526017 0.000106223807409 -2.1678717739e-05
BPM.10L7.B2 19607.13937 0.00838007094692 -0.00496576537672 -1.69083477351e-05 -0.000107086744391
BPM.9L7.B2 19646.20438 0.00583784914284 -0.00779768762438 -0.000105684149704 -2.41727945949e-05
BPM.8L7.B2 19686.66739 0.00275914007618 -0.00934192490684 -3.61853269093e-05 0.000102196308093
BPM.7L7.B2 19725.7314 -0.00373296422285 -0.0089971880632 9.88430340929e-05 4.45367029252e-05
BPMR.6L7.B2 19760.5494 -0.00362181700232 -0.00904250277779 0.00010131394851 -3.85868754542e-05
BPMWC.6L7.B2 19772.7279 -0.00486352372187 -0.00843981942463 8.64388651514e-05 -6.54353630914e-05
BPMWE.5L7.B2 19849.7819 6.56687674792e-06 -0.00974086093583 -6.93704169326e-05 -8.3313918325e-05
BPMW.5L7.B2 19872.9869 0.00306455957845 -0.00924623650193 -9.87146759186e-05 -4.48205006229e-05
BPMWE.4L7.B2 19908.0719 0.00304928254325 -0.00925128590595 -0.000108403361725 -1.47496534358e-06
BPMW.4L7.B2 19936.1769 -0.000825099100448 -0.00970585526216 -9.29639919384e-05 5.57777695452e-05
BPMW.4R7.B2 20052.2239 -0.0030607654476 -0.0092474931601 9.65130475908e-05 4.93831529531e-05
BPMWE.4R7.B2 20080.3289 0.000409219186862 -0.00973226358766 0.000108246234185 -6.01796273631e-06
BPMW.5R7.B2 20115.4139 -3.72834639883e-05 -0.00974079179756 9.32746852227e-05 -5.52566486566e-05
BPMWE.5R7.B2 20138.6189 -0.00502527981355 -0.00834451782218 3.75955953724e-05 -0.000101685963517
BPM.6R7.B2 20217.7584 -0.00835713056394 -0.00500427653141 -0.000108390882505 -2.20921570921e-06
BPM_A.7R7.B2 20255.7944 -0.00620547706353 -0.0075084265522 -7.56014422885e-05 7.77038406411e-05
BPM.8R7.B2 20294.85841 -0.00613986529089 -0.00756217357166 1.84853571197e-05 0.000106825817654
BPM.9R7.B2 20333.92342 -0.00918030933185 -0.00325673693649 0.000107402879579 -1.4767698131e-05
BPM.10R7.B2 20374.38643 -0.00963669796002 0.0014207277535 -3.31312228393e-06 -0.000108362754442
BPM.11R7.B2 20427.16714 -0.00967542895532 0.00112715990049 -0.000107811237245 -1.14105825332e-05
BPM.12R7.B2 20481.89066 -0.00943990802972 0.00240261342981 -1.06327860396e-05 0.000107890724316
BPM.13R7.B2 20535.33917 -0.00961917634322 0.00153488154861 0.00010807025087 8.61887781934e-06
BPM.14R7.B2 20588.78769 -0.00909120371546 0.00349777499298 5.38010207228e-06 -0.000108279820448
BPM.15R7.B2 20642.23621 -0.00934382176198 0.00275270953813 -0.000108332786991 -4.17986844278e-06
BPM.16R7.B2 20695.68472 -0.0085690792164 0.00463198620913 -9.36946429328e-07 0.000108409350163
BPM.17R7.B2 20749.13324 -0.00891491409294 0.00392539445769 0.000108413066526 -2.66256981049e-07
BPM.18R7.B2 20802.58175 -0.00790616392764 0.00569007793188 -3.51129629231e-06 -0.000108356518042
BPM.19R7.B2 20856.03027 -0.00833957429087 0.00503347946093 -0.000108310948372 4.71186101008e-06
BPM.20R7.B2 20909.47879 -0.00711333056013 0.00665469332548 7.95035275575e-06 0.000108121486942
BPM.21R7.B2 20962.9273 -0.00762712697975 0.00605898909961 0.000108026600908 -9.14973362504e-06
BPM.22R7.B2 21016.37582 -0.00620364058194 0.00750994396941 -1.23790112983e-05 -0.000107704335826
BPM.23R7.B2 21069.82433 -0.00678947851296 0.00698479752175 -0.000107560526794 1.35719196227e-05
BPM.24R7.B2 21123.27285 -0.00509532102081 0.00822331296291 1.6687833409e-05 8.66227573167e-06
BPM.25R7.B2 21176.72137 -0.00574231697675 0.00778530462769 8.47664484083e-06 -1.67828841665e-05
BPM.26R7.B2 21230.16988 -0.0040015654881 0.00880753348038 -1.70290492418e-05 -7.97059799573e-06
BPM.27R7.B2 21283.6184 -0.00469925643427 0.00845589506728 -7.78129304651e-06 1.7116379305e-05
BPM.28R7.B2 21337.06691 -0.00274536636976 0.00922856523798 1.72445793017e-05 -9.11770712041e-05
BPM.29R7.B2 21390.51543 -0.0034812133634 0.00897689291007 -9.13626895045e-05 -1.62324377826e-05
BPM.30R7.B2 21443.96394 -0.00154232808409 0.00950392955146 -1.3491142628e-05 9.18075311569e-05
BPM.31R7.B2 21497.41246 -0.00230417030192 0.00934848929429 9.19514964125e-05 1.2472182494e-05
BPM.32R7.B2 21550.86098 -0.000313893988519 0.00962314519297 9.71488366864e-06 -9.22835569818e-05
BPM.33R7.B2 21604.30949 -0.00108951616918 0.00956642082313 -9.23856240675e-05 -8.69081988313e-06
BPM.34R7.B2 21657.75801 0.000919652756945 0.00958424184154 -5.92209172284e-06 9.26043303981e-05
BPM.33L8.B2 21711.20652 0.000143298001505 0.0096271968155 9.26643128014e-05 4.89489912517e-06
BPM.32L8.B2 21764.65504 0.00213812321977 0.00938785822137 2.1198469737e-06 -9.27692866737e-05
BPM.31L8.B2 21818.10356 0.00137349822278 0.0095297930449 -9.27870901749e-05 -1.09071451462e-06
BPM.30L8.B2 21871.55207 0.00332143882957 0.00903722838793 1.68679174857e-06 9.27781676332e-05
BPM.29L8.B2 21925.00059 0.00258138237923 0.00927577047246 9.27537664148e-05 -2.71529333294e-06
BPM.28L8.B2 21978.4491 0.00445019358436 0.00853810458562 -5.48946556635e-06 -9.26309873406e-05
BPM.27L8.B2 22031.89762 0.00374661637576 0.00886940350782 -9.25643840569e-05 6.51675437211e-06
BPM.26L8.B2 22085.34614 0.00560247325173 0.00788028175357 9.18714847151e-06 -6.11456177785e-06
BPM.25L8.B2 22138.79465 0.00494826915546 0.00830669485291 -6.21606996583e-06 -9.11877337301e-06
BPM.24L8.B2 22192.24317 0.00656448757403 0.00709887666495 -8.92866582002e-06 6.48617501194e-06
BPM.23L8.B2 22245.69168 0.00597021996844 0.00760545991607 6.58479595642e-06 8.856185046e-06
BPM.22L8.B2 22299.1402 0.00751532036087 0.00618242700521 8.55904884754e-06 -0.000105290503745
BPM.21L8.B2 22352.58871 0.00699185768616 0.00676877906184 -0.000105378991332 -7.39026829365e-06
BPM.20L8.B2 22406.03723 0.00824443364338 0.00517027638233 -4.23267039944e-06 0.000105552984937
BPM.19L8.B2 22459.48575 0.00780034435375 0.00581868300266 0.00010559341394 3.06256477791e-06
BPM.18L8.B2 22512.93426 0.00883807791768 0.00407318334919 -9.80267049956e-08 -0.000105637771391
BPM.17L8.B2 22566.38278 0.0084805352154 0.00477315057433 -0.000105630181515 1.27033548377e-06
BPM.16L8.B2 22619.83129 0.00928651173887 0.00290914826937 4.43160929016e-06 0.000105544817713
BPM.15L8.B2 22673.27981 0.00902147363616 0.00364903512057 0.000105489230712 -5.60091150648e-06
BPM.14L8.B2 22726.72833 0.00958235385108 0.00169733278947 -8.75450271803e-06 -0.000105274433005
BPM.13L8.B2 22780.17684 0.00941412499417 0.0024650952333 -0.000105170778577 9.92239829198e-06
BPM.12L8.B2 22833.62536 0.00972419605619 -0.000377432097166 7.92990153202e-06 0.00010533975585
BPM.11L8.B2 22887.07387 0.00972628110884 0.000319217367468 0.000105299133808 8.45227869005e-06
BPM.10L8.B2 22938.91258 0.00961585143874 -0.00149594285841 2.92058200279e-05 -0.000101520282097
BPM.9L8.B2 22977.9776 0.00911537837965 -0.00340768556245 -8.76962101592e-05 -5.88958628396e-05
BPM.8L8.B2 23018.44061 0.00207946355407 -0.0095067489311 -3.64487167232e-05 9.9150588779e-05
BPM.7L8.B2 23057.50662 0.00422314230234 -0.00876741199023 5.98240024511e-05 8.70657046135e-05
BPM.6L8.B2 23089.97562 0.0086060559154 -0.00454293357687 0.000105393001914 -7.18774584081e-06
BPMR.5L8.B2 23150.39462 0.00971154520082 0.000623164269428 -5.83533472146e-05 -8.80581336434e-05
BPMYB.4L8.B2 23171.16162 0.00960755871049 -0.00154830861815 -9.95807463841e-05 -3.52565202343e-05
BPMWB.4L8.B2 23195.62912 0.0097277155807 0.000272017460897 -8.76725377835e-05 5.89310977656e-05
BPMSX.4L8.B2 23245.78612 0.00857364954383 -0.00460380032163 8.17504257925e-05 6.69045294981e-05
BPMS.2L8.B2 23283.69762 0.00856789902023 -0.00461449354689 0.000105629481132 -1.32856015909e-06
BPMSW.1L8.B2 23293.63162 0.00873513980902 -0.00428949605647 0.000101703860392 -2.85599775442e-05
BPMSW.1R8.B2 23336.82162 0.00873512863754 -0.00428951880313 1.15854034435e-05 0.000105000601257
BPMS.2R8.B2 23346.75562 0.00856788926991 -0.00461451163467 3.83066819472e-05 9.84476583495e-05
BPMSX.4R8.B2 23384.66712 0.0085736532533 -0.00460379341811 9.26411497357e-05 5.07638218845e-05
BPMWI.4R8.B2 23434.90012 0.00972774255974 0.000271050920294 2.15025466874e-05 -0.000103426247554
BPMYB.4R8.B2 23459.29162 0.00960550552952 -0.0015609956385 -6.99837800815e-05 -7.91303940176e-05
BPMYB.5R8.B2 23479.86862 0.00972856899638 0.00023956050179 -0.000102874363564 -2.40044368694e-05
BPMR.6R8.B2 23563.97662 0.00969825406145 -0.000803935098261 4.33202793272e-06 0.000105548946987
BPM_A.7R8.B2 23586.21662 0.00958574440164 -0.00167807864688 4.01822652563e-05 9.76971484471e-05
BPM.8R8.B2 23627.65561 0.00877235426917 -0.00421286654102 0.000105393235744 -7.18426662265e-06
BPM.9R8.B2 23666.7226 0.00361098609393 -0.0090367706242 -7.13658994446e-05 -7.7886175868e-05
BPM.10R8.B2 23707.18758 0.00487247268971 -0.00842386216894 -9.11492410658e-05 5.33962849606e-05
BPM.11R8.B2 23759.02827 0.0029910823092 -0.00926044656254 3.66881135679e-05 9.90622576942e-05
BPM.12R8.B2 23813.75476 0.00236641106482 -0.00943941431464 9.96114270569e-05 -3.51697596013e-05
BPM.13R8.B2 23867.20624 -0.000455662363499 -0.00972084439335 -4.44420398361e-05 -9.58345097484e-05
BPM.14R8.B2 23920.65773 0.000330252036591 -0.00972591268251 -9.53309150364e-05 4.55122447798e-05
BPM.15R8.B2 23974.10921 -0.00169551925299 -0.00958267490959 4.83556264872e-05 9.39206140298e-05
BPM.16R8.B2 24027.56069 -0.000916526993082 -0.00968826208315 9.33729142097e-05 -4.94049337113e-05
BPM.17R8.B2 24081.01218 -0.00290755128688 -0.00928701186922 -5.21880380699e-05 -9.18463785368e-05
BPM.18R8.B2 24134.46366 -0.00214851738638 -0.0094913811937 -9.12560043343e-05 5.32136160518e-05
BPM.19R8.B2 24187.91515 -0.0040716380826 -0.00883878991913 5.59310527624e-05 8.96162080241e-05
BPM.20R8.B2 24241.36663 -0.0033449446192 -0.00913858793289 8.89837319027e-05 -5.6931920881e-05
BPM.21R8.B2 24294.81811 -0.00516897899094 -0.00824524712025 -5.95797660845e-05 -8.72330180564e-05
BPM.22R8.B2 24348.2696 -0.00448663893367 -0.00863553790993 -8.65603124962e-05 6.05529569375e-05
BPM.23R8.B2 24401.72108 -0.00618122717351 -0.00751630724293 6.31260239314e-05 8.4702139527e-05
BPM.24R8.B2 24455.17257 -0.00553877712049 -0.00798969134508 8.42276427957e-05 -7.97300295937e-05
BPM.25R8.B2 24508.62405 -0.00707655195334 -0.00666600571423 -8.2224596121e-05 -8.17941935769e-05
BPM.26R8.B2 24562.07554 -0.00651543702691 -0.00721542099284 -8.0868503696e-05 8.31351796329e-05
BPM.27R8.B2 24615.52702 -0.00787111256245 -0.00570603249393 8.55271847051e-05 7.83343687585e-05
BPM.28R8.B2 24668.9785 -0.00736926622897 -0.00632170601058 7.76087768027e-05 -0.000102058586743
BPM.29R8.B2 24722.42999 -0.00852094427115 -0.00465441298704 -0.000104344046539 -7.45076892272e-05
BPM.30R8.B2 24775.88147 -0.00811747147141 -0.00532697930396 -7.33351615255e-05 0.000105171437438
BPM.31R8.B2 24829.33296 -0.00904632704688 -0.00352619036588 0.000107327351101 7.01421166842e-05
BPM.32R8.B2 24882.78444 -0.00873221456504 -0.00424481806476 6.89338844038e-05 -0.000108107339444
BPM.33R8.B2 24936.23592 -0.00942310869953 -0.00233988760371 -0.000110129339603 -6.56551940624e-05
BPM.34R8.B2 24989.68741 -0.00920350613569 -0.0030928185198 -6.44186227813e-05 0.000110857193974
BPM.33L1.B2 25043.13889 -0.00964501402931 -0.00111523808212 0.000112742752427 6.10585645737e-05
BPM.32L1.B2 25096.59038 -0.00952353573225 -0.00189005786734 5.9790054951e-05 -0.000113420570014
BPM.31L1.B2 25150.04186 -0.00970843539924 0.000127803257203 -0.000115165384259 -5.63560991659e-05
BPM.30L1.B2 25203.49334 -0.00968707669189 -0.000656198719541 -5.50637917067e-05 0.000115788830438
BPM.29L1.B2 25256.94483 -0.00961231756396 0.00136872300687 0.000117391169422 5.15595751844e-05
BPM.28L1.B2 25310.39631 -0.00969142953466 0.000588425967625 5.02395342218e-05 -0.000117962136058
BPM.27L1.B2 25363.8478 -0.00935824929666 0.00258712615148 -0.000119417954843 -4.6673640955e-05
BPM.26L1.B2 25417.29928 -0.00952089228855 0.00182436279969 -4.5095270357e-05 0.000104274253083
BPM.25L1.B2 25470.75077 -0.00893488048164 0.00376079784162 0.000105582240413 4.19415505515e-05
BPM.24L1.B2 25524.20225 -0.00920927627869 0.00302736189353 4.07547992293e-05 -0.000106045978079
BPM.23L1.B2 25577.65373 -0.00838039256989 0.00487285439818 -0.000107222281519 -3.75510936249e-05
BPM.22L1.B2 25631.10522 -0.00873070463153 0.004181565513 -3.61095860001e-05 9.19773970664e-05
BPM.21L1.B2 25684.5567 -0.00767262699906 0.00590266790445 9.30209113624e-05 3.33294692396e-05
BPM.20L1.B2 25738.00819 -0.00812402453892 0.00526411613394 3.22843749919e-05 -9.33887749533e-05
BPM.19L1.B2 25791.45967 -0.00685453759705 0.00683564245708 -9.43163811497e-05 -2.94646064303e-05
BPM.18L1.B2 25844.91115 -0.00738386696327 0.00626012795979 -2.84067592355e-05 9.46403640136e-05
BPM.17L1.B2 25898.36264 -0.00592367513233 0.0076564199445 9.54512197225e-05 2.55501032586e-05
BPM.16L1.B2 25951.81412 -0.00652234419793 0.00715330130367 2.44784222138e-05 -9.57316606409e-05
BPM.15L1.B2 26005.26561 -0.00489564333243 0.00835124959449 -9.64237468029e-05 -2.1591771405e-05
BPM.14L1.B2 26058.71709 -0.00555367139083 0.00792889825005 -2.05106311058e-05 9.66594884244e-05
BPM.13L1.B2 26112.16857 -0.0037869516155 0.00890896688184 9.72321494941e-05 1.75969293747e-05
BPM.12L1.B2 26165.62006 -0.00552873467716 0.00794630645484 2.37216108944e-05 -9.59219923311e-05
BPM.11L1.B2 26219.07154 -0.00487595722042 0.00836275879256 -9.26859285773e-05 -3.42499854084e-05
BPM.10L1.B2 26271.85423 -0.00389143966455 0.00886382483809 -2.87600928669e-05 9.45335919171e-05
BPM.9L1.B2 26310.92122 -0.00198505994467 0.00947471532387 9.16269023852e-05 3.69899152478e-05
BPM.8L1.B2 26351.38621 -0.00799507160814 0.00545797795609 -1.00911586923e-05 -9.8295029118e-05
BPM.7L1.B2 26390.4542 -0.00332841478097 0.00909023368649 -9.88084806232e-05 7.91738350577e-07
BPMR.6L1.B2 26433.6382 -0.00257837201833 0.00933073904745 -6.07524521454e-05 7.79287015113e-05
BPM.5L1.B2 26465.5382 -0.00261790753758 0.0093197238981 -1.71160053883e-05 9.73179578883e-05
BPMYA.4L1.B2 26486.6562 -0.00254596643129 0.00933963320232 1.36473569937e-05 9.78646649479e-05
BPMWB.4L1.B2 26507.7127 -0.00120046705558 0.00960570519481 4.8410514423e-05 8.6140382338e-05
BPMSY.4L1.B2 26600.5687 -0.000405501753009 0.00967193164429 8.20163552898e-05 -5.51095349542e-05
BPMS.2L1.B2 26627.3542 0.00055075588828 0.00966474838738 4.99272884681e-05 -8.52702168964e-05
BPMSW.1L1.B2 26637.4082 0.000900546293696 0.00963844955312 2.41796231204e-05 -9.58075608256e-05
