BPMSW.1R1.B1 21.475 0.00769140043754 -0.00571744234178 -2.10187310186e-05 0.000127404795239
BPMS.2R1.B1 31.529 0.00747920772224 -0.00599234840121 1.53280301614e-05 0.000128213953384
BPMSY.4R1.B1 58.3145 0.00685148344488 -0.00670104186821 6.95111460005e-05 0.000108820812878
BPMWB.4R1.B1 151.0945 0.00628012394946 -0.0072392562242 0.000103057613919 -7.78003655092e-05
BPMYA.4R1.B1 172.227 0.00519008364941 -0.00805666303101 6.74153434791e-05 -0.000110131470371
BPM.5R1.B1 199.635 0.00538667242938 -0.00792657225145 1.8143209052e-05 -0.000127845973212
BPMR.6R1.B1 231.535 0.00487421261694 -0.00825159614017 -4.6046946942e-05 -0.000120637672568
BPM_A.7R1.B1 259.259 0.00450490770948 -0.00845887664135 -0.000101895794966 -7.93159280674e-05
BPM.8R1.B1 300.6979894 0.00198721569504 -0.00937538059167 -0.000100859502698 8.0629588309e-05
BPM.9R1.B1 339.7649788 0.00220834465349 -0.00932577081873 0.000108226991019 7.04321339896e-05
BPM.10R1.B1 380.2299682 0.00571377048651 -0.00769412856557 5.04569667557e-05 -0.000118860688164
BPM.11R1.B1 433.0126576 0.00264070351559 -0.00921267998128 -0.000125049843857 -3.21916769675e-05
BPM.12R1.B1 487.7391417 0.0046440039595 -0.00838331764593 -3.08908569736e-05 0.000125377523376
BPM.13R1.B1 541.1906258 0.00387936893215 -0.00876340596981 0.000123347105824 3.82002671558e-05
BPM.14R1.B1 594.6421099 0.00457413489953 -0.00842164339297 3.68149638337e-05 -0.000123767633498
BPM.15R1.B1 648.093594 0.0027264356233 -0.0091876730619 -0.000124817879138 -3.30796899398e-05
BPM.16R1.B1 701.5450781 0.00345916516918 -0.0089376151099 -3.16785266168e-05 0.000125180829472
BPM.17R1.B1 754.9965622 0.00152887460057 -0.00946093705517 0.000126076012506 2.79035336728e-05
BPM.18R1.B1 808.4480463 0.00228741497531 -0.00930669222657 2.64896666638e-05 -0.000126380639241
BPM.19R1.B1 861.8995304 0.000305809286546 -0.00957879262649 -0.000127119439365 -2.26807681779e-05
BPM.20R1.B1 915.3510145 0.00107801592151 -0.00952284984629 -2.12548430483e-05 0.000127365616744
BPM.21R1.B1 968.8024986 -0.000921891752681 -0.00953922968811 0.000127946705186 1.74186569213e-05
BPM.22R1.B1 1022.253983 -0.000149043686239 -0.00958251394361 1.59841234606e-05 -0.000128133821511
BPM.23R1.B1 1075.705467 -0.00213482935154 -0.00934287381828 -0.00012855617658 -1.21275844283e-05
BPM.24R1.B1 1129.156951 -0.00149346530678 -0.00949230312655 -1.25171752887e-05 0.000248756922895
BPM.25R1.B1 1182.608435 -0.00343097059477 -0.00897567256735 0.000249020717384 5.03691481649e-06
BPM.26R1.B1 1236.059919 -0.00269549969213 -0.00922326074054 2.24549979243e-06 -0.000249061527951
BPM.27R1.B1 1289.511403 -0.0045513097528 -0.00846285039325 -0.000249016598057 5.23638396283e-06
BPM.28R1.B1 1342.962887 -0.00397304448133 -0.00881027221129 6.19223300304e-06 0.000369017189467
BPM.29R1.B1 1396.414371 -0.00571498112557 -0.00779390592513 0.000368664346495 -1.72809059892e-05
BPM.30R1.B1 1449.865855 -0.00506747612043 -0.00822962117384 -2.14149385016e-05 -0.000368447321965
BPM.31R1.B1 1503.31734 -0.00666538572255 -0.00699847212923 -0.000367638193895 3.24682731206e-05
BPM.32R1.B1 1556.768824 -0.00607861253825 -0.00751375062871 3.65798823072e-05 0.000367251877593
BPM.33R1.B1 1610.220308 -0.00750567175276 -0.00608858526138 0.00036598609686 -4.76046661272e-05
BPM.34R1.B1 1663.671792 -0.00698990006261 -0.00667437457504 -5.17081102764e-05 -0.000365428925032
BPM.33L2.B1 1717.123276 -0.00822306752426 -0.00507810390522 -0.0003637120502 6.26543689922e-05
BPM.32L2.B1 1770.57476 -0.00778627744869 -0.00572537006928 6.67191963306e-05 0.000362988393934
BPM.31L2.B1 1824.026244 -0.0088050187402 -0.00398467362183 0.000360817867956 -7.76047334827e-05
BPM.30L2.B1 1877.477728 -0.00845474933874 -0.00468222089226 -8.1648913039e-05 -0.000359924275304
BPM.29L2.B1 1930.929212 -0.00924247962477 -0.00282534056138 -0.000357311703009 9.24141574675e-05
BPM.28L2.B1 1984.380696 -0.00898425072139 -0.00356219284727 9.64052596757e-05 0.00035625559769
BPM.27L2.B1 2037.83218 -0.00952795331951 -0.00161990259628 0.000353194814869 -0.000107076842986
BPM.26L2.B1 2091.283665 -0.0094860260744 -0.00239117073172 -0.000112860093429 -0.000231901896943
BPM.25L2.B1 2144.735149 -0.00977575302299 -0.000370190493367 -0.000228409666559 0.000119770258601
BPM.24L2.B1 2198.186633 -0.00971397898578 -0.00115801570786 0.000122320087922 0.000227054365741
BPM.23L2.B1 2251.638117 -0.0097427900257 0.000883419851862 0.000223273483547 -0.000129092366808
BPM.22L2.B1 2305.089601 -0.00990220344712 8.66014854495e-05 -0.00013341650224 -0.000101739846005
BPM.21L2.B1 2358.541085 -0.00966858391523 0.00214000420994 -9.76879969026e-05 0.000136411193015
BPM.20L2.B1 2411.992569 -0.00980975931178 0.00135268443067 0.000137497414812 9.61531071757e-05
BPM.19L2.B1 2465.444053 -0.00931537389981 0.00335930677161 9.19764647383e-05 -0.000140325645134
BPM.18L2.B1 2518.895537 -0.00955613061903 0.00259643996888 -0.000141347059302 -9.03989344807e-05
BPM.17L2.B1 2572.347021 -0.00880910286908 0.00452336595768 -8.61138734979e-05 0.000143997778392
BPM.16L2.B1 2625.798506 -0.00914542509714 0.00379767464976 0.000144953837197 8.44946414897e-05
BPM.15L2.B1 2679.24999 -0.00815804209403 0.00561315259931 8.0099427318e-05 -0.000147428088583
BPM.14L2.B1 2732.701474 -0.00858451600738 0.00493631622407 -0.000148316011879 -7.84430947684e-05
BPM.13L2.B1 2786.152958 -0.00737297103132 0.00661063016062 -7.39537880365e-05 0.000150604767889
BPM.12L2.B1 2839.604442 -0.00858187820631 0.00494090066855 0.000145497303782 8.35553319028e-05
BPM.11L2.B1 2893.055926 -0.00851927472594 0.00504807795811 9.43347515238e-05 -0.000138751266521
BPM.10L2.B1 2944.896615 -0.00862222890568 0.00487014390796 -0.000143644373137 -8.67020944584e-05
BPM.9L2.B1 2983.963605 -0.00454221333655 0.00879939946372 -0.000123020799235 0.000114091369276
BPM.8L2.B1 3024.428594 -0.00333949412217 0.00932249494074 4.11534072785e-05 0.000162657168073
BPM.7L2.B1 3063.496584 0.00176876561206 0.00974333624051 0.000162073579183 4.33948517909e-05
BPMR.6L2.B1 3095.602584 0.00610406647822 0.007797532001 0.000143852282444 -8.63566899425e-05
BPMYB.5L2.B1 3167.801584 0.00409199871688 0.00901757613483 -0.000146206444328 -8.23081846601e-05
BPMYB.4L2.B1 3188.371584 0.000828096255148 0.00986789691337 -0.000163971931384 3.55551256617e-05
BPMWI.4L2.B1 3212.839084 0.00261490617567 0.00955109410616 -6.9306319566e-05 0.000152799193881
BPMSX.4L2.B1 3262.996084 -0.00248375654466 0.00958603600782 0.000166307362444 2.21995165722e-05
BPMS.2L2.B1 3300.907584 -0.00249574832661 0.00958292091459 0.000141640292101 -8.9938792903e-05
BPMSW.1L2.B1 3310.841584 -0.00213414539119 0.00966987881933 0.000113611420222 -0.000123464183641
BPMSW.1R2.B1 3354.031584 -0.00213414234039 0.00966987949139 0.000103273723692 0.00013223273463
BPMS.2R2.B1 3363.965584 -0.00249574543879 0.00958292166303 0.000133917466484 0.000101079525071
BPMSX.4R2.B1 3401.877084 -0.00248376146428 0.00958603473265 0.000167556690442 -8.70135933853e-06
BPMWB.4R2.B1 3452.110084 0.00261332998412 0.00955152549785 -5.72469752251e-05 -0.000157714117275
BPMYB.4R2.B1 3476.501584 0.000796729841724 0.00987047893882 -0.000160589342372 -4.86006353207e-05
BPMR.5R2.B1 3506.035584 0.00543972174796 0.00827469396832 -0.000127335666359 0.000109254688624
BPM.6R2.B1 3579.331584 0.000242521744024 0.00989961191762 0.000147408224733 8.01359727022e-05
BPM_A.7R2.B1 3592.206584 -0.00119731062267 0.00982993286786 0.000163656143178 3.698143733e-05
BPM.8R2.B1 3633.643594 -0.00425686013465 0.00894093254114 0.000111324179071 -0.000125530419253
BPM.9R2.B1 3672.708605 -0.00163716026204 0.00976631144293 -0.000134275680922 -0.000100603184713
BPM.10R2.B1 3713.171615 0.00400441912257 0.00905680740337 -7.89813883681e-05 0.000148030065045
BPM.11R2.B1 3765.010326 0.00252578442341 0.0095750480919 0.000141119906027 9.07531379321e-05
BPM.12R2.B1 3819.733842 0.0030421243141 0.00942372604641 8.39062016461e-05 -0.000145295247795
BPM.13R2.B1 3873.182358 0.00116805902249 0.00983345163445 -0.000152741261018 -6.94338973424e-05
BPM.14R2.B1 3926.630874 0.00318330647007 0.00937697674585 -6.48334983542e-05 0.000154750042999
BPM.15R2.B1 3980.07939 0.00241637363805 0.00960324275295 0.000155459208698 6.3114119036e-05
BPM.16R2.B1 4033.527906 0.00435673174498 0.00889269483705 5.84344983144e-05 -0.0001572779987
BPM.17R2.B1 4086.976421 0.00362476045221 0.00921532661246 -0.000157916684752 -5.66858035172e-05
BPM.18R2.B1 4140.424937 0.00545842272825 0.00826236976799 -5.19334362218e-05 0.000159542715163
BPM.19R2.B1 4193.873453 0.00477398471265 0.00867584018228 0.000160108484102 5.01620440807e-05
BPM.20R2.B1 4247.321969 0.0064705497317 0.00749620698062 4.5349630761e-05 -0.000161537517879
BPM.21R2.B1 4300.770485 0.0058444154567 0.00799399405196 -0.000162030852482 -4.35541298746e-05
BPM.22R2.B1 4354.219001 0.00737626263968 0.00660695711324 -3.86840557788e-05 0.000163262069084
BPM.23R2.B1 4407.667517 0.00681911824542 0.00718058209696 0.000163680694519 3.68726017071e-05
BPM.24R2.B1 4461.116033 0.00813063391275 0.00561481930018 3.19892553263e-05 -0.000133944755371
BPM.25R2.B1 4514.564549 0.0076509599147 0.00625269670243 -0.000134291523713 -3.05007885998e-05
BPM.26R2.B1 4568.013065 0.00878206190731 0.00452866341943 -2.64670114281e-05 0.000135144396462
BPM.27R2.B1 4621.46158 0.00838800197947 0.00522253065645 0.000135429380978 2.49678477142e-05
BPM.28R2.B1 4674.910096 0.00925900579534 0.00337378009494 2.09348920813e-05 -0.000105350065206
BPM.29R2.B1 4728.358612 0.00895653191073 0.00411000201377 -0.000105575887186 -1.97645468894e-05
BPM.30R2.B1 4781.807128 0.00961450356808 0.00216168950436 -1.65953871757e-05 0.000106120216345
BPM.31R2.B1 4835.255644 0.00940871310145 0.00293047747247 0.000106297609454 1.54182959089e-05
BPM.32R2.B1 4888.70416 0.00981204138865 0.000914015466834 1.22312114904e-05 -0.000106711310945
BPM.33R2.B1 4942.152676 0.00970627666135 0.00170287223344 -0.000106840465804 -1.1046240397e-05
BPM.34R2.B1 4995.601192 0.0098483525899 -0.000348613981903 -7.84312781568e-06 0.000107123250418
BPM.33L3.B1 5049.049708 0.00984436628705 0.000447250333703 0.000107203591078 6.65550509782e-06
BPM.32L3.B1 5102.498224 0.00972284443488 -0.00160557670246 3.44519491587e-06 -0.000107354721244
BPM.31L3.B1 5155.94674 0.00982070175656 -0.000815718980597 -0.000107386343661 -2.25360931676e-06
BPM.30L3.B1 5209.395255 0.00943759142914 -0.00283609740393 9.6182725793e-07 0.000107405682799
BPM.29L3.B1 5262.843771 0.00963567958221 -0.00206525046855 0.000107388431592 -2.15206432315e-06
BPM.28L3.B1 5316.292287 0.00899725165225 -0.00402007999474 -5.3640528912e-06 -0.00010727595947
BPM.27L3.B1 5369.740803 0.00929231745206 -0.00328091707055 -0.000107209831778 6.55417199751e-06
BPM.26L3.B1 5423.189319 0.00837888289783 -0.00513216367921 9.79098428753e-06 0.000137730403433
BPM.25L3.B1 5476.637835 0.00876572382979 -0.00443924186759 0.000137613460127 -1.13165410729e-05
BPM.24L3.B1 5530.086351 0.00765351779463 -0.00616185426285 -1.54286300354e-05 -0.000137213286629
BPM.23L3.B1 5583.534867 0.00812578676756 -0.00552416257251 -0.00013703360357 1.69504833749e-05
BPM.22L3.B1 5636.983383 0.0067722361389 -0.00708444844986 2.10753760686e-05 0.000167229469146
BPM.21L3.B1 5690.431899 0.00732188801881 -0.00651479455444 0.000166985680734 -2.29270810903e-05
BPM.20L3.B1 5743.880414 0.00581031806907 -0.00789257854672 -2.79128249919e-05 -0.000166224973611
BPM.19L3.B1 5797.32893 0.00642823680042 -0.00739799728498 -0.000165904966187 2.97558370248e-05
BPM.18L3.B1 5850.777446 0.0047530218272 -0.00857096118921 3.47083111101e-05 0.000164939992699
BPM.17L3.B1 5904.225962 0.00542923587378 -0.00815941113112 0.000164545177787 -3.65342481897e-05
BPM.16L3.B1 5957.674478 0.00361751639439 -0.00910857658091 -4.14413232217e-05 -0.000163378347159
BPM.15L3.B1 6011.122994 0.00434070086517 -0.00878697377879 -0.000162908510056 4.32514140798e-05
BPM.14L3.B1 6064.57151 0.00242270737631 -0.00949647730277 4.81077383173e-05 0.000161541054965
BPM.13L3.B1 6118.020026 0.00318121902476 -0.00926997506681 0.000160997781306 -4.989572474e-05
BPM.12L3.B1 6171.468542 0.000714444575672 -0.0097745670561 -5.01467575435e-05 -0.000160919761691
BPM.11L3.B1 6224.917058 0.000254033368425 -0.00979734960301 -0.000160984058922 4.99399624053e-05
BPM.10L3.B1 6277.697768 -0.00418973145528 -0.00885995161161 3.80753647124e-05 0.000164195418444
BPM.9L3.B1 6316.762779 -0.00383129484243 -0.0090207412125 0.000148436407299 7.98530025019e-05
BPM.8L3.B1 6357.225789 0.000641424969025 -0.00977963016742 0.000101322423592 -0.000134698308127
BPM.7L3.B1 6396.2898 0.00869985545642 -0.00451277157391 -0.000153772731317 -6.90203879672e-05
BPM.6L3.B1 6468.9288 0.00865729683884 -0.00459388764115 -8.2181576957e-05 0.000147159967726
BPMWE.5L3.B1 6512.0583 0.00825894394974 -0.00527659330694 2.85193433446e-05 0.000166121990339
BPMW.5L3.B1 6539.6033 0.00547254772535 -0.00813042518009 0.00011673194296 0.000121587501347
BPMWE.4L3.B1 6614.7313 0.00385516705336 -0.00901056486596 0.000160768912298 -5.06283007914e-05
BPMW.4L3.B1 6642.2763 0.00549686580606 -0.00811400384786 0.000130286300353 -0.000106936175961
BPMW.4R3.B1 6687.2413 0.00359391426496 -0.00911791491515 3.71019242284e-05 -0.000164418108851
BPMWE.4R3.B1 6714.7863 -0.00453692575441 -0.00868728363185 -0.000118139021085 -0.000120220794153
BPMW.5R3.B1 6789.9143 -0.00725899742088 -0.00658479678531 -0.000149443515085 7.79519378491e-05
BPMWE.5R3.B1 6817.4593 -0.00491316037339 -0.00848017967344 -9.93036756445e-05 0.000136193417491
BPMWC.6R3.B1 6858.4503 -0.00487965199426 -0.00849950519771 -7.03174579556e-06 0.000168405527695
BPMR.6R3.B1 6870.5288 -0.00649857026992 -0.00733629175099 4.30846883088e-05 0.000162952682991
BPM_A.7R3.B1 6926.3528 -0.00973719935609 -0.00111334671878 0.000159827488283 -5.35260730261e-05
BPM.8R3.B1 6965.416811 -0.00961204474996 0.00191342309795 2.56278726427e-05 -0.000166592554409
BPM.9R3.B1 7004.481821 -0.00849535609554 0.00488687190255 -0.00012585305292 -0.000112119919714
BPM.10R3.B1 7044.944832 -0.00812034608745 0.00548749228545 -0.000166706431348 2.487636099e-05
BPM.11R3.B1 7097.725542 -0.00837235787679 0.00509472430733 -3.16351973059e-05 0.000165556880512
BPM.12R3.B1 7152.449058 -0.00886649502158 0.00417586617095 0.000158099886827 5.843195141e-05
BPM.13R3.B1 7205.897574 -0.00875629348153 0.00440226267147 7.44000223584e-05 -0.000151243190878
BPM.14R3.B1 7259.34609 -0.00908313624576 0.00368092761784 -0.000152060264087 -7.27155031044e-05
BPM.15R3.B1 7312.794606 -0.0081214191137 0.00548590410128 -6.81346952055e-05 0.00015416721381
BPM.16R3.B1 7366.243122 -0.00853759567428 0.00481269699074 0.00015491363716 6.64201215559e-05
BPM.17R3.B1 7419.691638 -0.0073529240686 0.00647974535035 6.17523104406e-05 -0.000156832772549
BPM.18R3.B1 7473.140154 -0.00785190166417 0.00586517113569 -0.00015750769629 -6.00099390322e-05
BPM.19R3.B1 7526.58867 -0.00646365639899 0.00736707120431 -5.52714249449e-05 0.000159232338676
BPM.20R3.B1 7580.037186 -0.0070370103655 0.00682151576391 0.000159835698834 5.35015672204e-05
BPM.21R3.B1 7633.485701 -0.0054681325683 0.00813339525721 4.86927044867e-05 -0.000161365696703
BPM.22R3.B1 7686.934217 -0.00610673953981 0.00766552831262 -0.000161895613491 -4.69007074263e-05
BPM.23R3.B1 7740.382733 -0.00438282157933 0.00876604056538 -4.20362256933e-05 0.000163226293272
BPM.24R3.B1 7793.831249 -0.00484662102266 0.00839819796192 0.000167207194289 -0.000189520302604
BPM.25R3.B1 7847.279765 -0.00299840072023 0.00922112018187 -0.000194438865511 -0.000161461205381
BPM.26R3.B1 7900.728281 -0.00373271269726 0.00894909605356 -0.000159296703454 0.000196216082349
BPM.27R3.B1 7954.176797 -0.0017939063474 0.00952897498752 0.000200895655883 0.000153352949504
BPM.28R3.B1 8007.625313 -0.00232791727422 0.00936754324665 0.00015463841104 -0.000432324419269
BPM.29R3.B1 8061.073829 -0.000333560041324 0.00964669907541 -0.000436757511628 -0.000141634435527
BPM.30R3.B1 8114.522345 -0.00111071142861 0.00958834633492 -0.000136784308077 0.000438300684008
BPM.31R3.B1 8167.97086 0.000903847273929 0.00961005335432 0.000442198247081 0.000123604815637
BPM.32R3.B1 8221.419376 0.000125139833724 0.00965165298694 0.000118693673109 -0.000443541712012
BPM.33R3.B1 8274.867892 0.00212508354449 0.00941562983772 -0.000446895039553 -0.000105367286376
BPM.34R3.B1 8328.316408 0.00135858412097 0.00955637559599 -0.000100402053824 0.00044803667862
BPM.33L4.B1 8381.764924 0.00331268253593 0.00906621198897 0.000450840320305 8.69508323395e-05
BPM.32L4.B1 8435.21344 0.00257000034034 0.00930404017614 8.19508157938e-05 -0.000451775941752
BPM.31L4.B1 8488.661956 0.00444465423074 0.00856826202243 -0.000454026599437 -6.83906950627e-05
BPM.30L4.B1 8542.110472 0.00373895667416 0.00889889141122 -6.33442788245e-05 0.000454758112053
BPM.29L4.B1 8595.558988 0.00550467355575 0.0079289743579 0.000456449444827 4.97126062421e-05
BPM.28L4.B1 8649.007504 0.00484664847613 0.00834745852965 4.4656599549e-05 -0.000456971801496
BPM.27L4.B1 8702.45602 0.00647331724858 0.00716004393418 -0.000458104053539 -3.09533886611e-05
BPM.26L4.B1 8755.904535 0.00610383916906 0.00767353365219 -2.23409129981e-05 0.000228683788342
BPM.25L4.B1 8809.353051 0.00756357261871 0.00623957856265 0.000229249785653 1.54896849053e-05
BPM.24L4.B1 8862.801567 0.00703530794369 0.00682967154981 1.29492569318e-05 -0.000229407296941
BPM.23L4.B1 8916.250083 0.00829948082665 0.00522097589337 -0.000229692148029 -6.07538098621e-06
BPM.22L4.B1 8969.698599 0.00808046789603 0.00588822703319 1.1981736318e-10 1.20628787262e-09
BPM.21L4.B1 9023.147115 0.00912656581661 0.00408301057944 1.20247912984e-09 -1.54045083792e-10
BPM.20L4.B1 9076.595631 0.00876730751655 0.00480619370901 -1.71755958947e-10 -1.19754963317e-09
BPM.19L4.B1 9130.044147 0.00957387792561 0.00288202021267 -1.19326996333e-09 2.03853231295e-10
BPM.18L4.B1 9183.492663 0.00931008188575 0.00364520977281 2.1506272755e-10 1.19832693093e-09
BPM.17L4.B1 9236.941179 0.00986389450407 0.0016336352657 1.18317347732e-09 -2.51609768784e-10
BPM.16L4.B1 9290.389694 0.0096998916939 0.0024243102421 -2.61952075073e-10 -1.18677664479e-09
BPM.15L4.B1 9343.83821 0.0099918311388 0.000358454295419 -1.17936712942e-09 3.10126866434e-10
BPM.14L4.B1 9397.286726 0.00993031795172 0.00116359976337 3.1828992478e-10 1.16841361463e-09
BPM.13L4.B1 9450.735242 0.00995559465655 -0.000922666826825 1.16038817519e-09 -3.4609687796e-10
BPM.12L4.B1 9504.183758 0.00999349452559 0.000308619900888 -3.27150575333e-10 -1.16989171729e-09
BPM.11L4.B1 9557.632274 0.00993220065643 -0.0011474184731 -1.16696224138e-09 3.33869074078e-10
BPMC.10L4.B1 9609.470985 0.00996754316625 -0.000783110601158 3.63168131559e-10 1.15922551158e-09
BPMC.9L4.B1 9648.535995 0.00949893133811 -0.00312017346738 1.20804904132e-09 -1.35382844227e-10
BPMC.8L4.B1 9688.999006 0.00997133877681 0.000733199837122 -5.6354568366e-10 -1.0747514172e-09
BPMC.7L4.B1 9728.063016 0.00856729873668 -0.00515427699875 -1.02716744061e-09 6.46272717092e-10
BPMYB.6L4.B1 9824.667016 0.00736191599569 -0.00676515867534 6.14121210148e-10 1.04216339798e-09
BPMYA.5L4.B1 9861.667016 0.00698655128395 -0.00715215214577 8.90042268456e-10 8.32268413371e-10
BPMWA.B5L4.B1 9964.133516 0.00985159618594 -0.00170623316423 1.08892958123e-09 -5.35633176515e-10
BPMWA.A5L4.B1 9973.018516 0.00993078160017 -0.00115963608643 1.01463478684e-09 -6.63641772615e-10
BPMWA.A5R4.B1 10021.06752 0.00997944484617 0.000613073885667 4.36383990396e-10 -1.13011275771e-09
BPMWA.B5R4.B1 10029.95252 0.00997349308156 0.000703288542225 3.19213101464e-10 -1.17145678619e-09
BPMYB.5R4.B1 10132.34302 0.00988571291189 -0.00149594751565 -8.04590918652e-10 -9.1870730126e-10
BPMYA.6R4.B1 10163.90702 0.00991581360619 -0.00128133509912 -9.74277398217e-10 -7.02960255138e-10
BPMCA.7R4.B1 10260.42302 0.00980134799081 0.00197452692361 -9.32787160712e-10 7.73758430251e-10
BPMC.8R4.B1 10298.21203 0.00962532549237 0.00270523349077 7.45316553613e-11 1.21069890744e-09
BPMC.9R4.B1 10337.27704 0.00990498034637 -0.0013625503171 1.2109411725e-09 -7.13628836605e-11
BPMC.10R4.B1 10377.74005 0.0077048970594 -0.00637179255451 -1.20393397491e-10 -1.20379062166e-09
BPM.11R4.B1 10429.57876 0.00836620923611 -0.00547464355612 -1.21156601975e-09 -5.53377658561e-11
BPM.12R4.B1 10484.30227 0.00778629354193 -0.00627206600273 -7.17501222979e-11 1.21082810966e-09
BPM.13R4.B1 10537.75079 0.00832448577495 -0.00553788005298 1.2048690418e-09 5.38548773241e-11
BPM.14R4.B1 10591.19931 0.00699393612933 -0.00714493082202 1.57623734161e-11 -1.21300259044e-09
BPM.15R4.B1 10644.64782 0.00754772078312 -0.00655721664006 -1.21085631539e-09 -4.69351512468e-12
BPM.16R4.B1 10698.09634 0.00602251445633 -0.00798088332489 3.41319351469e-11 1.21277013699e-09
BPM.17R4.B1 10751.54485 0.00664690111555 -0.00746886099705 1.21266418762e-09 -4.64523725972e-11
BPM.18R4.B1 10804.99337 0.00495211436361 -0.00868572060105 -8.45413258424e-11 -1.20977432333e-09
BPM.19R4.B1 10858.44189 0.00563689770042 -0.00825775776938 -1.20881961629e-09 9.56874279716e-11
BPM.20R4.B1 10911.8904 0.00380036791456 -0.00924783124528 1.34160843079e-10 1.20561599211e-09
BPM.21R4.B1 10965.33892 0.00453424284381 -0.0089109943834 1.20499231106e-09 -1.5063368075e-10
BPM.22R4.B1 11018.78743 0.00258615957211 -0.00965799967408 -1.78175373025e-10 -1.19983351636e-09
BPM.23R4.B1 11072.23595 0.00335711825111 -0.00941779889619 -1.19424705508e-09 1.99165571683e-10
BPM.24R4.B1 11125.68447 0.00118035524904 -0.00988094818938 1.50117940198e-07 0.000151925836303
BPM.25R4.B1 11179.13298 0.00197398524769 -0.00975344851001 0.0001519148298 -1.83459851403e-06
BPM.26R4.B1 11232.5815 -9.3317558428e-05 -0.00995076215478 -6.37967308964e-06 -0.000151791906658
BPM.27R4.B1 11286.03001 0.000709886334374 -0.00992584691664 -0.000151711812609 8.06273929753e-06
BPM.28R4.B1 11339.47853 -0.00151454016639 -0.00982860043891 1.27482637932e-05 0.000303326844162
BPM.29R4.B1 11392.92705 -0.000716226570307 -0.00991878208085 0.000303166778121 -1.6111996993e-05
BPM.30R4.B1 11446.37556 -0.00275939628302 -0.00955410648302 -2.51785183778e-05 -0.000302548729531
BPM.31R4.B1 11499.82408 -0.00197960933194 -0.00974558183842 -0.000302251060574 2.85305137098e-05
BPM.32R4.B1 11553.27259 -0.00395884055536 -0.00912265311765 3.75608817934e-05 0.000301262130586
BPM.33R4.B1 11606.72111 -0.00320955873268 -0.00941243598765 0.000300826706634 -4.09021898901e-05
BPM.34R4.B1 11660.16962 -0.00509333416786 -0.00854126252622 -4.98890002552e-05 -0.000299467492512
BPM.33L5.B1 11713.61814 -0.00438762436454 -0.00892434708628 -0.000298896480783 5.32032777968e-05
BPM.32L5.B1 11767.06666 -0.00614402782302 -0.00781959976755 6.21210627008e-05 0.000297171109176
BPM.31L5.B1 11820.51517 -0.00549282548684 -0.0082899991945 0.000296462895847 -6.54174827238e-05
BPM.30L5.B1 11873.96369 -0.00709388670673 -0.00696936079432 -7.42635865315e-05 -0.00029437155986
BPM.29L5.B1 11927.4122 -0.00650844621189 -0.00751899902846 -0.000293531368785 7.75179432949e-05
BPM.28L5.B1 11980.86072 -0.00792707471006 -0.00600472356249 8.62637143432e-05 0.000291081199414
BPM.27L5.B1 12034.30924 -0.00741656908768 -0.00662493180321 0.000290104661033 -8.94928804912e-05
BPM.26L5.B1 12087.75775 -0.00877934268199 -0.00491289066347 -9.79859381753e-05 -0.00013537330303
BPM.25L5.B1 12141.20627 -0.00835426894182 -0.00560531382269 -0.000134279723862 9.94793023782e-05
BPM.24L5.B1 12194.65478 -0.00933564363467 -0.00374954805612 0.000103452957568 0.000131242759792
BPM.23L5.B1 12248.1033 -0.0090026010284 -0.00449071568801 0.000130085801671 -0.000104904053671
BPM.22L5.B1 12301.55182 -0.00988787641139 -0.00249604610081 -0.000108601549635 2.50381535873e-05
BPM.21L5.B1 12355.00033 -0.00965419778353 -0.0032858501518 2.62405284835e-05 0.000108317315908
BPM.20L5.B1 12408.44885 -0.0101259310302 -0.00121072986051 0.000107483198936 -2.94714939376e-05
BPM.19L5.B1 12461.89736 -0.00999520252575 -0.00202392503615 -3.06621134757e-05 -0.00010714961811
BPM.18L5.B1 12515.34588 -0.0101976177389 9.45437261383e-05 -0.000106184432045 3.38536927785e-05
BPM.17L5.B1 12568.79439 -0.0101719897119 -0.000728677807914 3.50287178273e-05 0.000105802615173
BPM.16L5.B1 12622.24291 -0.010101746266 0.00139823761601 0.000104706526265 -3.81804848358e-05
BPM.15L5.B1 12675.69143 -0.0101816370844 0.000578456832288 -3.93397553839e-05 -0.000104276513695
BPM.14L5.B1 12729.13994 -0.00983989796067 0.00267894646515 -0.000103053016953 4.24415221511e-05
BPM.13L5.B1 12782.58846 -0.0100239838606 0.00187619126266 4.35813147772e-05 0.000102576192508
BPM.12L5.B1 12836.03697 -0.00988971685725 0.00248874397386 9.6298571906e-05 -5.6105176193e-05
BPM.11L5.B1 12889.48549 -0.010198010173 -3.05710170817e-05 -6.73303588355e-05 -8.88134470348e-05
BPM.10L5.B1 12942.2662 -0.0101211628828 0.00124996318895 -8.53245220057e-05 7.17002871823e-05
BPM.9L5.B1 12981.33121 -0.0101911783188 -0.000374473642943 5.97921079255e-05 9.40537640069e-05
BPM.8L5.B1 13021.79422 -0.00840302094405 0.0057783721835 5.43502923209e-05 -9.72997982471e-05
BPMR.7L5.B1 13060.86023 -0.0101973572119 0.000119381511604 -9.23579426612e-05 -6.23796185188e-05
BPM.6L5.B1 13097.75423 -0.0101906188391 0.000389401761446 -0.000109710868139 1.96145636487e-05
BPMR.5L5.B1 13129.65423 -0.0101948334891 -0.00025635174637 -8.64845965995e-05 7.02966627553e-05
BPMYA.4L5.B1 13157.06023 -0.0101980545475 -5.43153334323e-06 -5.14652372226e-05 9.88561324495e-05
BPMWB.4L5.B1 13178.19473 -0.0100942087041 -0.00145165309634 -1.16923710001e-05 0.000110835438362
BPMSY.4L5.B1 13270.97473 -0.00994152678849 -0.0022729696765 0.000111410212718 2.99506875325e-06
BPMS.2L5.B1 13297.76023 -0.00966874353232 -0.00324279890325 0.00010164655714 -4.57075701923e-05
BPMSW.1L5.B1 13307.81423 -0.00954490120308 -0.00359098968631 8.48768201472e-05 -7.22297251141e-05
BPMSW.1R5.B1 13350.76423 -0.0095449173316 -0.0035909468718 4.15812660099e-05 0.000103403106798
BPMS.2R5.B1 13360.81823 -0.00966875452543 -0.00324276608999 6.87566076925e-05 8.77139425684e-05
BPMSY.4R5.B1 13387.60373 -0.00994152941809 -0.0022729581833 0.000100037551809 4.91293660872e-05
BPMWT.A4R5.B1 13478.00823 -0.0100705887657 -0.001607354345 4.57235860273e-05 -0.000101639362239
BPMWT.B4R5.B1 13479.99023 -0.010090412216 -0.00147781167775 4.1920935493e-05 -0.000103265875471
BPMWB.4R5.B1 13480.38373 -0.0100941903845 -0.0014517804809 4.11615845864e-05 -0.000103570895861
BPMYA.4R5.B1 13501.51623 -0.0101980543982 -5.70339954271e-06 3.81645066597e-07 -0.00011144980976
BPM.5R5.B1 13522.63423 -0.0101978556091 6.39290790649e-05 -3.39434677513e-05 -0.000106155772484
BPMWT.A6R5.B1 13543.69223 -0.0101853863092 -0.00050818485378 -6.50610446995e-05 -9.04890471017e-05
BPMWT.B6R5.B1 13549.51423 -0.0101918578891 -0.000355498008999 -7.29275950806e-05 -8.42779479287e-05
BPMR.6R5.B1 13554.53423 -0.0101976515928 -9.08188541433e-05 -7.96892353151e-05 -7.7915539209e-05
BPM_A.7R5.B1 13588.54823 -0.0101634912316 0.000838923133743 -0.000110706993018 -1.2851740622e-05
BPM.8R5.B1 13629.98722 -0.00953405625835 0.00361968470403 -3.82743493615e-05 0.000104672251139
BPM.9R5.B1 13669.05421 -0.00961691700002 0.00339341325137 0.000111396677513 3.46212705576e-06
BPM.10R5.B1 13709.5192 -0.0101751527212 -0.000683090886576 -1.60397597418e-05 -0.000110290222847
BPM.11R5.B1 13762.30189 -0.00976472871511 0.00294115949654 -0.000106671720855 3.22854493967e-05
BPM.12R5.B1 13817.02837 -0.0101759541028 0.000671047032968 3.33906198492e-05 0.000106330961653
BPM.13R5.B1 13870.47986 -0.0100758182036 0.00157424065143 0.000108107955269 -2.70901341775e-05
BPM.14R5.B1 13923.93134 -0.0101700238192 0.000755620040033 -2.83017955625e-05 -0.000107797096774
BPM.15R5.B1 13977.38283 -0.00979171120671 0.00285004170365 -0.000106898503328 3.15264455274e-05
BPM.16R5.B1 14030.83431 -0.00998978751935 0.00205048564907 3.27215713484e-05 0.00010653874802
BPM.17R5.B1 14084.28579 -0.00934664420423 0.00407928770842 0.000105507212642 -3.59086986134e-05
BPM.18R5.B1 14137.73728 -0.00964541668575 0.00331153786132 -3.70890974091e-05 -0.000105098073734
BPM.19R5.B1 14191.18876 -0.00874802986467 0.00524140435067 -0.000103936749686 4.02288130425e-05
BPM.20R5.B1 14244.64025 -0.0091424988565 0.00451830286321 4.13902734968e-05 0.000103479719136
BPM.21R5.B1 14298.09173 -0.00800558923648 0.00631750639869 0.00010218908465 -4.44814314995e-05
BPM.22R5.B1 14351.54322 -0.00848941489938 0.0056506796623 -4.56240445291e-05 -0.000101684080898
BPM.23R5.B1 14404.9947 -0.00713169804111 0.00728966591249 -0.000100267896319 4.86575355722e-05
BPM.24R5.B1 14458.44618 -0.00750455082743 0.00670236517882 5.2712102978e-05 -9.28523103076e-05
BPM.25R5.B1 14511.89767 -0.0059500926324 0.0081139620295 -9.43938325989e-05 -4.9899108497e-05
BPM.26R5.B1 14565.34915 -0.00658555347495 0.00760726413584 -4.88389512736e-05 9.49466907378e-05
BPM.27R5.B1 14618.80064 -0.00486307654985 0.00880854520556 9.6371314289e-05 4.5963971326e-05
BPM.28R5.B1 14672.25212 -0.00536607544586 0.00839931895208 4.7812551201e-05 -0.000289444253047
BPM.29R5.B1 14725.7036 -0.00350613216431 0.00933007833545 -0.000290749543997 -3.90988215277e-05
BPM.30R5.B1 14779.15509 -0.00424756965948 0.00901673314103 -3.58415623249e-05 0.000291169020068
BPM.31R5.B1 14832.60657 -0.00228330267432 0.00970205408095 0.000292114684523 2.70745099174e-05
BPM.32R5.B1 14886.05806 -0.00305911950322 0.0094860483019 2.37982860003e-05 -0.000292399820601
BPM.33R5.B1 14939.50954 -0.00102386926971 0.00991438430736 -0.000292982684484 -1.50053201414e-05
BPM.34R5.B1 14992.96102 -0.00182051474311 0.00979944134039 -1.17224228496e-05 0.000293132393148
BPM.33L6.B1 15046.41251 0.000253346974162 0.00996389179943 0.000293352267332 2.90884122107e-06
BPM.32L6.B1 15099.86399 -0.000551918288808 0.00995181946707 -3.77680995172e-07 -0.000293366447266
BPM.31L6.B1 15153.31548 0.00152543440151 0.00984968905062 -0.000293222693599 9.19059390602e-06
BPM.30L6.B1 15206.76696 0.000725717933448 0.00994065681802 1.2476579555e-05 0.000293101264199
BPM.29L6.B1 15260.21845 0.00277339455215 0.00957348458866 0.000292594147338 -2.12762807681e-05
BPM.28L6.B1 15313.66993 0.00199141068239 0.00976614601455 -2.45510650538e-05 -0.000292337580117
BPM.27L6.B1 15367.12141 0.00397489783526 0.00914021398337 -0.000291467848943 3.33243148064e-05
BPM.26L6.B1 15420.5729 0.00341652485293 0.00944334706391 3.9523561875e-05 9.85127090256e-05
BPM.25L6.B1 15474.02438 0.00530220011828 0.0085285473386 9.72809648851e-05 -4.2465029585e-05
BPM.24L6.B1 15527.47587 0.00459645372692 0.00892872101525 -4.35518613115e-05 -9.67992817358e-05
BPM.23L6.B1 15580.92735 0.00634955874285 0.00778026667961 -9.54468933471e-05 4.64408853772e-05
BPM.22L6.B1 15634.37883 0.00589310478309 0.00827955833388 5.04432071502e-05 -9.76466472463e-05
BPM.21L6.B1 15687.83032 0.00748319488287 0.00687615913414 -9.91181634992e-05 -4.74865821289e-05
BPM.20L6.B1 15741.2818 0.00690380731191 0.00745769500551 -4.63725460145e-05 9.9644227945e-05
BPM.19L6.B1 15794.73329 0.00830141290144 0.00586227891026 0.000100992315112 4.3358243808e-05
BPM.18L6.B1 15848.18477 0.0078011654298 0.00651318571403 4.22246499392e-05 -0.000101471493194
BPM.17L6.B1 15901.63625 0.00898310618511 0.00475221774054 -0.000102694393536 -3.91566971266e-05
BPM.16L6.B1 15955.08774 0.00857024641669 0.00546174391214 -3.80029175195e-05 0.000103126933324
BPM.15L6.B1 16008.53922 0.00951726012595 0.00356392057799 0.000104221974186 3.48878883538e-05
BPM.14L6.B1 16061.99071 0.00919855610826 0.00432045549332 3.37188206251e-05 -0.000104606057195
BPM.13L6.B1 16115.44219 0.00989496963914 0.00231718492022 -0.000105572003781 -3.05603962537e-05
BPM.12L6.B1 16168.89367 0.00967570240805 0.00310814302846 -2.93739491855e-05 0.000105908245508
BPM.11L6.B1 16222.34516 0.0100450545374 0.00154163860598 0.000107511185635 2.28195294567e-05
BPM.10L6.B1 16274.18585 0.00989023562597 0.00233730816198 1.59426893316e-05 -0.000108743811832
BPM.9L6.B1 16313.25284 0.00989998026913 -0.0022956830903 -9.98142603125e-05 -4.60054310306e-05
BPM.8L6.B1 16353.71783 0.00887377458775 -0.0049533720634 -5.22206822767e-05 9.67077298198e-05
BPMYA.5L6.B1 16450.80782 0.00224298547644 -0.00991205257963 0.00010953142103 -9.06934033748e-06
BPMYB.4L6.B1 16487.20782 0.00253950631679 -0.00984025802115 0.000104934015592 -3.26839449551e-05
BPMSA.B4L6.B1 16519.19832 0.00142877244473 -0.0100617284543 9.49645021183e-05 -5.53274683277e-05
BPMSA.A4L6.B1 16519.78332 0.00140637358099 -0.0100648836819 9.4712187161e-05 -5.57582876717e-05
BPMSE.4L6.B1 16616.45832 -0.00219702211317 -0.00992234165987 1.29575847617e-05 -0.000109139756222
BPMSA.4R6.B1 16708.02832 -0.00158979210761 -0.0100375460762 -8.70726702511e-05 -6.70651591205e-05
BPMSB.A4R6.B1 16804.83832 0.0029692760203 -0.00971921653685 -0.00010290947753 3.85878925677e-05
BPMSB.B4R6.B1 16805.47332 0.0029947285767 -0.00971140416889 -0.00010270589855 3.91265119416e-05
BPMYA.4R6.B1 16830.80782 0.00389815176194 -0.00938531741662 -9.34085788957e-05 5.79156565774e-05
BPMYB.5R6.B1 16867.20782 0.00389883470977 -0.00938503371678 -7.81767565812e-05 7.72514471505e-05
BPM.8R6.B1 16962.93481 0.00830038416961 -0.005863735398 0.000104776427511 3.31856210868e-05
BPM.9R6.B1 17002.0018 0.00921385301414 -0.0042877363361 -7.70724268879e-06 -0.000109635684893
BPM.10R6.B1 17042.46678 0.00439975269616 -0.00916089222745 -0.000109844436943 3.68588139722e-06
BPM.11R6.B1 17094.30747 0.00449343086517 -0.00911530851272 -2.34249431146e-05 0.000107380898109
BPM.12R6.B1 17149.03396 0.00391202384685 -0.00937954367789 0.00010608896643 2.87143934754e-05
BPM.13R6.B1 17202.48544 0.00470061645721 -0.00901021504108 2.71381294971e-05 -0.00010650308771
BPM.14R6.B1 17255.93693 0.00272804148239 -0.00978966597258 -0.00010727037228 -2.39259853834e-05
BPM.15R6.B1 17309.38841 0.00350933850126 -0.00953752134768 -2.27220351087e-05 0.000107531828955
BPM.16R6.B1 17362.83989 0.00145340886668 -0.0100581992846 0.000108165893156 1.94813641797e-05
BPM.17R6.B1 17416.29138 0.00226041713248 -0.0099080918726 1.82687312353e-05 -0.000108377299546
BPM.18R6.B1 17469.74286 0.000154603215485 -0.0101614894597 -0.000108877247247 -1.50043249228e-05
BPM.19R6.B1 17523.19435 0.000974318021116 -0.0101158526382 -1.37831484782e-05 0.000109038571723
BPM.20R6.B1 17576.64583 -0.001146439927 -0.0100977940967 0.00010940343888 1.05011058945e-05
BPM.21R6.B1 17630.09731 -0.000327761892967 -0.0101573787139 9.27495187644e-06 -0.000109514204443
BPM.22R6.B1 17683.5488 -0.00242895084678 -0.00986812890115 -0.000109743422664 -5.98061150977e-06
BPM.23R6.B1 17737.00028 -0.001624480933 -0.0100319904246 -4.75052513353e-06 0.000109803542646
BPM.24R6.B1 17790.45177 -0.00361640600478 -0.00948683633028 0.00010983509432 -5.44236553243e-05
BPM.25R6.B1 17843.90325 -0.00283902261882 -0.00974773853121 -5.5650618859e-05 -0.000109218547449
BPM.26R6.B1 17897.35474 -0.00480044508585 -0.00894618258268 -0.000107497562641 5.89063306114e-05
BPM.27R6.B1 17950.80622 -0.0040626186257 -0.00930449277481 6.01072123479e-05 0.000106830731813
BPM.28R6.B1 18004.2577 -0.00585049179433 -0.00826910137276 0.000104914181833 -0.000119163049876
BPM.29R6.B1 18057.70919 -0.00516411729494 -0.00871425179561 -0.000120330606829 -0.000103572986982
BPM.30R6.B1 18111.16067 -0.00686035581469 -0.00745263777469 -9.9912344634e-05 0.000123386951824
BPM.31R6.B1 18164.61216 -0.00623635462617 -0.00798211580731 0.000124499074613 9.85230846749e-05
BPM.32R6.B1 18218.06364 -0.0077573076648 -0.00651386748014 9.47367547742e-05 -0.000127403946123
BPM.33R6.B1 18271.51512 -0.00720633719863 -0.00711863722729 -0.000128456904432 -9.33040256986e-05
BPM.34R6.B1 18324.96661 -0.00852692182097 -0.00546789685656 -8.94043207242e-05 0.000131200935531
BPM.33L7.B1 18378.41809 -0.00805771850491 -0.00613836006356 0.000132194871156 8.79280005141e-05
BPM.32L7.B1 18431.86958 -0.00915631627455 -0.00433222391464 8.39148463972e-05 -0.000134778031584
BPM.31L7.B1 18485.32106 -0.00877682438044 -0.00505703921526 -0.000135709236576 -8.2400363271e-05
BPM.30L7.B1 18538.77254 -0.0096353131786 -0.00312522506839 -7.8288026373e-05 0.000138122419742
BPM.29L7.B1 18592.22403 -0.00935161107397 -0.00389277049588 0.000138991401198 7.67346606775e-05
BPM.28L7.B1 18645.67551 -0.00995593554396 -0.00186698667104 7.25221184794e-05 -0.000141235122472
BPM.27L7.B1 18699.127 -0.00977277860977 -0.00266441176351 -0.000142038291441 -7.09361786279e-05
BPM.26L7.B1 18752.57848 -0.0100580709943 -0.000588440374565 -6.66990784601e-05 8.82312658384e-05
BPM.25L7.B1 18806.02997 -0.00997775977012 -0.00139834338659 8.89732182351e-05 6.57060828651e-05
BPM.24L7.B1 18859.48145 -0.0100507095365 0.000703059055741 6.30023880236e-05 -9.09077780288e-05
BPM.23L7.B1 18912.93293 -0.0100746641523 -0.000110437587896 -9.16077522902e-05 -6.19801756267e-05
BPM.22L7.B1 18966.38442 -0.00982328150515 0.00197257511377 -5.92615081621e-05 3.75554673112e-05
BPM.21L7.B1 19019.8359 -0.00995044259165 0.00117328784272 3.82170061603e-05 5.88370717714e-05
BPM.20L7.B1 19073.28739 -0.00949022880618 0.00321301560967 5.76620873855e-05 -3.99677798145e-05
BPM.19L7.B1 19126.73887 -0.00971859681379 0.0024365525044 -4.06113996728e-05 -5.7210615473e-05
BPM.18L7.B1 19180.19035 -0.00900122048193 0.00440067517439 -5.59649525085e-05 4.23115091145e-05
BPM.17L7.B1 19233.64184 -0.00932703364387 0.00365982998234 4.29358101939e-05 5.54874463786e-05
BPM.16L7.B1 19287.09332 -0.00836429676163 0.00551601775134 5.41721882075e-05 -4.45837956439e-05
BPM.15L7.B1 19340.54481 -0.00878222648483 0.00482290473477 -4.51880161706e-05 -5.36692096686e-05
BPM.14L7.B1 19393.99629 -0.00758993339498 0.00654070509816 -5.22876545404e-05 4.67797134992e-05
BPM.13L7.B1 19447.44777 -0.00809306403948 0.00590679494745 4.73625362702e-05 5.17603231094e-05
BPM.12L7.B1 19500.89926 -0.00669823656259 0.00745127768109 5.02844360017e-05 -4.89266418651e-05
BPM.11L7.B1 19554.35074 -0.00734085494866 0.00681907330355 -4.92867467669e-05 -4.99315230308e-05
BPM.10L7.B1 19607.13343 -0.0046000206529 0.00890099556864 -5.38637373176e-05 4.49559582629e-05
BPM.9L7.B1 19646.20042 -0.00374341014872 0.00929380398171 1.27920217403e-05 6.89833658415e-05
BPM.8L7.B1 19686.66541 0.00393768303371 0.00921317341856 6.94536488743e-05 -9.92628460959e-06
BPM.7L7.B1 19725.7314 0.00453701903293 0.00893327321911 3.01042034629e-05 -6.33725263547e-05
BPM.6L7.B1 19760.5494 0.00342762676801 0.00941484396064 -1.82212724736e-05 -6.77519396955e-05
BPMWC.6L7.B1 19772.6519 0.00135004437941 0.00992800545446 -3.79612691046e-05 -5.90023953354e-05
BPMWE.5L7.B1 19849.7059 0.006134252788 0.00792204865607 -4.61011537205e-05 5.28869019502e-05
BPMW.5L7.B1 19872.9109 0.00932793001793 0.00365754479124 -2.46308419892e-06 7.01161432525e-05
BPMWE.4L7.B1 19907.9959 0.00948576799873 0.00322616147507 3.01478297827e-05 6.33517890659e-05
BPMW.4L7.B1 19936.1009 0.00773067986096 0.00637373524815 5.7978090945e-05 3.95079931962e-05
BPMW.4R7.B1 20052.1479 0.00900157954761 0.00439994064876 2.85599220642e-06 -7.01012440558e-05
BPMWE.4R7.B1 20080.2529 0.0100061208814 0.00051522527031 -3.44521896281e-05 -6.11178131908e-05
BPMW.5R7.B1 20115.3379 0.0100069575881 0.000498710387943 -5.60689474642e-05 -4.21736076027e-05
BPMWE.5R7.B1 20138.5429 0.00934434569243 0.00361539979125 -6.88347481449e-05 -1.35689952354e-05
BPMR.6R7.B1 20217.7584 0.00645888410913 0.00765968199095 -6.9874712637e-06 6.98105689424e-05
BPM_A.7R7.B1 20255.7944 0.00785985474718 0.00621374246431 4.75824179002e-05 5.15582537948e-05
BPM.8R7.B1 20294.86039 0.00964015009823 0.0027304611768 6.59869888832e-05 -2.38339616173e-05
BPM.9R7.B1 20333.92738 0.00925319424395 -0.00384269545727 -1.30196356381e-05 -6.89407711042e-05
BPM.10R7.B1 20374.39237 0.00821873867573 -0.00573064103326 -6.77207258894e-05 -1.83369563225e-05
BPM.11R7.B1 20427.17506 0.00732155995269 -0.00683978595663 -2.43285739251e-05 6.58062330329e-05
BPM.12R7.B1 20481.90154 0.00764976308479 -0.00647062878283 6.64036118215e-05 2.264731512e-05
BPM.13R7.B1 20535.35303 0.00599120499536 -0.00803077672587 1.96804601321e-05 -6.73425557092e-05
BPM.14R7.B1 20588.80451 0.00661979251622 -0.00752105438949 -6.755881497e-05 -1.89247738892e-05
BPM.15R7.B1 20642.25599 0.00491460475925 -0.0087312411587 -1.68862161466e-05 6.8096958551e-05
BPM.16R7.B1 20695.70748 0.00560331068585 -0.0083060713606 6.82818625139e-05 1.61222632737e-05
BPM.17R7.B1 20749.15896 0.0037572626955 -0.00928821237646 1.40638553478e-05 -6.87353518602e-05
BPM.18R7.B1 20802.61045 0.00449463837695 -0.00895467129155 -6.88886160352e-05 -1.32928182987e-05
BPM.19R7.B1 20856.06193 0.00253818115451 -0.00969255118851 -1.1216920232e-05 6.9256919563e-05
BPM.20R7.B1 20909.51341 0.00331224039955 -0.00945605497678 6.93782468089e-05 1.04402714974e-05
BPM.21R7.B1 20962.9649 0.0012773895539 -0.00993761480696 8.35142487821e-06 -6.96605636188e-05
BPM.22R7.B1 21016.41638 0.00207526065477 -0.00980210208566 -6.97497632271e-05 -7.57043620465e-06
BPM.23R7.B1 21069.86787 -4.39387856043e-06 -0.0100193758699 -5.47132977281e-06 6.99457289599e-05
BPM.24R7.B1 21123.31935 0.00080654315238 -0.00998689983911 7.00362143317e-05 2.48448543084e-06
BPM.25R7.B1 21176.77083 -0.00128392729837 -0.00993681090514 3.79377322617e-07 -7.0079242127e-05
BPM.26R7.B1 21230.22232 -0.000477767335261 -0.0100080177165 -7.0079092014e-05 4.0572858436e-07
BPM.27R7.B1 21283.6738 -0.00254456025417 -0.00969091808534 2.51106035306e-06 7.00352699773e-05
BPM.28R7.B1 21337.12529 -0.00175184656053 -0.00986454567852 7.00363038099e-05 -5.4984718268e-06
BPM.29R7.B1 21390.57677 -0.0037612065209 -0.00928609461877 -7.60005530489e-06 -6.98395082393e-05
BPM.30R7.B1 21444.02826 -0.00299948172963 -0.00955935861782 -6.97499880149e-05 8.38189196552e-06
BPM.31R7.B1 21497.47974 -0.00491823918966 -0.00872863970403 1.0473665948e-05 6.94666772281e-05
BPM.32R7.B1 21550.93122 -0.00419765103149 -0.00909713986101 6.93449350676e-05 -1.1251520419e-05
BPM.33R7.B1 21604.38271 -0.00599445904057 -0.00802774492974 -1.33297944052e-05 -6.89756025625e-05
BPM.34R7.B1 21657.83419 -0.00532700561507 -0.00848535438231 -6.88219805453e-05 1.41015152675e-05
BPM.33L8.B1 21711.28568 -0.00697216804717 -0.00719493575981 1.61627682717e-05 6.83672565433e-05
BPM.32L8.B1 21764.73716 -0.00636867453562 -0.00773422345812 6.8181807518e-05 -1.69280263951e-05
BPM.31L8.B1 21818.18864 -0.00783530765608 -0.00624389155075 -1.89688328521e-05 -6.76424456145e-05
BPM.30L8.B1 21871.64013 -0.0073058170892 -0.00685589268583 -6.74257654341e-05 1.97251983015e-05
BPM.29L8.B1 21925.09161 -0.00856969145465 -0.00519024240399 2.17419306393e-05 6.68027349138e-05
BPM.28L8.B1 21978.5431 -0.0081227979412 -0.00586501333756 6.65548303002e-05 -2.24893678058e-05
BPM.27L8.B1 22031.99458 -0.00916324897095 -0.0040513079552 -2.44788205765e-05 -6.58490966226e-05
BPM.26L8.B1 22085.44606 -0.0088041838921 -0.0047775005173 -6.55372569218e-05 2.30119180111e-05
BPM.25L8.B1 22138.89755 -0.00960405311945 -0.00284610767843 2.49704007215e-05 6.48163489742e-05
BPM.24L8.B1 22192.34903 -0.00934299369502 -0.00361201246674 6.45323652132e-05 -2.56954080765e-05
BPM.23L8.B1 22245.80052 -0.00988923399584 -0.00159411927655 -2.76226787862e-05 -6.37312149705e-05
BPM.22L8.B1 22299.252 -0.00972611434556 -0.00238692499086 -6.33843091795e-05 2.61318290614e-05
BPM.21L8.B1 22352.70349 -0.0100097308454 -0.000316227197966 2.80241965173e-05 6.25706521471e-05
BPM.20L8.B1 22406.15497 -0.009951547555 -0.00112312621031 6.22525670498e-05 -2.87238647021e-05
BPM.19L8.B1 22459.60645 -0.00996794295793 0.000966863188748 -3.05812815261e-05 -6.13614524346e-05
BPM.18L8.B1 22513.05794 -0.0100134591663 0.000159206513685 -6.10151668967e-05 3.12664769374e-05
BPM.17L8.B1 22566.50942 -0.00976234911777 0.00223411075677 3.30853547518e-05 6.00483292064e-05
BPM.16L8.B1 22619.96091 -0.00991082167066 0.00143886240198 5.96736564077e-05 -3.37564481398e-05
BPM.15L8.B1 22673.41239 -0.0093963457372 0.00346459203458 -3.55341028054e-05 -5.86325001078e-05
BPM.14L8.B1 22726.86387 -0.00964531690777 0.0026949161304 -5.82309261292e-05 3.61884216033e-05
BPM.13L8.B1 22780.31536 -0.00887591108584 0.00463820154748 3.79214469253e-05 5.71174796922e-05
BPM.12L8.B1 22833.76684 -0.00916102091833 0.00404603595288 5.63092151833e-05 -3.91115627515e-05
BPM.11L8.B1 22887.21833 -0.00841982102699 0.00542229886919 -4.37541387715e-05 -5.2782742762e-05
BPM.10L8.B1 22939.05902 -0.0091027161826 0.00417555616958 -5.04878478803e-05 4.63834043929e-05
BPM.9L8.B1 22978.126 -0.00706920844945 0.00709372984384 2.99308648677e-05 6.16813253749e-05
BPM.8L8.B1 23018.59099 -0.0070194791103 0.00714294226189 5.99625105566e-05 -3.32406391364e-05
BPM.7L8.B1 23057.65898 -0.000172843210119 0.0100132330648 -3.34544707679e-05 -5.98434713119e-05
BPMR.6L8.B1 23090.12798 0.00536256145412 0.00845799301866 -6.83849060353e-05 -4.89355400916e-06
BPM.5L8.B1 23150.54698 0.00923295477916 0.00387907943233 1.68288244535e-05 6.64622760766e-05
BPMYB.4L8.B1 23171.31398 0.00844812772415 0.00537808973232 5.19333646293e-05 4.47589937057e-05
BPMWB.4L8.B1 23195.70548 0.00931118135602 0.00368735853409 6.69380869279e-05 -1.48234616914e-05
BPMSX.4L8.B1 23245.93848 0.006243175438 0.0078305473395 -3.37227304692e-05 -5.96927068779e-05
BPMS.2L8.B1 23283.84998 0.00623337409213 0.00783835174185 -6.42103692068e-05 -2.40306852086e-05
BPMSW.1L8.B1 23293.78398 0.00652332468748 0.00759874635974 -6.82380010656e-05 -6.63456607734e-06
BPMSW.1R8.B1 23336.97398 0.00652336815612 0.00759870904773 1.76789521203e-05 -6.6241203886e-05
BPMS.2R8.B1 23346.90798 0.00623340793442 0.00783832488547 -2.61153209649e-08 -6.85597608629e-05
BPMSX.4R8.B1 23384.81948 0.00624316633288 0.00783055459876 -4.4105761707e-05 -5.24892762265e-05
BPMWB.4R8.B1 23434.97648 0.00931152622581 0.00368648756397 -3.75055703933e-05 5.73914162642e-05
BPMYB.4R8.B1 23459.44398 0.00846366888474 0.00535359880693 2.37101796506e-05 6.43293887064e-05
BPMYB.5R8.B1 23480.02098 0.00948621570373 0.00321036179057 5.78318896866e-05 3.68227534944e-05
BPM.6R8.B1 23564.12898 0.00835152195508 0.00552691525459 -5.09074217899e-06 -6.83705146607e-05
BPM_A.7R8.B1 23586.36898 0.00726109637959 0.00689718714991 -3.25811240662e-05 -6.03233975345e-05
BPM.8R8.B1 23627.80599 0.00311840168851 0.0095168420233 -6.72417013336e-05 1.33789514844e-05
BPM.9R8.B1 23666.871 7.72008882553e-05 0.0100144271528 4.57068036164e-05 5.11011762007e-05
BPM.10R8.B1 23707.33402 0.00572017531734 0.00822035920472 3.11691689097e-05 -6.10649241238e-05
BPM.11R8.B1 23759.17273 0.00142198563027 0.00991325718719 -6.48693270436e-05 -2.21903732799e-05
BPM.12R8.B1 23813.89624 0.00212705849307 0.00978623182377 -2.08633673928e-05 6.53082128272e-05
BPM.13R8.B1 23867.34476 0.000674277355276 0.00999199986159 6.64507232144e-05 1.68743707937e-05
BPM.14R8.B1 23920.79327 0.00273315948522 0.00963454983293 1.48787179689e-05 -6.69258274504e-05
BPM.15R8.B1 23974.24179 0.00194670116699 0.0098236991892 -6.70867397938e-05 -1.41354636776e-05
BPM.16R8.B1 24027.69031 0.00394313189833 0.00920578198629 -1.21215355577e-05 6.74797083259e-05
BPM.17R8.B1 24081.13882 0.0031874357016 0.00949394358734 6.76099519232e-05 1.13726248239e-05
BPM.18R8.B1 24134.58734 0.0050883553139 0.00862573772838 9.34425130349e-06 -6.79200061456e-05
BPM.19R8.B1 24188.03585 0.00437563052711 0.00900825003403 -6.8019483831e-05 -8.59025588469e-06
BPM.20R8.B1 24241.48437 0.00614993506931 0.00790398695537 -6.55082091572e-06 6.82460906989e-05
BPM.21R8.B1 24294.93289 0.00549208555162 0.00837446759404 6.83145262138e-05 5.79380994207e-06
BPM.22R8.B1 24348.3814 0.00711049991906 0.00705234018745 3.74692772759e-06 -6.84573091274e-05
BPM.23R8.B1 24401.82992 0.00651816084849 0.00760317633206 -6.84946642109e-05 -2.98725784559e-06
BPM.24R8.B1 24455.27843 0.00782566310999 0.00610931195743 -8.05474654934e-07 0.000199434577925
BPM.25R8.B1 24508.72695 0.00730721011026 0.00672081662977 0.000199431267728 -1.40373676027e-06
BPM.26R8.B1 24562.17546 0.00854288171569 0.00505804979211 -7.36905265205e-06 -0.000199300012526
BPM.27R8.B1 24615.62398 0.00810678657665 0.00573103020336 -0.000199205903075 9.58161630195e-06
BPM.28R8.B1 24669.0725 0.00899114141277 0.00394818701812 1.56743557851e-05 0.000329707170982
BPM.29R8.B1 24722.52101 0.00864326905341 0.00466076223707 0.000329513568467 -1.93214141737e-05
BPM.30R8.B1 24775.96953 0.00942232937738 0.00276559462522 -2.91665361956e-05 -0.000328788411608
BPM.31R8.B1 24829.41804 0.00916838453473 0.00351703420545 -0.000328443845592 3.28199257219e-05
BPM.32R8.B1 24882.86656 0.00969869180959 0.00153758959564 4.26413009449e-05 0.000327313657184
BPM.33R8.B1 24936.31508 0.00954299735479 0.00231516869053 0.000326821982893 -4.62590642575e-05
BPM.34R8.B1 24989.76359 0.00981570103596 0.000284284629906 -5.60119464009e-05 -0.000325292437897
BPM.33L1.B1 25043.21211 0.00976074163796 0.0010755125478 -0.000324649474333 5.96257067886e-05
BPM.32L1.B1 25096.66062 0.00977142935538 -0.000973639020458 6.93208275709e-05 0.000322718349318
BPM.31L1.B1 25150.10914 0.00981813110566 -0.000181950917569 0.000321931983903 -7.28855458513e-05
BPM.30L1.B1 25203.55766 0.00956659474721 -0.0022156420115 -8.24811469414e-05 -0.000319608143619
BPM.29L1.B1 25257.00617 0.0097141923772 -0.00143640909739 -0.000318671132647 8.60302999572e-05
BPM.28L1.B1 25310.45469 0.00920460005662 -0.00342113174305 9.55335049983e-05 0.000315952301224
BPM.27L1.B1 25363.9032 0.00945066356077 -0.00266716382351 0.000314876438964 -9.90218911356e-05
BPM.26L1.B1 25417.35172 0.00856272259935 -0.00454595688968 -0.000108270218718 -0.000180890037501
BPM.25L1.B1 25470.80023 0.00890164870518 -0.00384012925899 -0.000179675939801 0.000110273307131
BPM.24L1.B1 25524.24875 0.00791092394821 -0.00560385802043 0.000115601613608 0.000176294961878
BPM.23L1.B1 25577.69727 0.0083373415484 -0.00494718893389 0.000175004405895 -0.000117546184742
BPM.22L1.B1 25631.14578 0.00700044754017 -0.0065452671271 -0.000122601651298 -4.05290540061e-05
BPM.21L1.B1 25684.5943 0.0075058460618 -0.00595894808694 -3.91656363874e-05 0.000123043987528
BPM.20L1.B1 25738.04281 0.00610578589125 -0.00738689150804 0.000124160790606 3.54664278823e-05
BPM.19L1.B1 25791.49133 0.00668192968863 -0.00687012395582 3.40884913099e-05 -0.000124546154885
BPM.18L1.B1 25844.93985 0.00511055493958 -0.00810734332026 -0.000125510617796 -3.03455817752e-05
BPM.17L1.B1 25898.38836 0.00574819625961 -0.00766844360291 -2.89508193569e-05 0.000125839653383
BPM.16L1.B1 25951.83688 0.0040316455345 -0.00869440175021 0.000126649593119 2.51724081434e-05
BPM.15L1.B1 26005.28539 0.00472004524918 -0.00834074099487 2.37671763792e-05 -0.000126920804145
BPM.14L1.B1 26058.73391 0.00288615908436 -0.00913875665661 -0.000127575255599 -1.99579983513e-05
BPM.13L1.B1 26112.18243 0.00361430868496 -0.00887601038043 -1.85413251861e-05 0.00012778883873
BPM.12L1.B1 26165.63094 0.00306200957754 -0.00908134818484 0.000129105274833 2.3655971692e-06
BPM.11L1.B1 26219.07946 0.00520967139157 -0.0080440109128 -1.32511106795e-05 -0.000128445226664
BPM.10L1.B1 26271.86017 0.00415853905747 -0.00863442762419 -0.000127618564724 1.96791622963e-05
BPM.9L1.B1 26310.92518 0.00547803953124 -0.00786370589415 2.63759210228e-06 0.000129100006726
BPM.8L1.B1 26351.38819 -0.000293770620638 -0.00957916939622 0.000112344953215 -6.36583146808e-05
BPMR.7L1.B1 26390.4542 0.00509081191256 -0.00811975501759 -5.39345246416e-05 -0.000117323640429
BPM.6L1.B1 26433.6382 0.00525685920458 -0.00801325270524 -0.000124948216865 -3.2583908977e-05
BPMR.5L1.B1 26465.5382 0.00513472533262 -0.00809205679942 -0.000125665091149 2.96994032238e-05
BPMYA.4L1.B1 26486.6562 0.00518990133578 -0.00805678047523 -0.000110421078074 6.69399382009e-05
BPMWB.4L1.B1 26507.7887 0.00627999563674 -0.00723936753682 -7.82433485513e-05 0.000102721699109
BPMSY.4L1.B1 26600.5687 0.00685149706912 -0.00670102793497 0.000108521407188 6.99776642803e-05
BPMS.2L1.B1 26627.3542 0.00747923851509 -0.00599230995119 0.000128146938333 1.58785014048e-05
BPMSW.1L1.B1 26637.4082 0.00769143699083 -0.00571739316974 0.000127493939312 -2.04711126814e-05
