BPMSW.1R1.B2 21.475 -0.00968307076357 -0.00304535212771 0.000112886746581 -1.36429774671e-05
BPMS.2R1.B2 31.529 -0.00956637224352 -0.00339419363474 0.000104609453109 -4.45692606118e-05
BPMSY.4R1.B2 58.3145 -0.00918479498637 -0.00432152403439 7.48557717255e-05 -8.55930035539e-05
BPMWB.4R1.B2 151.1705 -0.00879779546488 -0.00506308442265 -9.12764133413e-05 -6.78097762447e-05
BPMYA.4R1.B2 172.227 -0.00799394526166 -0.00625562691162 -0.00010972403827 -2.98359485719e-05
BPMR.5R1.B2 199.635 -0.00813575711303 -0.00607004819662 -0.000112561145818 1.61101647884e-05
BPM.6R1.B2 231.535 -0.00762892919571 -0.00669592922453 -9.03534475304e-05 6.90347948397e-05
BPMRA.7R1.B2 259.259 -0.00705397394423 -0.00729914245182 -4.00973310087e-05 0.000106403727688
BPM.8R1.B2 300.6960106 -0.00404488536765 -0.00930993723641 9.53721524723e-05 6.19168863819e-05
BPM.9R1.B2 339.7610212 -0.00498021263477 -0.00884497094437 3.49393566107e-05 -0.000108207163619
BPM.10R1.B2 380.2240318 -0.00822916471792 -0.00594280042714 -0.000113209087517 -1.0641983684e-05
BPM.11R1.B2 433.0047424 -0.00425463057024 -0.0092159724198 2.2279572008e-05 0.000111504124407
BPM.12R1.B2 487.7282583 -0.00567142591091 -0.00841848900236 0.00010930183082 -3.13473839675e-05
BPM.13R1.B2 541.1767742 -0.00442509089042 -0.00913534890078 -3.75036315138e-05 -0.000107345364048
BPM.14R1.B2 594.6252901 -0.00622461549474 -0.00801811641916 -0.000106175468547 4.0697905185e-05
BPM.15R1.B2 648.073806 -0.00555720986574 -0.0084943185381 4.18728214638e-05 0.000105717624235
BPM.16R1.B2 701.5223219 -0.00719907251195 -0.00715607322013 0.000104416943316 -4.50183403029e-05
BPM.17R1.B2 754.9708378 -0.00659816033337 -0.00771364434816 -4.61736140292e-05 -0.000103911243051
BPM.18R1.B2 808.4193537 -0.00805539136179 -0.00617630139253 -0.000102483232263 4.92619078057e-05
BPM.19R1.B2 861.8678696 -0.00753066617881 -0.00680625417167 5.0395290963e-05 0.000101930681551
BPM.20R1.B2 915.3163855 -0.00877923776698 -0.00509519511331 0.000100376513124 -5.3423807396e-05
BPM.21R1.B2 968.7649014 -0.00833945996699 -0.00578700582356 -5.45338150903e-05 -9.97778121987e-05
BPM.22R1.B2 1022.213417 -0.009358916423 -0.00393023056614 -9.81016126084e-05 5.74945440316e-05
BPM.23R1.B2 1075.661933 -0.00901121347134 -0.0046726930919 5.85788006087e-05 9.74580580209e-05
BPM.24R1.B2 1129.110449 -0.00990546722793 -0.00267782959487 9.5782517763e-05 6.13797569409e-05
BPM.25R1.B2 1182.558965 -0.00965706366472 -0.00346845406768 6.03126949193e-05 -9.64580062403e-05
BPM.26R1.B2 1236.007481 -0.0101666426954 -0.00138867869086 -9.82197578918e-05 -5.7399002386e-05
BPM.27R1.B2 1289.455997 -0.0100214222874 -0.00220457424247 -5.63074178154e-05 9.88495967043e-05
BPM.28R1.B2 1342.904513 -0.0103814808602 -5.37742263645e-05 0.0001006098522 0.000176177299649
BPM.29R1.B2 1396.353029 -0.0103432821281 -0.00089137609819 0.000175048409672 -0.000102561364146
BPM.30R1.B2 1449.801545 -0.0103030687041 0.00127468104644 -0.000107755525605 -0.000171899764149
BPM.31R1.B2 1503.25006 -0.0103723305355 0.000439085096127 -0.000170696719549 0.000109651302388
BPM.32R1.B2 1556.698576 -0.010055367874 0.00258217223503 0.000114709107614 0.00016733977907
BPM.33R1.B2 1610.147092 -0.0102309476237 0.00176231303637 0.000166054685979 -0.000116561666219
BPM.34R1.B2 1663.595608 -0.00964245680312 0.00384721500627 -0.000121479857491 -0.000162491305697
BPM.33L2.B2 1717.044124 -0.0099214771702 0.00305652208715 -0.000161136961065 0.000123270684638
BPM.32L2.B2 1770.49264 -0.00907108224655 0.00504910916603 0.000128036865008 0.000157376435966
BPM.31L2.B2 1823.941156 -0.00944894135851 0.00430064456429 0.000155943966486 -0.000129777737742
BPM.30L2.B2 1877.389672 -0.00835072519504 0.00616793524738 -0.000134386869038 -0.000151989968657
BPM.29L2.B2 1930.838188 -0.00882124391703 0.00547391014223 -0.000150493173459 0.000136060965604
BPM.28L2.B2 1984.286704 -0.00749304776213 0.00718555994563 0.000140503422372 0.000146354260123
BPM.27L2.B2 2037.73522 -0.00804845520918 0.00655746942487 0.000144784319171 -0.000142120660659
BPM.26L2.B2 2091.183735 -0.00663306571484 0.00810806390304 -0.000146269518247 -1.76164675466e-05
BPM.25L2.B2 2144.632251 -0.00726569728855 0.0075463835047 -1.59948889337e-05 0.00014645571551
BPM.24L2.B2 2198.080767 -0.00554125495224 0.00889003681585 0.000146868848811 1.16039718922e-05
BPM.23L2.B2 2251.529283 -0.00624064506699 0.00841383444835 9.97311059891e-06 -0.000146988600321
BPM.22L2.B2 2304.977799 -0.00447929476894 0.00954886576022 -0.000147102055354 0.000117282194016
BPM.21L2.B2 2358.426315 -0.00523511154517 0.0091563380242 0.00011890579452 0.00014579279703
BPM.20L2.B2 2411.874831 -0.00322082258941 0.0100434665722 0.000142168113196 -0.000123216714973
BPM.19L2.B2 2465.323347 -0.00402097630258 0.00975072656651 -0.00012478618999 -0.000140792529833
BPM.18L2.B2 2518.771863 -0.00190980444871 0.0103729246559 -0.000136995936421 0.000128942786321
BPM.17L2.B2 2572.220379 -0.00274046521135 0.0101850267242 0.000130453741411 0.000135557921167
BPM.16L2.B2 2625.668894 -0.000567013587458 0.01053201854 0.000131592736311 -0.000134452524292
BPM.15L2.B2 2679.11741 -0.00141527359237 0.0104518859361 -0.000135903921082 -0.000130093245187
BPM.14L2.B2 2732.565926 0.000784696739706 0.0105180402162 -0.000125968149699 0.000139736015027
BPM.13L2.B2 2786.014442 -6.64484387674e-05 0.0105470613705 0.000141124075904 0.000124411111382
BPM.12L2.B2 2839.462958 0.00235630564064 0.0102806975754 0.000122061777574 -0.000143160928608
BPM.11L2.B2 2892.911474 0.000346576102112 0.0105415750224 -0.00013072435436 -0.000135296979878
BPM.10L2.B2 2944.750185 0.00120087135948 0.0104786844084 -0.000157258155631 0.000103266650003
BPM.9L2.B2 2983.815195 0.00327510659595 0.0100258962565 6.9129176151e-05 0.000174972243568
BPM.8L2.B2 3024.278206 0.00690647431775 0.00797154511416 7.46445554826e-05 -0.000172691404511
BPM.7L2.B2 3063.344216 -0.00402713230903 0.00974818569439 -0.000181258170393 -5.03945130963e-05
BPM.6L2.B2 3095.450216 -0.00494568319502 0.00931585405472 -0.000184015894391 3.91443645009e-05
BPMYB.5L2.B2 3167.649216 -0.00243693451054 0.0102618842882 2.82436523349e-05 0.00018600114525
BPMYB.4L2.B2 3188.219216 -0.000409788551947 0.010539307012 0.000131400684182 0.000134640223252
BPMWB.4L2.B2 3212.610716 -0.00237858147964 0.0102755666066 0.000186509075071 -2.46676737654e-05
BPMSX.4L2.B2 3262.843716 0.00304753655895 0.0100973976777 -7.80513873962e-05 -0.000171178592435
BPMS.2L2.B2 3300.755216 0.00306007220534 0.0100936057503 -0.000169847598118 -8.09068892994e-05
BPMSW.1L2.B2 3310.689216 0.00267885959378 0.0102014033449 -0.000184979566619 -3.43029154676e-05
BPMSW.1R2.B2 3353.879216 0.00267904106796 0.0102013556898 6.40233501918e-05 -0.000176904322974
BPMS.2R2.B2 3363.813216 0.00306020546771 0.0100935653456 1.61700176855e-05 -0.000187437091246
BPMSX.4R2.B2 3401.724716 0.00304751029821 0.010097405603 -0.000108143305234 -0.000153945298555
BPMWB.4R2.B2 3451.881716 -0.00238049995772 0.0102751223305 -0.000116130531622 0.000148012936514
BPMYB.4R2.B2 3476.349216 -0.000456266937236 0.0105373971842 4.95055063458e-05 0.000181502987332
BPM.5R2.B2 3505.883216 -0.00668901019948 0.00815487961096 0.000184926819017 3.45861512212e-05
BPMR.6R2.B2 3579.179216 -0.00784034291718 0.00705506497939 4.55466829432e-05 -0.000182536652348
BPM_A.7R2.B2 3592.054216 -0.00753306433096 0.0073822666434 1.23380365211e-05 -0.000187728263134
BPM.8R2.B2 3633.493206 -0.00415713881571 0.00969345737146 -0.000159534646558 -9.9713716417e-05
BPM.9R2.B2 3672.560195 0.00643166487933 0.00835934243491 -2.9379661928e-05 0.000185825090321
BPM.10R2.B2 3713.025185 0.00702944036162 0.00786332544766 0.000163344629869 9.33416339554e-05
BPM.11R2.B2 3764.865874 0.00760322657694 0.00730998389291 0.000108729869221 -0.000153531573898
BPM.12R2.B2 3819.592358 0.00712589197801 0.00777602613272 -0.000162529244463 -9.47542790219e-05
BPM.13R2.B2 3873.043842 0.00915209756021 0.00524252126399 -7.67258617221e-05 0.000171776798958
BPM.14R2.B2 3926.495326 0.00869926319468 0.00596386945316 0.000172624426888 7.47993061365e-05
BPM.15R2.B2 3979.94681 0.00974765126425 0.00402842572748 6.95819617377e-05 -0.000174792681243
BPM.16R2.B2 4033.398294 0.00939066533744 0.00480211655953 -0.000175561781729 -6.76179665088e-05
BPM.17R2.B2 4086.849779 0.0101828880213 0.0027484014308 -6.23101589676e-05 0.000177514999337
BPM.18R2.B2 4140.301263 0.00992786316743 0.00356124302381 0.000178201505429 6.03187637114e-05
BPM.19R2.B2 4193.752747 0.0104508221568 0.001423107587 5.49407091928e-05 -0.000179932344136
BPM.20R2.B2 4247.204231 0.0103018538354 0.00226201823226 -0.000180537059804 -5.29197524364e-05
BPM.21R2.B2 4300.655715 0.0105470075016 7.45098991574e-05 -4.74689181151e-05 0.000182046235711
BPM.22R2.B2 4354.107199 0.0105065866248 0.000925503359764 0.000182566234932 4.54279555349e-05
BPM.23R2.B2 4407.558683 0.0104698780401 -0.00127537161992 3.99255517854e-05 -0.000183847980726
BPM.24R2.B2 4461.010167 0.010273735444 -0.000442858440069 -0.0001883182377 0.00022744579478
BPM.25R2.B2 4514.461651 0.00995809881465 -0.00256554704253 0.000232999685905 0.000181401461118
BPM.26R2.B2 4567.913135 0.01013267218 -0.00175348740812 0.000178787040306 -0.000235011786694
BPM.27R2.B2 4621.36462 0.00954802071912 -0.00381851593907 -0.000240278377829 -0.000171643949285
BPM.28R2.B2 4674.816104 0.00956021437482 -0.00305198743233 -0.000172956643762 0.00050748131697
BPM.29R2.B2 4728.267588 0.00871867840304 -0.00496960492367 0.00051244371202 0.000157647484798
BPM.30R2.B2 4781.719072 0.00909126241333 -0.00424985575468 0.000151921316334 -0.000514170403236
BPM.31R2.B2 4835.170556 0.00801100456618 -0.00604451255644 -0.000518506687638 -0.00013638952104
BPM.32R2.B2 4888.62204 0.00847285165624 -0.0053780211059 -0.000130548501493 0.000520008055937
BPM.33R2.B2 4942.073524 0.00717233144962 -0.00701925834897 0.000523691979376 0.000114882544679
BPM.34R2.B2 4995.525008 0.00771529460721 -0.00641767522738 0.00010902856943 -0.000524941957277
BPM.33L3.B2 5048.976492 0.00621493155942 -0.00787952739365 -0.0005279832718 -9.31931090113e-05
BPM.32L3.B2 5102.427976 0.00683085583176 -0.00735198849841 -8.72537836266e-05 0.00052899721934
BPM.31L3.B2 5155.87946 0.00515649241065 -0.00860946642914 0.000531377930508 7.13356729492e-05
BPM.30L3.B2 5209.330945 0.00583426227815 -0.00816539710689 6.53926374852e-05 -0.000532141985447
BPM.29L3.B2 5262.782429 0.00401201788028 -0.00919869766409 -0.000533867547405 -4.93632532758e-05
BPM.28L3.B2 5316.233913 0.00474172062453 -0.00884468268118 -4.33667799172e-05 0.000534388074191
BPM.27L3.B2 5369.685397 0.00280309742976 -0.00963612842277 0.000535449198454 2.73027962069e-05
BPM.26L3.B2 5423.136881 0.00330667639039 -0.00939522470706 1.72609026349e-05 -0.000270425239853
BPM.25L3.B2 5476.588365 0.00128439229567 -0.00987697790539 -0.000270821818019 -9.12643395399e-06
BPM.24L3.B2 5530.039849 0.00207762682639 -0.00974103808214 -6.08968952656e-06 0.000270907115283
BPM.23L3.B2 5583.491333 1.07693528201e-05 -0.0099601325357 0.000270967795118 -2.05060661352e-06
BPM.22L3.B2 5636.942817 0.000549789804128 -0.00994349670496 -9.13006497111e-06 -5.63600101284e-06
BPM.21L3.B2 5690.394301 -0.00152603102441 -0.00984106827984 -5.35915325853e-06 9.29527671127e-06
BPM.20L3.B2 5743.845786 -0.000726715109637 -0.00993213374339 9.35475158721e-06 5.25464154075e-06
BPM.19L3.B2 5797.29727 -0.00277238458194 -0.00956500284021 4.97122320551e-06 -9.50839298186e-06
BPM.18L3.B2 5850.748754 -0.00199138066518 -0.00975755085032 -9.56348207724e-06 -4.86441255277e-06
BPM.17L3.B2 5904.200238 -0.00397326953761 -0.00913173175127 -4.57490157263e-06 9.70530771326e-06
BPM.16L3.B2 5957.651722 -0.00322322332522 -0.00942264437053 9.75596869864e-06 4.46584278751e-06
BPM.15L3.B2 6011.103206 -0.00510877488927 -0.00854843931152 4.17072219385e-06 -9.88573161392e-06
BPM.14L3.B2 6064.55469 -0.00440219225744 -0.00893286621866 -9.93183127545e-06 -4.059727959e-06
BPM.13L3.B2 6118.006174 -0.00616041245441 -0.00782462228752 -3.75951825839e-06 1.00493153672e-05
BPM.12L3.B2 6171.457658 -0.00422253970139 -0.00901917701434 9.73557850377e-06 4.51011378631e-06
BPM.11L3.B2 6224.909142 -0.00328320738406 -0.00940191175923 4.93462499977e-06 -9.52744425064e-06
BPM.10L3.B2 6277.691832 0.000831020522633 -0.00992395084656 -9.10184485008e-06 -5.6814748768e-06
BPM.9L3.B2 6316.758821 -0.000847310684402 -0.00992257326268 -1.02133739846e-05 3.28781038917e-06
BPM.8L3.B2 6357.223811 -0.00271253426668 -0.0095821476397 -3.23708334177e-06 1.02295633448e-05
BPM.7L3.B2 6396.2898 -0.00648532113036 -0.00755751317556 7.6281131571e-06 7.54550120804e-06
BPMR.6L3.B2 6468.9288 -0.00994908623967 0.000437125261319 3.04575356942e-06 -1.02881467761e-05
BPMWE.5L3.B2 6511.9823 -0.00993765039395 0.000646915908322 -3.60652793137e-06 -1.01052249371e-05
BPMW.5L3.B2 6539.5273 -0.00966386775617 -0.00240521424054 -7.71771850853e-06 -7.45382347904e-06
BPMWE.4L3.B2 6614.6553 -0.00989974382737 0.00108188156133 -9.38022983614e-06 5.20903475528e-06
BPMW.4L3.B2 6642.2003 -0.0056658664146 0.00818983231335 -7.00045543837e-07 1.07066630654e-05
BPMW.4R3.B2 6687.1653 -0.00374236659871 0.00922876415073 6.02537403429e-06 8.87792060325e-06
BPMWE.4R3.B2 6714.7103 -0.00542763170078 0.00834962332738 8.90180133813e-06 5.99003381369e-06
BPMW.5R3.B2 6789.8383 -0.0037700641972 0.00921748401304 9.31891359856e-06 -5.31793831014e-06
BPMWE.5R3.B2 6817.3833 0.000214941931062 0.00995636457212 4.73650760122e-06 -9.62747089269e-06
BPMWC.6R3.B2 6858.3743 0.00116620658657 0.00989016469597 -1.98231520223e-06 -1.05448107437e-05
BPM.6R3.B2 6870.5288 9.7062390382e-05 0.0099582114073 -4.25187650553e-06 -9.85110099377e-06
BPM_A.7R3.B2 6926.3528 0.000319768912231 0.00995354928646 -1.07223141021e-05 -3.93159297555e-07
BPM.8R3.B2 6965.418789 -0.00511608250318 0.00854406784636 -1.1026270672e-06 1.06727139286e-05
BPM.9R3.B2 7004.485779 -0.00995491862267 0.000273844373566 1.07056367695e-05 -7.15559192505e-07
BPM.10R3.B2 7044.950768 -0.00985701973819 0.00141935107736 6.82428233208e-06 -8.2795998735e-06
BPM.11R3.B2 7097.733458 -0.00889768368936 0.00447287608705 -6.74277227633e-06 -8.34611276633e-06
BPM.12R3.B2 7152.459942 -0.00701639549186 0.00706721938422 -6.67796808106e-06 8.39805963171e-06
BPM.13R3.B2 7205.911426 -0.00800063161758 0.00593003282004 8.80852108399e-06 6.12638731925e-06
BPM.14R3.B2 7259.36291 -0.00659568641728 0.00746138836116 5.8590357761e-06 -8.98857153016e-06
BPM.15R3.B2 7312.814394 -0.00717640744714 0.00690467751523 -9.05365522014e-06 -5.75794078788e-06
BPM.16R3.B2 7366.265878 -0.00558698946259 0.00824384281035 -5.48337143905e-06 9.22254062912e-06
BPM.17R3.B2 7419.717362 -0.00623411181443 0.00776603151481 9.28338632301e-06 5.37972028151e-06
BPM.18R3.B2 7473.168846 -0.0044864639819 0.00889084003283 5.09835307979e-06 -9.44083940181e-06
BPM.19R3.B2 7526.62033 -0.00518945078497 0.0084997056499 -9.49738312063e-06 -4.9922387924e-06
BPM.20R3.B2 7580.071814 -0.00331224196289 0.00939172235124 -4.70468028231e-06 9.6430620797e-06
BPM.21R3.B2 7633.523299 -0.00405942230731 0.00909376083451 9.69515484384e-06 4.59636744368e-06
BPM.22R3.B2 7686.974783 -0.00208355254004 0.00973828549268 4.30298888203e-06 -9.82888429045e-06
BPM.23R3.B2 7740.426267 -0.00286278717868 0.00953833555174 -9.87648727659e-06 -4.19257663352e-06
BPM.24R3.B2 7793.877751 -0.000831524070467 0.00992688787469 -3.88185767088e-06 2.10551015147e-05
BPM.25R3.B2 7847.329235 -0.00162997529345 0.0098273961819 2.1097260554e-05 3.64576233464e-06
BPM.26R3.B2 7900.780719 0.000445251761568 0.00995169764595 3.01024772503e-06 -2.11972769665e-05
BPM.27R3.B2 7954.232203 -0.000359472339918 0.0099551652325 -2.12296800961e-05 -2.77250726657e-06
BPM.28R3.B2 8007.683687 0.00170379959124 0.00981504885421 -2.12132449745e-06 3.23605097649e-05
BPM.29R3.B2 8061.135171 0.000906115285928 0.0099205378975 3.23822390185e-05 1.75872734451e-06
BPM.30R3.B2 8114.586655 0.00294543889256 0.00951643351081 7.8504620353e-07 -3.2420460147e-05
BPM.31R3.B2 8168.03814 0.00216768089831 0.00972313100764 -3.24272269169e-05 -4.21648124198e-07
BPM.32R3.B2 8221.489624 0.00413861512839 0.00906145583555 5.52773146834e-07 3.24252514843e-05
BPM.33R3.B2 8274.941108 0.00339380616921 0.00936590608328 3.24170281625e-05 -9.15907123189e-07
BPM.34R3.B2 8328.392592 0.00526384179722 0.00845754613493 -1.88938110189e-06 -3.23748784127e-05
BPM.33L4.B2 8381.844076 0.00456399254887 0.00885483422113 -3.23516713274e-05 2.25212982312e-06
BPM.32L4.B2 8435.29556 0.00630251289786 0.00771469041501 3.22310963898e-06 3.22693987984e-05
BPM.31L4.B2 8488.747044 0.00565933313072 0.00819817452711 3.2231273188e-05 -3.58430714101e-06
BPM.30L4.B2 8542.198528 0.00723766784493 0.00684501871603 -4.55096097288e-06 -3.21090496684e-05
BPM.29L4.B2 8595.650012 0.00666154148154 0.00740688748156 -3.20560259217e-05 4.91058746122e-06
BPM.28L4.B2 8649.101496 0.00805384155972 0.0058629133623 5.87151132581e-06 3.18940132679e-05
BPM.27L4.B2 8702.55298 0.00755439395248 0.00649378541562 3.18262583771e-05 -6.22832620582e-06
BPM.26L4.B2 8756.004465 0.00872684725909 0.00478647623806 -7.16947890047e-06 -2.0567626413e-05
BPM.25L4.B2 8809.455949 0.00831202806218 0.00547525408578 -2.04859705338e-05 7.39956817783e-06
BPM.24L4.B2 8862.907433 0.00926744967703 0.00363078424468 8.01173913148e-06 2.02543981691e-05
BPM.23L4.B2 8916.358917 0.0089441854005 0.00436689424179 2.01634059122e-05 -8.23807351698e-06
BPM.22L4.B2 8969.810401 0.00964492437413 0.00241743089158 -8.82795605786e-06 -8.84968393553e-06
BPM.21L4.B2 9023.261885 0.00941833216252 0.00318803348473 -8.75017822037e-06 8.92659734286e-06
BPM.20L4.B2 9076.713369 0.00987492766177 0.00116376195685 9.1854610763e-06 8.47802791161e-06
BPM.19L4.B2 9130.164853 0.00974878768462 0.00195695603291 8.37461858877e-06 -9.27984330362e-06
BPM.18L4.B2 9183.616337 0.00994266733866 -0.00010910740105 -9.52724102665e-06 -8.09205310805e-06
BPM.17L4.B2 9237.067821 0.00991903353617 0.00069376650226 -7.98476573363e-06 9.61733244379e-06
BPM.16L4.B2 9290.519306 0.00984702246139 -0.00138010393444 9.8528998232e-06 7.69220295434e-06
BPM.15L4.B2 9343.97079 0.00992628538964 -0.000580858520611 7.58136846965e-06 -9.93844050448e-06
BPM.14L4.B2 9397.422274 0.00958955207332 -0.00262850324073 -1.0161705508e-05 -7.27938031248e-06
BPM.13L4.B2 9450.873758 0.00977042137142 -0.00184591561495 -7.16503984323e-06 1.02426544234e-05
BPM.12L4.B2 9504.325242 0.00874520298147 -0.00473180336013 1.00501432362e-05 7.43264736948e-06
BPM.11L4.B2 9557.776726 0.00890877696661 -0.00441613305754 8.98296162097e-06 -8.69229601123e-06
BPMC.10L4.B2 9609.617415 0.00829243634459 -0.00548671465759 -7.35445495675e-06 -1.0107502319e-05
BPMC.9L4.B2 9648.684405 0.00774475037266 -0.00623597465502 -1.12887959837e-05 5.36774798778e-06
BPMC.8L4.B2 9689.149394 0.00544034908999 -0.00832292857176 1.17794787618e-05 4.18251259483e-06
BPMC.7L4.B2 9728.215384 0.00986862921312 -0.00121601632281 2.96397586968e-06 -1.21434877645e-05
BPMYA.6L4.B2 9824.819384 0.00958198105883 -0.0026559701178 -1.08145939006e-05 -6.26850264456e-06
BPMYB.5L4.B2 9861.819384 0.00958675012413 -0.00263870431196 -1.21024826421e-05 -3.12720201402e-06
BPMWA.B5L4.B2 9964.209884 0.00693754165576 -0.00712313512491 -8.78641594959e-06 8.89092626773e-06
BPMWA.A5L4.B2 9973.094884 0.00667985125215 -0.00736533268022 -7.91578404283e-06 9.67419432446e-06
BPMWA.A5R4.B2 10021.14388 0.00580537633557 -0.00807255497563 -2.65058456865e-06 1.22157294237e-05
BPMWA.B5R4.B2 10030.02888 0.00575527494169 -0.00810835054523 -1.6558723656e-06 1.23898246444e-05
BPMYA.5R4.B2 10132.49538 0.00699309060182 -0.00706860822106 7.95397324447e-06 9.64281990664e-06
BPMYB.6R4.B2 10164.05938 0.00681290549365 -0.00724243442645 9.84589898208e-06 7.70111990986e-06
BPMCA.7R4.B2 10260.57538 0.00889956188019 -0.0044346743477 6.56207805438e-06 -1.06390219976e-05
BPMC.8R4.B2 10298.36637 0.00975877146904 -0.00190654601335 -1.10350634878e-05 -5.87171676884e-06
BPMC.9R4.B2 10337.43336 0.00618870689745 -0.0077825731724 -1.11805269507e-06 1.24498830259e-05
BPMC.10R4.B2 10377.89835 0.00587937775166 -0.00801881883549 1.16931443777e-05 4.41813947839e-06
BPM.11R4.B2 10429.73904 0.00288985979252 -0.00951405531939 5.46046078202e-06 -1.12442417305e-05
BPM.12R4.B2 10484.46553 0.00255478142716 -0.00960945524394 -1.09711856007e-05 -5.99022366893e-06
BPM.13R4.B2 10537.91701 0.000486668383749 -0.00993134895831 -5.64253640268e-06 1.11539871407e-05
BPM.14R4.B2 10591.36849 0.00128669773739 -0.00985966262694 1.12165155423e-05 5.51718373657e-06
BPM.15R4.B2 10644.81998 -0.000787762571057 -0.00991201132032 5.17770487309e-06 -1.13772110496e-05
BPM.16R4.B2 10698.27146 1.47775455635e-05 -0.0099432549936 -1.14344954922e-05 -5.04994486451e-06
BPM.17R4.B2 10751.72295 -0.00204935827092 -0.00972978257582 -4.70415019181e-06 1.15810468996e-05
BPM.18R4.B2 10805.17443 -0.00125732190434 -0.00986345172192 1.16330408789e-05 4.57406184051e-06
BPM.19R4.B2 10858.62591 -0.00327716482041 -0.00938769028768 4.22249132115e-06 -1.17652130146e-05
BPM.20R4.B2 10912.0774 -0.00250881854836 -0.00962155744843 -1.18117706627e-05 -4.09043618656e-06
BPM.21R4.B2 10965.52888 -0.0044512276316 -0.00889129410221 -3.73374721083e-06 1.19293202891e-05
BPM.22R4.B2 11018.98037 -0.00371903642922 -0.00922156745228 1.19704187564e-05 3.59982202607e-06
BPM.23R4.B2 11072.43185 -0.00555204150783 -0.00824884072748 3.2385379827e-06 -1.20731746349e-05
BPM.24R4.B2 11125.88333 -0.00488532562108 -0.00867111597205 -1.23706341942e-05 1.40781847672e-05
BPM.25R4.B2 11179.33482 -0.00657870077488 -0.00746828994765 1.44434644767e-05 1.1942116783e-05
BPM.26R4.B2 11232.7863 -0.00595443902902 -0.00797491783523 1.17795039748e-05 -1.45763965442e-05
BPM.27R4.B2 11286.23779 -0.00748001839897 -0.00656536239086 -1.49237304703e-05 -1.13362300049e-05
BPM.28R4.B2 11339.68927 -0.00694287692115 -0.00714874388842 -1.1430331754e-05 3.22310963475e-05
BPM.29R4.B2 11393.14075 -0.00827546110496 -0.0055520106799 3.25599445064e-05 1.0456876908e-05
BPM.30R4.B2 11446.59224 -0.00780034192735 -0.00620183400007 1.00912890827e-05 -3.26750969367e-05
BPM.31R4.B2 11500.04372 -0.00891770732691 -0.00444776069582 -3.29635353327e-05 -9.10502436488e-06
BPM.32R4.B2 11553.49521 -0.0085296337348 -0.00515300179713 -8.73525814564e-06 3.30634378187e-05
BPM.33R4.B2 11606.94669 -0.00941343247663 -0.00327037736537 3.33109499032e-05 7.73801597922e-06
BPM.34R4.B2 11660.39818 -0.0091187588187 -0.00401949209966 7.36419288525e-06 -3.33955836795e-05
BPM.33L5.B2 11713.84966 -0.00975445082698 -0.00203930580588 -3.36017556351e-05 -6.3575142646e-06
BPM.32L5.B2 11767.30114 -0.00955803428665 -0.00281993966074 -5.98076319002e-06 3.36708558814e-05
BPM.31L5.B2 11820.75263 -0.00993518893887 -0.000774661128865 3.3835334884e-05 4.96650360361e-06
BPM.30L5.B2 11874.20411 -0.00984024948697 -0.00157402960254 4.58699209964e-06 -3.38888706731e-05
BPM.29L5.B2 11927.6556 -0.00995265934786 0.000502644045137 -3.4011385392e-05 -3.56676398779e-06
BPM.28L5.B2 11981.10708 -0.00996075826357 -0.000302281148521 -3.18556876435e-06 3.4049201087e-05
BPM.27L5.B2 12034.55856 -0.00980657574837 0.00177176500288 3.41295384858e-05 2.16120621849e-06
BPM.26L5.B2 12088.01005 -0.00993474048854 0.000973389564928 1.51677651133e-06 -1.69702889168e-05
BPM.25L5.B2 12141.46153 -0.00951636283151 0.00301419876863 -1.70082012301e-05 -1.00621286625e-06
BPM.24L5.B2 12194.91302 -0.00972859532132 0.00223628908582 -8.15607084127e-07 1.70184067071e-05
BPM.23L5.B2 12248.3645 -0.00905256123734 0.00420686234917 1.70352275332e-05 3.03985068678e-07
BPM.22L5.B2 12301.81598 -0.00937972446327 0.00346141114173 -1.48788630402e-07 1.43831569794e-07
BPM.21L5.B2 12355.26747 -0.00845702842851 0.00533284804132 1.48235961943e-07 1.44394885681e-07
BPM.20L5.B2 12408.71895 -0.00885986294504 0.00463286375665 1.42727854587e-07 -1.49843145706e-07
BPM.19L5.B2 12462.17044 -0.00770531797746 0.00637092401958 -1.54069496985e-07 -1.38154350792e-07
BPM.18L5.B2 12515.62192 -0.00819438155111 0.00572823786508 -1.3642656079e-07 1.55601185088e-07
BPM.17L5.B2 12569.07341 -0.00682700435621 0.00730428706678 1.59631384907e-07 1.31689187064e-07
BPM.16L5.B2 12622.52489 -0.00739428115005 0.00672942824002 1.29885425046e-07 -1.61091480344e-07
BPM.15L5.B2 12675.97637 -0.00583649169997 0.00811763282476 -1.64924750893e-07 -1.24993567895e-07
BPM.14L5.B2 12729.42786 -0.00647262471433 0.00762008709844 -1.23138279907e-07 1.66315904314e-07
BPM.13L5.B2 12782.87934 -0.00475007584578 0.00879757793376 1.69940500642e-07 1.18086118244e-07
BPM.12L5.B2 12836.33083 -0.00644869892281 0.00764034555723 1.28614093025e-07 -1.62120600557e-07
BPM.11L5.B2 12889.78231 -0.00581735704889 0.00813135628317 -1.46790757513e-07 -1.4586048869e-07
BPM.10L5.B2 12942.565 -0.00485309458538 0.00874117103469 -1.37007113677e-07 1.55094737945e-07
BPM.9L5.B2 12981.63199 -0.00295147644903 0.0095524543861 1.42396394524e-07 1.50157038716e-07
BPM.8L5.B2 13022.09698 -0.00874586838911 0.00484462424792 6.62633077975e-08 -1.96043153317e-07
BPM.7L5.B2 13061.16497 -0.00429583171344 0.0090280910456 -1.88938135782e-07 -8.44227657404e-08
BPMR.6L5.B2 13098.05897 -0.00403668772782 0.00914689839676 -1.93445439301e-07 7.351407793e-08
BPMWT.B6L5.B2 13109.36897 -0.00327229119223 0.00944736515615 -1.7476191267e-07 1.10827108687e-07
BPMWT.A6L5.B2 13115.19097 -0.00310355912701 0.00950413166953 -1.6401526608e-07 1.26180720202e-07
BPM.5L5.B2 13129.95897 -0.00329890899745 0.00943810348893 -1.32894963538e-07 1.58631715161e-07
BPMYA.4L5.B2 13157.36497 -0.00351533259275 0.00935964928765 -5.91192348601e-08 1.98311803342e-07
BPMWB.4L5.B2 13178.42347 -0.00215719734995 0.0097625354108 1.73157420209e-08 2.06213030063e-07
BPMWT.B4L5.B2 13178.89297 -0.00212713351679 0.0097691300053 1.91208294658e-08 2.06054021382e-07
BPMWT.A4L5.B2 13180.87497 -0.00200142227209 0.00979565755524 2.67516438206e-08 2.05203645192e-07
BPMSY.4L5.B2 13271.27947 -0.00134612130917 0.00990699527835 2.04186058059e-07 -3.36644606647e-08
BPMS.2L5.B2 13298.06497 -0.000362062453436 0.0099914718047 1.69258360151e-07 -1.19033069635e-07
BPMSW.1L5.B2 13308.11897 1.81562581119e-07 0.00999802970606 1.29389812993e-07 -1.61502716227e-07
BPMSW.1R5.B2 13351.06897 2.21673821254e-07 0.00999802970525 1.12131028084e-07 1.73928759073e-07
BPMS.2R5.B2 13361.12297 -0.000362032398016 0.00999147289385 1.56142339151e-07 1.35777100613e-07
BPMSY.4R5.B2 13387.90847 -0.00134611144191 0.0099069966201 1.99647033948e-07 5.44444421704e-08
BPMWB.4R5.B2 13480.76447 -0.00215731255384 0.00976250995224 3.83868094978e-08 -2.03345706726e-07
BPMYA.4R5.B2 13501.82097 -0.00351537262963 0.00935963425227 -3.8449652279e-08 -2.03335976433e-07
BPMR.5R5.B2 13522.93897 -0.00358745099052 0.00933224482537 -9.9126723115e-08 -1.81651600133e-07
BPM.6R5.B2 13554.83897 -0.00354788998663 0.00934735656137 -1.72730603479e-07 -1.13961790901e-07
BPMRA.7R5.B2 13588.85297 -0.00477358664467 0.00878484311733 -2.06063859211e-07 1.90088676165e-08
BPM.8R5.B2 13630.28998 -0.00755209063098 0.00655183372411 -2.54804286974e-08 2.05361727915e-07
BPM.9R5.B2 13669.35499 -0.00683883747538 0.00729320917555 2.04910374235e-07 -2.88843535309e-08
BPM.10R5.B2 13709.818 -0.00315193437202 0.00948819834106 -7.26389629031e-08 -1.93772373268e-07
BPM.11R5.B2 13762.59871 -0.00740184358533 0.00672110925826 -1.64796683268e-07 1.25170907899e-07
BPM.12R5.B2 13817.32223 -0.0062338157986 0.00781665776606 1.38255678767e-07 1.53976039819e-07
BPM.13R5.B2 13870.77074 -0.00727575162395 0.00685740740113 1.45879228289e-07 -1.46782878151e-07
BPM.14R5.B2 13924.21926 -0.00569424776203 0.00821803750635 -1.51074347182e-07 -1.41419746751e-07
BPM.15R5.B2 13977.66777 -0.00633884088445 0.00773173294049 -1.39736444506e-07 1.52633695577e-07
BPM.16R5.B2 14031.11629 -0.00459621695849 0.00887892942355 1.56748881368e-07 1.35106042726e-07
BPM.17R5.B2 14084.56481 -0.00529775887054 0.00847905353898 1.33363090467e-07 -1.58237330351e-07
BPM.18R5.B2 14138.01332 -0.00342267592324 0.00939392822859 -1.62152856146e-07 -1.28563966169e-07
BPM.19R5.B2 14191.46184 -0.00416956126459 0.00908709837931 -1.26762139548e-07 1.63573127993e-07
BPM.20R5.B2 14244.91035 -0.0021928787984 0.00975458254483 1.67294487962e-07 1.21805984835e-07
BPM.21R5.B2 14298.35887 -0.00297293053299 0.00954579918274 1.19944748433e-07 -1.68636779901e-07
BPM.22R5.B2 14351.80738 -0.000927077952763 0.00995495477185 -1.72146920306e-07 -1.14841147079e-07
BPM.23R5.B2 14405.2559 -0.00172736900254 0.00984767964327 -1.12927091381e-07 1.73408204749e-07
BPM.24R5.B2 14458.70442 0.000514657042226 0.00996105621783 1.55261892139e-08 -0.000163591693568
BPM.25R5.B2 14512.15293 -0.000291023152894 0.00997009620708 -0.000163581798187 1.79915151679e-06
BPM.26R5.B2 14565.60145 0.00178462484508 0.00981339018736 6.69374738265e-06 0.00016345469218
BPM.27R5.B2 14619.04996 0.000987041873575 0.00992538468727 0.000163370446654 -8.50525259523e-06
BPM.28R5.B2 14672.49848 0.00318597279366 0.009473825599 -1.35494050783e-05 -0.000326742942999
BPM.29R5.B2 14725.947 0.00241078995835 0.00970009721146 -0.000326572409749 1.71754759561e-05
BPM.30R5.B2 14779.39551 0.0043716867505 0.00898844530812 2.69437977204e-05 0.000325911908242
BPM.31R5.B2 14832.84403 0.00363232366847 0.00931182146018 0.000325593494896 -3.05518546744e-05
BPM.32R5.B2 14886.29254 0.00548555556087 0.00835538594514 -4.02779352187e-05 -0.000324533862051
BPM.33R5.B2 14939.74106 0.0047931894412 0.00877092521402 -0.000324066447351 4.38802396981e-05
BPM.34R5.B2 14993.18958 0.00650932699996 0.00758501523614 5.35631658808e-05 0.000322607385869
BPM.33L6.B2 15046.63809 0.00587617750056 0.00808543951297 0.000321994765287 -5.71306115475e-05
BPM.32L6.B2 15100.08661 0.00742609770404 0.00669005733536 -6.67358940342e-05 -0.000320141933896
BPM.31L6.B2 15153.53512 0.00686186369767 0.0072676420336 -0.000319380405907 7.02900822583e-05
BPM.30L6.B2 15206.98364 0.00822089973552 0.00568512107396 7.98217444656e-05 0.000317132507826
BPM.29L6.B2 15260.43215 0.0077354147714 0.00632986196572 0.000316230141624 -8.33248513648e-05
BPM.28L6.B2 15313.88067 0.00888058239818 0.00458683445432 -9.27454829538e-05 -0.000313596569484
BPM.27L6.B2 15367.32919 0.008481396759 0.00528863906469 -0.000312545770446 9.62272262082e-05
BPM.26L6.B2 15420.7777 0.00955520638635 0.00338250368091 0.000105377862087 0.00014582847271
BPM.25L6.B2 15474.22622 0.00925110612814 0.00414250354398 0.000144653092473 -0.000106985609614
BPM.24L6.B2 15527.67473 0.00990939090302 0.00213243338496 -0.000111265951934 -0.000141387147186
BPM.23L6.B2 15581.12325 0.00970497374379 0.00292519826804 -0.00014014208839 0.000112830099134
BPM.22L6.B2 15634.57177 0.0102616223043 0.000816651938931 0.000116813567263 -2.69990337749e-05
BPM.21L6.B2 15688.02028 0.0101622568272 0.00164205629078 -2.8291805875e-05 -0.000116507215344
BPM.20L6.B2 15741.4688 0.0102817830058 -0.000502743414906 -0.000115608055678 3.17668765792e-05
BPM.19L6.B2 15794.91731 0.0102888191185 0.000328654618236 3.3047968554e-05 0.000115248383623
BPM.18L6.B2 15848.36583 0.0101330111265 -0.00181380764097 0.000114208138962 -3.64809300128e-05
BPM.17L6.B2 15901.81435 0.0102463290816 -0.000990228765832 -3.77443130014e-05 -0.000113796851709
BPM.16L6.B2 15955.26286 0.0098177220962 -0.0030951810167 -0.000112615950316 4.11339866164e-05
BPM.15L6.B2 16008.71138 0.0100354919447 -0.0022927525195 4.23812059588e-05 0.000112152534941
BPM.14L6.B2 16062.15989 0.00934116799994 -0.00432555118615 0.000110834442488 -4.57174410987e-05
BPM.13L6.B2 16115.60841 0.00965973970817 -0.00355770171398 -4.69429666998e-05 -0.000110320967904
BPM.12L6.B2 16169.05693 0.00862787419405 -0.00561494430883 -0.000109311379391 4.92481614475e-05
BPM.11L6.B2 16222.50544 0.00945756949205 -0.00406474992367 4.13733703723e-05 0.000112528231185
BPM.10L6.B2 16274.34415 0.00861496845004 -0.00563472548387 0.000118099975912 -2.06579959813e-05
BPM.9L6.B2 16313.40916 0.00776034702239 -0.0067634922004 2.1927668482e-05 -0.000117870838773
BPM.8L6.B2 16353.87217 0.00279868880767 -0.0099063188726 -0.000117390791632 2.43672142176e-05
BPMYB.5L6.B2 16450.96018 0.00963428034473 -0.00362607983103 0.000107362343408 5.33636981768e-05
BPMYA.4L6.B2 16487.36018 0.00948459914336 -0.00400127369636 0.000116804291419 2.7038983623e-05
BPMSB.B4L6.B2 16518.13068 0.009876616226 -0.00290176921206 0.000119893069888 -9.37181516696e-08
BPMSB.A4L6.B2 16518.76568 0.00988418525958 -0.00287588149481 0.000119890948181 -7.19192306056e-07
BPMSA.4L6.B2 16615.57568 0.0101914453223 0.00144991547572 6.60028806934e-05 -0.000100089845413
BPMSE.4R6.B2 16707.14568 0.0101427288083 0.00175865430237 -4.86047949351e-05 -0.000109598960021
BPMSA.A4R6.B2 16803.82068 0.0100985460462 -0.00199679252291 -0.00011661182783 -2.78574826545e-05
BPMSA.B4R6.B2 16804.40568 0.0100940086991 -0.00201960416847 -0.000116737925972 -2.73242610654e-05
BPMYB.4R6.B2 16830.96018 0.00985421664123 -0.00297694927484 -0.000119806733046 -4.55037053382e-06
BPMYA.5R6.B2 16867.36018 0.00982412267846 -0.00307480496881 -0.000118010980421 2.11606771931e-05
BPM.8R6.B2 16963.08519 0.00748855443927 -0.00706324041017 3.85957316263e-05 0.000113510911835
BPM.9R6.B2 17002.1502 0.000695250967995 -0.0102705617554 0.000108638918019 -5.07143297852e-05
BPM.10R6.B2 17042.61322 -0.00137636852898 -0.0102016382197 -1.88318578418e-05 -0.000118404891778
BPM.11R6.B2 17094.45193 -0.00396856840591 -0.00949833024495 -0.000115011320121 3.38637478849e-05
BPM.12R6.B2 17149.17544 -0.00185753960584 -0.0101250856446 4.91530077224e-05 0.000109354194555
BPM.13R6.B2 17202.62396 -0.00393187283151 -0.00951357917544 0.000107777085097 -5.25210224233e-05
BPM.14R6.B2 17256.07247 -0.00315141885729 -0.00979981488948 -5.37130706638e-05 -0.000107187985474
BPM.15R6.B2 17309.52099 -0.00511667926612 -0.00893237963707 -0.000105532961209 5.68959730974e-05
BPM.16R6.B2 17362.96951 -0.00437908277958 -0.00931619271383 5.80627078478e-05 0.000104895567091
BPM.17R6.B2 17416.41802 -0.0062171573653 -0.00820455769373 0.000103110507296 -6.11766369752e-05
BPM.18R6.B2 17469.86654 -0.00553485833541 -0.00867946748917 -6.23164980196e-05 -0.000102425640304
BPM.19R6.B2 17523.31505 -0.00721569193068 -0.00734177108225 -0.000100515502157 6.53528201884e-05
BPM.20R6.B2 17576.76357 -0.00659963693787 -0.00790016487033 6.64633342554e-05 9.9784682906e-05
BPM.21R6.B2 17630.21209 -0.00809550187287 -0.00635851099494 9.77503002472e-05 -6.94207247657e-05
BPM.22R6.B2 17683.6606 -0.00755601976565 -0.00699102123731 -7.0500671274e-05 -9.69742883614e-05
BPM.23R6.B2 17737.10912 -0.00884241616251 -0.00527062511016 -9.48218887919e-05 7.33700650021e-05
BPM.24R6.B2 17790.55763 -0.00831428238611 -0.00596232741811 7.55544180451e-05 1.99267950527e-05
BPM.25R6.B2 17844.00615 -0.00937066317858 -0.00410698323966 1.76563089959e-05 -7.61170259071e-05
BPM.26R6.B2 17897.45466 -0.00900867830482 -0.00484977885601 -7.630809672e-05 -1.68113444898e-05
BPM.27R6.B2 17950.90318 -0.00981904410089 -0.00287454565697 -1.45207670852e-05 7.6776905097e-05
BPM.28R6.B2 18004.3517 -0.00948109441449 -0.0036528484959 7.80698714244e-05 -6.04064137434e-05
BPM.29R6.B2 18057.80021 -0.0100327665381 -0.0016056304082 -6.27157388109e-05 -7.6227137303e-05
BPM.30R6.B2 18111.24873 -0.00987046908644 -0.00241004013765 -7.55275363972e-05 6.35565268131e-05
BPM.31R6.B2 18164.69724 -0.0101557339888 -0.000309064090772 6.5788276151e-05 7.35917336041e-05
BPM.32R6.B2 18218.14576 -0.0100976735702 -0.00112758233301 7.28570068732e-05 -6.66010178247e-05
BPM.33R6.B2 18271.59428 -0.0101118357094 0.00099258853058 -6.87514464566e-05 -7.08313385364e-05
BPM.34R6.B2 18325.04279 -0.0101589572222 0.000173325159941 -7.0065159602e-05 6.95321047681e-05
BPM.33L7.B2 18378.49131 -0.00990178702203 0.00227795241323 7.15978271817e-05 6.79528626148e-05
BPM.32L7.B2 18431.93982 -0.0100533170507 0.00147148555517 6.71540655781e-05 -7.23475732243e-05
BPM.31L7.B2 18485.38834 -0.00952905644735 0.00352583843216 -7.43246713341e-05 -6.49590892358e-05
BPM.30L7.B2 18538.83686 -0.00978251036508 0.00274534958727 -6.41314280388e-05 7.50399811412e-05
BPM.29L7.B2 18592.28537 -0.00899972484125 0.00471586749679 7.69257463195e-05 6.18568468064e-05
BPM.28L7.B2 18645.73389 -0.00935093109213 0.00397423466533 6.0999414669e-05 -7.7607420016e-05
BPM.27L7.B2 18699.1824 -0.00832257332132 0.00582831251546 -7.93979175647e-05 -5.8649898097e-05
BPM.26L7.B2 18752.63092 -0.00869182489065 0.00514231367242 -5.66282267883e-05 5.96946213214e-06
BPM.25L7.B2 18806.07943 -0.00743532967238 0.006834257996 7.66134997242e-06 5.64242353489e-05
BPM.24L7.B2 18859.52795 -0.00796256816625 0.00621198180427 5.63357948434e-05 -8.28663271703e-06
BPM.23L7.B2 18912.97647 -0.00650001315348 0.00772923274028 -9.96886888066e-06 -5.60625701063e-05
BPM.22L7.B2 18966.42498 -0.0070286584935 0.00718408327071 -5.48113159369e-05 -6.34827439202e-05
BPM.21L7.B2 19019.8735 -0.00538466471737 0.00848637016476 -6.18142969386e-05 5.66862548622e-05
BPM.20L7.B2 19073.32201 -0.00605186565412 0.00802421427737 5.73680196372e-05 6.11821076994e-05
BPM.19L7.B2 19126.77053 -0.00425476676033 0.00910549573093 5.94376937344e-05 -5.91734731482e-05
BPM.18L7.B2 19180.21905 -0.00497576776604 0.00873240103234 -5.98292273858e-05 -5.87775740186e-05
BPM.17L7.B2 19233.66756 -0.00305513886493 0.00957492658983 -5.6960967037e-05 6.15612466577e-05
BPM.16L7.B2 19287.11608 -0.00381776269005 0.00929719208941 6.21889256282e-05 5.62750103218e-05
BPM.15L7.B2 19340.56459 -0.00180511606676 0.00988709505686 5.43886393458e-05 -6.38452411884e-05
BPM.14L7.B2 19394.01311 -0.00259719463645 0.00970915406787 -6.4444674284e-05 -5.36770189076e-05
BPM.13L7.B2 19447.46163 -0.000525640557827 0.0100367721248 -5.17244458772e-05 6.60221212318e-05
BPM.12L7.B2 19500.91014 -0.00154487879378 0.00993108464325 6.59004100521e-05 5.18794396722e-05
BPM.11L7.B2 19554.35866 0.000778017664864 0.0100203683151 5.28569852767e-05 -6.51189549878e-05
BPM.10L7.B2 19607.13937 0.000829705950126 0.0100162208803 -6.26914074418e-05 -5.57146873357e-05
BPM.9L7.B2 19646.20438 0.00460411705815 0.00893393523696 -7.50486828449e-05 3.74437483165e-05
BPM.8L7.B2 19686.66739 0.00742556175613 0.00677304401983 2.8549737318e-05 7.88622318814e-05
BPM.7L7.B2 19725.7314 0.010033045472 0.000592529559727 8.09584501007e-05 -2.19104643356e-05
BPMR.6L7.B2 19760.5494 0.0100249838827 0.000716094176385 4.16198058289e-05 -7.28157352941e-05
BPMWC.6L7.B2 19772.7279 0.0100255582178 -0.000708007852046 1.95440977826e-05 -8.15620461399e-05
BPMWE.5L7.B2 19849.7819 0.00903696006693 0.00439845944101 -8.23801788728e-05 -1.57431031364e-05
BPMW.5L7.B2 19872.9869 0.00719897983336 0.00701340017246 -8.10210103504e-05 2.16780243163e-05
BPMWE.4L7.B2 19908.0719 0.00721054900813 0.00700150524428 -6.55288702443e-05 5.23479361862e-05
BPMW.4L7.B2 19936.1769 0.00937947872596 0.00361088237508 -2.81858623381e-05 7.89930207316e-05
BPMW.4R7.B2 20052.2239 0.00996224167101 0.00132922292431 8.19453129329e-05 -1.78691120906e-05
BPMWE.4R7.B2 20080.3289 0.00884751068203 0.00476808635163 6.17561284094e-05 -5.67496211462e-05
BPMW.5R7.B2 20115.4139 0.00905674763196 0.00435756985049 2.86284481906e-05 -7.88336943695e-05
BPMWE.5R7.B2 20138.6189 0.0100100533506 -0.00090106859747 -2.74550320481e-05 -7.92499894386e-05
BPM.6R7.B2 20217.7584 0.00841255757576 -0.00549926974351 -6.58820801009e-05 5.19026990364e-05
BPM_A.7R7.B2 20255.7944 0.00976631183193 -0.00237323530796 -7.03959855049e-06 8.35750207669e-05
BPM.8R7.B2 20294.85841 0.00978659461454 -0.00228815614044 6.35061545195e-05 5.4784190501e-05
BPM.9R7.B2 20333.92342 0.00716193272247 -0.00705122772358 5.69554898014e-05 -6.15663185187e-05
BPM.10R7.B2 20374.38643 0.00302679092153 -0.00958392557334 -5.51893966688e-05 -6.31543325515e-05
BPM.11R7.B2 20427.16714 0.00331667852407 -0.00948750421323 -7.0053892291e-05 4.61171505726e-05
BPM.12R7.B2 20481.89066 0.0020268917329 -0.009844023699 4.66220213826e-05 6.97189058174e-05
BPM.13R7.B2 20535.33917 0.00291305525761 -0.00961910607888 6.8837730605e-05 -4.79135261875e-05
BPM.14R7.B2 20588.78769 0.000853234675071 -0.0100142440183 -4.99518352302e-05 -6.73732392435e-05
BPM.15R7.B2 20642.23621 0.00165855057255 -0.00991273436833 -6.68151840038e-05 5.06958651602e-05
BPM.16R7.B2 20695.68472 -0.000434732663084 -0.0100411204656 5.26728019429e-05 6.52680258191e-05
BPM.17R7.B2 20749.13324 0.000377016647751 -0.0100434531473 6.46797834131e-05 -5.3393494154e-05
BPM.18R7.B2 20802.58175 -0.00171567380023 -0.00990300742714 -5.53050665777e-05 -6.30530624538e-05
BPM.19R7.B2 20856.03027 -0.000910957221221 -0.0100091582873 -6.24360340587e-05 5.60007277636e-05
BPM.20R7.B2 20909.47879 -0.00296831291178 -0.00960219824709 5.78441962284e-05 6.07321078679e-05
BPM.21R7.B2 20962.9273 -0.00218372147472 -0.00981042573998 6.00866555963e-05 -5.85143839643e-05
BPM.22R7.B2 21016.37582 -0.00417228332811 -0.00914358488261 -6.02862455687e-05 -5.83087319995e-05
BPM.23R7.B2 21069.82433 -0.00342083646103 -0.00945044816858 -5.76368860789e-05 6.09288800738e-05
BPM.24R7.B2 21123.27285 -0.00548873950163 -0.0085002707684 6.28064195719e-05 0.000240296678756
BPM.25R7.B2 21176.72137 -0.00478473750635 -0.0089155567116 0.000239584496065 -6.54706881973e-05
BPM.26R7.B2 21230.16988 -0.00653103413024 -0.00772828943652 -7.2613076895e-05 -0.000237517326191
BPM.27R7.B2 21283.6184 -0.00588619780563 -0.00823003887407 -0.000236698694581 7.52387247106e-05
BPM.28R7.B2 21337.06691 -0.00764713465944 -0.00679490729316 8.2461904598e-05 0.000418856299148
BPM.29R7.B2 21390.51543 -0.00707367970774 -0.00739002631154 0.000417913449319 -8.71143367957e-05
BPM.30R7.B2 21443.96394 -0.00845354062899 -0.00576082323806 -9.9590766745e-05 -0.000415117141448
BPM.31R7.B2 21497.41246 -0.00796121660334 -0.00642405352528 -0.000413990716759 0.000104174153756
BPM.32R7.B2 21550.86098 -0.00912098897459 -0.00463216943801 0.000116507289314 0.000410690416219
BPM.33R7.B2 21604.30949 -0.0087173412508 -0.00535326022569 0.000409368553814 -0.000121070026054
BPM.34R7.B2 21657.75801 -0.00963861598846 -0.003427318969 -0.000133275684776 -0.000405559067427
BPM.33L8.B2 21711.20652 -0.00933066180387 -0.0041938268693 -0.000404061759525 0.000137748536859
BPM.32L8.B2 21764.65504 -0.00999784480842 -0.00216622546055 0.00014976991723 0.0003997618437
BPM.31L8.B2 21818.10356 -0.00979039489143 -0.00296607508205 0.00039806963178 -0.000154211319306
BPM.30L8.B2 21871.55207 -0.0101928113465 -0.000869500105283 -0.000166063086176 -0.000393272952454
BPM.29L8.B2 21925.00059 -0.0100894152091 -0.00168912233081 -0.000391414916289 0.000170396389486
BPM.28L8.B2 21978.4491 -0.0102202980461 0.000441521686054 0.00018202602549 0.000386143874532
BPM.27L8.B2 22031.89762 -0.0102225932808 -0.000384733882933 0.000384092786501 -0.000186315036475
BPM.26L8.B2 22085.34614 -0.0102611786531 0.00177983226576 -0.000197546642988 -0.00019383859668
BPM.25L8.B2 22138.79465 -0.0103713372299 0.000946020244889 -0.000191642163815 0.000199678144276
BPM.24L8.B2 22192.24317 -0.00994917552687 0.00307790457435 0.000205323667548 0.000185580897176
BPM.23L8.B2 22245.69168 -0.0101651191539 0.00226493771111 0.000183286107061 -0.000207374738902
BPM.22L8.B2 22299.1402 -0.0096550692154 0.00435986261689 -0.000212587229469 7.51373498461e-06
BPM.21L8.B2 22352.58871 -0.00997537582261 0.00356660073339 9.86762911997e-06 0.000212490984579
BPM.20L8.B2 22406.03723 -0.00901794599863 0.00555926375981 0.000212100274556 -1.62252584015e-05
BPM.19L8.B2 22459.48575 -0.00943721555467 0.00481328643228 -1.85793760498e-05 -0.00021190703519
BPM.18L8.B2 22512.93426 -0.00823285107902 0.00666700282967 -0.000211256468592 2.490967019e-05
BPM.17L8.B2 22566.38278 -0.0087439303437 0.00598100708706 2.72482439388e-05 0.000210967588402
BPM.16L8.B2 22619.83129 -0.00731220462265 0.00766553502445 0.000210057247784 -3.35520614401e-05
BPM.15L8.B2 22673.27981 -0.0079070619998 0.00705032865289 -3.58818923294e-05 -0.000209671835092
BPM.14L8.B2 22726.72833 -0.00627176973165 0.00853777887059 -0.000208504594716 4.21381289078e-05
BPM.13L8.B2 22780.17684 -0.00694015796225 0.00800393472776 4.44457055564e-05 0.000208024919925
BPM.12L8.B2 22833.62536 -0.00431424496489 0.00967553895113 0.000208828882842 -4.05004542842e-05
BPM.11L8.B2 22887.07387 -0.00499555221297 0.00934201379084 -7.72934951398e-06 -0.00021257950385
BPM.10L8.B2 22938.91258 -0.00317035890211 0.0101082930325 -0.00020987702509 -3.46615498771e-05
BPM.9L8.B2 22977.9776 -0.00106285329773 0.010540356087 -9.7278138333e-05 0.000189173863775
BPM.8L8.B2 23018.44061 0.0082800610653 0.00660827908148 0.000206831438059 4.97045831672e-05
BPM.7L8.B2 23057.50662 0.00652599782452 0.00834506536978 0.000160141664035 -0.000140015839635
BPM.6L8.B2 23089.97562 0.000290853930158 0.0105898143324 -3.90306073133e-05 -0.000209108582319
BPMR.5L8.B2 23150.39462 -0.00528525262693 0.00918122367942 -0.000162468411655 0.000137309146899
BPMYB.4L8.B2 23171.16162 -0.00311511767543 0.0101254533457 -4.72194304947e-05 0.000207412906664
BPMWB.4L8.B2 23195.62912 -0.00495002821263 0.00936621504365 0.00013837200806 0.000161564151453
BPMSX.4L8.B2 23245.78612 0.000365998729209 0.0105874835783 0.000114688852384 -0.000179154277313
BPMS.2L8.B2 23283.69762 0.00037910322349 0.0105870224492 -2.73671713739e-05 -0.000210952186475
BPMSW.1L8.B2 23293.63162 -1.87769329665e-05 0.0105937911556 -8.0913395692e-05 -0.000196730297592
BPMSW.1R8.B2 23336.82162 -1.85462112199e-05 0.0105937915621 0.000207295529678 -4.77320772248e-05
BPMS.2R8.B2 23346.75562 0.000379274392465 0.0105870163193 0.000187938994198 -9.96430017687e-05
BPMSX.4R8.B2 23384.66712 0.000365966113337 0.0105874847072 7.9858964638e-05 -0.000197160681668
BPMWI.4R8.B2 23434.90012 -0.00494933890073 0.00936657931458 -0.000211886796549 -1.88088590613e-05
BPMYB.4R8.B2 23459.29162 -0.00310181262843 0.0101295371076 -0.00014189160936 0.000158482045727
BPMYB.5R8.B2 23479.86862 -0.00491884915644 0.00938262684871 -2.394520215e-05 0.000211367961091
BPMR.6R8.B2 23563.97662 -0.00388535111422 0.00985559791432 0.00021008886189 -3.33534720471e-05
BPM_A.7R8.B2 23586.21662 -0.00297775400856 0.0101666978253 0.000185998930728 -0.000103219108696
BPM.8R8.B2 23627.65561 -0.000111478356121 0.0105932212375 -3.90238320773e-05 -0.00020910984418
BPM.9R8.B2 23666.7226 0.00708353914304 0.00787732421908 -0.000139078546339 0.000160956343867
BPM.10R8.B2 23707.18758 0.00587778193083 0.00881365095669 0.000128117928801 0.000169810437696
BPM.11R8.B2 23759.02827 0.00760064564029 0.00737963071694 0.000189546771172 -9.65495234394e-05
BPM.12R8.B2 23813.75476 0.00807612983896 0.00685601126198 -9.36413873431e-05 -0.000191000205687
BPM.13R8.B2 23867.20624 0.00970983708776 0.00423648762106 -0.000181275248734 0.000111306208417
BPM.14R8.B2 23920.65773 0.00933632718559 0.00500617202183 0.000113329132577 0.000180017485899
BPM.15R8.B2 23974.10921 0.0101720859901 0.00295929555789 0.000176533931706 -0.000118682604072
BPM.16R8.B2 24027.56069 0.00990003113473 0.00377069583898 -0.000120652627569 -0.000175193405667
BPM.17R8.B2 24081.01218 0.0104670699124 0.00163377204136 -0.000171486766646 0.000125865300886
BPM.18R8.B2 24134.46366 0.0103010623639 0.00247323225615 0.000127779097471 0.000170065545096
BPM.19R8.B2 24187.91515 0.0105900727517 0.000281287676905 0.000166152820609 -0.00013282705847
BPM.20R8.B2 24241.36663 0.0105328198165 0.0011351080575 -0.000134680011223 -0.000164654435121
BPM.21R8.B2 24294.81811 0.0105390459573 -0.00107576665425 -0.000160530749353 0.000139569567634
BPM.22R8.B2 24348.2696 0.0105914898353 -0.000221600340106 0.00014135962309 0.000158956738799
BPM.23R8.B2 24401.72108 0.0103148377898 -0.00241513664465 0.000154641277246 -0.000146068011991
BPM.24R8.B2 24455.17257 0.0102483030991 -0.00158911568154 -0.000151266021279 7.51475746411e-05
BPM.25R8.B2 24508.62405 0.00969532035682 -0.00368154427832 7.96585492411e-05 0.000148939858184
BPM.26R8.B2 24562.07554 0.00996083719809 -0.00288699280522 0.000148039442105 -8.13196826742e-05
BPM.27R8.B2 24615.52702 0.00914464611034 -0.00489167176372 -8.57304014463e-05 -0.000145529598637
BPM.28R8.B2 24668.9785 0.00928187333598 -0.00415191411051 -0.000148025240734 0.000315488253095
BPM.29R8.B2 24722.42999 0.00821812192771 -0.00598782392794 0.000319790601578 0.000138485677002
BPM.30R8.B2 24775.88147 0.00867454363673 -0.00530507832897 0.000134904020259 -0.000321317936061
BPM.31R8.B2 24829.33296 0.00738433027297 -0.0069902238783 -0.000325228114612 -0.000125183810333
BPM.32R8.B2 24882.78444 0.00792451405271 -0.00637131387793 -0.000121523218849 0.000326613555603
BPM.33R8.B2 24936.23592 0.0064297651704 -0.00787716213137 0.000330115108701 0.000111661673226
BPM.34R8.B2 24989.68741 0.00704445005782 -0.00733261800478 0.000107963667058 -0.000331342967957
BPM.33L1.B2 25043.13889 0.00536881433563 -0.00863524151563 -0.00033443866073 -9.79545707814e-05
BPM.32L1.B2 25096.59038 0.00604841654599 -0.00817362959148 -9.41951646893e-05 0.000335516889686
BPM.31L1.B2 25150.04186 0.00422051396712 -0.0092508824037 0.00033819406458 8.40778629242e-05
BPM.30L1.B2 25203.49334 0.00495320745717 -0.00888016324817 8.02881781096e-05 -0.000339113728572
BPM.29L1.B2 25256.94483 0.00300185332479 -0.0097149595994 -0.000341373733385 -7.005919521e-05
BPM.28L1.B2 25310.39631 0.00377639655522 -0.0094408893899 -6.62268684472e-05 0.000342137858817
BPM.27L1.B2 25363.8478 0.0017349730422 -0.010019053445 0.000343972488331 5.59217267145e-05
BPM.26L1.B2 25417.29928 0.00231017899515 -0.00986072061963 4.85871177487e-05 -0.000116446874206
BPM.25L1.B2 25470.75077 0.000213046689563 -0.0101254801973 -0.000117854187535 -4.5066310953e-05
BPM.24L1.B2 25524.20225 0.00102968580768 -0.0100752411998 -4.37431847723e-05 0.000118351664881
BPM.23L1.B2 25577.65373 -0.00108378953679 -0.0100695649554 0.00011961234406 4.01680225775e-05
BPM.22L1.B2 25631.10522 -0.000495138716104 -0.0101385830658 3.53483626307e-05 0.000108074242862
BPM.21L1.B2 25684.5567 -0.00258865157552 -0.00981503499301 0.000106963419993 -3.85794812104e-05
BPM.20L1.B2 25738.00819 -0.0017881030035 -0.00999193257394 -3.97753077263e-05 -0.000106524524934
BPM.19L1.B2 25791.45967 -0.00382311052596 -0.00940318322942 -0.000105281566474 4.29574409178e-05
BPM.18L1.B2 25844.91115 -0.00305161134813 -0.00968109999513 4.41344319646e-05 0.000104793611301
BPM.17L1.B2 25898.36264 -0.00499450734039 -0.00883690700406 0.00010342018705 -4.72632352338e-05
BPM.16L1.B2 25951.81412 -0.00426504436015 -0.00921115766547 -4.84189184477e-05 -0.000102884196209
BPM.15L1.B2 26005.26561 -0.00608404309363 -0.0081252968333 -0.000101383320745 5.14875900187e-05
BPM.14L1.B2 26058.71709 -0.00540832393847 -0.00858988132039 5.26202845499e-05 0.000100800076018
BPM.13L1.B2 26112.16857 -0.00707341840116 -0.00728030088714 9.91733735448e-05 -5.56254613635e-05
BPM.12L1.B2 26165.62006 -0.00543529358802 -0.00857284156659 -4.9230095012e-05 -0.000102498519216
BPM.11L1.B2 26219.07154 -0.0061031660745 -0.00811094277647 -0.000107340885753 3.75164367088e-05
BPM.10L1.B2 26271.85423 -0.00698742501985 -0.00736287447461 4.37421036476e-05 0.000104957979756
BPM.9L1.B2 26310.92122 -0.00835239317042 -0.00576832361055 0.000108408400101 -3.43098761267e-05
BPM.8L1.B2 26351.38621 -0.00202793569505 -0.00994602964814 -8.09728069909e-05 -7.98307856618e-05
BPM.7L1.B2 26390.4542 -0.00743510548115 -0.00691051629608 -8.70995824046e-05 7.30972810101e-05
BPMR.6L1.B2 26433.6382 -0.00797227067076 -0.00628322602911 3.1867406026e-06 0.000113663506746
BPM.5L1.B2 26465.5382 -0.0079455247286 -0.00631701398741 5.61146200326e-05 9.88974178296e-05
BPMYA.4L1.B2 26486.6562 -0.00799397525999 -0.00625558857911 8.38136922394e-05 7.68427943691e-05
BPMWB.4L1.B2 26507.7127 -0.00879780779675 -0.00506306299827 0.00010607124516 4.09687711823e-05
BPMSY.4L1.B2 26600.5687 -0.00918479874138 -0.00432151605405 3.24004057254e-05 -0.000108994322688
BPMS.2L1.B2 26627.3542 -0.00956637844182 -0.00339417620881 -1.81726123749e-05 -0.000112246625481
BPMSW.1L1.B2 26637.4082 -0.00968307703624 -0.00304533215914 -4.87406795045e-05 -0.000102732164531
