BPMSW.1R1.B1 21.475 -0.000137549573383 -0.00920685336279 9.01953696862e-05 0.000224290953685
BPMS.2R1.B1 31.529 -0.000470997009974 -0.00919582679871 0.000149140826962 0.00019025942297
BPMSY.4R1.B1 58.3145 -0.00137597522904 -0.00910449124821 0.000216991537185 0.000106565981295
BPMWB.4R1.B1 151.0945 -0.00211649098535 -0.00896133553981 8.92843839416e-05 -0.000224655144469
BPMYA.4R1.B1 172.227 -0.00336591773489 -0.00857062812616 8.28232338839e-07 -0.000241745629455
BPM.5R1.B1 199.635 -0.00315412997403 -0.00865081110853 -9.52296296943e-05 -0.000222200254446
BPMR.6R1.B1 231.535 -0.00369532795621 -0.00843383779769 -0.000190933601801 -0.000148276747824
BPM_A.7R1.B1 259.259 -0.00406432180837 -0.00826234573304 -0.000240134382452 -2.78767859544e-05
BPM.8R1.B1 300.6979894 -0.00619266381805 -0.00681439531851 -8.30219586298e-05 0.000227044026391
BPM.9R1.B1 339.7649788 -0.00602977313 -0.00695894422668 0.000241630373079 7.50980330184e-06
BPM.10R1.B1 380.2299682 -0.00278920711512 -0.0087752716406 -3.47911463898e-05 -0.000239230456257
BPM.11R1.B1 433.0126576 -0.00569886489816 -0.00723242750066 -0.000231381579275 7.00299875256e-05
BPM.12R1.B1 487.7391417 -0.00392720222811 -0.00832839428593 7.24275309194e-05 0.000230642338277
BPM.13R1.B1 541.1906258 -0.00465290526401 -0.00794578764781 0.000234496812325 -5.87612052866e-05
BPM.14R1.B1 594.6421099 -0.00399637918487 -0.00829542175705 -6.13892760289e-05 -0.000233822565362
BPM.15R1.B1 648.093594 -0.0056312244469 -0.00728521653277 -0.000231873483658 6.83836397721e-05
BPM.16R1.B1 701.5450781 -0.00502472364532 -0.00771603661353 7.09757734971e-05 0.000231093217168
BPM.17R1.B1 754.9965622 -0.00651675058822 -0.00650515414451 0.000228855425733 -7.78898628101e-05
BPM.18R1.B1 808.4480463 -0.00597055277905 -0.00700981941622 -8.04507770588e-05 -0.000227967778893
BPM.19R1.B1 861.8995304 -0.00729552607897 -0.00561786150441 -0.00022544933246 8.72595645225e-05
BPM.20R1.B1 915.3510145 -0.00681821666118 -0.00618845621138 8.97781727322e-05 0.00022445827165
BPM.21R1.B1 968.8024986 -0.00795416335363 -0.00463857241646 0.000221657859502 -9.64853825902e-05
BPM.22R1.B1 1022.253983 -0.00755388331003 -0.00526535047787 -9.89647022326e-05 -0.000220562062471
BPM.23R1.B1 1075.705467 -0.00848226543103 -0.00358277014216 -0.000217491503443 0.000105541850156
BPM.24R1.B1 1129.156951 -0.00800701073106 -0.00424570496775 0.000110389642738 5.76457962517e-05
BPM.25R1.B1 1182.608435 -0.0087138681135 -0.00249133176703 5.43018720684e-05 -0.000112072379028
BPM.26R1.B1 1236.059919 -0.0084843671327 -0.00318649428706 -0.000112673643669 -5.30430068879e-05
BPM.27R1.B1 1289.511403 -0.00896098384416 -0.00135609736953 -4.96354492708e-05 0.000114215729267
BPM.28R1.B1 1342.962887 -0.00866390095409 -0.00206490621636 0.000117180658436 -0.000110293114758
BPM.29R1.B1 1396.414371 -0.00890381234705 -0.000221682455696 -0.000113764034771 -0.000113813979987
BPM.30R1.B1 1449.865855 -0.00885687021758 -0.000939610211494 -0.000112533790286 0.000115030537419
BPM.31R1.B1 1503.31734 -0.00885901299397 0.000919187776806 0.000118359417025 0.000109027187937
BPM.32R1.B1 1556.768824 -0.00890429933402 0.000201173588152 0.000107692651173 -0.00011957495771
BPM.33R1.B1 1610.220308 -0.008668641816 0.0020449123512 -0.000122756421338 -0.000104051621201
BPM.34R1.B1 1663.671792 -0.0088054099138 0.00133857152607 -0.00010267131058 0.00012391320064
BPM.33L2.B1 1717.123276 -0.00833580164579 0.00313710509163 0.000126941961561 9.89020589724e-05
BPM.32L2.B1 1770.57476 -0.00856180509766 0.00245408045937 9.74720594927e-05 -0.000128043254505
BPM.31L2.B1 1824.026244 -0.0078660212901 0.00417764604729 -0.000130913675586 -9.35814515755e-05
BPM.30L2.B1 1877.477728 -0.00817754420928 0.00352913420293 -9.21102739961e-05 0.000131952937457
BPM.29L2.B1 1930.929212 -0.00726691178422 0.00514966120771 0.000134660898011 8.81040338634e-05
BPM.28L2.B1 1984.380696 -0.00765884192075 0.00454633454866 8.6588443496e-05 -0.000135640408812
BPM.27L2.B1 2037.83218 -0.00654848981809 0.00603691133905 -0.000138180333559 -8.24746881239e-05
BPM.26L2.B1 2091.283665 -0.00685603621203 0.00549861008223 -7.85029243945e-05 -1.95467833838e-05
BPM.25L2.B1 2144.735149 -0.00556543010966 0.00680190657455 -1.71798955308e-05 7.90546424552e-05
BPM.24L2.B1 2198.186633 -0.00609621958095 0.00633056491891 7.92421541909e-05 1.62931522567e-05
BPM.23L2.B1 2251.638117 -0.00464952650718 0.0074580056722 1.39047357212e-05 -7.96959474244e-05
BPM.22L2.B1 2305.089601 -0.00507806690201 0.00706829626285 -7.74297071152e-05 -0.000171649600857
BPM.21L2.B1 2358.541085 -0.00350045246147 0.00796833785262 -0.000169246719724 8.25499463426e-05
BPM.20L2.B1 2411.992569 -0.00413202784338 0.00765989043784 8.443987715e-05 0.000168311774722
BPM.19L2.B1 2465.444053 -0.00245211901431 0.00835072978351 0.000165698203172 -8.94597768625e-05
BPM.18L2.B1 2518.895537 -0.00311828015098 0.00812550949077 -9.13115848471e-05 -0.00016468497495
BPM.17L2.B1 2572.347021 -0.00136391043113 0.00859577360797 -0.000161867897135 9.621710475e-05
BPM.16L2.B1 2625.798506 -0.00205306567944 0.0084576886227 9.80238603768e-05 0.000160780188084
BPM.15L2.B1 2679.24999 -0.000252847988582 0.00869963467514 0.00015776229736 -0.000102810523942
BPM.14L2.B1 2732.701474 -0.00095436752003 0.00865082413389 -0.000104572275574 -0.000156600079855
BPM.13L2.B1 2786.152958 0.000861922104405 0.00866052341733 -0.000153387776315 0.000109229746966
BPM.12L2.B1 2839.604442 -0.000949722205554 0.00865133534809 9.9061935217e-05 0.000160142686436
BPM.11L2.B1 2893.055926 -0.00084112593973 0.00866256790632 0.000167186371662 -8.66467747583e-05
BPM.10L2.B1 2944.896615 -0.00102087081944 0.0086432284676 -9.55522273966e-05 -0.000162261267301
BPM.9L2.B1 2983.963605 0.00388362437093 0.00778877636732 -0.000182347373887 4.69934311319e-05
BPM.8L2.B1 3024.428594 0.00487886686437 0.00720723481657 -4.61710594313e-05 0.000182557332303
BPM.7L2.B1 3063.496584 0.00782868699975 0.00380253013488 0.000136861176091 0.000129336635187
BPMR.6L2.B1 3095.602584 0.00869872916961 -0.000282287820533 0.000188113824573 -8.49328692619e-06
BPMYB.5L2.B1 3167.801584 0.00851978145954 0.00177789184991 -0.000100425378461 -0.00015929121746
BPMYB.4L2.B1 3188.371584 0.0074288589738 0.00453427281405 -0.000180866959167 -5.240314209e-05
BPMWI.4L2.B1 3212.839084 0.00813152848011 0.00310255058303 -0.00014997089475 0.000113875710674
BPMSX.4L2.B1 3262.996084 0.00550997391263 0.0067370440889 0.000152351951293 0.000110669910196
BPMS.2L2.B1 3300.907584 0.00550157891451 0.00674390130173 0.000187841580923 -1.3209030431e-05
BPMSW.1L2.B1 3310.841584 0.00575094545933 0.00653254941087 0.000178059852728 -6.12668993284e-05
BPMSW.1R2.B1 3354.031584 0.00575087089226 0.00653261505342 3.13980307018e-05 0.000185669351286
BPMS.2R2.B1 3363.965584 0.00550152033872 0.00674394912217 7.82782608863e-05 0.000171264309569
BPMSX.4R2.B1 3401.877084 0.00550998025016 0.006737038906 0.000170075879535 8.08278541194e-05
BPMWB.4R2.B1 3452.110084 0.00813104074916 0.00310382859034 2.76479643716e-05 -0.00018626469456
BPMYB.4R2.B1 3476.501584 0.00741442352953 0.00455783932519 -0.000132615011186 -0.000133686966804
BPMR.5R2.B1 3506.035584 0.00869235847464 0.000436439821586 -0.000184026735702 3.99137412205e-05
BPM.6R2.B1 3579.331584 0.00714736719509 0.00496615724724 0.000102774705276 0.000157785642931
BPM_A.7R2.B1 3592.206584 0.00635064796233 0.00595120542114 0.000141846008648 0.000123849312123
BPM.8R2.B1 3633.643594 0.00413221208519 0.00765979104454 0.000176904435899 -6.45272570296e-05
BPM.9R2.B1 3672.708605 0.00607730883024 0.00623007969147 -7.8882350036e-05 -0.000170986903041
BPM.10R2.B1 3713.171615 0.00850213701035 0.00186044131501 -0.000156978398619 0.0001040034916
BPM.11R2.B1 3765.010326 0.00810223633057 0.0031782608499 9.09002642265e-05 0.000164912367615
BPM.12R2.B1 3819.733842 0.00826292665965 0.00273342617301 0.000160381878274 -9.86742223601e-05
BPM.13R2.B1 3873.182358 0.00758088983227 0.0042752409209 -0.000113748099237 -0.000150067702724
BPM.14R2.B1 3926.630874 0.00830304532165 0.00260902548754 -0.000146595908464 0.000118188768686
BPM.15R2.B1 3980.07939 0.00806544714981 0.00327049505242 0.000119807445256 0.000145276022679
BPM.16R2.B1 4033.527906 0.00856859094771 0.00152539330164 0.000141628128266 -0.000124098430805
BPM.17R2.B1 4086.976421 0.00841753772487 0.00221192997891 -0.000125661250408 -0.000140243347676
BPM.18R2.B1 4140.424937 0.00869332121164 0.000416823560765 -0.000136417283095 0.000129804752128
BPM.19R2.B1 4193.873453 0.00863133469958 0.00111697666011 0.000131309723065 0.00013496926911
BPM.20R2.B1 4247.321969 0.00867521937376 -0.000698673307364 0.000130982157987 -0.000135287179424
BPM.21R2.B1 4300.770485 0.00870330753361 3.67773478824e-06 -0.00013673137075 -0.000129473858306
BPM.22R2.B1 4354.219001 0.00851457543167 -0.00180265937288 -0.000125321048819 0.000140547439321
BPM.23R2.B1 4407.667517 0.00863228011964 -0.00110964656675 0.000141928577625 0.000123754697878
BPM.24R2.B1 4461.116033 0.00813074458281 -0.00286109857272 0.000119535916558 -6.07928622796e-05
BPM.25R2.B1 4514.564549 0.00833510352032 -0.00219566432581 -6.2114130712e-05 -0.000118854705559
BPM.26R2.B1 4568.013065 0.00769793951934 -0.00387770804617 -0.000116941649451 6.56449287555e-05
BPM.27R2.B1 4621.46158 0.00798577570723 -0.00324380624548 6.69383178677e-05 0.000116206145491
BPM.28R2.B1 4674.910096 0.00705541891448 -0.00481459220478 0.000114233823277 1.43876222329e-05
BPM.29R2.B1 4728.358612 0.00742091638523 -0.00422956666561 1.31209700034e-05 -0.000114386230871
BPM.30R2.B1 4781.807128 0.0063815253039 -0.00567762000818 -0.000114727753832 -9.6908570336e-06
BPM.31R2.B1 4835.255644 0.0068189168486 -0.0051440846814 -8.41696295412e-06 0.00011482824585
BPM.32R2.B1 4888.70416 0.00560289020568 -0.00644723626884 0.000115028652443 4.97795624697e-06
BPM.33R2.B1 4942.152676 0.00610485231129 -0.00597411185087 3.70289584719e-06 -0.000115076755943
BPM.34R2.B1 4995.601192 0.00473204164384 -0.00711104887146 -0.000115136025855 -2.5642944416e-07
BPM.33L3.B1 5049.049708 0.00529051422136 -0.00670594463392 1.021217316e-06 0.000115131789042
BPM.32L3.B1 5102.498224 0.00378363470915 -0.00765789413304 0.000115049699254 -4.4652306705e-06
BPM.31L3.B1 5155.94674 0.00438920039095 -0.00732762949898 -5.74014815018e-06 -0.000114993138466
BPM.30L3.B1 5209.395255 0.00277282848005 -0.0080790257076 -0.00011476978833 9.17968126698e-06
BPM.29L3.B1 5262.843771 0.00341583155206 -0.00782887788972 1.04524747294e-05 0.000114660876034
BPM.28L3.B1 5316.292287 0.00171672506248 -0.00836732270274 0.000114296809282 -1.3878418334e-05
BPM.27L3.B1 5369.740803 0.00238625687752 -0.00820152499664 -1.51446241727e-05 -0.000114135934032
BPM.26L3.B1 5423.189319 0.000548906597622 -0.0085022863955 -0.000113547636677 0.00010332549056
BPM.25L3.B1 5476.637835 0.00123338760559 -0.00843023887114 0.000104578690944 0.000112394488558
BPM.24L3.B1 5530.086351 -0.000543058935728 -0.00850266189991 0.000109214867083 -0.000107895020721
BPM.23L3.B1 5583.534867 0.00014470267404 -0.00851875774614 -0.00010909924551 -0.000108011934659
BPM.22L3.B1 5636.983383 -0.00170962002842 -0.00834742324991 -0.000104615383709 0.000197054198145
BPM.21L3.B1 5690.431899 -0.0010302173015 -0.00845818702999 0.000198202669348 0.000102422840389
BPM.20L3.B1 5743.880414 -0.0027632381546 -0.00806019791126 9.64449202457e-05 -0.000201179306237
BPM.19L3.B1 5797.32893 -0.00210398003771 -0.00825684828111 -0.000202236002535 -9.4208984012e-05
BPM.18L3.B1 5850.777446 -0.0037717112462 -0.00764044957722 -8.81159660266e-05 0.000204964168676
BPM.17L3.B1 5904.225962 -0.00314265991246 -0.00791997248724 0.000205929300111 8.58362390037e-05
BPM.16L3.B1 5957.674478 -0.00471798846688 -0.00709527027999 7.96333214402e-05 -0.000208406500877
BPM.15L3.B1 6011.122994 -0.00413018692568 -0.00745277340923 -0.000209276212029 -7.73188301787e-05
BPM.14L3.B1 6064.57151 -0.00558693127021 -0.00643338748171 -7.1023826168e-05 0.000211495511554
BPM.13L3.B1 6118.020026 -0.0050494114961 -0.0068633606245 0.000212270756804 6.86721094511e-05
BPM.12L3.B1 6171.468542 -0.00663138102385 -0.0053504262703 6.83376799484e-05 -0.000212378663644
BPM.11L3.B1 6224.917058 -0.00687567447179 -0.00503263112917 -0.000212290042147 -6.86124852318e-05
BPM.10L3.B1 6277.697768 -0.00840609388774 -0.00139278894439 -8.39040375634e-05 0.000206724084785
BPM.9L3.B1 6316.762779 -0.00834353019818 -0.00172851940282 9.98081775603e-05 0.000199532109591
BPM.8L3.B1 6357.225789 -0.00667117902553 -0.00530072126738 0.000212299277049 -6.85839013001e-05
BPM.7L3.B1 6396.2898 0.00108268631026 -0.00845163096185 -0.000113840889678 -0.000191872314111
BPM.6L3.B1 6468.9288 0.00100355263032 -0.00846139218026 -0.000201079311682 9.66532246139e-05
BPMWE.5L3.B1 6512.0583 0.000318462518148 -0.00851474351684 -9.57143502616e-05 0.000201527908275
BPMW.5L3.B1 6539.6033 -0.00310059239007 -0.00793653591285 3.36937781947e-05 0.000220543567156
BPMWE.4L3.B1 6614.7313 -0.00453032090804 -0.00721654127659 0.000212581312644 6.77046611712e-05
BPMW.4L3.B1 6642.2763 -0.0030766896523 -0.00794583263848 0.000222493980066 -1.64669713544e-05
BPMW.4R3.B1 6687.2413 -0.00473634705549 -0.00708302845747 0.000165436029385 -0.000149685187682
BPMWE.4R3.B1 6714.7863 -0.00845459393422 -0.00105930022095 -3.62634946027e-05 -0.000220135626007
BPMW.5R3.B1 6789.9143 -0.00829994001024 0.00192698503567 -0.000221143582013 -2.95000174444e-05
BPMWE.5R3.B1 6817.4593 -0.00849288818058 -0.000687841515702 -0.000211253869777 7.17393847716e-05
BPMWC.6R3.B1 6858.4503 -0.00849011141607 -0.000721306859352 -0.000135931600344 0.000176910518332
BPMR.6R3.B1 6870.5288 -0.00846043610668 0.00101158113586 -7.75349386897e-05 0.000209196244881
BPM_A.7R3.B1 6926.3528 -0.00561683907869 0.00640729227382 0.000213769843133 6.38528748818e-05
BPM.8R3.B1 6965.416811 -0.00339185334708 0.00781649578782 0.000154677087796 -0.000160778521346
BPM.9R3.B1 7004.481821 -0.000714098773154 0.00849072072656 -5.07811736784e-05 -0.000217246419771
BPM.10R3.B1 7044.944832 -9.92856556759e-05 0.00852011842 -0.000199385875773 -0.000100099990725
BPM.11R3.B1 7097.725542 -0.00050478342857 0.00850573155098 -0.000160387065721 0.000155082961575
BPM.12R3.B1 7152.449058 -0.00140594793899 0.0084039030196 0.000126592118878 0.000183709475206
BPM.13R3.B1 7205.897574 -0.00118951174211 0.00843725887605 0.000195768531301 -0.000107001949577
BPM.14R3.B1 7259.34609 -0.00186697968899 0.00831364314482 -0.000109171782182 -0.000194566845928
BPM.15R3.B1 7312.794606 -0.000100991920601 0.00852009836582 -0.000191213230179 0.000114944494833
BPM.16R3.B1 7366.243122 -0.00078801023784 0.00848418030196 0.000117057113691 0.000189927269825
BPM.17R3.B1 7419.691638 0.000989977808434 0.00846299116595 0.000186338914389 -0.000122688808213
BPM.18R3.B1 7473.140154 0.000303590292094 0.00851528675163 -0.000124748404167 -0.000184966404043
BPM.19R3.B1 7526.58867 0.00206418392906 0.0082668869759 -0.000181150213512 0.000130228009895
BPM.20R3.B1 7580.037186 0.00139053876988 0.00840646640726 0.000132228361002 0.000179695286921
BPM.21R3.B1 7633.485701 0.00310494584112 0.00793483376416 0.00017565834301 -0.000137545925988
BPM.22R3.B1 7686.934217 0.00245429460472 0.00815957802344 -0.000139485977239 -0.000174121788193
BPM.23R3.B1 7740.382733 0.00409425770866 0.00747257180125 -0.000169868489394 0.000144635511193
BPM.24R3.B1 7793.831249 0.00361017374399 0.007786905877 0.00014854368484 3.58464409964e-05
BPM.25R3.B1 7847.279765 0.00514760208889 0.00686814751571 3.13860290875e-05 -0.000149549693642
BPM.26R3.B1 7900.728281 0.00457645985172 0.00726121703457 -0.000149888785123 -2.97245088531e-05
BPM.27R3.B1 7954.176797 0.00598382784621 0.00615329682767 -2.52244578473e-05 0.00015071138112
BPM.28R3.B1 8007.625313 0.00559998099131 0.00662443836307 0.00015301703498 -0.000108856931205
BPM.29R3.B1 8061.073829 0.00685281114397 0.00531807767665 -0.000113386871204 -0.000149691219133
BPM.30R3.B1 8114.522345 0.00640126391065 0.0058537843376 -0.00014842277416 0.000115042267438
BPM.31R3.B1 8167.97086 0.00747681150817 0.00439775629894 0.000119432883248 0.000144913183045
BPM.32R3.B1 8221.419376 0.0070975661782 0.00498673491313 0.000143581827982 -0.00012103016026
BPM.33R3.B1 8274.867892 0.00797793907459 0.00340521055401 -0.000125272355677 -0.000139895961206
BPM.34R3.B1 8328.316408 0.00767710371689 0.00403795111678 -0.00013849583253 0.000126818557249
BPM.33L4.B1 8381.764924 0.00834798998218 0.00235669980847 0.000130906724796 0.000134638309345
BPM.32L4.B1 8435.21344 0.00813059786769 0.00302263942016 0.00013318077546 -0.000132389291935
BPM.31L4.B1 8488.661956 0.0085808774306 0.00126945393257 -0.000136315269253 -0.00012915955643
BPM.30L4.B1 8542.110472 0.00845044004694 0.00195781351314 -0.000127637261726 0.000137741690613
BPM.29L4.B1 8595.558988 0.00867276902996 0.000161394258573 0.000141499867522 0.00012345781289
BPM.28L4.B1 8649.007504 0.00863146322283 0.000860705159748 0.000121883787463 -0.000142857926567
BPM.27L4.B1 8702.45602 0.00862215842104 -0.000949397126398 -0.000146441291736 -0.000117554210487
BPM.26L4.B1 8755.904535 0.00880285781062 -0.000242133513488 -0.000113890111336 1.53263984616e-05
BPM.25L4.B1 8809.353051 0.00856094506762 -0.0020637717417 1.87289256762e-05 0.000113380260469
BPM.24L4.B1 8862.801567 0.00869956380332 -0.0013662078414 0.000113165779911 -1.99840497162e-05
BPM.23L4.B1 8916.250083 0.0082266016043 -0.00314196758371 -2.33606054493e-05 -0.000112517279447
BPM.22L4.B1 8969.698599 0.008585520974 -0.00245953228904 -0.000110218573225 -0.000107807184519
BPM.21L4.B1 9023.147115 0.00788814147346 -0.00418780295122 -0.000104458452362 0.000113397337175
BPM.20L4.B1 9076.595631 0.00820037870782 -0.00353754979512 0.000114548718519 0.000103194540343
BPM.19L4.B1 9130.044147 0.00728766015195 -0.00516241019275 9.97224110177e-05 -0.000117583849824
BPM.18L4.B1 9183.492663 0.00768045805164 -0.00455752493422 -0.000118682631898 -9.84121632786e-05
BPM.17L4.B1 9236.941179 0.00656737675184 -0.00605227494827 -9.48144006695e-05 0.000121576116592
BPM.16L4.B1 9290.389694 0.00703441291342 -0.00550249983855 0.000122619981098 9.34604882126e-05
BPM.15L4.B1 9343.83821 0.00573927202729 -0.00684260374668 8.97510314695e-05 -0.000125360577178
BPM.14L4.B1 9397.286726 0.00627267133467 -0.00635720566172 -0.00012634833415 -8.83550790796e-05
BPM.13L4.B1 9450.735242 0.00481675283743 -0.00752059582365 -8.4532652258e-05 0.00012893701251
BPM.12L4.B1 9504.183758 0.00570510974927 -0.00687111287623 0.000127609763123 8.65232373132e-05
BPM.11L4.B1 9557.632274 0.00464561547975 -0.00762749803537 8.63191990381e-05 -0.00012774786959
BPMC.10L4.B1 9609.470985 0.0049215935271 -0.00745240810961 -0.000129921194394 -8.30120788038e-05
BPMC.9L4.B1 9648.535995 0.00301777362062 -0.00840556433696 -0.000106757231462 0.00011123585421
BPMC.8L4.B1 9688.999006 0.00599206705253 -0.00662235621723 0.000142496922021 5.88655240249e-05
BPMC.7L4.B1 9728.063016 0.00107319521319 -0.00886615595794 4.71168639182e-05 -0.000146800964505
BPMYB.6L4.B1 9824.667016 -0.000723732915154 -0.00890149875678 -0.000145349691073 -5.14197342286e-05
BPMYA.5L4.B1 9861.667016 -0.00120250039409 -0.00884954587854 -0.000153889059738 -9.41709233692e-06
BPMWA.B5L4.B1 9964.133516 0.00420761446982 -0.00787759163372 -6.24569790859e-05 0.000140959742623
BPMWA.A5L4.B1 9973.018516 0.00463619700139 -0.00763322650162 -4.43498634073e-05 0.000147660462409
BPMWA.A5R4.B1 10021.06752 0.00591186539374 -0.0066940508689 4.97848209772e-05 0.000145917764706
BPMWA.B5R4.B1 10029.95252 0.00597215909291 -0.006640315142 6.4468213353e-05 0.000140051319422
BPMYB.5R4.B1 10132.34302 0.00437459235931 -0.00778610372016 0.000152166647004 2.48159754936e-05
BPMYA.6R4.B1 10163.90702 0.00454231487 -0.00768946324646 0.000153809756044 -1.06336940255e-05
BPMCA.7R4.B1 10260.42302 0.00677320585465 -0.00582100952482 2.7594176819e-05 -0.000151687455249
BPMC.8R4.B1 10298.21203 0.007191324596 -0.0052957832283 -0.00010627273902 -0.000111698825834
BPMC.9R4.B1 10337.27704 0.00447903445152 -0.00772649466749 -0.000111983477404 0.000105972746219
BPMC.10R4.B1 10377.74005 -0.000258058486841 -0.00892714261503 0.000109629511672 0.000108406143418
BPM.11R4.B1 10429.57876 0.000737127680204 -0.00890039955445 0.000122350785738 -9.38126177081e-05
BPM.12R4.B1 10484.30227 -0.00014327221325 -0.00892972242127 -9.16071722694e-05 -0.000124010678344
BPM.13R4.B1 10537.75079 0.00066951125717 -0.00890574107644 -0.000122275155292 9.39111756534e-05
BPM.14R4.B1 10591.19931 -0.00119316196095 -0.0088508097917 9.75280836085e-05 0.000119410199996
BPM.15R4.B1 10644.64782 -0.000475015835478 -0.00891823017205 0.000118321457868 -9.8846116769e-05
BPM.16R4.B1 10698.09634 -0.00231569901903 -0.00862542795876 -0.000102342807641 -0.000115310330352
BPM.17R4.B1 10751.54485 -0.00161209795914 -0.00878416812311 -0.000114168335555 0.000103615217174
BPM.18R4.B1 10804.99337 -0.00339988903083 -0.00825840323559 0.000106985305925 0.000111016513884
BPM.19R4.B1 10858.44189 -0.00272236139014 -0.00850583434509 0.000109822932765 -0.000108210195701
BPM.20R4.B1 10911.8904 -0.00442850651107 -0.00775556571003 -0.000111448352377 -0.000106535383367
BPM.21R4.B1 10965.33892 -0.00378820204961 -0.00808764456983 -0.000105293467189 0.000112622415103
BPM.22R4.B1 11018.78743 -0.00538408692924 -0.00712545278894 0.000115722935469 0.0001018760247
BPM.23R4.B1 11072.23595 -0.00479152228927 -0.00753669580097 0.000100585565216 -0.000116846339788
BPM.24R4.B1 11125.68447 -0.00648710186325 -0.00633319056963 -0.00011957055843 0.000142926909224
BPM.25R4.B1 11179.13298 -0.00595477121168 -0.00683611681942 0.000144244519737 0.000117977705653
BPM.26R4.B1 11232.5815 -0.00724386027931 -0.00545144766921 0.00011360613259 -0.000147712098846
BPM.27R4.B1 11286.03001 -0.00678038918938 -0.00601814886865 -0.000148962511845 -0.000111961555143
BPM.28R4.B1 11339.47853 -0.00811748035125 -0.00443503436486 -0.000107230163267 0.000392224137538
BPM.29R4.B1 11392.92705 -0.00773300333693 -0.00507579319539 0.000393391115004 0.000102866488976
BPM.30R4.B1 11446.37556 -0.00861808041164 -0.00336031354896 9.10350567622e-05 -0.000396296235597
BPM.31R4.B1 11499.82408 -0.00831886836118 -0.00404468124065 -0.000397279636713 -8.66428130428e-05
BPM.32R4.B1 11553.27259 -0.00897714901115 -0.00223020464438 -7.47283457047e-05 0.000399692079413
BPM.33R4.B1 11606.72111 -0.00876786229186 -0.00294747485427 0.000400497789268 7.02823160761e-05
BPM.34R4.B1 11660.16962 -0.00918867679283 -0.001063595781 5.82520880676e-05 -0.000402423625786
BPM.33L5.B1 11713.61814 -0.00907289260784 -0.0018015651267 -0.00040304361825 -5.37952530631e-05
BPM.32L5.B1 11767.06666 -0.00924924167492 0.000120605240498 -4.17231376395e-05 0.000404471581347
BPM.31L5.B1 11820.51517 -0.00922880648566 -0.000626217245468 0.000404910332408 3.72250633485e-05
BPM.30L5.B1 11873.96369 -0.00915783327643 0.00130273052907 2.50780269441e-05 -0.00040584378279
BPM.29L5.B1 11927.4122 -0.00923309388693 0.00055945907556 -0.000406096416019 -2.05860383453e-05
BPM.28L5.B1 11980.86072 -0.0089159428231 0.00246353014097 -8.43648004051e-06 0.000406530336584
BPM.27L5.B1 12034.30924 -0.00908565941517 0.00173603289163 0.000406598989302 3.9172541536e-06
BPM.26L5.B1 12087.75775 -0.00876336008932 0.00362884947375 -8.01855478408e-06 -0.000166560055265
BPM.25L5.B1 12141.20627 -0.00902762549366 0.00290981210077 -0.000166460958724 9.8638823023e-06
BPM.24L5.B1 12194.65478 -0.00822714464559 0.00472007622159 1.48392721892e-05 0.000166091368506
BPM.23L5.B1 12248.1033 -0.00858120190973 0.0040407922855 0.000165916475835 -1.66814813104e-05
BPM.22L5.B1 12301.55182 -0.00779153638009 0.00577879750424 -2.14038861612e-05 7.46437639841e-05
BPM.21L5.B1 12355.00033 -0.00823243242194 0.00513123729341 7.48767128174e-05 2.0574155525e-05
BPM.20L5.B1 12408.44885 -0.00698827890546 0.00672803817321 1.83238445876e-05 -7.5458962085e-05
BPM.19L5.B1 12461.89736 -0.00750846648125 0.0061421063747 -7.5657380569e-05 -1.74865277429e-05
BPM.18L5.B1 12515.34588 -0.00607024111019 0.00756668438607 -1.52148175269e-05 7.61467516583e-05
BPM.17L5.B1 12568.79439 -0.0066610128075 0.00705219455759 7.63109136512e-05 1.43688254063e-05
BPM.16L5.B1 12622.24291 -0.00505243112444 0.00828103130459 1.20785761863e-05 -7.67067530643e-05
BPM.15L5.B1 12675.69143 -0.00570427007817 0.00784626297345 -7.68359045664e-05 -1.12277338692e-05
BPM.14L5.B1 12729.13994 -0.00395162098639 0.0088593019659 -8.92335667873e-06 7.71374875252e-05
BPM.13L5.B1 12782.58846 -0.00465360416286 0.00851155144973 7.72317546948e-05 8.06687287531e-06
BPM.12L5.B1 12836.03697 -0.00412171203594 0.00878145942497 -1.68458925615e-06 -7.763363139e-05
BPM.11L5.B1 12889.48549 -0.0061626316348 0.00749162939628 -7.68613126889e-05 1.10524482839e-05
BPM.10L5.B1 12942.2662 -0.00517330876602 0.00820605972169 1.48947693976e-05 7.62100001164e-05
BPM.9L5.B1 12981.33121 -0.00641171711846 0.00727958951421 7.7510103165e-05 -4.69052675094e-06
BPM.8L5.B1 13021.79422 -0.000804074060125 0.00966726459007 -4.09534948557e-05 -6.59744630913e-05
BPMR.7L5.B1 13060.86023 -0.00605180943995 0.0075814340453 -6.91998641423e-05 3.52306247233e-05
BPM.6L5.B1 13097.75423 -0.00584888812397 0.00773905985454 -2.50839658914e-05 7.3488867435e-05
BPMR.5L5.B1 13129.65423 -0.00632696431879 0.00735337081043 1.36475805318e-05 7.64431883925e-05
BPMYA.4L5.B1 13157.06023 -0.00614410580488 0.00750683046384 4.28769391159e-05 6.47409150493e-05
BPMWB.4L5.B1 13178.19473 -0.00714661200069 0.00655960948972 6.36054761058e-05 4.45439325058e-05
BPMSY.4L5.B1 13270.97473 -0.00765950269132 0.00595269335928 3.94372801278e-05 -6.68918474076e-05
BPMS.2L5.B1 13297.76023 -0.0082094740274 0.00516788893298 6.45782996444e-06 -7.73829030691e-05
BPMSW.1L5.B1 13307.81423 -0.0083913316031 0.00486704156891 -1.53682884286e-05 -7.61159230242e-05
BPMSW.1R5.B1 13350.76423 -0.00839131396361 0.00486707197589 7.706054287e-05 9.56514040509e-06
BPMS.2R5.B1 13360.81823 -0.00820945815097 0.00516791412424 7.66724496075e-05 -1.22945153902e-05
BPMSY.4R5.B1 13387.60373 -0.00765949464026 0.0059527037238 6.37159706255e-05 -4.43857311117e-05
BPMWT.A4R5.B1 13478.00823 -0.00724706445804 0.00644845690739 -4.65108685134e-05 -6.2181650678e-05
BPMWT.B4R5.B1 13479.99023 -0.0071636034373 0.0065410492697 -4.8785967832e-05 -6.04131407815e-05
BPMWB.4R5.B1 13480.38373 -0.00714670859556 0.00655950424954 -4.92282295167e-05 -6.00533123051e-05
BPMYA.4R5.B1 13501.51623 -0.00614433634595 0.007506641768 -6.77976865615e-05 -3.78588439367e-05
BPM.5R5.B1 13522.63423 -0.00609294352703 0.00754841565516 -7.61594504307e-05 -1.5151112811e-05
BPMWT.A6R5.B1 13543.69223 -0.00650675654925 0.00719476607389 -7.71164130613e-05 9.10364348838e-06
BPMWT.B6R5.B1 13549.51423 -0.00639821152562 0.00729146275314 -7.59866850868e-05 1.59950934063e-05
BPMR.6R5.B1 13554.53423 -0.00620678404096 0.00745509031609 -7.43916950633e-05 2.22641917107e-05
BPM_A.7R5.B1 13588.54823 -0.00550152105415 0.00798973127355 -4.52080998819e-05 6.31351422796e-05
BPM.8R5.B1 13629.98722 -0.00307466666324 0.00920048719943 5.08751053419e-05 5.86646598333e-05
BPM.9R5.B1 13669.05421 -0.00329123169903 0.00912525800512 3.97174922687e-05 -6.67258521316e-05
BPM.10R5.B1 13709.5192 -0.0066293919655 0.00708192784671 -7.263491501e-05 -2.74588514519e-05
BPM.11R5.B1 13762.30189 -0.0037132632099 0.00896181990806 -1.63350712236e-05 7.59143183138e-05
BPM.12R5.B1 13817.02837 -0.00563260405454 0.00789786751317 7.60799171607e-05 1.55455651984e-05
BPM.13R5.B1 13870.47986 -0.00490720554082 0.00836790735559 1.99862158829e-05 -7.50357861538e-05
BPM.14R5.B1 13923.93134 -0.00556681022765 0.00794437937008 -7.52551321224e-05 -1.91437333278e-05
BPM.15R5.B1 13977.38283 -0.00379661155131 0.00892682925089 -1.68742486314e-05 7.57962945376e-05
BPM.16R5.B1 14030.83431 -0.00450465968246 0.00859130845175 7.59806963163e-05 1.60234918633e-05
BPM.17R5.B1 14084.28579 -0.00262343080619 0.00933917290456 1.37335719339e-05 -7.64277933567e-05
BPM.18R5.B1 14137.73728 -0.00336871808501 0.00909693784737 -7.65768003962e-05 -1.28768339764e-05
BPM.19R5.B1 14191.18876 -0.0014071377372 0.00959804683978 -1.05702539381e-05 7.69291107795e-05
BPM.20R5.B1 14244.64025 -0.00217715600528 0.00945317573602 7.70427558803e-05 9.70734561549e-06
BPM.21R5.B1 14298.09173 -0.000167750017732 0.00969919582586 7.3885583175e-06 -7.7299597212e-05
BPM.22R5.B1 14351.54322 -0.000950101604591 0.00965400676798 -7.73775018791e-05 -6.52228296824e-06
BPM.23R5.B1 14404.9947 0.00107444978804 0.00964095936236 -4.19434826805e-06 7.7538542686e-05
BPM.24R5.B1 14458.44618 0.000389658150087 0.0097023487593 7.90598151455e-05 -9.37250462205e-05
BPM.25R5.B1 14511.89767 0.00239480338119 0.00941022431778 -9.60576193267e-05 -7.62087512318e-05
BPM.26R5.B1 14565.34915 0.00162750212846 0.00957280741224 -7.51276729309e-05 9.69054782637e-05
BPM.27R5.B1 14618.80064 0.00357913077432 0.00902647372078 9.91191226681e-05 7.21819874835e-05
BPM.28R5.B1 14672.25212 0.00293568670937 0.0092920638891 7.25472825442e-05 -0.00019697236252
BPM.29R5.B1 14725.7036 0.00480019558124 0.00848049704472 -0.000199062933432 -6.65970624423e-05
BPM.30R5.B1 14779.15509 0.00410015984897 0.00884021475969 -6.43609787126e-05 0.000199797104067
BPM.31R5.B1 14832.60657 0.00584589746536 0.00779654992027 0.000201640492718 5.83295040259e-05
BPM.32R5.B1 14886.05806 0.0051974564027 0.00824300641289 5.60688267329e-05 -0.000202280758625
BPM.33R5.B1 14939.50954 0.00679503272993 0.00698485776298 -0.000203874096105 -4.99657120262e-05
BPM.34R5.B1 14992.96102 0.00620919312612 0.00751043464224 -4.76756928815e-05 0.000204421738366
BPM.33L6.B1 15046.41251 0.00763292913174 0.0060579782661 0.000205761577234 4.15137615361e-05
BPM.32L6.B1 15099.86399 0.00711900056614 0.00665436238366 3.9208921797e-05 -0.000206213191224
BPM.31L6.B1 15153.31548 0.00834506020805 0.00503196560581 -0.000207298333117 -3.29942506809e-05
BPM.30L6.B1 15206.76696 0.00791175821533 0.00568900603798 -3.06661347237e-05 0.000207655496897
BPM.29L6.B1 15260.21845 0.00892030586539 0.00392286261022 0.000208482827104 2.44157792511e-05
BPM.28L6.B1 15313.66993 0.00857453680768 0.00463012163297 2.20821461784e-05 -0.000208742900034
BPM.27L6.B1 15367.12141 0.0093488013399 0.00274965840549 -0.000209312289826 -1.57981729931e-05
BPM.26L6.B1 15420.5729 0.00919329584388 0.00350131797444 -1.19714749779e-05 0.000112426762326
BPM.25L6.B1 15474.02438 0.0097198239515 0.00151688442358 0.000112735609067 8.58925823473e-06
BPM.24L6.B1 15527.47587 0.00956566989386 0.00229649199709 7.32694089786e-06 -0.000112824681121
BPM.23L6.B1 15580.92735 0.00983401016241 0.000261074947217 -0.000112993916731 -3.93296408536e-06
BPM.22L6.B1 15634.37883 0.00987776756086 0.00106002337387 -1.18734489594e-06 1.59793084937e-05
BPM.21L6.B1 15687.83032 0.00988267154985 -0.00101328406698 1.60077658047e-05 7.06779097697e-07
BPM.20L6.B1 15741.2818 0.00993221394633 -0.000212291509273 5.27448540093e-07 -1.60146787384e-05
BPM.19L6.B1 15794.73329 0.0096718561528 -0.00226917167777 -1.60232912391e-05 -4.60198031387e-08
BPM.18L6.B1 15848.18477 0.00982344485815 -0.00148117271048 1.33570724254e-07 1.60228068034e-05
BPM.17L6.B1 15901.63625 0.00930208829445 -0.00348784961029 1.60115566612e-05 -6.14819197024e-07
BPM.16L6.B1 15955.08774 0.00955325869799 -0.00272565400718 -7.94117480629e-07 -1.60036660204e-05
BPM.15L6.B1 16008.53922 0.00877947997003 -0.00464915830931 -1.59725814267e-05 1.27464088591e-06
BPM.14L6.B1 16061.99071 0.00912606828803 -0.00392540687292 1.45357606814e-06 1.59572940237e-05
BPM.13L6.B1 16115.44219 0.00811258653532 -0.00573409812161 1.59064324534e-05 -1.93224626103e-06
BPM.12L6.B1 16168.89367 0.00854887569726 -0.0050606981605 -2.11041022057e-06 -1.58837791553e-05
BPM.11L6.B1 16222.34516 0.00764273972544 -0.00634684732956 -1.57242963707e-05 3.08131351001e-06
BPM.10L6.B1 16274.18585 0.00812425086032 -0.00571755975771 4.07431422487e-06 1.5496710161e-05
BPM.9L6.B1 16313.25284 0.00474210870267 -0.00872962465287 1.60165131925e-05 4.68328286855e-07
BPM.8L6.B1 16353.71783 0.00213271909365 -0.00970285787058 1.47965836601e-06 -1.59549026949e-05
BPMYA.5L6.B1 16450.80782 -0.00579478268734 -0.00806935158954 -1.41734549435e-05 7.47403318619e-06
BPMYB.4L6.B1 16487.20782 -0.0055499434387 -0.00823966440033 -1.22076999516e-05 1.03788493138e-05
BPMSA.B4L6.B1 16519.19832 -0.00643232604337 -0.00757093938756 -9.5768364789e-06 1.28464915429e-05
BPMSA.A4L6.B1 16519.78332 -0.00644916120511 -0.00755660381968 -9.51838118518e-06 1.28898629661e-05
BPMSE.4L6.B1 16616.45832 -0.00868199455996 -0.00482875884705 4.49711325437e-06 1.53793406438e-05
BPMSA.4R6.B1 16708.02832 -0.00837235389897 -0.00534767535755 1.55106148262e-05 4.02107028056e-06
BPMSB.A4R6.B1 16804.83832 -0.00518250906866 -0.00847558501174 1.1598869022e-05 -1.10550591948e-05
BPMSB.B4R6.B1 16805.47332 -0.00516028700022 -0.00848913303077 1.15407913512e-05 -1.11156744251e-05
BPMYA.4R6.B1 16830.80782 -0.00433584553316 -0.00893836590504 9.22032835768e-06 -1.31047201713e-05
BPMYB.5R6.B1 16867.20782 -0.00433521201445 -0.00893867318415 6.07262081231e-06 -1.48280638017e-05
BPM.8R6.B1 16962.93481 0.00109491947048 -0.00987396034443 -1.59497013556e-05 1.53464361007e-06
BPM.9R6.B1 17002.0018 0.00284013177983 -0.00951985257061 7.29742747742e-06 1.42651890424e-05
BPM.10R6.B1 17042.46678 -0.00384634276127 -0.00915967187693 1.4523019212e-05 -6.76980299922e-06
BPM.11R6.B1 17094.30747 -0.00375233934076 -0.00919858092345 -2.99258433494e-06 -1.57414274627e-05
BPM.12R6.B1 17149.03396 -0.00432278944592 -0.0089446874167 -1.58703124656e-05 2.20937127267e-06
BPM.13R6.B1 17202.48544 -0.00354109438024 -0.00928194980181 2.44454938133e-06 1.58357905585e-05
BPM.14R6.B1 17255.93693 -0.00539048335266 -0.00834485654437 1.57552075777e-05 -2.91915774637e-06
BPM.15R6.B1 17309.38841 -0.00469941842562 -0.00875268004605 -3.09549981988e-06 -1.5721513289e-05
BPM.16R6.B1 17362.83989 -0.00641378964957 -0.0075866490534 -1.56214100869e-05 3.56646594261e-06
BPM.17R6.B1 17416.29138 -0.0057804862518 -0.00807959901496 3.74124783139e-06 1.55804728851e-05
BPM.18R6.B1 17469.74286 -0.00733157045669 -0.00670388068061 1.54610481457e-05 -4.20762329386e-06
BPM.19R6.B1 17523.19435 -0.00676661414212 -0.0072737111973 -4.38061863755e-06 -1.54129262535e-05
BPM.20R6.B1 17576.64583 -0.00812898344519 -0.00571082915903 -1.52743590214e-05 4.84170135676e-06
BPM.21R6.B1 17630.09731 -0.00764149318502 -0.00634834808771 5.01250113527e-06 1.52191637545e-05
BPM.22R6.B1 17683.5488 -0.00879272598561 -0.00462405788884 1.50616930955e-05 -5.46747958419e-06
BPM.23R6.B1 17737.00028 -0.00839085671097 -0.00531859616524 -5.63592178582e-06 -1.49994861666e-05
BPM.24R6.B1 17790.45177 -0.00925391967338 -0.00347224455718 -1.48885122193e-05 -5.3081838353e-05
BPM.25R6.B1 17843.90325 -0.00894346173017 -0.00420785027127 -5.29117967881e-05 1.54819601051e-05
BPM.26R6.B1 17897.35474 -0.00962206548456 -0.00225994855585 1.70645183599e-05 5.24228125407e-05
BPM.27R6.B1 17950.80622 -0.00940828194565 -0.00302914880474 5.22282120652e-05 -1.76511610918e-05
BPM.28R6.B1 18004.2577 -0.00977398380795 -0.00102149216373 -1.92778776717e-05 -0.000110839372874
BPM.29R6.B1 18057.70919 -0.00965964355394 -0.00180706726708 -0.000110616666807 2.05172091701e-05
BPM.30R6.B1 18111.16067 -0.00982435414055 0.000237216091861 2.38307463415e-05 0.000109950438774
BPM.31R6.B1 18164.61216 -0.00981145046536 -0.000556457988798 0.000109676235478 -2.50624532668e-05
BPM.32R6.B1 18218.06364 -0.00971328313293 0.00149209132442 -2.83465326509e-05 -0.000108873674512
BPM.33R6.B1 18271.51512 -0.0098020257187 0.000703205173364 -0.000108549597545 2.95632840919e-05
BPM.34R6.B1 18324.96661 -0.00944259981625 0.00272240966922 3.28109307091e-05 0.000107612480757
BPM.33L7.B1 18378.41809 -0.00963151450653 0.00195144408339 0.000107237720751 -3.40157941346e-05
BPM.32L7.B1 18431.86958 -0.00901674849228 0.00390799850842 -3.7222292206e-05 -0.000106167335827
BPM.31L7.B1 18485.32106 -0.0093027666155 0.00316744992766 -0.000105744058294 3.84082980634e-05
BPM.30L7.B1 18538.77254 -0.00844271426436 0.00502939176698 4.15679346867e-05 0.000104542384591
BPM.29L7.B1 18592.22403 -0.00882108171141 0.004331595913 0.000104069662826 -4.27376642251e-05
BPM.28L7.B1 18645.67551 -0.0077299767101 0.00606808584001 -4.58447913011e-05 -0.000102738785799
BPM.27L7.B1 18699.127 -0.00819454379183 0.00542435781525 -0.000102219111984 4.69920748715e-05
BPM.26L7.B1 18752.57848 -0.00683204152087 0.0069960111886 4.99770187086e-05 4.15952778083e-05
BPM.25L7.B1 18806.02997 -0.00737440985585 0.00642176323911 4.10325037783e-05 -5.04400958393e-05
BPM.24L7.B1 18859.48145 -0.00588098944841 0.00781248532385 -5.16498213003e-05 -3.94989283651e-05
BPM.23L7.B1 18912.93293 -0.00649235579645 0.00731233752736 -3.89179379253e-05 5.20890027632e-05
BPM.22L7.B1 18966.38442 -0.00477507345683 0.00848954753347 5.31694283607e-05 -2.18299178531e-05
BPM.21L7.B1 19019.8359 -0.00544474505691 0.00807641598199 -2.24242504112e-05 -5.29215080193e-05
BPM.20L7.B1 19073.28739 -0.00364989015571 0.00903061712642 -5.22241178614e-05 2.40036378615e-05
BPM.19L7.B1 19126.73887 -0.00436679999342 0.00870659529853 2.4587294708e-05 5.19518852285e-05
BPM.18L7.B1 19180.19035 -0.0024645425104 0.0094233632025 5.11895546055e-05 -2.61373789111e-05
BPM.17L7.B1 19233.64184 -0.00321714772725 0.00919367741364 -2.67091921714e-05 -5.08935397442e-05
BPM.16L7.B1 19287.09332 -0.00123889873584 0.00966120457074 -5.00683066034e-05 2.82258375103e-05
BPM.15L7.B1 19340.54481 -0.00201454722395 0.00952970845805 2.87851341916e-05 4.97488616484e-05
BPM.14L7.B1 19393.99629 7.31530259117e-06 0.00974031263939 4.88614598974e-05 -3.02670025255e-05
BPM.13L7.B1 19447.44777 -0.000778954406976 0.00970911807889 -3.0812427797e-05 -4.85193552601e-05
BPM.12L7.B1 19500.89926 0.00124359509543 0.00966060117762 -4.75525137968e-05 3.22845423722e-05
BPM.11L7.B1 19554.35074 0.000370385181953 0.00973327070666 3.26255105636e-05 4.73192261124e-05
BPM.10L7.B1 19607.13343 0.00364244722064 0.00903362175653 4.98724013935e-05 -2.85705523351e-05
BPM.9L7.B1 19646.20042 0.00447496701906 0.00865149779 -4.64818514899e-07 -5.7474491572e-05
BPM.8L7.B1 19686.66541 0.00928594060117 0.00294024674894 -5.74444938668e-05 -1.91409838533e-06
BPM.7L7.B1 19725.7314 0.009459726484 0.00232105981299 -3.33367603771e-05 4.682086494e-05
BPM.6L7.B1 19760.5494 0.00911117658445 0.00344386485056 5.02061923914e-06 5.72566688927e-05
BPMWC.6L7.B1 19772.6519 0.00817200516218 0.00530019579382 2.21940982209e-05 5.30184401336e-05
BPMWE.5L7.B1 19849.7059 0.00972732872025 0.000502811892257 4.47437791028e-05 -3.60766917764e-05
BPMW.5L7.B1 19872.9109 0.00860985224684 -0.00455457881254 1.20036247028e-05 -5.62089547267e-05
BPMWE.4L7.B1 19907.9959 0.00839204965444 -0.00494441568128 -1.52691719742e-05 -5.54110618262e-05
BPMW.4L7.B1 19936.1009 0.00959863837173 -0.00165525987014 -4.11255653277e-05 -4.0152474541e-05
BPMW.4R7.B1 20052.1479 0.00894998443422 -0.00384337383844 -1.2317202528e-05 5.61410658244e-05
BPMWE.4R7.B1 20080.2529 0.00672430212662 -0.00704680812516 1.90615231081e-05 5.42235284793e-05
BPMW.5R7.B1 20115.3379 0.00671266823106 -0.00705789126265 3.92051612814e-05 4.20296214045e-05
BPMWE.5R7.B1 20138.5429 0.00858919205136 -0.00459342178933 5.35889601368e-05 2.0778757673e-05
BPMR.6R7.B1 20217.7584 0.00973982966016 9.72729663926e-05 1.5609540755e-05 -5.53161406137e-05
BPM_A.7R7.B1 20255.7944 0.00956264610198 -0.00185190263971 -3.10181263927e-05 -4.83881058626e-05
BPM.8R7.B1 20294.86039 0.00812465292915 -0.00537250022038 -5.66346796896e-05 9.80030710508e-06
BPM.9R7.B1 20333.92738 0.00303555086242 -0.00925522418893 6.54925836478e-07 5.74726402191e-05
BPM.10R7.B1 20374.39237 0.000988468891951 -0.00969002956928 5.20091928925e-05 2.44658355173e-05
BPM.11R7.B1 20427.17506 -0.000397790502491 -0.00973218919553 2.90259779793e-05 -4.96087273074e-05
BPM.12R7.B1 20481.90154 8.2237766901e-05 -0.00973996821267 -5.03309437127e-05 -2.77548065323e-05
BPM.13R7.B1 20535.35303 -0.00211901932494 -0.00950702376676 -2.54953728505e-05 5.15123210591e-05
BPM.14R7.B1 20588.80451 -0.00134472220195 -0.00964704441935 5.17946052444e-05 2.49169046774e-05
BPM.15R7.B1 20642.25599 -0.00331780311167 -0.00915783414756 2.33495099449e-05 -5.25198436046e-05
BPM.16R7.B1 20695.70748 -0.00256791552405 -0.00939571996672 -5.27782135518e-05 -2.27594671235e-05
BPM.17R7.B1 20749.15896 -0.00446209936063 -0.00865814143841 -2.1163693224e-05 5.34381103682e-05
BPM.18R7.B1 20802.61045 -0.00374865587507 -0.00899006801832 5.36718266786e-05 2.0563749551e-05
BPM.19R7.B1 20856.06193 -0.00553303249531 -0.0080161895761 1.89417724974e-05 -5.42654818922e-05
BPM.20R7.B1 20909.51341 -0.00486804447712 -0.00843658027914 -5.44743106312e-05 -1.83325438363e-05
BPM.21R7.B1 20962.9649 -0.00651305923462 -0.00724249979301 -1.66879427645e-05 5.50004175556e-05
BPM.22R7.B1 21016.41638 -0.00590720405241 -0.00774459063614 5.51839366509e-05 1.60706715205e-05
BPM.23R7.B1 21069.86787 -0.00738606017781 -0.00634979203115 1.44051863527e-05 -5.56419256505e-05
BPM.24R7.B1 21123.31935 -0.00692725433844 -0.00693013121159 -5.69878337576e-05 6.41292370579e-05
BPM.25R7.B1 21176.77083 -0.00821474175531 -0.00534149690956 6.58122790874e-05 5.50355929671e-05
BPM.26R7.B1 21230.22232 -0.0077568114526 -0.00598710676702 5.42943264712e-05 -6.64251400437e-05
BPM.27R7.B1 21283.6738 -0.00883060444595 -0.00424664531176 -6.80264308495e-05 -5.22740500428e-05
BPM.28R7.B1 21337.12529 -0.00853682103822 -0.00495046306921 -5.269824359e-05 0.000146518870935
BPM.29R7.B1 21390.57677 -0.00937838568625 -0.00307087609506 0.000148036148151 4.82719727323e-05
BPM.30R7.B1 21444.02826 -0.00909993860967 -0.00381778932927 4.66081490067e-05 -0.000148568380235
BPM.31R7.B1 21497.47974 -0.00969419609103 -0.00184579528787 -0.000149901381259 -4.21243443423e-05
BPM.32R7.B1 21550.93122 -0.00951358885109 -0.00262221762438 -4.04445764781e-05 0.000150363291243
BPM.33R7.B1 21604.38271 -0.00985066678496 -0.000590560731905 0.000151510726519 3.59080000934e-05
BPM.34R7.B1 21657.83419 -0.00977086442464 -0.00138369306261 3.42057128957e-05 -0.000151904091624
BPM.33L8.B1 21711.28568 -0.00984527496047 0.000674506491611 -0.00015286296601 -2.9627637983e-05
BPM.32L8.B1 21764.73716 -0.00986759525278 -0.000122319405734 -2.79156876265e-05 0.00015318485197
BPM.31L8.B1 21818.18864 -0.00967809901331 0.00192841840508 0.000153954568236 2.32996691509e-05
BPM.30L8.B1 21871.64013 -0.00980217137071 0.0011409795955 2.15706787786e-05 -0.000154206331801
BPM.29L8.B1 21925.09161 -0.0093518868876 0.00315065226409 -0.000154784622303 -1.6929425119e-05
BPM.28L8.B1 21978.5431 -0.0095756650789 0.00238558930918 -1.51967620236e-05 0.000154964323374
BPM.27L8.B1 22031.99458 -0.00887197688858 0.00432116005305 0.000155351039205 1.05327724952e-05
BPM.26L8.B1 22085.44606 -0.00926959472169 0.00358607976263 7.60318511353e-06 -7.75489197286e-05
BPM.25L8.B1 22138.89755 -0.00832341188538 0.00543195811583 -7.77423070761e-05 -5.27024940098e-06
BPM.24L8.B1 22192.34903 -0.00873467228374 0.00474245236324 -4.39968034423e-06 7.77964377245e-05
BPM.23L8.B1 22245.80052 -0.00756010964146 0.00645213891517 7.78935045202e-05 2.06007999213e-06
BPM.22L8.B1 22299.252 -0.00813398225721 0.00581601735188 -3.48500433647e-10 1.81707422995e-11
BPM.21L8.B1 22352.70349 -0.00674967410912 0.00737764357107 3.23597438274e-11 3.51386273766e-10
BPM.20L8.B1 22406.15497 -0.00732312871815 0.00680878190305 3.54648216928e-10 -3.71380670346e-11
BPM.19L8.B1 22459.60645 -0.0057504410218 0.00818047390537 -4.50018532093e-11 -3.50790857832e-10
BPM.18L8.B1 22513.05794 -0.00639192427184 0.00768967030319 -3.50016098265e-10 5.06089547421e-11
BPM.17L8.B1 22566.50942 -0.00465667357328 0.00884890481874 6.41169877491e-11 3.47179571322e-10
BPM.16L8.B1 22619.96091 -0.00535570672367 0.0084441773291 3.48316926314e-10 -6.42959435166e-11
BPM.15L8.B1 22673.41239 -0.00348641091938 0.00937190824643 -7.71383781571e-11 -3.4569661324e-10
BPM.14L8.B1 22726.86387 -0.00423144323873 0.00905994555446 -3.46372390261e-10 8.11035665212e-11
BPM.13L8.B1 22780.31536 -0.00225884553236 0.00974091074443 8.90661471659e-11 3.41675556596e-10
BPM.12L8.B1 22833.76684 -0.00289288914094 0.00957177714189 3.41699153929e-10 -9.7545448657e-11
BPM.11L8.B1 22887.21833 -0.0013681397791 0.00990534799087 -1.2689395699e-10 -3.30401250833e-10
BPM.10L8.B1 22939.05902 -0.00275681915735 0.00961185067457 -3.22460126668e-10 1.41353959718e-10
BPM.9L8.B1 22978.126 0.000776474937309 0.00996919314473 4.15027122744e-11 3.4963576601e-10
BPM.8L8.B1 23018.59099 0.000846095892563 0.00996352583251 3.5072145048e-10 -6.12578739196e-11
BPM.7L8.B1 23057.65898 0.00747358136314 0.0066432903625 -6.35272704911e-11 -3.4472174968e-10
BPMR.6L8.B1 23090.12798 0.00989542144064 0.00143817932346 -3.26373284627e-10 -1.31184467276e-10
BPM.5L8.B1 23150.54698 0.00894368237641 -0.00447194262123 -2.87384170622e-11 3.48527175121e-10
BPMYB.4L8.B1 23171.31398 0.00956889376263 -0.00290241233946 1.77288547167e-10 3.05129219469e-10
BPMWB.4L8.B1 23195.70548 0.00884932136235 -0.00465588194657 3.5151646258e-10 3.86895432847e-11
BPMSX.4L8.B1 23245.93848 0.00999279592575 0.000362980501847 -6.63820440427e-11 -3.4589956047e-10
BPMS.2L8.B1 23283.84998 0.0099923348177 0.000375459644288 -2.83466381702e-10 -2.398617102e-10
BPMSW.1L8.B1 23293.78398 0.00999938625852 -3.76953812477e-08 -3.09986687671e-10 -1.51333900559e-10
BPMSW.1R8.B1 23336.97398 0.00999938625406 -2.54964109438e-08 2.04437492325e-10 -2.89121351947e-10
BPMS.2R8.B1 23346.90798 0.00999233445689 0.000375469567903 1.15390203719e-10 -3.23039996492e-10
BPMSX.4R8.B1 23384.81948 0.00999279581343 0.000362983554442 -1.25963490386e-10 -3.21488267549e-10
BPMWB.4R8.B1 23434.97648 0.00884886270888 -0.00465675359431 -2.78527838724e-10 2.18237068447e-10
BPMYB.4R8.B1 23459.44398 0.00956044216739 -0.00293013152096 4.02196686994e-12 3.5317673017e-10
BPMYB.5R8.B1 23480.02098 0.00860179047865 -0.00509871805971 2.21528611316e-10 2.74726227296e-10
BPM.6R8.B1 23564.12898 0.00961879569773 -0.00273248872969 9.12423472889e-11 -3.31981093993e-10
BPM_A.7R8.B1 23586.36898 0.00994771588981 -0.00101522107787 -5.7644275834e-11 -3.47381181223e-10
BPM.8R8.B1 23627.80599 0.00923806379372 0.00382699655233 -3.49802841547e-10 -4.26286923675e-11
BPM.9R8.B1 23666.871 0.00763703186688 0.00645472458797 1.3769393489e-10 3.23901990943e-10
BPM.10R8.B1 23707.33402 0.00994796365519 0.00101279035679 2.46669376172e-10 -2.35096461869e-10
BPM.11R8.B1 23759.17273 0.00843508909137 0.00537000905482 -2.79682313605e-10 -2.15623353428e-10
BPM.12R8.B1 23813.89624 0.00879737978964 0.00475329718173 -2.09302519569e-10 2.88818853742e-10
BPM.13R8.B1 23867.34476 0.00800836049571 0.00598781157451 2.97440343805e-10 1.90634949508e-10
BPM.14R8.B1 23920.79327 0.00907665808364 0.00419547415338 1.88842157884e-10 -3.0041866473e-10
BPM.15R8.B1 23974.24179 0.00870850041448 0.00491423908503 -3.03100999873e-10 -1.79484668792e-10
BPM.16R8.B1 24027.69031 0.00953876454197 0.00299994938011 -1.72191157999e-10 3.08188870278e-10
BPM.17R8.B1 24081.13882 0.00926555729964 0.00375994324459 3.08983324225e-10 1.6951136047e-10
BPM.18R8.B1 24134.58734 0.00984415687247 0.001755078561 1.58913237816e-10 -3.20263933239e-10
BPM.19R8.B1 24188.03585 0.00967042339605 0.00254374460414 -3.11485558659e-10 -1.57227530097e-10
BPM.20R8.B1 24241.48437 0.00998778976365 0.000481436302802 -1.44814077524e-10 3.22138312728e-10
BPM.21R8.B1 24294.93289 0.00991636324618 0.00128587138844 3.20174358606e-10 1.43135570051e-10
BPM.22R8.B1 24348.3814 0.00996731750361 -0.000800191890144 1.30781312552e-10 -3.26095791177e-10
BPM.23R8.B1 24401.82992 0.00999938396063 6.75604589114e-06 -3.35565986329e-10 -1.20872250224e-10
BPM.24R8.B1 24455.27843 0.00945923146029 -0.00200674974213 3.31441402336e-07 0.000329567886628
BPM.25R8.B1 24508.72695 0.00959032605184 -0.00123683085147 0.000329544030875 -3.97850927248e-06
BPM.26R8.B1 24562.17546 0.00912480195532 -0.00320032710935 -1.38314834222e-05 -0.000329277680681
BPM.27R8.B1 24615.62398 0.00935328807866 -0.00245359052646 -0.00032910363457 1.74898410587e-05
BPM.28R8.B1 24669.0725 0.00831669752787 -0.00427930994991 2.76825085142e-05 0.000657974350561
BPM.29R8.B1 24722.52101 0.00863496882514 -0.00359405965677 0.000657628503953 -3.4947351228e-05
BPM.30R8.B1 24775.96953 0.0077009239805 -0.00530808075064 -5.458643587e-05 -0.000656290248291
BPM.31R8.B1 24829.41804 0.00810405803409 -0.00466949619249 -0.000655641829697 6.18899180955e-05
BPM.32R8.B1 24882.86656 0.00695871757824 -0.00624949606636 8.15044830853e-05 0.000653493370996
BPM.33R8.B1 24936.31508 0.00744048727066 -0.00566737157188 0.000652552908224 -8.87201479537e-05
BPM.34R8.B1 24989.76359 0.00610201414498 -0.00708839719208 -0.000108190918829 -0.000649608568414
BPM.33L1.B1 25043.21211 0.00665395132427 -0.00657304215817 -0.000648364621035 0.000115411794959
BPM.32L1.B1 25096.66062 0.00514528354018 -0.0078106343339 0.000134776771496 0.000644617551551
BPM.31L1.B1 25150.10914 0.00575902102728 -0.00736977803235 0.000643087669521 -0.000141897201966
BPM.30L1.B1 25203.55766 0.00410368819781 -0.0084047423854 -0.00016106867308 -0.000638555752675
BPM.29L1.B1 25257.00617 0.00476831001687 -0.00804631412413 -0.000636726066717 0.00016815612415
BPM.28L1.B1 25310.45469 0.00299508594083 -0.00886055368467 0.00018714173752 0.000631406789789
BPM.27L1.B1 25363.9032 0.00370060372763 -0.00858984769783 0.000629296120905 -0.000194120994165
BPM.26L1.B1 25417.35172 0.00151324691228 -0.00910905093645 -0.000212541078097 -0.000293646705649
BPM.25L1.B1 25470.80023 0.00224334560713 -0.00895723872645 -0.000291269907342 0.000215786796642
BPM.24L1.B1 25524.24875 0.00033591109403 -0.00922777811374 0.000224406572257 0.000284681909384
BPM.23L1.B1 25577.69727 0.00107952048556 -0.00917057035806 0.000282176447363 -0.000227549008088
BPM.22L1.B1 25631.14578 -0.00117107752817 -0.00913310714683 -0.000235567432249 5.43104103131e-05
BPM.21L1.B1 25684.5943 -0.000430041472495 -0.00919783306356 5.69198004195e-05 0.000234950573017
BPM.20L1.B1 25738.04281 -0.00232943171862 -0.00890835656054 0.000233141713286 -6.39263249916e-05
BPM.19L1.B1 25791.49133 -0.00160313611136 -0.00906725004253 -6.65079934278e-05 -0.000232418421778
BPM.18L1.B1 25844.93985 -0.00345014856486 -0.00853706879064 -0.000230324507469 7.3431973976e-05
BPM.17L1.B1 25898.38836 -0.00274979271853 -0.00878770213074 7.59812315527e-05 0.000229496161016
BPM.16L1.B1 25951.83688 -0.00451359410772 -0.00802574214376 0.000227118770892 -8.28172627236e-05
BPM.15L1.B1 26005.28539 -0.00385137405404 -0.00836373042463 -8.53316603486e-05 -0.000226186080326
BPM.14L1.B1 26058.73391 -0.00550338936176 -0.00738226078254 -0.000223532297327 9.20594754234e-05
BPM.13L1.B1 26112.18243 -0.00488956478096 -0.0078023858525 9.45317180762e-05 0.000222498066102
BPM.12L1.B1 26165.63094 -0.0053598122088 -0.00748715445252 0.000208880948919 -0.000121697924865
BPM.11L1.B1 26219.07946 -0.00334509923394 -0.00857877496212 -0.000146045889832 -0.000192645353669
BPM.10L1.B1 26271.86017 -0.00439566710529 -0.00809093192686 -0.000185077448086 0.000155524834382
BPM.9L1.B1 26310.92518 -0.00305371586518 -0.00868676511318 0.000129695270457 0.000204011694576
BPM.8L1.B1 26351.38819 -0.00763254901596 -0.00515065667981 0.000117889616955 -0.000211053719296
BPMR.7L1.B1 26390.4542 -0.00347091175838 -0.00852864821034 -0.000200333344543 -0.000135307748486
BPM.6L1.B1 26433.6382 -0.00329463720102 -0.00859828089993 -0.000231600108644 6.93038608949e-05
BPMR.5L1.B1 26465.5382 -0.00342463521485 -0.00854733539683 -0.000172212728422 0.000169659698331
BPMYA.4L1.B1 26486.6562 -0.00336612741922 -0.00857054577869 -0.000111626082622 0.000214432398919
BPMWB.4L1.B1 26507.7887 -0.00211667987244 -0.00896129092293 -2.53610744878e-05 0.000240413083477
BPMSY.4L1.B1 26600.5687 -0.00137594853901 -0.0091044952824 0.000241659734905 6.4965949564e-06
BPMS.2L1.B1 26627.3542 -0.000470920351221 -0.0091958307252 0.000220481734405 -9.91435466134e-05
BPMSW.1L1.B1 26637.4082 -0.000137449447876 -0.0092068548581 0.000184106953126 -0.000156672476121
