BPMSW.1R1.B2 21.475 -0.0097020550961 -0.00102303010738 3.167563817e-05 0.000125930084209
BPMS.2R1.B2 31.529 -0.00965861784001 -0.001373886864 6.55228867873e-05 0.000112109270224
BPMSY.4R1.B2 58.3145 -0.00947592696181 -0.00232018783975 0.000107724201321 7.25067714897e-05
BPMWB.4R1.B2 151.1705 -0.00925269982466 -0.00309257324633 6.37058661733e-05 -0.00011315165748
BPMYA.4R1.B2 172.227 -0.00872276363836 -0.00436919418562 1.80338263219e-05 -0.000128594387667
BPMR.5R1.B2 199.635 -0.00882098445897 -0.00416733685426 -3.44266894313e-05 -0.000125205984478
BPM.6R1.B2 231.535 -0.00846285446536 -0.00485350983176 -9.11938961617e-05 -9.24413692805e-05
BPMRA.7R1.B2 259.259 -0.00803623927054 -0.00553130380133 -0.000126307285737 -3.01364221503e-05
BPM.8R1.B2 300.6960106 -0.00558498137746 -0.00799902783791 -5.64425687586e-05 0.000116944306284
BPM.9R1.B2 339.7610212 -0.00637733825495 -0.00738281925917 0.000127608956468 2.40351442996e-05
BPM.10R1.B2 380.2240318 -0.00888471914964 -0.00402966859779 -4.212066013e-06 -0.000129784408538
BPM.11R1.B2 433.0047424 -0.00576464467678 -0.00787053588463 -0.000123122362927 4.12628024626e-05
BPM.12R1.B2 487.7282583 -0.00694723751182 -0.00684925940938 5.12182689764e-05 0.000119324871784
BPM.13R1.B2 541.1767742 -0.00590972076952 -0.00776219452258 0.000116223229276 -5.79128314944e-05
BPM.14R1.B2 594.6252901 -0.00739198417572 -0.00636671291154 -6.13644813756e-05 -0.000114438352611
BPM.15R1.B2 648.073806 -0.00685412440341 -0.00694243775787 -0.000113751485071 6.26285429379e-05
BPM.16R1.B2 701.5223219 -0.00814565979105 -0.00536886299925 6.60042088515e-05 0.000111826560163
BPM.17R1.B2 754.9708378 -0.00768581453749 -0.00600872018589 0.000111086886652 -6.72416412037e-05
BPM.18R1.B2 808.4193537 -0.00876553651607 -0.00428273662421 -7.05362664338e-05 -0.000109024631878
BPM.19R1.B2 861.8678696 -0.00839135537261 -0.00497610473893 -0.000108236642961 7.17395594739e-05
BPM.20R1.B2 915.3163855 -0.00924136175841 -0.00312629112655 7.4946190633e-05 0.000106041522951
BPM.21R1.B2 968.7649014 -0.00895892620865 -0.00386187837379 0.00010520279458 -7.61190264183e-05
BPM.22R1.B2 1022.213417 -0.0095653556794 -0.00191844574512 -7.92334764882e-05 -0.000102877555156
BPM.23R1.B2 1075.661933 -0.0093793502258 -0.0026840739054 -0.000101993704856 8.03680275469e-05
BPM.24R1.B2 1129.110449 -0.00965227801686 -0.000694319275548 8.33041443904e-05 1.82272634598e-05
BPM.25R1.B2 1182.558965 -0.00956476633927 -0.00147098438832 1.7301613591e-05 -8.3501304108e-05
BPM.26R1.B2 1236.007481 -0.00966179825251 0.000546081251493 -8.39815970756e-05 -1.47954268161e-05
BPM.27R1.B2 1289.455997 -0.0096743552739 -0.000235372589527 -1.38638718489e-05 8.41403967632e-05
BPM.28R1.B2 1342.904513 -0.00943266050304 0.00176230529439 8.44365858761e-05 -6.99750274341e-05
BPM.29R1.B2 1396.353029 -0.00954411433465 0.000995331956789 -7.09072519072e-05 -8.3655261321e-05
BPM.30R1.B2 1449.801545 -0.00912974883891 0.00295440184755 -8.14966601073e-05 7.33780195795e-05
BPM.31R1.B2 1503.25006 -0.00933837778969 0.00220805444241 7.42771995101e-05 8.06779965365e-05
BPM.32R1.B2 1556.698576 -0.00867679184916 0.00409805897193 7.84182212054e-05 -7.6659144271e-05
BPM.33R1.B2 1610.147092 -0.00897921834216 0.00338444117715 -7.75241239506e-05 -7.75632115619e-05
BPM.34R1.B2 1663.595608 -0.0080813256451 0.00517426129457 -7.52092990086e-05 7.98097923118e-05
BPM.33L2.B2 1717.044124 -0.00847249015033 0.00450529852266 8.06389233789e-05 7.43196148293e-05
BPM.32L2.B2 1770.49264 -0.00735299283413 0.00616557381976 7.18723832758e-05 -8.28275455914e-05
BPM.31L2.B2 1823.941156 -0.00782660734287 0.0055520285967 -8.36194854183e-05 -7.09494390768e-05
BPM.30L2.B2 1877.389672 -0.00650395183777 0.0070554528292 -6.84159601806e-05 8.57047164935e-05
BPM.29L2.B2 1930.838188 -0.00705204105841 0.00650765096078 8.64581946105e-05 6.74612599913e-05
BPM.28L2.B2 1984.286704 -0.00554791455339 0.00782952413877 6.48431178696e-05 -8.84387456751e-05
BPM.27L2.B2 2037.73522 -0.00616172214427 0.00735622078954 -8.91523610371e-05 -6.38584184875e-05
BPM.26L2.B2 2091.183735 -0.00442103063671 0.00845955597421 -6.12417188615e-05 9.70969278227e-06
BPM.25L2.B2 2144.632251 -0.00508923735316 0.00807522521475 1.03881172597e-05 6.11302954692e-05
BPM.24L2.B2 2198.080767 -0.00330247968869 0.00895562544236 6.07920238231e-05 -1.22129502093e-05
BPM.23L2.B2 2251.529283 -0.00401446089608 0.00865989046432 -1.28864676932e-05 -6.06528239024e-05
BPM.22L2.B2 2304.977799 -0.00205002239596 0.00928920813872 -6.03199205325e-05 -6.66170285265e-05
BPM.21L2.B2 2358.426315 -0.00279295636882 0.00909347977419 -6.59441513169e-05 6.10548101764e-05
BPM.20L2.B2 2411.874831 -0.000844811801513 0.00947513971897 6.3000891753e-05 6.4087510477e-05
BPM.19L2.B2 2465.323347 -0.00160668520676 0.00937606219841 6.33848174204e-05 -6.37078126488e-05
BPM.18L2.B2 2518.771863 0.000374082249276 0.00950536912154 -6.5576134946e-05 -6.14499055011e-05
BPM.17L2.B2 2572.220379 -0.000394197388321 0.009504556175 -6.07188977443e-05 6.62535733507e-05
BPM.16L2.B2 2625.668894 0.0015870331004 0.00937940859396 6.80409498869e-05 5.8709030485e-05
BPM.15L2.B2 2679.11741 0.000824949734228 0.00947688965844 5.79509441529e-05 -6.8687765062e-05
BPM.14L2.B2 2732.565926 0.00277370530803 0.00909937022921 -7.03912613456e-05 -5.58694200161e-05
BPM.13L2.B2 2786.014442 0.00203036632404 0.00929352421009 -5.50851774804e-05 7.10066474909e-05
BPM.12L2.B2 2839.462958 0.00410948245839 0.00857928514737 7.19073633854e-05 5.39040933387e-05
BPM.11L2.B2 2892.911474 0.00239295564945 0.00920683131863 6.0586877169e-05 -6.63743282927e-05
BPM.10L2.B2 2944.750185 0.00313213240095 0.00898230072358 -5.39417620716e-05 -7.18791121845e-05
BPM.9L2.B2 2983.815195 0.00486742127333 0.00817313830885 -8.13465475258e-05 3.81976462593e-05
BPM.8L2.B2 3024.278206 0.0076558374995 0.00564624934826 8.45656956058e-05 3.04131969719e-05
BPM.7L2.B2 3063.344216 -0.00161260593489 0.00937504569349 1.85964741262e-05 -8.7923215233e-05
BPM.6L2.B2 3095.450216 -0.00250650344474 0.0091765690819 -2.4173650846e-05 -8.65560819228e-05
BPMYB.5L2.B2 3167.649216 -0.0001118550809 0.00951206960181 -8.78289998127e-05 1.90364803501e-05
BPMYB.4L2.B2 3188.219216 0.00172672812275 0.00935469880322 -6.02530843367e-05 6.66774761945e-05
BPMWB.4L2.B2 3212.610716 -5.78221356024e-05 0.00951255151338 1.73465150528e-05 8.81783385545e-05
BPMSX.4L2.B2 3262.843716 0.00468150980661 0.00828102926022 7.92706845834e-05 -4.23376773195e-05
BPMS.2L2.B2 3300.755216 0.0046918184699 0.00827519299635 3.34849478197e-05 -8.33971173906e-05
BPMSW.1L2.B2 3310.689216 0.00437774128458 0.00844555272955 1.08136250135e-05 -8.92153927397e-05
BPMSW.1R2.B2 3353.879216 0.00437778412878 0.00844553052128 8.62558703628e-05 2.52239219605e-05
BPMS.2R2.B2 3363.813216 0.00469184890929 0.0082751757369 8.98439500257e-05 2.09465246692e-06
BPMSX.4R2.B2 3401.724716 0.00468150102567 0.00828103422327 7.01535512639e-05 -5.61676038332e-05
BPMWB.4R2.B2 3451.881716 -5.94739260167e-05 0.00951254132887 -7.40428194306e-05 -5.09311481076e-05
BPMYB.4R2.B2 3476.349216 0.00168548989243 0.00936221680199 -8.50477165766e-05 2.90380523044e-05
BPM.5R2.B2 3505.883216 -0.00427056380001 0.00850025085003 -1.09498968092e-05 8.9198769815e-05
BPMR.6R2.B2 3579.179216 -0.00550132865433 0.00776062901228 8.83873837444e-05 1.62478212989e-05
BPM_A.7R2.B2 3592.054216 -0.0051661352881 0.00798767962637 8.98679756233e-05 2.60244662501e-07
BPM.8R2.B2 3633.493206 -0.00173783337954 0.00935264212986 4.27599045647e-05 -7.90437288625e-05
BPM.9R2.B2 3672.560195 0.00731485874017 0.00608151471614 -8.9471015729e-05 -8.44147525247e-06
BPM.10R2.B2 3713.025185 0.00774254910466 0.00552674525265 -3.96074995162e-05 8.06695013708e-05
BPM.11R2.B2 3764.865874 0.00813786786495 0.00492616344791 7.64524991806e-05 4.72370230567e-05
BPM.12R2.B2 3819.592358 0.00781024356536 0.00543066065633 4.0305701176e-05 -8.03229138166e-05
BPM.13R2.B2 3873.043842 0.00909125681768 0.00280018376881 -8.41913447352e-05 -3.14346669643e-05
BPM.14R2.B2 3926.495326 0.00883564338638 0.0035246823417 -3.04895308531e-05 8.45382089607e-05
BPM.15R2.B2 3979.94681 0.00937480699958 0.00161399300285 8.54159332075e-05 2.79363469506e-05
BPM.16R2.B2 4033.398294 0.00921395468314 0.00236537920621 2.69783599137e-05 -8.57233267858e-05
BPM.17R2.B2 4086.849779 0.00950425255107 0.000401451257328 -8.64952759403e-05 -2.43903236608e-05
BPM.18R2.B2 4140.301263 0.00944084185347 0.00116725522491 -2.34189242215e-05 8.67633248666e-05
BPM.19R2.B2 4193.752747 0.00947751900599 -0.000817687711827 8.74276295685e-05 2.08021695521e-05
BPM.20R2.B2 4247.204231 0.00951259536821 -5.00902168452e-05 1.98220998295e-05 -8.76550350411e-05
BPM.21R2.B2 4300.655715 0.009295038577 -0.00202342223755 -8.8211088255e-05 -1.71791894392e-05
BPM.22R2.B2 4354.107199 0.00942803028083 -0.00126657991961 -1.61890345116e-05 8.83981705476e-05
BPM.23R2.B2 4407.558683 0.00895983098036 -0.00319584237284 8.88445597332e-05 1.35264742214e-05
BPM.24R2.B2 4461.010167 0.00905166463101 -0.00247088315186 1.04406940196e-05 4.80979596405e-05
BPM.25R2.B2 4514.461651 0.00834170096305 -0.00429580274471 4.77626177533e-05 -1.18808094606e-05
BPM.26R2.B2 4567.913135 0.00866120455646 -0.00360852211873 -1.24151170919e-05 -4.76265359363e-05
BPM.27R2.B2 4621.36462 0.00772359870965 -0.00532765606096 -4.72319790472e-05 1.38405668426e-05
BPM.28R2.B2 4674.816104 0.00799157323236 -0.00469545672009 1.22811876987e-05 0.000184158637854
BPM.29R2.B2 4728.267588 0.00684301655395 -0.00625185420684 0.000183706765496 -1.78059854821e-05
BPM.30R2.B2 4781.719072 0.00732523781975 -0.00567921187262 -1.98614602565e-05 -0.000183495916951
BPM.31R2.B2 4835.170556 0.00598687919622 -0.00707600410421 -0.0001828160658 2.53676072737e-05
BPM.32R2.B2 4888.62204 0.00653853318798 -0.00656963776774 2.74156580872e-05 0.000182520161226
BPM.33R2.B2 4942.073524 0.00503264092925 -0.00778364194138 0.000181614492019 -3.28847273769e-05
BPM.34R2.B2 4995.525008 0.00564436157534 -0.00735212479394 -3.49163852177e-05 -0.000181234862623
BPM.33L3.B2 5048.976492 0.00399536512239 -0.00836358859208 -0.000180103636894 4.03473540844e-05
BPM.32L3.B2 5102.427976 0.00465748014058 -0.008013765364 4.23635083562e-05 0.000179640094694
BPM.31L3.B2 5155.87946 0.00289282107686 -0.00880591521814 0.0001782866698 -4.77398602132e-05
BPM.30L3.B2 5209.330945 0.00359399378714 -0.00854375592208 -4.97338459693e-05 -0.00017774075004
BPM.29L3.B2 5262.782429 0.00174231517293 -0.00910367477702 -0.000176165984984 5.50525018945e-05
BPM.28L3.B2 5316.233913 0.00247154793327 -0.0089333088753 5.70231131316e-05 0.000175538014616
BPM.27L3.B2 5369.685397 0.000563627048423 -0.00925175016744 0.000173745891982 -6.22703302629e-05
BPM.26L3.B2 5423.136881 0.0011716187114 -0.00918472270573 -6.63025855794e-05 -3.59518542154e-05
BPM.25L3.B2 5476.588365 -0.000760235916835 -0.00922788507271 -3.39435936413e-05 6.73528084351e-05
BPM.24L3.B2 5530.039849 -1.28926122944e-05 -0.00925913901769 6.77288676529e-05 3.31868781338e-05
BPM.23L3.B2 5583.491333 -0.00193444546469 -0.00905481873689 3.11371001899e-05 -6.86953353841e-05
BPM.22L3.B2 5636.942817 -0.00133410967088 -0.00919006475328 -7.11295769959e-05 0.000106720003689
BPM.21L3.B2 5690.394301 -0.0032124135193 -0.00871306709447 0.000108808846976 6.78911721537e-05
BPM.20L3.B2 5743.845786 -0.00249871379945 -0.00894391235077 6.66675170867e-05 -0.00010956285114
BPM.19L3.B2 5797.29727 -0.00430078122746 -0.00823045683275 -0.000111516236459 -6.33459219853e-05
BPM.18L3.B2 5850.748754 -0.00362242947579 -0.00855073935301 -6.20929901124e-05 0.000112218696967
BPM.17L3.B2 5904.200238 -0.00531822722021 -0.00761272605323 0.000114033638343 5.86933144411e-05
BPM.16L3.B2 5957.651722 -0.00468646623602 -0.00801711750002 5.74113520813e-05 -0.000114684402736
BPM.15L3.B2 6011.103206 -0.00624849801411 -0.00686974609435 -0.000116357320938 -5.39402405527e-05
BPM.14L3.B2 6064.55469 -0.00567362109218 -0.00735167752791 -5.2633998019e-05 0.000116954000414
BPM.13L3.B2 6118.006174 -0.00707590592489 -0.00601404142128 0.000118482678761 4.90961364802e-05
BPM.12L3.B2 6171.457658 -0.00552533606821 -0.00746376581269 5.79315983838e-05 -0.000114422491791
BPM.11L3.B2 6224.909142 -0.00473755457443 -0.0079870342099 -0.000111759047249 -6.29165322625e-05
BPM.10L3.B2 6277.691832 -0.00107345019274 -0.00922414459367 -7.16609893108e-05 0.000106363893818
BPM.9L3.B2 6316.758821 -0.00260714146714 -0.00891290929668 3.50224531085e-05 0.000123377481036
BPM.8L3.B2 6357.223811 -0.00424907729587 -0.00825726836903 0.000120853548867 4.2930119845e-05
BPM.7L3.B2 6396.2898 -0.00732356808623 -0.00570985895651 9.33143625526e-05 -8.79829822772e-05
BPMR.6L3.B2 6468.9288 -0.00901288966771 0.00223717648447 -0.000121633082098 -4.06690228024e-05
BPMWE.5L3.B2 6511.9823 -0.00896368712018 0.00242681929942 -0.000122218578746 3.88740632721e-05
BPMW.5L3.B2 6539.5273 -0.00927718782222 -0.000413430648289 -9.22578438676e-05 8.90902121032e-05
BPMWE.4L3.B2 6614.6553 -0.00884869825251 0.00281738849663 5.83193356522e-05 0.000114225349195
BPMW.4L3.B2 6642.2003 -0.00366593328523 0.00853217861562 0.000127609495728 1.2821579941e-05
BPMW.4R3.B2 6687.1653 -0.00171594399813 0.00912648207021 0.000108564183153 -6.82817211835e-05
BPMWE.4R3.B2 6714.7103 -0.00341871944502 0.00863420501032 7.52632645578e-05 -0.000103846115606
BPMW.5R3.B2 6789.8383 -0.00174346012761 0.00912126556786 -5.96471488877e-05 -0.000113537631504
BPMWE.5R3.B2 6817.3833 0.00203534683995 0.00906060163881 -0.000113036521335 -6.0591418885e-05
BPMWC.6R3.B2 6858.3743 0.00289260268279 0.0088243973472 -0.000126793149951 1.92891942616e-05
BPM.6R3.B2 6870.5288 0.00192796550189 0.00908405679211 -0.000119451328281 4.66899988091e-05
BPM_A.7R3.B2 6926.3528 0.00213075841079 0.00903863968607 -9.16224233903e-06 0.000127924311264
BPM.8R3.B2 6965.418789 -0.00309798696625 0.00875440549364 0.00012703632592 1.7616706369e-05
BPM.9R3.B2 7004.485779 -0.00904838102154 0.00208900443501 -4.09071107462e-06 -0.000128186744423
BPM.10R3.B2 7044.950768 -0.0087473223639 0.00311793044493 -9.60657745191e-05 -8.4970247451e-05
BPM.11R3.B2 7097.733458 -0.00730648103287 0.0057317077423 -0.000102510851727 7.70720459263e-05
BPM.12R3.B2 7152.459942 -0.00510770525918 0.00775554548578 9.75411882965e-05 8.32723999222e-05
BPM.13R3.B2 7205.911426 -0.00621740136343 0.006897902516 7.68530416795e-05 -0.000102675143972
BPM.14R3.B2 7259.36291 -0.00465047695484 0.00803804720617 -0.000104936928092 -7.37347711989e-05
BPM.15R3.B2 7312.814394 -0.00528404226046 0.00763649371101 -7.2555308367e-05 0.000105755867083
BPM.16R3.B2 7366.265878 -0.0035838596768 0.00856697663169 0.000107888042921 6.93451205762e-05
BPM.17R3.B2 7419.717362 -0.00426365441187 0.00824975089839 6.813123858e-05 -0.000108658684447
BPM.18R3.B2 7473.168846 -0.00245860901086 0.00895501985022 -0.0001106564285 -6.48361767166e-05
BPM.19R3.B2 7526.62033 -0.00317332389437 0.00872737957644 -6.35929154831e-05 0.000111375568113
BPM.20R3.B2 7580.071814 -0.00129266722652 0.00919598554916 0.000113235910957 6.02179712433e-05
BPM.21R3.B2 7633.523299 -0.00203071662891 0.00906164051352 5.89450610029e-05 -0.000113903710338
BPM.22R3.B2 7686.974783 -0.000105794827597 0.00928579270975 -0.00011562316058 -5.5496489916e-05
BPM.23R3.B2 7740.426267 -0.000854873083394 0.00924696332882 -5.41978312234e-05 0.0001162375627
BPM.24R3.B2 7793.877751 0.00128388176719 0.00918466458584 0.00011758883005 -0.000153829078247
BPM.25R3.B2 7847.329235 0.000538192019828 0.00925833491128 -0.000155137211221 -0.000115857526969
BPM.26R3.B2 7900.780719 0.00244814259183 0.00894499937287 -0.00011114374235 0.000158548379287
BPM.27R3.B2 7954.232203 0.00171837338993 0.0091133752726 0.000159783325061 0.00010936090899
BPM.28R3.B2 8007.683687 0.00377323137392 0.00851997289754 0.000104290944714 -0.00036750745747
BPM.29R3.B2 8061.135171 0.0030729638935 0.00879682363809 -0.000368653841765 -0.000100163255949
BPM.30R3.B2 8114.586655 0.00483205056671 0.00796733961215 -8.90364791582e-05 0.000371498102228
BPM.31R3.B2 8168.03814 0.00417348919948 0.00833121846466 0.000372471282796 8.48732993682e-05
BPM.32R3.B2 8221.489624 0.00581166751611 0.00728366212053 7.36520082687e-05 -0.000374851591928
BPM.33R3.B2 8274.941108 0.00520461134223 0.00772911599019 -0.000375654332591 -6.94417400502e-05
BPM.34R3.B2 8328.392592 0.00669563463619 0.00648040816871 -5.81160032839e-05 0.000377572329345
BPM.33L4.B2 8381.844076 0.00615092169024 0.00699952681034 0.000378198770582 5.38889901423e-05
BPM.32L4.B2 8435.29556 0.00746967552342 0.00557056198788 4.25116904854e-05 -0.000379646008888
BPM.31L4.B2 8488.747044 0.00699556316351 0.006155429251 -0.000380099294762 -3.82473839682e-05
BPM.30L4.B2 8542.198528 0.00812090431672 0.00456925883317 -2.68005986058e-05 0.000381077502944
BPM.29L4.B2 8595.650012 0.00772571121255 0.00520966404838 0.000381353320198 2.25384588796e-05
BPM.28L4.B2 8649.101496 0.00863872177361 0.00349280680488 1.10816102998e-05 -0.000381858002805
BPM.27L4.B2 8702.55298 0.00832856808148 0.00417877576718 -0.000381958372244 -6.79248067872e-06
BPM.26L4.B2 8756.004465 0.00921549137458 0.00232072028845 4.46354336612e-06 0.000177482585025
BPM.25L4.B2 8809.455949 0.00899813375216 0.00305689596791 0.000177421513778 -6.44947031168e-06
BPM.24L4.B2 8862.907433 0.00943665769558 0.00112272681029 -1.17747829631e-05 -0.000177147804286
BPM.23L4.B2 8916.358917 0.00931524583022 0.00188074961305 -0.000177004574921 1.37612451294e-05
BPM.22L4.B2 8969.810401 0.0097037123791 -0.000132016620035 1.88484306337e-05 -2.8004939222e-05
BPM.21L4.B2 9023.261885 0.00968271018807 0.000651602460511 -2.82143991017e-05 -1.85334323302e-05
BPM.20L4.B2 9076.713369 0.00960709163116 -0.00137231656255 -1.76772926421e-05 2.8758543574e-05
BPM.19L4.B2 9130.164853 0.00968651154067 -0.000592415838674 2.89547665466e-05 1.73540254473e-05
BPM.18L4.B2 9183.616337 0.0093526057447 -0.00259002473481 1.64764092951e-05 -2.94630056668e-05
BPM.17L4.B2 9237.067821 0.00953113341234 -0.00182673431292 -2.96457853782e-05 -1.61452085508e-05
BPM.16L4.B2 9290.519306 0.00894441896864 -0.00376521336133 -1.52471550712e-05 3.01175090724e-05
BPM.15L4.B2 9343.97079 0.00921914308809 -0.00303098385632 3.02864245676e-05 1.49088223233e-05
BPM.14L4.B2 9397.422274 0.00838926740379 -0.00487848898544 1.39922858708e-05 -3.07206229454e-05
BPM.13L4.B2 9450.873758 0.0087556346341 -0.00418548975119 -3.08754922945e-05 -1.36471411617e-05
BPM.12L4.B2 9504.325242 0.00706653916312 -0.00665157775144 -1.44566087492e-05 3.0504863632e-05
BPM.11L4.B2 9557.776726 0.00729985015045 -0.00639465794424 2.77149441005e-05 1.92723258877e-05
BPMC.10L4.B2 9609.617415 0.00645061126327 -0.0072504535519 2.29494278657e-05 -2.47560984468e-05
BPMC.9L4.B2 9648.684405 0.00574647356139 -0.00782032633241 -2.01074793892e-05 -2.71151181968e-05
BPMC.8L4.B2 9689.149394 0.0030504400258 -0.00921272370147 -4.94309198649e-06 3.3393208748e-05
BPMC.7L4.B2 9728.215384 0.00900587311504 -0.0036157587972 3.37226391249e-05 1.52437315018e-06
BPMYA.6L4.B2 9824.819384 0.00837525310117 -0.00490250933857 1.0973357915e-05 -3.19237535237e-05
BPMYB.5L4.B2 9861.819384 0.00838406717991 -0.00488742059943 1.97830057524e-06 -3.36990617135e-05
BPMWA.B5L4.B2 9964.209884 0.00476302553836 -0.00845535629548 -2.81388432906e-05 -1.86479483827e-05
BPMWA.A5L4.B2 9973.094884 0.0044593338355 -0.00861938536676 -2.9760540557e-05 -1.59326915888e-05
BPMWA.A5R4.B2 10021.14388 0.00345743694919 -0.00906783282182 -3.37507006378e-05 -6.56319558983e-07
BPMWA.B5R4.B2 10030.02888 0.00340121582273 -0.00908906999117 -3.36935419984e-05 2.07019945894e-06
BPMYA.5R4.B2 10132.49538 0.00482904996739 -0.0084178226779 -2.14056990855e-05 2.61024311207e-05
BPMYB.6R4.B2 10164.05938 0.00461558368258 -0.00853673530159 -1.52744548341e-05 3.01036791538e-05
BPMCA.7R4.B2 10260.57538 0.00728652409871 -0.00640983844621 3.16115281568e-05 1.18427955469e-05
BPMC.8R4.B2 10298.36637 0.00872949984022 -0.00423972815724 9.80702834386e-06 -3.23011213369e-05
BPMC.9R4.B2 10337.43336 0.00389160515945 -0.0088901558835 -3.35723590037e-05 3.5265945251e-06
BPMC.10R4.B2 10377.89835 0.00354069026297 -0.00903565021669 -5.61246094891e-06 3.32872458327e-05
BPM.11R4.B2 10429.73904 0.000346389637803 -0.00969842650006 3.26410251065e-05 8.60836763545e-06
BPM.12R4.B2 10484.46553 6.4251741942e-06 -0.0097046082388 1.01542912611e-05 -3.21936468244e-05
BPM.13R4.B2 10537.91701 -0.00202517164772 -0.0094909505393 -3.24968116977e-05 -9.13772392669e-06
BPM.14R4.B2 10591.36849 -0.00125250916927 -0.0096234444521 -8.77312731282e-06 3.25971281212e-05
BPM.15R4.B2 10644.81998 -0.00322262845631 -0.00915391326988 3.28459976469e-05 7.78981746768e-06
BPM.16R4.B2 10698.27146 -0.00247331429746 -0.00938414507249 7.42124230531e-06 -3.29312271855e-05
BPM.17R4.B2 10751.72295 -0.00436722662849 -0.00866641759218 -3.31393112155e-05 -6.42856821972e-06
BPM.18R4.B2 10805.17443 -0.00365347272438 -0.00899063954402 -6.05696084295e-06 3.32092418041e-05
BPM.19R4.B2 10858.62591 -0.00543997350681 -0.00803655091664 3.33762312667e-05 5.05645288931e-06
BPM.20R4.B2 10912.0774 -0.00477360436184 -0.00844938836634 4.68208608534e-06 -3.34308027065e-05
BPM.21R4.B2 10965.52888 -0.00642339528366 -0.00727457595633 -3.3556368638e-05 -3.6756817871e-06
BPM.22R4.B2 11018.98037 -0.00581527770611 -0.00776929903938 -3.29958688101e-06 3.35954372663e-05
BPM.23R4.B2 11072.43185 -0.00730121147118 -0.00639310358647 3.36794035111e-05 2.28867787071e-06
BPM.24R4.B2 11125.88333 -0.00680697080763 -0.00696442848041 1.21528376803e-06 1.19531952697e-05
BPM.25R4.B2 11179.33482 -0.00810424622838 -0.005399935994 1.19112883117e-05 -1.57383834521e-06
BPM.26R4.B2 11232.7863 -0.00764197084565 -0.00603642254748 -1.70719725285e-06 -1.1892906333e-05
BPM.27R4.B2 11286.23779 -0.00872846459999 -0.00431879859382 -1.18362449154e-05 2.06373068382e-06
BPM.28R4.B2 11339.68927 -0.00839698418984 -0.00501210141634 1.5001348663e-06 5.74689309184e-05
BPM.29R4.B2 11393.14075 -0.00925441282835 -0.00316011823201 5.73979177714e-05 -3.22615454285e-06
BPM.30R4.B2 11446.59224 -0.0089691691328 -0.00389673057315 -3.86922993167e-06 -5.73581562397e-05
BPM.31R4.B2 11500.04372 -0.00958264702285 -0.00195022565775 -5.72160361807e-05 5.59055131561e-06
BPM.32R4.B2 11553.49521 -0.00939397346127 -0.00271730871404 6.23103937355e-06 5.71498321549e-05
BPM.33R4.B2 11606.94669 -0.00975339604688 -0.000708357011323 5.69367996464e-05 -7.94539154447e-06
BPM.34R4.B2 11660.39818 -0.00966440462445 -0.00149324723251 -8.58302532342e-06 -5.6844179199e-05
BPM.33L5.B2 11713.84966 -0.00976387491581 0.000545207031949 -5.65606949412e-05 1.02867327377e-05
BPM.32L5.B2 11767.30114 -0.00977602458216 -0.00024463733169 1.09195794192e-05 5.644193385e-05
BPM.31L5.B2 11820.75263 -0.00961390702156 0.0017897753707 5.60883425193e-05 -1.26105822743e-05
BPM.30L5.B2 11874.20411 -0.00972699703406 0.00100798449717 -1.32384166644e-05 -5.59434848887e-05
BPM.29L5.B2 11927.6556 -0.00930595413232 0.00300494953637 -5.55205659057e-05 1.49129330583e-05
BPM.28L5.B2 11981.10708 -0.00951812719012 0.00224404966572 1.5533842439e-05 5.53500562672e-05
BPM.27L5.B2 12034.55856 -0.00884507648461 0.00417074646259 5.48583030818e-05 -1.71899805071e-05
BPM.26L5.B2 12088.01005 -0.00919843126569 0.00344037160395 -1.84994876209e-05 -9.00576911864e-06
BPM.25L5.B2 12141.46153 -0.00828403227961 0.00527466622125 -8.44593877707e-06 1.87616916245e-05
BPM.24L5.B2 12194.91302 -0.0086827350114 0.0045888350688 1.88551431248e-05 8.23521529918e-06
BPM.23L5.B2 12248.3645 -0.00754120634783 0.00629106519672 7.66499053502e-06 -1.90940473193e-05
BPM.22L5.B2 12301.81598 -0.0080699332259 0.00565902813341 -1.98747827732e-05 3.82062631627e-05
BPM.21L5.B2 12355.26747 -0.00671958977284 0.00721079295158 3.87861543046e-05 1.8717905212e-05
BPM.20L5.B2 12408.71895 -0.00727968162445 0.0066448970788 1.82820822483e-05 -3.89934754715e-05
BPM.19L5.B2 12462.17044 -0.00574197913263 0.00801112334971 -3.95250987469e-05 -1.71023925719e-05
BPM.18L5.B2 12515.62192 -0.00636981268216 0.00752156287708 -1.66585440238e-05 3.97142136251e-05
BPM.17L5.B2 12569.07341 -0.00466990276927 0.00867988650989 4.01967795128e-05 1.54578350306e-05
BPM.16L5.B2 12622.52489 -0.005355263354 0.00827463449713 1.50064544937e-05 -4.03674641193e-05
BPM.15L5.B2 12675.97637 -0.003521208879 0.00920594969063 -4.08000722716e-05 -1.37869292675e-05
BPM.14L5.B2 12729.42786 -0.00425271636687 0.00889172790501 -1.33289677655e-05 4.09519710127e-05
BPM.13L5.B2 12782.87934 -0.00231452064145 0.00958078367744 4.13339405638e-05 1.20926093192e-05
BPM.12L5.B2 12836.33083 -0.00422477859589 0.00890503607763 1.46871657006e-05 -4.0484723102e-05
BPM.11L5.B2 12889.78231 -0.00349951457073 0.0092142183313 -3.85986489723e-05 -1.91015713556e-05
BPM.10L5.B2 12942.565 -0.00242696552364 0.00955291892727 -1.68068184613e-05 3.96516903751e-05
BPM.9L5.B2 12981.63199 -0.000410211753066 0.00984784991745 3.80138343441e-05 2.02404094297e-05
BPM.8L5.B2 13022.09698 -0.00711776307684 0.00681805474266 1.41139603595e-07 -4.30662912448e-05
BPM.7L5.B2 13061.16497 -0.00182361852099 0.00968621892897 -4.28617276622e-05 -4.1949988178e-06
BPMR.6L5.B2 13098.05897 -0.00154671465771 0.00973427426324 -3.33285618012e-05 2.7275123948e-05
BPMWT.B6L5.B2 13109.36897 -0.000742503969867 0.00982838285456 -2.71794452488e-05 3.340663782e-05
BPMWT.A6L5.B2 13115.19097 -0.000567386828392 0.00984004541973 -2.40461580163e-05 3.57282518401e-05
BPM.5L5.B2 13129.95897 -0.000770198363788 0.0098262513806 -1.57610160972e-05 4.00788688872e-05
BPMYA.4L5.B2 13157.36497 -0.000996215139502 0.00980591541208 1.41892965671e-06 4.30431456049e-05
BPMWB.4L5.B2 13178.42347 0.000399716213379 0.009848281507 1.70257161323e-05 3.95581951058e-05
BPMWT.B4L5.B2 13178.89297 0.000430032124025 0.00984700431837 1.73715739074e-05 3.94075363661e-05
BPMWT.A4L5.B2 13180.87497 0.000556533873952 0.00984066520724 1.88217614527e-05 3.87358597398e-05
BPMSY.4L5.B2 13271.27947 0.00120920385627 0.00978193476276 3.80785237929e-05 -2.01184409348e-05
BPMS.2L5.B2 13298.06497 0.00216845033319 0.009614897028 2.55558349795e-05 -3.46644604292e-05
BPMSW.1L5.B2 13308.11897 0.00251538485138 0.0095300189259 1.48803184783e-05 -4.04141291692e-05
BPMSW.1R5.B2 13351.06897 0.0025154081995 0.00953001276315 3.36086801412e-05 2.6929216055e-05
BPMS.2R5.B2 13361.12297 0.00216846874231 0.00961489287492 3.97829978204e-05 1.64935745952e-05
BPMSY.4R5.B2 13387.90847 0.0012092107979 0.00978193390583 4.29979660269e-05 -2.42911621155e-06
BPMWB.4R5.B2 13480.76447 0.000399609567015 0.00984828583484 -5.84189874787e-06 -4.26684663303e-05
BPMYA.4R5.B2 13501.82097 -0.000996253877749 0.00980591147812 -2.10059582779e-05 -3.75962171848e-05
BPMR.5R5.B2 13522.93897 -0.0010718602028 0.00979793536432 -3.15516479135e-05 -2.93124376658e-05
BPM.6R5.B2 13554.83897 -0.00103036246233 0.0098023861826 -4.16129591849e-05 -1.10944846199e-05
BPMRA.7R5.B2 13588.85297 -0.00234020800951 0.00957454166964 -3.94171634711e-05 1.7349730891e-05
BPM.8R5.B2 13630.28998 -0.0055503744561 0.00814504543201 8.52198526923e-06 4.22149429013e-05
BPM.9R5.B2 13669.35499 -0.00468396693906 0.00867230508163 3.85383153471e-05 -1.92229956694e-05
BPM.10R5.B2 13709.818 -0.00061748884908 0.00983702847451 -2.71230916587e-05 -3.34524058892e-05
BPM.11R5.B2 13762.59871 -0.00536460391597 0.0082685818928 -2.42661699909e-05 3.55791896069e-05
BPM.12R5.B2 13817.32223 -0.00397558551866 0.00901904326771 3.74490107518e-05 2.12672775386e-05
BPM.13R5.B2 13870.77074 -0.0052100822142 0.00836680733649 1.91063318509e-05 -3.8596293497e-05
BPM.14R5.B2 13924.21926 -0.00336036170254 0.00926587237676 -3.91506276877e-05 -1.79430807635e-05
BPM.15R5.B2 13977.66777 -0.00409711169297 0.00896449092276 -1.7507828672e-05 3.9347195123e-05
BPM.16R5.B2 14031.11629 -0.00214740025003 0.00961962025445 3.9853509992e-05 1.63224813158e-05
BPM.17R5.B2 14084.56481 -0.00291671239564 0.00941494612329 1.58795059749e-05 -4.00320748886e-05
BPM.18R5.B2 14138.01332 -0.000899290808466 0.00981527879027 -4.04893623093e-05 -1.467438601e-05
BPM.19R5.B2 14191.46184 -0.00168839951744 0.00971070176518 -1.42244527054e-05 4.06496088565e-05
BPM.20R5.B2 14244.91035 0.000363730584787 0.00984967622567 4.10570708953e-05 1.30016342237e-05
BPM.21R5.B2 14298.35887 -0.00043233818777 0.00984690333918 1.25455514156e-05 -4.11987222481e-05
BPM.22R5.B2 14351.80738 0.00162064431206 0.00972223913311 -4.15557233367e-05 -1.13069783726e-05
BPM.23R5.B2 14405.2559 0.000830824568588 0.00982131112516 -1.08453873921e-05 4.16785703722e-05
BPM.24R5.B2 14458.70442 0.00290867580987 0.00942404195525 4.19269017269e-05 -4.91148846344e-05
BPM.25R5.B2 14512.15293 0.00213861431618 0.00962804708086 -4.95768208004e-05 -4.13796608474e-05
BPM.26R5.B2 14565.60145 0.0040902498956 0.00897456503196 -3.98772888088e-05 5.07931057135e-05
BPM.27R5.B2 14619.04996 0.00335274510551 0.00927534700356 5.12321995688e-05 3.93115611591e-05
BPM.28R5.B2 14672.49848 0.00526234113398 0.00836660798672 3.77039284003e-05 -0.000111093979182
BPM.29R5.B2 14725.947 0.00456991770809 0.00876402964006 -0.000111505393908 -3.64692466476e-05
BPM.30R5.B2 14779.39551 0.00628933542383 0.00762473759029 -3.31150290809e-05 0.00011254711196
BPM.31R5.B2 14832.84403 0.00565359645042 0.00810735533787 0.000112907292539 3.18653477068e-05
BPM.32R5.B2 14886.29254 0.00721303277222 0.00675755293685 2.84733391346e-05 -0.000113810048733
BPM.33R5.B2 14939.74106 0.00664412926308 0.00731764372962 -0.000114118961885 -2.72088407201e-05
BPM.34R5.B2 14993.18958 0.00801819141926 0.00577935721379 -2.37803380925e-05 0.0001148823457
BPM.33L6.B2 15046.63809 0.00752569880517 0.00640751284671 0.000115138854649 2.25055954396e-05
BPM.32L6.B2 15100.08661 0.00869161114483 0.00470619370052 1.90511571207e-05 -0.000115760578485
BPM.31L6.B2 15153.53512 0.00828345717798 0.00539228157102 -0.000115964865188 -1.77653542079e-05
BPM.30L6.B2 15206.98364 0.00922222223704 0.00355569689289 -1.42857436948e-05 0.000116444730797
BPM.29L6.B2 15260.43215 0.00890522140653 0.00428828579912 0.000116595891569 1.29944915648e-05
BPM.28L6.B2 15313.88067 0.00960129748275 0.00234679571409 9.5007508483e-06 -0.000116932435996
BPM.27L6.B2 15367.32919 0.00938059598816 0.00311396569142 -0.000117030681983 -8.20231745145e-06
BPM.26L6.B2 15420.7777 0.00988030846461 0.0010883114702 -4.75374884612e-06 5.85158020143e-05
BPM.25L6.B2 15474.22622 0.00976025933373 0.00188208791923 5.85648961722e-05 4.10483928784e-06
BPM.24L6.B2 15527.67473 0.0099383539074 -0.000184496174876 2.3507245517e-06 -5.86614963152e-05
BPM.23L6.B2 15581.12325 0.0099208300804 0.000618100067552 -5.86839670124e-05 -1.69971681027e-06
BPM.22L6.B2 15634.57177 0.00989079345638 -0.00146531853333 -4.94008992039e-10 -1.98213327132e-10
BPM.21L6.B2 15688.02028 0.00997678491437 -0.000662356672863 -1.94337581056e-10 4.99178142877e-10
BPM.20L6.B2 15741.4688 0.00962209744423 -0.00271849119649 4.99432103083e-10 1.76389816895e-10
BPM.19L6.B2 15794.91731 0.00981008991421 -0.00193315531384 1.73880302515e-10 -5.05819094183e-10
BPM.18L6.B2 15848.36583 0.0091952944842 -0.00392702342488 -5.10081259035e-10 -1.52632483867e-10
BPM.17L6.B2 15901.81435 0.0094822128438 -0.00317215907282 -1.52880736558e-10 5.11315573882e-10
BPM.16L6.B2 15955.26286 0.00861741349954 -0.00507100957927 5.12386749126e-10 1.36812615473e-10
BPM.15L6.B2 16008.71138 0.0089985229784 -0.00435907533922 1.31907102069e-10 -5.13909658599e-10
BPM.14L6.B2 16062.15989 0.0078979317453 -0.00613169044537 -5.16732405753e-10 -1.16544846195e-10
BPM.13L6.B2 16115.60841 0.00836699635607 -0.00547433334691 -1.08085657968e-10 5.21631481195e-10
BPM.12L6.B2 16169.05693 0.0069416265268 -0.00719644181264 5.22577558477e-10 9.78183648885e-11
BPM.11L6.B2 16222.50544 0.00806500203171 -0.00591021960692 1.33570510461e-10 -5.11001675141e-10
BPM.10L6.B2 16274.34415 0.00692500596804 -0.00721243689485 -4.79794467157e-10 -2.23472238322e-10
BPM.9L6.B2 16313.40916 0.00586994149229 -0.00809436473594 -3.7758920476e-10 3.71515042082e-10
BPM.8L6.B2 16353.87217 0.000488290511616 -0.00998681760984 4.87215267074e-10 2.08917163902e-10
BPMYB.5L6.B2 16450.96018 0.00832793165166 -0.00553358003633 -2.55660390283e-10 -4.68715903548e-10
BPMYA.4L6.B2 16487.36018 0.00810441667226 -0.00585605534101 -3.47342347862e-10 -4.00474594913e-10
BPMSB.B4L6.B2 16518.13068 0.00871529768022 -0.00490087134595 -4.34931392328e-10 -3.00811857129e-10
BPMSB.A4L6.B2 16518.76568 0.00872810870312 -0.00487801927776 -4.37879964585e-10 -3.01319397593e-10
BPMSA.4L6.B2 16615.57568 0.00996250139108 -0.00085059957098 -4.91487510224e-10 1.95601631024e-10
BPMSE.4R6.B2 16707.14568 0.00998373370064 -0.000547736239112 -1.02705941891e-10 5.20444372021e-10
BPMSA.A4R6.B2 16803.82068 0.00912279292095 -0.00409262787494 3.51582471183e-10 3.93231426334e-10
BPMSA.B4R6.B2 16804.40568 0.0091135227729 -0.00411322942082 3.5442701474e-10 3.96233918427e-10
BPMYB.4R6.B2 16830.96018 0.00867774857393 -0.00496705479063 4.23429759673e-10 3.19131990131e-10
BPMYA.5R6.B2 16867.36018 0.00862791869735 -0.00505311513757 4.85432706556e-10 2.24960401278e-10
BPM.8R6.B2 16963.08519 0.00554728187622 -0.00831881105656 1.47155784017e-10 -5.06531355274e-10
BPM.9R6.B2 17002.1502 -0.001582243379 -0.00987276351924 -5.27866420597e-10 -9.3575543861e-11
BPM.10R6.B2 17042.61322 -0.00352792223083 -0.00935567840112 -2.30211064594e-10 4.75226461973e-10
BPM.11R6.B2 17094.45193 -0.00582798668747 -0.00812462459764 5.00569755641e-10 1.70988867126e-10
BPM.12R6.B2 17149.17544 -0.00396667555193 -0.00917825902213 9.45809953957e-11 -5.20571829119e-10
BPM.13R6.B2 17202.62396 -0.00579669630635 -0.00814697892043 -5.2302886536e-10 -8.40058805721e-11
BPM.14R6.B2 17256.07247 -0.00512035285781 -0.0085881860837 -7.69949845308e-11 5.25798428493e-10
BPM.15R6.B2 17309.52099 -0.00679124464826 -0.00733852504135 5.24892021541e-10 6.3423864602e-11
BPM.16R6.B2 17362.96951 -0.00617688437589 -0.00786263651863 5.52892756961e-11 -5.28679893913e-10
BPM.17R6.B2 17416.41802 -0.0076741817117 -0.00640951547244 -5.26620990947e-10 -4.47557071873e-11
BPM.18R6.B2 17469.86654 -0.00713192453236 -0.00700789598101 -3.66511067196e-11 5.30744540241e-10
BPM.19R6.B2 17523.31505 -0.00843104544864 -0.00537516756547 5.2426017403e-10 2.11606720845e-11
BPM.20R6.B2 17576.76357 -0.00796977587477 -0.00603801508385 1.4586683304e-11 -5.32261197875e-10
BPM.21R6.B2 17630.21209 -0.00904936296004 -0.0042525267265 -5.26196047217e-10 4.5460157166e-12
BPM.22R6.B2 17683.6606 -0.00867668481321 -0.00496891278265 8.98734327555e-12 5.31835292723e-10
BPM.23R6.B2 17737.10912 -0.009519003788 -0.00305998701471 5.2580307594e-10 -3.00454441941e-11
BPM.24R6.B2 17790.55763 -0.00915939762726 -0.00381300067988 1.25491212311e-06 -8.17532517074e-05
BPM.25R6.B2 17844.00615 -0.00975131348916 -0.00182905011636 -8.17541963787e-05 1.19166111104e-06
BPM.26R6.B2 17897.45466 -0.00957191001661 -0.00260999572417 2.09781279481e-06 8.17359631943e-05
BPM.27R6.B2 17950.90318 -0.00990517298811 -0.000566645523098 8.16365435858e-05 -4.54344368686e-06
BPM.28R6.B2 18004.3517 -0.00974550956303 -0.00135897308714 -4.1950133707e-06 -0.000163332228821
BPM.29R6.B2 18057.80021 -0.00981535943471 0.000693169265782 -0.000163133651745 9.07879576776e-06
BPM.30R6.B2 18111.24873 -0.00983928519929 -0.000101149602217 1.08855253898e-05 0.000163023061891
BPM.31R6.B2 18164.69724 -0.00964604406818 0.00194308989902 0.000162624071077 -1.57615111709e-05
BPM.32R6.B2 18218.14576 -0.00977139265579 0.00115829620362 -1.75657491913e-05 -0.000162439091366
BPM.33R6.B2 18271.59428 -0.00931826069576 0.00316097802565 -0.000161840977318 2.24167566224e-05
BPM.34R6.B2 18325.04279 -0.0095429409021 0.00239875872718 2.4208549772e-05 0.000161582673571
BPM.33L7.B2 18378.49131 -0.00883731366822 0.00432708349888 0.000160785441308 -2.90354227996e-05
BPM.32L7.B2 18431.93982 -0.0091577062855 0.0035997472326 -3.08181931939e-05 -0.000160453270657
BPM.31L7.B2 18485.38834 -0.00821126022625 0.00542189726987 -0.000159459620639 3.56039753139e-05
BPM.30L7.B2 18538.83686 -0.00862197216797 0.00474166219802 3.73688483315e-05 0.000159055282908
BPM.29L7.B2 18592.28537 -0.00745013986953 0.00642784414678 0.000157865220042 -4.21139491936e-05
BPM.28L7.B2 18645.73389 -0.00794462060997 0.00580558074124 -4.38632057303e-05 -0.000157388163082
BPM.27L7.B2 18699.1824 -0.00656680975504 0.00732794474112 -0.000156005581344 4.85517601421e-05
BPM.26L7.B2 18752.63092 -0.00705507529589 0.0067793110052 5.1533911814e-05 7.37053251838e-05
BPM.25L7.B2 18806.07943 -0.00549450132422 0.00809590021458 7.21298108921e-05 -5.37169292045e-05
BPM.24L7.B2 18859.52795 -0.00612997029985 0.00762604807151 -5.4513634853e-05 -7.15295871051e-05
BPM.23L7.B2 18912.97647 -0.00441381415729 0.00873220416954 -6.98664384819e-05 5.66294956279e-05
BPM.22L7.B2 18966.42498 -0.00502245529313 0.0083526970883 5.86560108677e-05 -1.25172769648e-05
BPM.21L7.B2 19019.8735 -0.00317966283344 0.00921316178672 -1.42670014639e-05 -5.82551506095e-05
BPM.20L7.B2 19073.32201 -0.00391280694432 0.00892650814144 -5.80933698403e-05 1.4912084288e-05
BPM.19L7.B2 19126.77053 -0.00197496566355 0.00954421900804 1.66439339924e-05 5.76210854644e-05
BPM.18L7.B2 19180.21905 -0.00273869517867 0.00935372410438 5.74329491087e-05 -1.72819420199e-05
BPM.17L7.B2 19233.66756 -0.000737885504685 0.009718442819 -1.89928829075e-05 -5.68900721142e-05
BPM.16L7.B2 19287.11608 -0.00151976605988 0.00962719673515 -5.66759380206e-05 1.96226401124e-05
BPM.15L7.B2 19340.56459 0.000511395586086 0.00973298928437 2.13100023464e-05 5.60633039469e-05
BPM.14L7.B2 19394.01311 -0.00027568098838 0.00974251537576 5.58235598484e-05 -2.19303465075e-05
BPM.13L7.B2 19447.46163 0.0017521905248 0.00958761879567 -2.35910056326e-05 -5.51423087624e-05
BPM.12L7.B2 19500.91014 0.000766728793848 0.00971620979615 -5.5197445996e-05 2.34617056288e-05
BPM.11L7.B2 19554.35866 0.0029784821045 0.00928015356666 2.26356068528e-05 5.55413253545e-05
BPM.10L7.B2 19607.13937 0.00302642847055 0.00926462824652 5.64976604731e-05 -2.01301919713e-05
BPM.9L7.B2 19646.20438 0.00634520718348 0.00739803700856 2.3500155869e-06 -5.99306846515e-05
BPM.8L7.B2 19686.66739 0.00852323598814 0.00472726708928 -5.92610786198e-05 -9.23764967608e-06
BPM.7L7.B2 19725.7314 0.0095990894372 -0.00168822032338 -1.41203294086e-05 5.82908703308e-05
BPMR.6L7.B2 19760.5494 0.00961916498464 -0.00156979961925 3.13273058195e-05 5.11449895061e-05
BPMWC.6L7.B2 19772.7279 0.00930073157421 -0.0029135885168 4.44059283609e-05 4.03153032427e-05
BPMWE.5L7.B2 19849.7819 0.00951174921326 0.00212584871043 3.8214523001e-05 -4.62261801488e-05
BPMW.5L7.B2 19872.9869 0.00836331444927 0.00500475546819 1.42882778748e-05 -5.82499350385e-05
BPMWE.4L7.B2 19908.0719 0.008371563066 0.004990945566 -1.02687164314e-05 -5.9091146753e-05
BPMW.4L7.B2 19936.1769 0.00965851522557 0.00130602047249 -3.9821187087e-05 -4.48495606832e-05
BPMW.4R7.B2 20052.2239 0.00969729565852 -0.000977273120098 -1.69933840821e-05 5.75189924828e-05
BPMWE.4R7.B2 20080.3289 0.0094157807393 0.00251707743396 1.43272287437e-05 5.82403695345e-05
BPMW.5R7.B2 20115.4139 0.00952125119945 0.00208287817429 3.95699064975e-05 4.50714191196e-05
BPMWE.5R7.B2 20138.6189 0.00924286439232 -0.00309225866121 5.91276217973e-05 1.0056556812e-05
BPM.6R7.B2 20217.7584 0.00670565537065 -0.0070729620298 -9.86834022394e-06 -5.91593244963e-05
BPM_A.7R7.B2 20255.7944 0.00868310849289 -0.00442676324182 -4.99697266847e-05 -3.31698064987e-05
BPM.8R7.B2 20294.85841 0.008721294919 -0.00435104823889 -5.61947300946e-05 2.09609698041e-05
BPM.9R7.B2 20333.92342 0.00517801958984 -0.00825716167644 1.89981989461e-05 5.68882993244e-05
BPM.10R7.B2 20374.38643 0.000709240118235 -0.00972057530736 5.85801443415e-05 -1.28676684427e-05
BPM.11R7.B2 20427.16714 0.00100431651177 -0.00969453217639 -4.80636500115e-06 -5.97838480459e-05
BPM.12R7.B2 20481.89066 -0.000292606862792 -0.0097420217136 -5.9747588736e-05 5.2379158969e-06
BPM.13R7.B2 20535.33917 0.000593912281742 -0.00972830273238 6.35071049338e-06 5.96395709819e-05
BPM.14R7.B2 20588.78769 -0.00143794829019 -0.00963975677002 5.94228123e-05 -8.13259762311e-06
BPM.15R7.B2 20642.23621 -0.000655407279217 -0.00972435330127 -8.79115382359e-06 -5.93289612831e-05
BPM.16R7.B2 20695.68472 -0.00265933662573 -0.00937659503964 -5.9039320157e-05 1.05625883575e-05
BPM.17R7.B2 20749.13324 -0.00189393408886 -0.00956062861488 1.12165802774e-05 5.89185722539e-05
BPM.18R7.B2 20802.58175 -0.00383685962171 -0.00895941483162 5.85564830472e-05 -1.29748976293e-05
BPM.19R7.B2 20856.03027 -0.00310139066121 -0.00923980420801 -1.36235888644e-05 -5.84089702214e-05
BPM.20R7.B2 20909.47879 -0.00495148879453 -0.00839496066598 -5.79751621038e-05 1.53652314244e-05
BPM.21R7.B2 20962.9273 -0.00425783672569 -0.008767179265 1.60070967917e-05 5.78012350656e-05
BPM.22R7.B2 21016.37582 -0.00598463546745 -0.00769264220694 5.72962482455e-05 -1.77299241241e-05
BPM.23R7.B2 21069.82433 -0.00534437470684 -0.00815047635658 -1.83643627006e-05 -5.70960612883e-05
BPM.24R7.B2 21123.27285 -0.00698621000841 -0.0068511598474 -5.64550318446e-05 8.79495387987e-05
BPM.25R7.B2 21176.72137 -0.0064104891633 -0.00739264163262 8.85703029416e-05 5.54760710976e-05
BPM.26R7.B2 21230.16988 -0.00780518456775 -0.00590123846801 5.27997941712e-05 -9.01913273186e-05
BPM.27R7.B2 21283.6184 -0.00730355506845 -0.0065118050474 -9.07711984536e-05 -5.17965489374e-05
BPM.28R7.B2 21337.06691 -0.00856264272126 -0.00484160151835 -4.89927214906e-05 0.000160165991207
BPM.29R7.B2 21390.51543 -0.00814396164881 -0.00551686906673 0.00016069981902 4.72122698437e-05
BPM.30R7.B2 21443.96394 -0.0091116250903 -0.00370651370379 4.23794506384e-05 -0.00016204138667
BPM.31R7.B2 21497.41246 -0.00878282811876 -0.00442965978827 -0.000162501046001 -4.05812718479e-05
BPM.32R7.B2 21550.86098 -0.00951090582647 -0.00251050313522 -3.57027846304e-05 0.000163642117104
BPM.33R7.B2 21604.30949 -0.00927728032689 -0.00326986626193 0.000164028322404 3.38842013438e-05
BPM.34R7.B2 21657.75801 -0.0097539124379 -0.00127324302289 2.89576370047e-05 -0.000164969344722
BPM.33L8.B2 21711.20652 -0.00961935701861 -0.00205619214844 -0.000165280038224 -2.71281856063e-05
BPM.32L8.B2 21764.65504 -0.0098366522859 -1.50796685313e-05 -2.21725234344e-05 0.000166017494469
BPM.31L8.B2 21818.10356 -0.00980335401408 -0.000808829824677 0.000166253412272 2.03281196945e-05
BPM.30L8.B2 21871.55207 -0.00975776660934 0.00124336093567 1.53411934248e-05 -0.000166787521859
BPM.29L8.B2 21925.00059 -0.00982628022878 0.000451854493463 -0.000166947230078 -1.34926543009e-05
BPM.28L8.B2 21978.4491 -0.00951855681729 0.00248133668761 -8.49295569972e-06 0.000167276119307
BPM.27L8.B2 22031.89762 -0.00968774579164 0.00170515015373 0.000167360102377 6.63526410423e-06
BPM.26L8.B2 22085.34614 -0.00918964115878 0.00369132740117 1.68982434865e-06 -9.95989957832e-05
BPM.25L8.B2 22138.79465 -0.00945756358113 0.00293766807094 -9.96116050142e-05 -5.85937118092e-07
BPM.24L8.B2 22192.24317 -0.00864195819949 0.00483652365709 2.3946115858e-06 9.95845380944e-05
BPM.23L8.B2 22245.69168 -0.00900405318685 0.0041234001476 9.95518351742e-05 -3.49957393313e-06
BPM.22L8.B2 22299.1402 -0.00801895677507 0.00591503688398 -6.41051586593e-06 -3.15166635621e-05
BPM.21L8.B2 22352.58871 -0.00847014731643 0.00524861254001 -3.14436554427e-05 6.75955195001e-06
BPM.20L8.B2 22406.03723 -0.00719643219526 0.00689221972502 7.69747387995e-06 3.12272909275e-05
BPM.19L8.B2 22459.48575 -0.00772913620035 0.00628902080111 3.1139988583e-05 -8.04338926112e-06
BPM.18L8.B2 22512.93426 -0.00625566039799 0.00775616155513 -8.97168458349e-06 -3.08853299045e-05
BPM.17L8.B2 22566.38278 -0.00686118184606 0.00722603022652 -3.07839579407e-05 9.31358434639e-06
BPM.16L8.B2 22619.83129 -0.00521209992686 0.00849266409642 1.02306430114e-05 3.04914533724e-05
BPM.15L8.B2 22673.27981 -0.00588042491094 0.00804437269116 3.03761001275e-05 -1.05682184913e-05
BPM.14L8.B2 22726.72833 -0.00408291028544 0.00908961895245 -1.14725039499e-05 -3.00462402479e-05
BPM.13L8.B2 22780.17684 -0.00480312719442 0.00873048098522 -2.99171814042e-05 1.18049574165e-05
BPM.12L8.B2 22833.62536 -0.00205836430138 0.00974958796586 1.12363708083e-05 3.01353405748e-05
BPM.11L8.B2 22887.07387 -0.00275057560338 0.0095773515584 3.15101961017e-05 -6.44224445405e-06
BPM.10L8.B2 22938.91258 -0.000920684817917 0.00992187827814 -5.32200335072e-08 -3.21619633838e-05
BPM.9L8.B2 22977.9776 0.00110265884667 0.00990330614329 -3.0632555792e-05 -9.80005768369e-06
BPM.8L8.B2 23018.44061 0.00891892900947 0.00444342597157 -2.26582178127e-06 3.20820980095e-05
BPM.7L8.B2 23057.50662 0.00764851083805 0.00638683106248 2.48660038224e-05 2.03979528876e-05
BPM.6L8.B2 23089.97562 0.00235738436022 0.00968163560686 3.02136239513e-05 -1.1024131348e-05
BPMR.5L8.B2 23150.39462 -0.0030487031852 0.00948666105578 -2.45200915391e-05 -2.08124983007e-05
BPMYB.4L8.B2 23171.16162 -0.000866654569036 0.00992674362338 -3.21069752782e-05 -1.88070474959e-06
BPMWB.4L8.B2 23195.62912 -0.00270410090948 0.00959057700719 -2.06511227634e-05 2.46561533248e-05
BPMSX.4L8.B2 23245.78612 0.00242592052387 0.00966469030552 2.95716246198e-05 1.26457146812e-05
BPMS.2L8.B2 23283.69762 0.00243798449311 0.00966165414402 3.07787689556e-05 -9.33063549111e-06
BPMSW.1L8.B2 23293.63162 0.00207344304289 0.00974639230812 2.73254423708e-05 -1.69621583573e-05
BPMSW.1R8.B2 23336.82162 0.00207343118339 0.00974639483426 1.22767666299e-05 2.97266872388e-05
BPMS.2R8.B2 23346.75562 0.00243797618231 0.00966165623749 1.95367093253e-05 2.55482319669e-05
BPMSX.4R8.B2 23384.66712 0.00242591738129 0.00966469109456 3.1390244915e-05 7.00339117171e-06
BPMWI.4R8.B2 23434.90012 -0.00270313181936 0.00959085019439 -2.46740639183e-06 -3.2067221668e-05
BPMYB.4R8.B2 23459.29162 -0.000853536145438 0.0099278801946 -2.71655762893e-05 -1.72170274447e-05
BPMYB.5R8.B2 23479.86862 -0.00267209183118 0.00959954448606 -3.21176455721e-05 1.68875413094e-06
BPMR.6R8.B2 23563.97662 -0.00162839875487 0.00983054660708 1.02018898968e-05 3.05010848901e-05
BPM_A.7R8.B2 23586.21662 -0.000732297689535 0.009937558512 2.00216538053e-05 2.51699849837e-05
BPM.8R8.B2 23627.65561 0.00198804902989 0.00976416868728 3.02139890597e-05 -1.10231382219e-05
BPM.9R8.B2 23666.7226 0.0080690488775 0.00584651856218 -2.74643731378e-05 -1.67362713083e-05
BPM.10R8.B2 23707.18758 0.00714484608521 0.00694568236251 -2.21363258834e-05 2.33319030963e-05
BPM.11R8.B2 23759.02827 0.00844630697927 0.00528689204931 1.91155099123e-05 2.58648839093e-05
BPM.12R8.B2 23813.75476 0.00878031885345 0.00471140424525 2.61540091137e-05 -1.87179771097e-05
BPM.13R8.B2 23867.20624 0.00976582412142 0.00197990110817 -2.11098525493e-05 -2.42645597952e-05
BPM.14R8.B2 23920.65773 0.00957420011495 0.0027615251649 -2.40266229488e-05 2.13802836093e-05
BPM.15R8.B2 23974.10921 0.00993887684675 0.000714182124521 2.20924814458e-05 2.3373418941e-05
BPM.16R8.B2 24027.56069 0.00984880694515 0.00151404453367 2.31245177101e-05 -2.23528794284e-05
BPM.17R8.B2 24081.01218 0.00994857862279 -0.000563127413802 -2.30375243402e-05 -2.24425328259e-05
BPM.18R8.B2 24134.46366 0.00996157249636 0.000241666159729 -2.21829183558e-05 2.32876101568e-05
BPM.19R8.B2 24187.91515 0.00979479788838 -0.00183119179969 2.39435449196e-05 2.1473273134e-05
BPM.20R8.B2 24241.36663 0.00991064176615 -0.00103465397251 2.12037508173e-05 -2.41825473915e-05
BPM.21R8.B2 24294.81811 0.00948006013594 -0.00306916746488 -2.48086750058e-05 -2.04676420372e-05
BPM.22R8.B2 24348.2696 0.0096968469683 -0.00229401133093 -2.01883126492e-05 2.5036508688e-05
BPM.23R8.B2 24401.72108 0.00900954418858 -0.00425669385876 2.56317185584e-05 1.94270405562e-05
BPM.24R8.B2 24455.17257 0.00916940102997 -0.00352530399673 1.67835276e-05 0.000128723397181
BPM.25R8.B2 24508.62405 0.00823803456213 -0.00535167918098 0.000128161276775 -2.06418899482e-05
BPM.26R8.B2 24562.07554 0.00864306664635 -0.00466937710101 -2.20755382498e-05 -0.000127922127448
BPM.27R8.B2 24615.52702 0.00748564721348 -0.00636166403843 -0.000127200902345 2.59100623692e-05
BPM.28R8.B2 24668.9785 0.00782046240947 -0.0057463202419 2.49821474358e-05 0.000281469040855
BPM.29R8.B2 24722.42999 0.00645756388944 -0.00724428721591 0.000280592085629 -3.34216991618e-05
BPM.30R8.B2 24775.88147 0.00702106614023 -0.00669958646636 -3.65592221062e-05 -0.000280200555591
BPM.31R8.B2 24829.33296 0.00547749240117 -0.00801104897177 -0.000278974912284 4.49658286262e-05
BPM.32R8.B2 24882.78444 0.00610637048834 -0.00754268308331 4.80921133454e-05 0.000278453004154
BPM.33R8.B2 24936.23592 0.00440798175751 -0.00864578078982 0.000276883337523 -5.64317714916e-05
BPM.34R8.B2 24989.68741 0.0050912178573 -0.00826192044271 -5.95276151244e-05 -0.000276234303247
BPM.33L1.B2 25043.13889 0.00326537594583 -0.00913877172158 -0.000274320324417 6.78032957342e-05
BPM.32L1.B2 25096.59038 0.0039925571702 -0.00884529908165 7.08747040743e-05 0.000273542879422
BPM.31L1.B2 25150.04186 0.00206984126331 -0.00948132827082 0.000271290862144 -7.90581821388e-05
BPM.30L1.B2 25203.49334 0.00282808674468 -0.00928341284141 -8.20911780695e-05 -0.00027038854642
BPM.29L1.B2 25256.94483 0.000839515403466 -0.00966824919667 -0.000267799612314 9.01792461035e-05
BPM.28L1.B2 25310.39631 0.00161739064174 -0.00956890150977 9.31750650572e-05 0.000266772066125
BPM.27L1.B2 25363.8478 -0.000403806470512 -0.00969622447309 0.000263852638042 -0.000101146984897
BPM.26L1.B2 25417.29928 0.000225659971981 -0.00970693380407 -0.000106452644122 -0.000108134362064
BPM.25L1.B2 25470.75077 -0.00179400193478 -0.00954238142753 -0.0001048874558 0.00010965321346
BPM.24L1.B2 25524.20225 -0.00101780011406 -0.00965606385687 0.000110821702485 0.000103652086684
BPM.23L1.B2 25577.65373 -0.0029998378774 -0.00923452537916 0.000100275475236 -0.000113886062382
BPM.22L1.B2 25631.10522 -0.00239905490858 -0.00945626770591 -0.000117358889527 5.55754163074e-05
BPM.21L1.B2 25684.5567 -0.00430942122653 -0.00875244834647 5.90759297066e-05 0.000115636366662
BPM.20L1.B2 25738.00819 -0.00358889067129 -0.00907173231119 0.000114966814955 -6.03685911944e-05
BPM.19L1.B2 25791.45967 -0.00539374337353 -0.0081292063453 -6.37956139762e-05 -0.000113101079777
BPM.18L1.B2 25844.91115 -0.00472006344428 -0.00853800119838 -0.00011237975937 6.50578557121e-05
BPM.17L1.B2 25898.36264 -0.00638931955228 -0.00737245271762 6.84044666426e-05 0.00011037465501
BPM.16L1.B2 25951.81412 -0.00577340050959 -0.00786411533016 0.000109600632986 -6.96378857632e-05
BPM.15L1.B2 26005.26561 -0.00727999749955 -0.0064944668574 -7.2899499231e-05 -0.000107458819593
BPM.14L1.B2 26058.71709 -0.00673209138855 -0.00706083627603 -0.000106636135661 7.40977063591e-05
BPM.13L1.B2 26112.16857 -0.00805096804972 -0.00550984363433 7.72677202197e-05 0.000104362038136
BPM.12L1.B2 26165.62006 -0.00675413495935 -0.00703975314079 0.000109047161014 -7.05014267751e-05
BPM.11L1.B2 26219.07154 -0.00729526934715 -0.00647730719499 -5.792765127e-05 -0.000116215841062
BPM.10L1.B2 26271.85423 -0.00798571994989 -0.00560399323706 -0.000112622261835 6.46371645337e-05
BPM.9L1.B2 26310.92122 -0.00896757899124 -0.00384174314533 5.44458989813e-05 0.000117887142952
BPM.8L1.B2 26351.38621 -0.00380606662311 -0.00898277909353 7.88052804663e-05 -0.000103205924693
BPM.7L1.B2 26390.4542 -0.00832117411916 -0.00509259507741 -9.5328681109e-05 -8.81712937254e-05
BPMR.6L1.B2 26433.6382 -0.00870764356896 -0.00439925071163 -0.000128312135094 1.99431943852e-05
BPM.5L1.B2 26465.5382 -0.00868889767795 -0.00443616056282 -0.000103978464965 7.77831263373e-05
BPMYA.4L1.B2 26486.6562 -0.00872283244114 -0.00436905683141 -7.50129143194e-05 0.000105994333177
BPMWB.4L1.B2 26507.7127 -0.00925273427901 -0.00309247017147 -3.11733018336e-05 0.000126055388196
BPMSY.4L1.B2 26600.5687 -0.00947592538853 -0.00232019426135 0.000128135853026 2.10460963867e-05
BPMS.2L1.B2 26627.3542 -0.00965861578873 -0.00137390112499 0.000124553805612 -3.6716287681e-05
BPMSW.1L1.B2 26637.4082 -0.00970205332952 -0.00102304669965 0.000109382328664 -6.99802932299e-05
