BPMSW.1R1.B1 21.475 0.0109210474591 -0.000295402440338 -0.000109355714368 -0.000271952710722
BPMS.2R1.B1 31.529 0.01090317391 -0.000690897004731 -0.000180828148234 -0.000230690533343
BPMSY.4R1.B1 58.3145 0.0107818009582 -0.00176332312884 -0.000263099135686 -0.00012921220038
BPMWB.4R1.B1 151.0945 0.0106013501714 -0.00263968082193 -0.000108251044585 0.00027239430491
BPMYA.4R1.B1 172.227 0.0101199078981 -0.00411630956635 -9.98882230209e-07 0.000293114224206
BPM.5R1.B1 199.635 0.0102181136744 -0.0038660953407 0.000115469856713 0.000269413550373
BPMR.6R1.B1 231.535 0.00995298217137 -0.00450496239738 0.000231507418823 0.000179781145522
BPM_A.7R1.B1 259.259 0.00974426338648 -0.00494022988686 0.00029116077731 3.37986668497e-05
BPM.8R1.B1 300.6979894 0.00799580981969 -0.0074447005108 0.000100663882549 -0.000275288452038
BPM.9R1.B1 339.7649788 0.00816936204927 -0.00725383099061 -0.000292974466581 -9.10538288135e-06
BPM.10R1.B1 380.2299682 0.0103709848963 -0.00343499820967 4.21896965403e-05 0.000290063737698
BPM.11R1.B1 433.0126576 0.00849896653612 -0.00686470014655 0.000280547727489 -8.49112636164e-05
BPM.12R1.B1 487.7391417 0.00982441878053 -0.0047788425294 -8.78145622254e-05 -0.000279652552135
BPM.13R1.B1 541.1906258 0.00935997527525 -0.00563448340059 -0.000284324821774 7.12484748764e-05
BPM.14R1.B1 594.6421099 0.00978438814479 -0.00486027663741 7.44385049969e-05 0.000283506357033
BPM.15R1.B1 648.093594 0.00856256396181 -0.00678520734461 0.000281144157034 -8.2915074353e-05
BPM.16R1.B1 701.5450781 0.00908215453496 -0.00607215029745 -8.60552867082e-05 -0.000280198913012
BPM.17R1.B1 754.9965622 0.00762399085453 -0.00782504337577 -0.000277484757114 9.44413170246e-05
BPM.18R1.B1 808.4480463 0.00823085349775 -0.00718398155811 9.75483848615e-05 0.000276407783994
BPM.19R1.B1 861.8995304 0.00656058402115 -0.00873586158325 0.000273354663329 -0.000105802524058
BPM.20R1.B1 915.3510145 0.00724405541413 -0.00817803163114 -0.000108854958769 -0.00027215353126
BPM.21R1.B1 968.8024986 0.00538880783965 -0.00950354093898 -0.000268758033902 0.000116987447064
BPM.22R1.B1 1022.253983 0.00613852909156 -0.0090374222505 0.000119994416391 0.000267429030989
BPM.23R1.B1 1075.705467 0.00412914068037 -0.0101146793106 0.000263705365681 -0.000127970420895
BPM.24R1.B1 1129.156951 0.00488220054469 -0.0097516637841 -0.000131672113544 -0.000212585109074
BPM.25R1.B1 1182.608435 0.00275180963569 -0.0105526476484 -0.000208531759819 0.000138001741763
BPM.26R1.B1 1236.059919 0.00359484154881 -0.0102960158725 0.000140331077058 0.000206971405159
BPM.27R1.B1 1289.511403 0.00137956516248 -0.0108179308849 0.000202663074794 -0.000146484300864
BPM.28R1.B1 1342.962887 0.00219835454695 -0.0106744733277 -0.000149501820218 -0.000151339541638
BPM.29R1.B1 1396.414371 -6.50643848294e-05 -0.0108982984959 -0.000146779154119 0.000153981583615
BPM.30R1.B1 1449.865855 0.000815040602175 -0.0108679736988 0.000155617392108 0.000145043701924
BPM.31R1.B1 1503.31734 -0.00145847573363 -0.0108004625831 0.000140303028157 -0.000159904685377
BPM.32R1.B1 1556.768824 -0.000582267708377 -0.0108829273543 -0.000161465638612 -0.000138503772913
BPM.33R1.B1 1610.220308 -0.0028283871764 -0.0105250828683 -0.000133590702841 0.000165553529345
BPM.34R1.B1 1663.671792 -0.00196939794914 -0.010719077162 0.000167040877936 0.000131726208602
BPM.33L2.B1 1717.123276 -0.00415138028762 -0.0100768638569 0.000126647341489 -0.000170923663943
BPM.32L2.B1 1770.57476 -0.00332476465951 -0.0103789731397 -0.000172330884517 -0.000124725761286
BPM.31L2.B1 1824.026244 -0.00540655660649 -0.0094628901026 -0.000119493508076 0.000175999285694
BPM.30L2.B1 1877.477728 -0.00462492707194 -0.00986849497383 0.000177328089386 0.000117512539965
BPM.29L2.B1 1930.929212 -0.0065725328985 -0.00869361574505 0.000112130012799 -0.000180779725506
BPM.28L2.B1 1984.380696 -0.00584961060801 -0.00919560760296 -0.000182023616221 -0.000110099276228
BPM.27L2.B1 2037.83218 -0.00763080776642 -0.00778125415334 -0.000104583397892 0.000185247830493
BPM.26L2.B1 2091.283665 -0.00702727183362 -0.00837506628886 0.000185652299665 0.000152170590152
BPM.25L2.B1 2144.735149 -0.00861255891562 -0.0067341008188 0.000146520883319 -0.0001901428239
BPM.24L2.B1 2198.186633 -0.00804109155546 -0.00740710006787 -0.000191771317532 -0.00014438291418
BPM.23L2.B1 2251.638117 -0.00940337145533 -0.00557681720831 -0.000138560222503 0.000196019726111
BPM.22L2.B1 2305.089601 -0.00897204576743 -0.00632090819015 0.000196804098728 0.000186025546795
BPM.21L2.B1 2358.541085 -0.0100886126477 -0.00432103927916 0.000180023767414 -0.000202308673064
BPM.20L2.B1 2411.992569 -0.00970702716442 -0.00512104571655 -0.000204311924906 -0.000177746997662
BPM.19L2.B1 2465.444053 -0.0105585482154 -0.00299475293358 -0.000171534284558 0.000209555116398
BPM.18L2.B1 2518.895537 -0.0102823373833 -0.00383731983251 0.000211464930849 0.000169174293486
BPM.17L2.B1 2572.347021 -0.0108548821519 -0.00161957373587 0.000162738559125 -0.00021645673657
BPM.16L2.B1 2625.798506 -0.0106887744959 -0.00249029825032 -0.000218265325181 -0.000160304729096
BPM.15L2.B1 2679.24999 -0.0109728833887 -0.000217521779183 -0.000153681574988 0.000222978313084
BPM.14L2.B1 2732.701474 -0.0109195207597 -0.001102520726 0.000224687342203 0.00015117194082
BPM.13L2.B1 2786.152958 -0.0109105616449 0.00118790998821 0.000144346411623 -0.000229131992256
BPM.12L2.B1 2839.604442 -0.0109200978645 -0.00109678996193 -0.000219297656891 -0.0001588895702
BPM.11L2.B1 2893.055926 -0.0109329945369 -0.000959747915218 -0.000175050964622 0.000206626520397
BPM.10L2.B1 2944.896615 -0.0109107179148 -0.00118647381933 0.000215781897327 0.000163632304195
BPM.9L2.B1 2983.963605 -0.00977601911234 0.00498807937889 0.000216884603158 -0.000162167894648
BPM.8L2.B1 3024.428594 -0.00903120594775 0.00623608889307 -3.83514926238e-05 -0.000268079318941
BPM.7L2.B1 3063.496584 -0.00470382767275 0.00991592107585 -0.000252742124371 -9.72562389858e-05
BPMR.6L2.B1 3095.602584 0.000457131804293 0.010965514857 -0.000245596896922 0.000114103106835
BPMYB.5L2.B1 3167.801584 -0.00214235272611 0.0107639124082 0.0002206446966 0.000157013620183
BPMYB.4L2.B1 3188.371584 -0.00563073424704 0.00942052638684 0.000269236905471 -2.913498008e-05
BPMWI.4L2.B1 3212.839084 -0.0038172804179 0.0102897937681 0.00013726635871 -0.000233442295576
BPMSX.4L2.B1 3262.996084 -0.0084311056206 0.00702623253368 -0.00026314769517 -6.39581667976e-05
BPMS.2L2.B1 3300.907584 -0.00843985107904 0.0070157251392 -0.000242658524222 0.000120225582755
BPMSW.1L2.B1 3310.841584 -0.00817042560231 0.00732773028629 -0.000203383282499 0.000178808836216
BPMSW.1R2.B1 3354.031584 -0.00817044082216 0.00732771332034 -0.000143237207586 -0.000229827027015
BPMS.2R2.B1 3363.965584 -0.00843986316825 0.00701571058209 -0.000197726771136 -0.00018504451958
BPMSX.4R2.B1 3401.877084 -0.00843110692875 0.00702623096198 -0.000270416206747 -1.45750444542e-05
BPMWB.4R2.B1 3452.110084 -0.00381900179046 0.0102891550142 6.50158821639e-05 0.000262888366922
BPMYB.4R2.B1 3476.501584 -0.00566064740165 0.00940258244166 0.0002494714604 0.000105362938236
BPMR.5R2.B1 3506.035584 -0.000448805929657 0.0109658587812 0.000222989645887 -0.000153665137627
BPM.6R2.B1 3579.331584 -0.0061790125182 0.00907035224333 -0.000222946143434 -0.000153728237186
BPM_A.7R2.B1 3592.206584 -0.007430415763 0.00807715341022 -0.000256374699967 -8.72317128238e-05
BPM.8R2.B1 3633.643594 -0.00961065680069 0.00529969446539 -0.000200065057822 0.000182513916657
BPM.9R2.B1 3672.708605 -0.00778495643585 0.00773601570045 0.000198377012335 0.000184347282151
BPM.10R2.B1 3713.171615 -0.00224669134284 0.0107426190259 0.00015198385595 -0.000224138946543
BPM.11R2.B1 3765.010326 -0.00391341959039 0.0102536155883 -0.000211044287355 -0.00016969875026
BPM.12R2.B1 3819.733842 -0.00335060708778 0.0104510725634 -0.000159422376371 0.000218910629887
BPM.13R2.B1 3873.182358 -0.00530237189783 0.00960917987653 0.000233325856388 0.0001374641758
BPM.14R2.B1 3926.630874 -0.00319296884262 0.0105003064498 0.00013042001768 -0.000237335158233
BPM.15R2.B1 3980.07939 -0.00403018074095 0.0102082872579 -0.000238767057032 -0.000127779694481
BPM.16R2.B1 4033.527906 -0.00182371873283 0.0108224551534 -0.000120579889206 0.000242482676051
BPM.17R2.B1 4086.976421 -0.00269082723813 0.0106400627009 0.00024380470655 0.000117883940537
BPM.18R2.B1 4140.424937 -0.000424157150405 0.0109668398491 0.000110533169253 -0.000247224140672
BPM.19R2.B1 4193.873453 -0.00130808593222 0.0108968067252 -0.000248435112076 -0.000107783825921
BPM.20R2.B1 4247.321969 0.000982030756415 0.0109310155573 -0.000100301936691 0.000251548964233
BPM.21R2.B1 4300.770485 9.70299205839e-05 0.0109746102788 0.000252645325373 9.75074124002e-05
BPM.22R2.B1 4354.219001 0.0023724103419 0.0107155566684 8.99029804838e-05 -0.000255450213307
BPM.23R2.B1 4407.667517 0.00149964019106 0.010872100297 -0.000256432102103 -8.70628301974e-05
BPM.24R2.B1 4461.116033 0.00360129574916 0.0103474050135 -7.92246826692e-05 0.000383452823568
BPM.25R2.B1 4514.564549 0.00275493907819 0.0106041705148 0.000384306887758 7.49722166176e-05
BPM.26R2.B1 4568.013065 0.00489546211968 0.00980166171034 6.34423333969e-05 -0.000386377651381
BPM.27R2.B1 4621.46158 0.00408815389116 0.0101648964283 -0.000387058406478 -5.91473713524e-05
BPM.28R2.B1 4674.910096 0.00598673586539 0.00911824965 -4.74040796542e-05 0.000513182967701
BPM.29R2.B1 4728.358612 0.0052317976354 0.00957140410567 0.000513676016394 4.17234738751e-05
BPM.30R2.B1 4781.807128 0.00710401860702 0.00827746354296 2.63461035076e-05 -0.000514693873033
BPM.31R2.B1 4835.255644 0.00641253011788 0.0088239979943 -0.000514955040963 -2.06206256453e-05
BPM.32R2.B1 4888.70416 0.00810446400291 0.00730076340799 -5.18560143219e-06 0.000515341641624
BPM.33R2.B1 4942.152676 0.00748914856857 0.00793070846047 0.000515367485184 -5.11265447843e-07
BPM.34R2.B1 4995.601192 0.00897181682018 0.00620402982349 -1.59172517318e-05 -0.000515121871514
BPM.33L3.B1 5049.049708 0.0084416965501 0.00690805633867 -0.00051491280164 2.16496855888e-05
BPM.32L3.B1 5102.498224 0.00969171094183 0.00500541927472 3.70666185294e-05 0.000514033043384
BPM.31L3.B1 5155.94674 0.00925631925988 0.00577096498282 0.000513592271584 -4.27419968501e-05
BPM.30L3.B1 5209.395255 0.010252389937 0.00372451119093 -5.80748414345e-05 -0.000512085171083
BPM.29L3.B1 5262.843771 0.00991829986445 0.00453991308565 -0.000511406568765 6.37747768594e-05
BPM.28L3.B1 5316.292287 0.0106445920134 0.00238246594572 7.9068071138e-05 0.000509266278577
BPM.27L3.B1 5369.740803 0.0104176657332 0.00323353114564 0.000508362431516 -8.46849511968e-05
BPM.26L3.B1 5423.189319 0.0107395360905 0.00102451038729 -9.97283229206e-05 -0.000381067796345
BPM.25L3.B1 5476.637835 0.0106218165111 0.00188792769629 -0.000379933939731 0.000103964411988
BPM.24L3.B1 5530.086351 0.0107823632461 -0.000357630781207 0.000115295827104 0.000376650065614
BPM.23L3.B1 5583.534867 0.010776061061 0.000513580554332 0.000375353505304 -0.0001194493445
BPM.22L3.B1 5636.983383 0.0105256412617 -0.00171070627373 -0.000130503070267 -0.000247080694125
BPM.21L3.B1 5690.431899 0.0106293678625 -0.000855674453035 -0.000245613787233 0.0001332433507
BPM.20L3.B1 5743.880414 0.0102203742367 -0.00304295751306 0.000140535774842 0.000241515255121
BPM.19L3.B1 5797.32893 0.0104325928486 -0.00220831303351 0.000239946572102 -0.000143197648375
BPM.18L3.B1 5850.777446 0.00974708633298 -0.00432549973742 -0.000150312593766 -0.000235554761798
BPM.17L3.B1 5904.225962 0.0100643696788 -0.00352478408991 -0.000233868535642 0.000152922954154
BPM.16L3.B1 5957.674478 0.00911380204609 -0.00553662823405 0.000159854358428 0.000229186616508
BPM.15L3.B1 6011.122994 0.00953085692871 -0.00478313768272 0.000227404568744 -0.000162379433202
BPM.14L3.B1 6064.57151 0.00833053182328 -0.00665716753229 -0.000169111149108 -0.000222444014211
BPM.13L3.B1 6118.020026 0.00884060356734 -0.00596316766169 -0.000220550257812 0.000171573610014
BPM.12L3.B1 6171.468542 0.00702987938416 -0.00801850583572 0.000171918195626 0.000220281762292
BPM.11L3.B1 6224.917058 0.0066451161544 -0.00834014815863 0.000220506049121 -0.000171630430717
BPM.10L3.B1 6277.697768 0.0021715978471 -0.0104402970622 -0.000155105798112 -0.000232426568896
BPM.9L3.B1 6316.762779 0.00258808185478 -0.0103449249508 -0.000276961736626 -3.70421178081e-05
BPM.8L3.B1 6357.225789 0.00696957371753 -0.00807097776926 -7.83765531068e-05 0.000268210807747
BPM.7L3.B1 6396.2898 0.0105130701628 0.00178633583517 0.000278903197585 1.71150915952e-05
BPM.6L3.B1 6468.9288 0.0105293155061 0.00168794398669 4.1409329047e-05 -0.00027634251897
BPMWE.5L3.B1 6512.0583 0.010631096486 0.000833922971679 -0.000141402175432 -0.000241009014774
BPMW.5L3.B1 6539.6033 0.0100829630061 -0.00347123853274 -0.000252192338553 -0.00012032849254
BPMWE.4L3.B1 6614.7313 0.00925570412199 -0.00529599670936 -0.000219766508421 0.000172576370785
BPMW.4L3.B1 6642.2763 0.0100933423931 -0.00344094165731 -0.000139542160727 0.000242090701537
BPMW.4R3.B1 6687.2413 0.00909937325698 -0.00556030992577 3.86288641334e-05 0.000276744883465
BPMWE.4R3.B1 6714.7863 0.00175740957621 -0.0105179442639 0.000253577629677 0.00011738102716
BPMW.5R3.B1 6789.9143 -0.00198484049368 -0.0104774065563 0.000186215758427 -0.000208335337467
BPMWE.5R3.B1 6817.4593 0.00129473562398 -0.0105848618168 7.43730369879e-05 -0.000269348417864
BPMWC.6R3.B1 6858.4503 0.0013362903385 -0.010579696029 -8.75997207869e-05 -0.000265341684026
BPMR.6R3.B1 6870.5288 -0.000832224739726 -0.01063122956 -0.000162151179532 -0.000227567387095
BPM_A.7R3.B1 6926.3528 -0.00772473644673 -0.00735146834209 -0.000216616600198 0.000176513932847
BPM.8R3.B1 6965.416811 -0.00960067644421 -0.00464140622831 5.76831408666e-05 0.000273409178301
BPM.9R3.B1 7004.481821 -0.0105808231296 -0.00132733637611 0.000260803386368 0.000100307103608
BPM.10R3.B1 7044.944832 -0.0106490432257 -0.000559927116663 0.000244040211624 -0.000136103991083
BPM.11R3.B1 7097.725542 -0.0106103088374 -0.00106629563465 -4.77775126116e-05 -0.00027531296492
BPM.12R3.B1 7152.449058 -0.0104368470287 -0.00218811883058 -0.000279421785273 1.8400121205e-06
BPM.13R3.B1 7205.897574 -0.0104896213891 -0.00191924022837 -2.69504180513e-05 0.000278125142155
BPM.14R3.B1 7259.34609 -0.0103004131775 -0.0027599145451 0.000278408029814 2.38514389265e-05
BPM.15R3.B1 7312.794606 -0.0106489297876 -0.000562080368124 1.55023475451e-05 -0.000278997483922
BPM.16R3.B1 7366.243122 -0.0105688492214 -0.00141953022897 -0.000279151940414 -1.24143575768e-05
BPM.17R3.B1 7419.691638 -0.0106333393811 0.00080481894793 -4.06155703288e-06 0.000279398327372
BPM.18R3.B1 7473.140154 -0.0106636068817 -5.59303998681e-05 0.000279426208932 9.5572234182e-07
BPM.19R3.B1 7526.58867 -0.0104430458293 0.00215834051231 -7.41310976026e-06 -0.000279329495231
BPM.20R3.B1 7580.037186 -0.0105831600033 0.00130857339426 -0.000279230377502 1.05032598546e-05
BPM.21R3.B1 7633.485701 -0.0100811292689 0.00347656045773 1.88488534419e-05 0.0002787913955
BPM.22R3.B1 7686.934217 -0.0103287972633 0.00265171399133 0.000278564668434 -2.19464066764e-05
BPM.23R3.B1 7740.382733 -0.00955363213913 0.0047374838127 -3.02782762142e-05 -0.00027778254802
BPM.24R3.B1 7793.831249 -0.00971584723586 0.00396286844082 -0.000274520058382 -0.000155902794093
BPM.25R3.B1 7847.279765 -0.0086818286662 0.00589303527699 -0.000147626919362 0.000279057763188
BPM.26R3.B1 7900.728281 -0.00912899239791 0.00517334626936 0.000280679092931 0.000144520546176
BPM.27R3.B1 7954.176797 -0.00785661844326 0.00695525416393 0.000136047586436 -0.00028488242854
BPM.28R3.B1 8007.625313 -0.00820350274278 0.00631021044615 -0.000283466892708 -0.000322129251769
BPM.29R3.B1 8061.073829 -0.00671530048522 0.00787533824897 -0.000313513934761 0.000292967129793
BPM.30R3.B1 8114.522345 -0.00732867471417 0.0073079915245 0.000296425123484 0.000310246476268
BPM.31R3.B1 8167.97086 -0.00565242282583 0.00866985174909 0.000301225613441 -0.000305587721851
BPM.32R3.B1 8221.419376 -0.00633394406284 0.00818519185817 -0.000308909963774 -0.000297817663472
BPM.33R3.B1 8274.867892 -0.00449728681921 0.00932151406283 -0.00028844981422 0.000317675048457
BPM.34R3.B1 8328.316408 -0.00523446885626 0.00892841245753 0.000320854030017 0.00028490949411
BPM.33L4.B1 8381.764924 -0.00326755914631 0.00982034980935 0.000275171616956 -0.000329243542244
BPM.32L4.B1 8435.21344 -0.00404981873975 0.00952445175853 -0.000332275184941 -0.000271503097209
BPM.31L4.B1 8488.661956 -0.00198489549554 0.0101575786008 -0.000261444505931 0.000340246236494
BPM.30L4.B1 8542.110472 -0.00279764319988 0.0099644069393 0.000343124312761 0.000257655653844
BPM.29L4.B1 8595.558988 -0.000668838647581 0.0103280621615 0.000247267352999 -0.000350684454049
BPM.28L4.B1 8649.007504 -0.00150061527046 0.0102403304132 -0.000353405589139 -0.000243362321356
BPM.27L4.B1 8702.45602 0.000657431600162 0.0103287945482 -0.000232679742694 0.000360528598115
BPM.26L4.B1 8755.904535 1.10288322842e-05 0.0103600958777 0.000365992803121 3.94147501057e-05
BPM.25L4.B1 8809.353051 0.00216059345202 0.0101323020201 2.84441591425e-05 -0.000367008426443
BPM.24L4.B1 8862.801567 0.0013355435244 0.0102736571741 -0.000367301464635 -2.43698481667e-05
BPM.23L4.B1 8916.250083 0.00343893549321 0.00977268800853 -1.33658733505e-05 0.000367866290383
BPM.22L4.B1 8969.698599 0.00282817050075 0.0100302342262 0.000370901304113 -0.000179964578039
BPM.21L4.B1 9023.147115 0.00484782068928 0.00922511688529 -0.000190982621414 -0.000365350066007
BPM.20L4.B1 9076.595631 0.00408740152923 0.0095863077222 -0.000363205738098 0.000195029803874
BPM.19L4.B1 9130.044147 0.00598829893529 0.00852903411407 0.0002058129694 0.000357205896688
BPM.18L4.B1 9183.492663 0.00528062838098 0.00898438149809 0.000354906854732 -0.00020975259718
BPM.17L4.B1 9236.941179 0.00702993058017 0.00769312829817 -0.000220278139475 -0.00034847176724
BPM.16L4.B1 9290.389694 0.0063860695825 0.00823542726799 -0.000346000609308 0.000224139707148
BPM.15L4.B1 9343.83821 0.00795644141882 0.00673046706548 0.000234395079903 0.000339137103167
BPM.14L4.B1 9397.286726 0.0073874471865 0.00735049461552 0.000336525316342 -0.000238129677118
BPM.13L4.B1 9450.735242 0.00875191130854 0.00565757858219 -0.00024809264323 -0.000329249249112
BPM.12L4.B1 9504.183758 0.00798966895817 0.00669098923417 -0.000333049598572 0.000242967072735
BPM.11L4.B1 9557.632274 0.00887765269697 0.0054581525848 0.000243504332689 0.00033265698593
BPMC.10L4.B1 9609.470985 0.00867198051644 0.00577935125635 0.000326308651485 -0.000251947795207
BPMC.9L4.B1 9648.535995 0.00979343279955 0.00356269856089 -0.000183460936152 -0.000369184391661
BPMC.8L4.B1 9688.999006 0.00769800596891 0.00702458903379 -0.00027689561684 0.000305424047015
BPMC.7L4.B1 9728.063016 0.0103404680607 0.00129571112798 0.000326873031505 0.000251215152998
BPMYB.6L4.B1 9824.667016 0.0103905209578 -0.000800762952808 0.000260748814609 -0.000319319731558
BPMYA.5L4.B1 9861.667016 0.0103322520676 -0.00135967411781 0.000162764019552 -0.000378764975569
BPMWA.B5L4.B1 9964.133516 0.00917147941191 0.00494854649624 -0.000298298426346 -0.000284557692367
BPMWA.A5L4.B1 9973.018516 0.008884214695 0.00544746512398 -0.00033152473536 -0.000245043625613
BPMWA.A5R4.B1 10021.06752 0.00778198931045 0.00693143487187 -0.000412203774779 -6.56328790909e-06
BPMWA.B5R4.B1 10029.95252 0.00771899059753 0.00700152349038 -0.000410708131504 3.56911907495e-05
BPMYB.5R4.B1 10132.34302 0.00906396089051 0.00514283568962 -0.000199939368186 0.000360526427929
BPMYA.6R4.B1 10163.90702 0.00895038908801 0.00533804093947 -0.000112208631856 0.000396691645239
BPMCA.7R4.B1 10260.42302 0.00675937984498 0.00793189328714 0.00035680863956 0.000206500908501
BPMC.8R4.B1 10298.21203 0.00614446787475 0.00841722409971 0.000377130424406 -0.000166516290084
BPMC.9R4.B1 10337.27704 0.00899385019077 0.00526448532688 -0.000165493568452 -0.00037758033458
BPMC.10R4.B1 10377.74005 0.0104181522199 -0.000257393389822 -0.000371874124935 0.000177945662276
BPM.11R4.B1 10429.57876 0.0103820726487 0.00090372257097 0.000125548837773 0.000392673554036
BPM.12R4.B1 10484.30227 0.0104206014279 -0.000123340554706 0.000394863454021 -0.000118481580168
BPM.13R4.B1 10537.75079 0.0103886256168 0.000824987729287 -0.000125837863156 -0.000392581027933
BPM.14R4.B1 10591.19931 0.0103336576456 -0.00134895020291 -0.000388633340456 0.000137546934169
BPM.15R4.B1 10644.64782 0.0104088153067 -0.000510598531748 0.000141856550442 0.000387081062557
BPM.16R4.B1 10698.09634 0.0100762153711 -0.00265970501482 0.000382669576765 -0.000153359142681
BPM.17R4.B1 10751.54485 0.0102579672247 -0.00183800310906 -0.000157585737754 -0.000380948511163
BPM.18R4.B1 10804.99337 0.00965316061859 -0.00392691189718 -0.000376054244097 0.000168932636342
BPM.19R4.B1 10858.44189 0.00993862148158 -0.00313495614352 0.000173099710908 0.000374154404537
BPM.20R4.B1 10911.8904 0.00907162467687 -0.00512930528804 0.000368814936799 -0.000184202534433
BPM.21R4.B1 10965.33892 0.00945586957015 -0.00438071657174 -0.000188274858511 -0.000366752787229
BPM.22R4.B1 11018.78743 0.00834079809322 -0.00624781835474 -0.000360945663131 0.00019918146608
BPM.23R4.B1 11072.23595 0.00881793132438 -0.00555411867142 0.000203177776124 0.000358711333111
BPM.24R4.B1 11125.68447 0.00768816961042 -0.00730436670555 0.000352280458203 -0.000432586737188
BPM.25R4.B1 11179.13298 0.00825225469722 -0.00666048177115 -0.000436466509045 -0.000347461924008
BPM.26R4.B1 11232.5815 0.00669034084483 -0.00822806564864 -0.000334223628943 0.000446684858685
BPM.27R4.B1 11286.03001 0.00733288550943 -0.0076609735065 0.000450364133035 0.00032924906354
BPM.28R4.B1 11339.47853 0.00579801073019 -0.00905724552652 0.000315443763888 -0.000678790876978
BPM.29R4.B1 11392.92705 0.0065094167723 -0.0085602639109 -0.000682249963694 -0.000307890909755
BPM.30R4.B1 11446.37556 0.00459139463253 -0.00972469641155 -0.000287308807347 0.000691169642817
BPM.31R4.B1 11499.82408 0.00536186237388 -0.00932207363238 0.000694311709923 0.000279630251607
BPM.32R4.B1 11553.27259 0.00331009113685 -0.0102320047703 0.000258747680824 -0.000702361349324
BPM.33R4.B1 11606.72111 0.00412424819534 -0.00993182771524 -0.000705188189514 -0.000250941099005
BPM.34R4.B1 11660.16962 0.0019736369651 -0.0105714418174 -0.000229711860736 0.000712386333125
BPM.33L5.B1 11713.61814 0.00282109408306 -0.0103774781696 0.000714890448827 0.000221796017124
BPM.32L5.B1 11767.06666 0.000605491655248 -0.0107370389224 0.000200309167693 -0.000721205976104
BPM.31L5.B1 11820.51517 0.0014691542132 -0.0106532723093 -0.000723381626728 -0.000192304049572
BPM.30L5.B1 11873.96369 -0.000773283558912 -0.0107262601841 -0.000170571083736 0.000728812276605
BPM.29L5.B1 11927.4122 9.56421787865e-05 -0.0107536727463 0.000730661177551 0.000162468677299
BPM.28L5.B1 11980.86072 -0.00213875228769 -0.0105392771875 0.000140522249516 -0.000735197471975
BPM.27L5.B1 12034.30924 -0.00128206058634 -0.0106774035049 -0.000736708050464 -0.000132374723669
BPM.26L5.B1 12087.75775 -0.00325486659743 -0.0102199824948 -0.000110491692869 0.000521552409822
BPM.25L5.B1 12141.20627 -0.00241898194211 -0.0104494365918 0.000522747886599 0.000104689897711
BPM.24L5.B1 12194.65478 -0.00453528252856 -0.00971974336929 8.89884465083e-05 -0.00052564854142
BPM.23L5.B1 12248.1033 -0.00373660934654 -0.0100538524612 -0.00052660093579 -8.31671956966e-05
BPM.22L5.B1 12301.55182 -0.00552674705242 -0.00910055264224 -6.75911028102e-05 0.000310066258279
BPM.21L5.B1 12355.00033 -0.00477406434247 -0.00951700063344 0.000310798110489 6.41418506124e-05
BPM.20L5.B1 12408.44885 -0.00664536528854 -0.00831890086226 5.48063008666e-05 -0.00031257945392
BPM.19L5.B1 12461.89736 -0.00595259126803 -0.00882789038238 -0.000313166834712 -5.13437184791e-05
BPM.18L5.B1 12515.34588 -0.00765501541852 -0.00740038717572 -4.19555011239e-05 0.00031456220306
BPM.17L5.B1 12568.79439 -0.00703267736127 -0.00799415039817 0.000315009104671 3.84565954627e-05
BPM.16L5.B1 12622.24291 -0.0085387030678 -0.00636046706317 2.90053845571e-05 -0.000316019511798
BPM.15L5.B1 12675.69143 -0.00799771032132 -0.00702862867481 -0.000316321058271 -2.55074739668e-05
BPM.14L5.B1 12729.13994 -0.00928224202484 -0.00521583879606 -1.60372503682e-05 0.000316942343396
BPM.13L5.B1 12782.58846 -0.00883096646918 -0.00594802678593 0.000317101057255 1.25124907634e-05
BPM.12L5.B1 12836.03697 -0.00917989589388 -0.00539393204329 -2.73697461396e-05 -0.00031616536278
BPM.11L5.B1 12889.48549 -0.0075637373194 -0.00749365525822 -0.00031054378057 6.53621153188e-05
BPM.10L5.B1 12942.2662 -0.00844456532187 -0.00648492928545 8.08558162771e-05 0.000306874530861
BPM.9L5.B1 12981.33121 -0.0073064446115 -0.00774473101821 0.000314868625435 -3.95902937152e-05
BPM.8L5.B1 13021.79422 -0.0104839792222 -0.00185773277489 -0.00018444000067 -0.000258247038743
BPMR.7L5.B1 13060.86023 -0.00767309594847 -0.00738163870617 -0.000272917433999 0.00016194354837
BPM.6L5.B1 13097.75423 -0.00786583677013 -0.00717590435253 -8.29060032467e-05 0.000306327011654
BPMR.5L5.B1 13129.65423 -0.00739582772954 -0.0076594205776 7.58318907295e-05 0.000308154452939
BPMYA.4L5.B1 13157.06023 -0.0075819999333 -0.00747517682498 0.000191949636971 0.000252715217145
BPMWB.4L5.B1 13178.19473 -0.00644517663904 -0.00847494480664 0.000271157177078 0.000164873974487
BPMSY.4L5.B1 13270.97473 -0.00572995223495 -0.00897399792867 0.00014317520433 -0.000283214589524
BPMS.2L5.B1 13297.76023 -0.00481663149308 -0.00949552802661 5.90720009562e-06 -0.000317292840115
BPMSW.1L5.B1 13307.81423 -0.00446948851927 -0.00966378102989 -8.27704103352e-05 -0.000306363676248
BPMSW.1R5.B1 13350.76423 -0.00446925080814 -0.00966389096711 0.000316798325901 1.86671554127e-05
BPMS.2R5.B1 13360.81823 -0.00481646088707 -0.0094956145641 0.000309445005057 -7.03805929205e-05
BPMSY.4R5.B1 13387.60373 -0.00572990292374 -0.0089740294127 0.000248132556802 -0.000197838004647
BPMWT.A4R5.B1 13478.00823 -0.00631377374359 -0.00857328714964 -0.000206099797619 -0.000241314143996
BPMWT.B4R5.B1 13479.99023 -0.00642342441493 -0.00849144335091 -0.000214911340667 -0.000233501091465
BPMWB.4R5.B1 13480.38373 -0.00644530562183 -0.00847484671657 -0.000216619988045 -0.000231916844548
BPMYA.4R5.B1 13501.51623 -0.00758196253669 -0.00747521474127 -0.000286491355766 -0.00013650034951
BPM.5R5.B1 13522.63423 -0.00763284398951 -0.00742325292695 -0.000314597974766 -4.16864269804e-05
BPMWT.A6R5.B1 13543.69223 -0.00720445912756 -0.00783969132608 -0.000312098519633 5.74818375264e-05
BPMWT.B6R5.B1 13549.51423 -0.00732112680439 -0.00773085336272 -0.000305672273642 8.52883555008e-05
BPMR.6R5.B1 13554.53423 -0.00751933260169 -0.00753821123468 -0.000297512963933 0.000110434045105
BPM_A.7R5.B1 13588.54823 -0.00817500000554 -0.00682161023723 -0.000167709632008 0.000269412553237
BPM.8R5.B1 13629.98722 -0.0097438759961 -0.00429207082195 0.000222963801009 0.000225824680558
BPM.9R5.B1 13669.05421 -0.00963970496929 -0.00452118120399 0.000144359372167 -0.000282612831508
BPM.10R5.B1 13709.5192 -0.0070687018147 -0.007962314115 -0.000303473013491 -9.28104092129e-05
BPM.11R5.B1 13762.30189 -0.00941842722105 -0.0049657044012 -4.65870608189e-05 0.000313909688124
BPM.12R5.B1 13817.02837 -0.00806109970292 -0.00695583660781 0.000314377599647 4.33170424205e-05
BPM.13R5.B1 13870.47986 -0.00864834683527 -0.0062105626422 6.1696008771e-05 -0.000311292865174
BPM.14R5.B1 13923.93134 -0.00811885204848 -0.00688834035059 -0.000311963955425 -5.82076521256e-05
BPM.15R5.B1 13977.38283 -0.00937174670244 -0.00505325193858 -4.88170459234e-05 0.00031357063154
BPM.16R5.B1 14030.83431 -0.00893322482498 -0.00579331387095 0.000314099055301 4.52926691431e-05
BPM.17R5.B1 14084.28579 -0.00994114353655 -0.00381295903095 3.58272829119e-05 -0.000315318963082
BPM.18R5.B1 14137.73728 -0.00960101663006 -0.00460276776297 -0.00031569972149 -3.230062258e-05
BPM.19R5.B1 14191.18876 -0.0103472730509 -0.0025097672735 -2.28097510517e-05 0.000316527022427
BPM.20R5.B1 14244.64025 -0.010110917699 -0.00333681505395 0.000316763247969 1.92532932451e-05
BPM.21R5.B1 14298.09173 -0.010583308467 -0.00116557853441 9.71968754629e-06 -0.000317198936079
BPM.22R5.B1 14351.54322 -0.010454716285 -0.00201591140486 -0.000317287764341 -6.17393386388e-06
BPM.23R5.B1 14404.9947 -0.0106454582339 0.000198016183412 3.3532416878e-06 0.00031733010402
BPM.24R5.B1 14458.44618 -0.0103426278598 -0.000643929617637 0.000321589741434 -0.000291408114687
BPM.25R5.B1 14511.89767 -0.0102510666085 0.0015166508289 -0.000300938268591 -0.000312689654622
BPM.26R5.B1 14565.34915 -0.0103400313246 0.000684359955391 -0.000309313920572 0.000304406895691
BPM.27R5.B1 14618.80064 -0.00997275283742 0.00281581199458 0.000313563050043 0.000300028123302
BPM.28R5.B1 14672.25212 -0.00988345259337 0.00201951564166 0.000300784702103 -0.000601389381869
BPM.29R5.B1 14725.7036 -0.00924919564725 0.00402659390047 -0.000610146513047 -0.000282598406911
BPM.30R5.B1 14779.15509 -0.00954396369547 0.00326708364255 -0.000275786758937 0.000613255481027
BPM.31R5.B1 14832.60657 -0.00865778435847 0.00517724334012 0.0006212720269 0.000257219156954
BPM.32R5.B1 14886.05806 -0.00904749086095 0.00446138854143 0.000250203211137 -0.000624130577686
BPM.33R5.B1 14939.50954 -0.00792478601561 0.00624170211076 -0.000631358527373 -0.000231359104271
BPM.34R5.B1 14992.96102 -0.00840256996597 0.00558192587733 -0.000224306024339 0.000633898596533
BPM.33L6.B1 15046.41251 -0.00706059780507 0.00720479265458 0.000640357790897 0.000205140258152
BPM.32L6.B1 15099.86399 -0.00761927277114 0.00661118454332 0.000197922175686 -0.000642625420125
BPM.31L6.B1 15153.31548 -0.00608164226465 0.00804827347714 -0.00064827621779 -0.000178545711179
BPM.30L6.B1 15206.76696 -0.00671112397758 0.00753139386446 -0.000171296769776 0.000650229223171
BPM.29L6.B1 15260.21845 -0.00500120116265 0.00876065440015 0.000655086239971 0.000151666240235
BPM.28L6.B1 15313.66993 -0.00569230710332 0.00832818818798 0.000144297047883 -0.000656748801742
BPM.27L6.B1 15367.12141 -0.00384038843773 0.00932804884373 -0.000660784517779 -0.000124516856941
BPM.26L6.B1 15420.5729 -0.00429656409575 0.00900565557852 -0.000112774069767 0.000377659450878
BPM.25L6.B1 15474.02438 -0.00233336438902 0.00970142804109 0.000380878108452 0.000101373166268
BPM.24L6.B1 15527.47587 -0.00310901900562 0.00948136573588 9.70967457204e-05 -0.000381990671421
BPM.23L6.B1 15580.92735 -0.00107382147033 0.00992014127143 -0.000384734763214 -8.55792927354e-05
BPM.22L6.B1 15634.37883 -0.00158699107187 0.00981904055076 -7.69270380208e-05 0.000101200060214
BPM.21L6.B1 15687.83032 0.000485787973897 0.0099345914903 0.000103465503858 7.38519533363e-05
BPM.20L6.B1 15741.2818 -0.000317697708797 0.0099413865337 7.26885351426e-05 -0.000104286135752
BPM.19L6.B1 15794.73329 0.00175244756468 0.00979086439577 -0.000106422968938 -6.95224682297e-05
BPM.18L6.B1 15848.18477 0.000956559437268 0.00990035817975 -6.83250323481e-05 0.000107195669951
BPM.17L6.B1 15901.63625 0.002990794579 0.00948616075325 0.000109199816233 6.50739669219e-05
BPM.16L6.B1 15955.08774 0.00221532816186 0.00969661895528 6.38473695618e-05 -0.000109921492817
BPM.15L6.B1 16008.53922 0.00417954822727 0.00902571186424 -0.00011179032262 -6.0515672345e-05
BPM.14L6.B1 16061.99071 0.00343749399425 0.00933358093532 -5.92581761395e-05 0.000112461951287
BPM.13L6.B1 16115.44219 0.00530001419736 0.00841676586148 0.000114191184174 5.58533431381e-05
BPM.12L6.B1 16168.89367 0.00460344324395 0.00881705213404 5.45709628276e-05 -0.000114809543463
BPM.11L6.B1 16222.34516 0.0059375450435 0.00797982812262 -0.000117942545068 -4.74212726407e-05
BPM.10L6.B1 16274.18585 0.00528274332508 0.00842761656746 -3.98294109098e-05 0.000120718018917
BPM.9L6.B1 16313.25284 0.00847469838238 0.00520687865894 0.000104554212348 7.23024167436e-05
BPM.8L6.B1 16353.71783 0.00958694406958 0.00265001913867 7.87674996199e-05 -9.9774258181e-05
BPMYA.5L6.B1 16450.80782 0.0083767922048 -0.00536297029348 -0.000126598413178 -1.14919174479e-05
BPMYB.4L6.B1 16487.20782 0.00853400553445 -0.00510909469412 -0.000126065723912 1.6329136447e-05
BPMSA.B4L6.B1 16519.19832 0.00791250161912 -0.00602697404175 -0.000119219021684 4.4114029734e-05
BPMSA.A4L6.B1 16519.78332 0.00789906735805 -0.00604457052967 -0.00011901739395 4.46551467693e-05
BPMSE.4L6.B1 16616.45832 0.00529098287231 -0.00842244609681 -3.65089660787e-05 0.000121763364278
BPMSA.4R6.B1 16708.02832 0.00579334973253 -0.00808512194582 8.58410307939e-05 9.37578730078e-05
BPMSB.A4R6.B1 16804.83832 0.00875033193444 -0.00472903679958 0.000124935700032 -2.34582860057e-05
BPMSB.B4R6.B1 16805.47332 0.00876269084947 -0.00470609679774 0.000124811088945 -2.41124986501e-05
BPMYA.4R6.B1 16830.80782 0.00916782032352 -0.00385787098446 0.000117962553528 -4.73714818966e-05
BPMYB.5R6.B1 16867.20782 0.00916809188116 -0.00385722544378 0.000104461697124 -7.24359260338e-05
BPM.8R6.B1 16962.93481 0.00981338214941 0.00162161303362 -0.000112761005842 -5.86871116865e-05
BPM.9R6.B1 17002.0018 0.00936622165158 0.00334753491645 -1.30615878737e-05 0.000126446093236
BPM.10R6.B1 17042.46678 0.00936295202605 -0.00335666909036 0.000125882378326 1.768751906e-05
BPM.11R6.B1 17094.30747 0.00939682807558 -0.00326063187404 4.80866416857e-05 -0.0001176728447
BPM.12R6.B1 17149.03396 0.00917340716088 -0.00384456748183 -0.000115147439283 -5.38543283052e-05
BPM.13R6.B1 17202.48544 0.00946889289416 -0.00304502306062 -5.21383470204e-05 0.000115934524743
BPM.14R6.B1 17255.93693 0.00863072959867 -0.0049439462587 0.00011744812193 4.86329192777e-05
BPM.15R6.B1 17309.38841 0.00900156805161 -0.00423129656358 4.73156847551e-05 -0.000117984939361
BPM.16R6.B1 17362.83989 0.00792722121087 -0.00600760034815 -0.000119353607179 -4.37485897376e-05
BPM.17R6.B1 17416.29138 0.00838629713695 -0.00534809484223 -4.24070917588e-05 0.000119836802432
BPM.18R6.B1 17469.74286 0.00709372543016 -0.00697217021586 0.000121056441897 3.87886546497e-05
BPM.19R6.B1 17523.19435 0.00763324287915 -0.00637696645383 3.74312073146e-05 -0.000121483025382
BPM.20R6.B1 17576.64583 0.0061433055847 -0.00782252481861 -0.000122553001637 -3.37636460844e-05
BPM.21R6.B1 17630.09731 0.00675472632847 -0.00730108007215 -3.23873707605e-05 0.000122923885376
BPM.22R6.B1 17683.5488 0.00509236029721 -0.00854400167676 0.000123841238964 2.86804648536e-05
BPM.23R6.B1 17737.00028 0.00576523288829 -0.00810519510899 2.72919772083e-05 -0.000124154619903
BPM.24R6.B1 17790.45177 0.00382924339331 -0.00910084999821 -0.000124773969016 0.000106832980646
BPM.25R6.B1 17843.90325 0.00455150656002 -0.00876198400175 0.000108224322754 0.000123569108605
BPM.26R6.B1 17897.35474 0.00263382077687 -0.00951585854068 0.00012026255345 -0.000111887203535
BPM.27R6.B1 17950.80622 0.003393036733 -0.00927231779904 -0.000113227623009 -0.000119001403087
BPM.28R6.B1 18004.2577 0.00126658907719 -0.00975016451754 -0.00011540149954 0.000247132281835
BPM.29R6.B1 18057.70919 0.00204974944684 -0.00961605341421 0.000248409481931 0.000112625933583
BPM.30R6.B1 18111.16067 9.14441616693e-06 -0.0098320838274 0.000105111852248 -0.000251681086298
BPM.31R6.B1 18164.61216 0.000802333548069 -0.00979929675177 -0.000252843087044 -0.000102285123022
BPM.32R6.B1 18218.06364 -0.00124896015242 -0.00975243838904 -9.46441130199e-05 0.000255801414078
BPM.33R6.B1 18271.51512 -0.000457413763552 -0.00982144228992 0.000256845768944 9.17721162379e-05
BPM.34R6.B1 18324.96661 -0.00248608792985 -0.00951258759999 8.40115403233e-05 -0.000259487823852
BPM.33L7.B1 18378.41809 -0.00171051713791 -0.0096821530209 -0.000260412646626 -8.10994799333e-05
BPM.32L7.B1 18431.86958 -0.00368274642026 -0.0091163224377 -7.32429978995e-05 0.000262730534513
BPM.31L7.B1 18485.32106 -0.00293465106271 -0.00938391065247 0.00026353494396 7.02937044127e-05
BPM.30L7.B1 18538.77254 -0.00481857849507 -0.00857037089887 6.23396137942e-05 -0.000265528987348
BPM.29L7.B1 18592.22403 -0.00411137888017 -0.00893121042796 -0.000266210393785 -5.93624105429e-05
BPM.28L7.B1 18645.67551 -0.00587546063226 -0.00788345852845 -5.13435875083e-05 0.000267872561221
BPM.27L7.B1 18699.127 -0.00521979760454 -0.00833208671177 0.000268431426246 4.83367424114e-05
BPM.26L7.B1 18752.57848 -0.00696365685211 -0.00704273767862 4.03912972715e-05 -0.000139384047715
BPM.25L7.B1 18806.02997 -0.00637261009398 -0.00758172218829 -0.00013982768856 -3.88276644325e-05
BPM.24L7.B1 18859.48145 -0.00780742989008 -0.00609398959762 -3.46118638994e-05 0.000140930433997
BPM.23L7.B1 18912.93293 -0.007290027666 -0.00670433943935 0.000141309559886 3.30299404602e-05
BPM.22L7.B1 18966.38442 -0.00865091670608 -0.00502078962326 2.89128411586e-05 -1.18571798102e-05
BPM.21L7.B1 19019.8359 -0.00821747146256 -0.00570261791861 -1.218044148e-05 -2.87781434567e-05
BPM.20L7.B1 19073.28739 -0.00922213558671 -0.00387284180099 -2.83993628603e-05 1.3039219582e-05
BPM.19L7.B1 19126.73887 -0.00887945950924 -0.00460455070508 1.33565359053e-05 2.82515130612e-05
BPM.18L7.B1 19180.19035 -0.00964180453859 -0.00266125788774 2.78373257033e-05 -1.41995955526e-05
BPM.17L7.B1 19233.64184 -0.00939555271132 -0.00343078381788 -1.45106267756e-05 -2.76764627257e-05
BPM.16L7.B1 19287.09332 -0.00990302698258 -0.00140596761706 -2.72281947566e-05 1.53352661756e-05
BPM.15L7.B1 19340.54481 -0.00975724407747 -0.00220065362812 1.56393406268e-05 2.70546826668e-05
BPM.14L7.B1 19393.99629 -0.0100015212677 -0.000127517620112 2.65724288841e-05 -1.64453905946e-05
BPM.13L7.B1 19447.44777 -0.00995859617245 -0.000934371786761 -1.6742086361e-05 -2.63864992678e-05
BPM.12L7.B1 19500.89926 -0.00993680453966 0.00114306776399 -2.58612807015e-05 1.75424990758e-05
BPM.11L7.B1 19554.35074 -0.00999932355982 0.000245390824763 1.77278645905e-05 2.5734563576e-05
BPM.10L7.B1 19607.13343 -0.00932627212943 0.00361487710912 2.71217035279e-05 -1.55228343489e-05
BPM.9L7.B1 19646.20042 -0.00894543460137 0.00447502939116 -2.40299299503e-07 -3.12487944317e-05
BPM.8L7.B1 19686.66541 -0.00314779934367 0.00949410594228 -3.12319626792e-05 -1.05329729873e-06
BPM.7L7.B1 19725.7314 -0.00251441879539 0.0096811355981 -1.81354842966e-05 2.5448949839e-05
BPM.6L7.B1 19760.5494 -0.00366246724405 0.00930768618124 2.7169443374e-06 3.11313839603e-05
BPMWC.6L7.B1 19772.6519 -0.00555553806082 0.00831761295388 1.20550413722e-05 2.88309003379e-05
BPMWE.5L7.B1 19849.7059 -0.000651059392847 0.00998112268349 2.43349099199e-05 -1.96050247595e-05
BPMW.5L7.B1 19872.9109 0.00455736464228 0.00890376975888 6.53862972177e-06 -3.05579941043e-05
BPMWE.4L7.B1 19907.9959 0.00496064189807 0.00868554662721 -8.28965970694e-06 -3.01301614539e-05
BPMW.4L7.B1 19936.1009 0.00156656526738 0.0098788947569 -2.23510583873e-05 -2.18397581702e-05
BPMW.4R7.B1 20052.1479 0.00382234062601 0.00924318129497 -6.70920823914e-06 3.05209973151e-05
BPMWE.4R7.B1 20080.2529 0.00714252872392 0.0070022119172 1.03518135564e-05 2.94853258529e-05
BPMW.5R7.B1 20115.3379 0.0071540873851 0.00699040212175 2.13065022053e-05 2.28599511471e-05
BPMWE.5R7.B1 20138.5429 0.00459756892991 0.00888307651135 2.91315840095e-05 1.13091003714e-05
BPMR.6R7.B1 20217.7584 -0.000234844356799 0.00999957681689 8.49887367441e-06 -3.00718141819e-05
BPM_A.7R7.B1 20255.7944 0.0017689896824 0.00984466169347 -1.68538858924e-05 -2.63152293405e-05
BPM.8R7.B1 20294.86039 0.00540386019834 0.00841694619923 -3.07942506589e-05 5.31593031885e-06
BPM.9R7.B1 20333.92738 0.00946125733322 0.00324519615373 3.43583857712e-07 3.12478319827e-05
BPM.10R7.B1 20374.39237 0.00993609472431 0.00114922146789 2.82718981439e-05 1.33133241634e-05
BPM.11R7.B1 20427.17506 0.00999859178772 -0.000273588388564 1.57923384361e-05 -2.69656626113e-05
BPM.12R7.B1 20481.90154 0.00999992603339 0.000219471372052 -2.73586226147e-05 -1.51013445919e-05
BPM.13R7.B1 20535.35303 0.00979124771234 -0.00204405395615 -1.38729251883e-05 2.80015584773e-05
BPM.14R7.B1 20588.80451 0.00992428482379 -0.0012471002811 2.81551349241e-05 1.35585170999e-05
BPM.15R7.B1 20642.25599 0.00944930937753 -0.00327982326287 1.27067397147e-05 -2.85496664884e-05
BPM.16R7.B1 20695.70748 0.00968318667802 -0.00250650834598 -2.86903067855e-05 -1.23859324992e-05
BPM.17R7.B1 20749.15896 0.00895208043325 -0.00446171988043 -1.15181949298e-05 2.90495461073e-05
BPM.18R7.B1 20802.61045 0.00928301085562 -0.00372456678669 2.91767159754e-05 1.11921452844e-05
BPM.19R7.B1 20856.06193 0.00830776727873 -0.0055702505483 1.03106833583e-05 -2.94997419462e-05
BPM.20R7.B1 20909.51341 0.00873021294814 -0.00488160529133 -2.9613452494e-05 -9.97939312132e-06
BPM.21R7.B1 20962.9649 0.00752690917896 -0.00658728522285 -9.08506850004e-06 2.98999389646e-05
BPM.22R7.B1 21016.41638 0.00803406749422 -0.00595822522925 2.99998183098e-05 8.74961228259e-06
BPM.23R7.B1 21069.86787 0.00662238668889 -0.00749604448696 7.84445751154e-06 -3.02491156026e-05
BPM.24R7.B1 21123.31935 0.00716347247582 -0.00693978497009 -3.0980568166e-05 3.48565615437e-05
BPM.25R7.B1 21176.77083 0.00556714371727 -0.00827543740284 3.5771565834e-05 2.99193951909e-05
BPM.26R7.B1 21230.22232 0.00621694310192 -0.00779907506651 2.9516895175e-05 -3.61044096666e-05
BPM.27R7.B1 21283.6738 0.00446270163542 -0.00891965512149 -3.69749406321e-05 -2.84188165612e-05
BPM.28R7.B1 21337.12529 0.00512576309762 -0.00853303428533 -2.86480375508e-05 7.96523980574e-05
BPM.29R7.B1 21390.57677 0.00324317498785 -0.00941105400637 8.04770200572e-05 2.62424058653e-05
BPM.30R7.B1 21444.02826 0.00399218150136 -0.00911858587143 2.53393431217e-05 -8.07659060294e-05
BPM.31R7.B1 21497.47974 0.0020124628353 -0.0097486468218 -8.14908309177e-05 -2.290107202e-05
BPM.32R7.B1 21550.93122 0.00279272883509 -0.0095544119191 -2.19865143049e-05 8.17423283507e-05
BPM.33R7.B1 21604.38271 0.000748966259659 -0.00992598463875 8.23658947186e-05 1.95211363544e-05
BPM.34R7.B1 21657.83419 0.00154765400536 -0.00983315252452 1.85970189137e-05 -8.25794473636e-05
BPM.33L8.B1 21711.28568 -0.000527146049093 -0.00994023332451 -8.31009591387e-05 -1.61073122124e-05
BPM.32L8.B1 21764.73716 0.000276886287696 -0.00995034951639 -1.51754635589e-05 8.3276166954e-05
BPM.31L8.B1 21818.18864 -0.0017942766112 -0.00979115381177 8.36944477983e-05 1.26670305464e-05
BPM.30L8.B1 21871.64013 -0.000998190487363 -0.00990402631516 1.17281339628e-05 -8.38311724295e-05
BPM.29L8.B1 21925.09161 -0.00303224048389 -0.00948112014173 -8.41457066078e-05 -9.20401000815e-06
BPM.28L8.B1 21978.5431 -0.00225707702357 -0.00969493294544 -8.26119647627e-06 8.42435000355e-05
BPM.27L8.B1 22031.99458 -0.0042200712632 -0.00901538240978 8.44536575863e-05 5.72670194457e-06
BPM.26L8.B1 22085.44606 -0.00352095120891 -0.00932925198829 4.13415073462e-06 -4.21513346044e-05
BPM.25L8.B1 22138.89755 -0.00538070439352 -0.00839524033844 -4.22565185546e-05 -2.86580738871e-06
BPM.24L8.B1 22192.34903 -0.00468554237162 -0.0088021436463 -2.39251370176e-06 4.22859550087e-05
BPM.23L8.B1 22245.80052 -0.00641040391274 -0.0076379815273 4.23387410217e-05 1.12109642445e-06
BPM.22L8.B1 22299.252 -0.00581529916834 -0.00813313971206 9.64582045709e-10 1.27030021213e-08
BPM.21L8.B1 22352.70349 -0.00737677928081 -0.0067489846216 1.26688825726e-08 -1.34193161097e-09
BPM.20L8.B1 22406.15497 -0.00680799186088 -0.00732235705603 -1.49041516693e-09 -1.26509885441e-08
BPM.19L8.B1 22459.60645 -0.00817953072131 -0.0057498646253 -1.26032553561e-08 1.86154548976e-09
BPM.18L8.B1 22513.05794 -0.00768876550283 -0.00639128711809 2.01204294492e-09 1.25793950964e-08
BPM.17L8.B1 22566.50942 -0.0088478946114 -0.00465622453861 1.2513335992e-08 -2.38393668499e-09
BPM.16L8.B1 22619.96091 -0.00844321388639 -0.00535516622567 -2.52957771189e-09 -1.24820809193e-08
BPM.15L8.B1 22673.41239 -0.00937084929203 -0.00348609373499 -1.24055367512e-08 2.90131525034e-09
BPM.14L8.B1 22726.86387 -0.00905891164401 -0.00423105019888 3.0337568314e-09 1.23772860652e-08
BPM.13L8.B1 22780.31536 -0.00973981976915 -0.0022586670615 1.2271110713e-08 -3.40866827069e-09
BPM.12L8.B1 22833.76684 -0.00957070171852 -0.00289263454238 -3.66590189559e-09 -1.21974752028e-08
BPM.11L8.B1 22887.21833 -0.00990424543127 -0.00136806008163 -1.18424436632e-08 4.68375328864e-09
BPM.10L8.B1 22939.05902 -0.0096107691765 -0.00275658880371 5.27938295447e-09 1.15970411656e-08
BPM.9L8.B1 22978.126 -0.00996809898413 0.000776317334842 1.26266619462e-08 -1.74344698867e-09
BPM.8L8.B1 23018.59099 -0.00996243336858 0.000845923991575 -2.41928674747e-09 -1.25108929093e-08
BPM.7L8.B1 23057.65898 -0.00664261190613 0.00747270854477 -1.2493108315e-08 2.4641239421e-09
BPMR.6L8.B1 23090.12798 -0.00143806761429 0.00989432299505 -4.79404016616e-09 1.17992854609e-08
BPM.5L8.B1 23150.54698 0.00447139125883 0.00894272476505 1.27062591126e-08 8.53362881871e-10
BPMYB.4L8.B1 23171.31398 0.00290201479913 0.00956786162634 1.08988689812e-08 -6.5955941753e-09
BPMWB.4L8.B1 23195.70548 0.00465528362409 0.00884838970614 1.23731098748e-09 -1.26774073727e-08
BPMSX.4L8.B1 23245.93848 -0.000363013494866 0.00999169090795 -1.2485101619e-08 2.52101295857e-09
BPMS.2L8.B1 23283.84998 -0.000375471709238 0.00999123050544 -7.95526212005e-09 9.95895386812e-09
BPMSW.1L8.B1 23293.78398 -1.04610545597e-08 0.00999828315261 -5.10760295692e-09 1.16746438946e-08
BPMSW.1R8.B1 23336.97398 -6.84049266942e-08 0.00999828315238 -1.0684296433e-08 -6.93938300392e-09
BPMS.2R8.B1 23346.90798 -0.000375515916839 0.0099912288434 -1.21146134179e-08 -3.94568489425e-09
BPMSX.4R8.B1 23384.81948 -0.00036301099091 0.00999169099688 -1.18089109049e-08 4.7657799913e-09
BPMWB.4R8.B1 23434.97648 0.00465619567082 0.00884790980335 7.97868544647e-09 9.93032159342e-09
BPMYB.4R8.B1 23459.44398 0.00292974418389 0.00955940714702 1.27304134543e-08 -4.84751075809e-10
BPMYB.5R8.B1 23480.02098 0.00509808439745 0.00860088376142 9.83656007144e-09 -8.09437072119e-09
BPM.6R8.B1 23564.12898 0.00273210559462 0.00961775779586 -1.23741192342e-08 -3.04053753888e-09
BPM_A.7R8.B1 23586.36898 0.00101503576772 0.00994662597958 -1.25389037969e-08 2.28258381628e-09
BPM.8R8.B1 23627.80599 -0.00382661564604 0.00923702759039 -1.50907880073e-09 1.26472567627e-08
BPM.9R8.B1 23666.871 -0.00645407163493 0.00763613942823 1.16557122995e-08 -5.13418661078e-09
BPM.10R8.B1 23707.33402 -0.00101277612146 0.00994685631199 -8.98412815589e-09 -9.02223261364e-09
BPM.11R8.B1 23759.17273 -0.00536946254901 0.00843412935071 -7.65754770245e-09 1.01785815728e-08
BPM.12R8.B1 23813.89624 -0.00475281782228 0.00879638498157 1.03375488995e-08 7.44739642544e-09
BPM.13R8.B1 23867.34476 -0.00598722401051 0.00800742246972 6.80881683731e-09 -1.07686042304e-08
BPM.14R8.B1 23920.79327 -0.00419509493556 0.0090756181318 -1.09627999713e-08 -6.48243202618e-09
BPM.15R8.B1 23974.24179 -0.00491374184878 0.00870751439586 -6.3584470618e-09 1.10331748869e-08
BPM.16R8.B1 24027.69031 -0.00299966875752 0.00953769643722 1.12195667955e-08 6.02904078147e-09
BPM.17R8.B1 24081.13882 -0.00375961624059 0.00926449954117 5.89961808645e-09 -1.12889887584e-08
BPM.18R8.B1 24134.58734 -0.00175497476465 0.00984305489063 -1.1464200544e-08 -5.56308251304e-09
BPM.19R8.B1 24188.03585 -0.00254351098155 0.00966934423366 -5.43561110597e-09 1.15241055478e-08
BPM.20R8.B1 24241.48437 -0.000481437500519 0.00998668533276 1.16782263695e-08 5.08810286059e-09
BPM.21R8.B1 24294.93289 -0.0012858256592 0.0099152568508 4.95745983769e-09 -1.17313647232e-08
BPM.22R8.B1 24348.3814 0.000800014946399 0.0099662250656 -1.18745298077e-08 -4.60207120767e-09
BPM.23R8.B1 24401.82992 -6.80252003151e-06 0.00999828083845 -4.4732785944e-09 1.19279543145e-08
BPM.24R8.B1 24455.27843 0.0024604588036 0.00970716150122 -3.76545492257e-07 -0.000399545873934
BPM.25R8.B1 24508.72695 0.00166873271228 0.00987411631845 -0.000399517075502 4.81129222625e-06
BPM.26R8.B1 24562.17546 0.00368200680239 0.00931266169456 1.67709896569e-05 0.0003991939121
BPM.27R8.B1 24615.62398 0.00291880015171 0.00957932396451 0.000398983693863 -2.11910225873e-05
BPM.28R8.B1 24669.0725 0.00523520983718 0.00869045573056 -3.34884392885e-05 -0.000797732789906
BPM.29R8.B1 24722.52101 0.00451629652039 0.00908485050165 -0.000797310906728 4.23604076047e-05
BPM.30R8.B1 24775.96953 0.00630395021766 0.00794931786252 6.62326905086e-05 0.000795683554448
BPM.31R8.B1 24829.41804 0.00564233964676 0.00843181156039 0.000794903383394 -7.50179542063e-05
BPM.32R8.B1 24882.86656 0.00726894417683 0.00707770396348 -9.87380676825e-05 -0.000792306674585
BPM.33R8.B1 24936.31508 0.00667373054979 0.00764151577813 -0.000791157308471 0.000107560162789
BPM.34R8.B1 24989.76359 0.00811469471579 0.00608959544793 0.000131224751518 0.000787578021127
BPM.33L1.B1 25043.21211 0.00759707029547 0.00672428180474 0.000786082906027 -0.000139902632108
BPM.32L1.B1 25096.66062 0.00882692563803 0.00500168238274 -0.000163326578785 -0.00078155198678
BPM.31L1.B1 25150.10914 0.00839433253634 0.00569794911865 -0.000779680778165 0.000172037681214
BPM.30L1.B1 25203.55766 0.00939428244995 0.00383130528975 0.000195330629132 0.000774173766166
BPM.29L1.B1 25257.00617 0.0090545762408 0.00457669006619 0.00077197550026 -0.00020384531872
BPM.28L1.B1 25310.45469 0.00980716602071 0.00259825663134 -0.00022682007936 -0.000765540157146
BPM.27L1.B1 25363.9032 0.00956544697385 0.00338137059309 -0.0007629584155 0.000235358331249
BPM.26L1.B1 25417.35172 0.0104515915423 0.00124745466315 0.000257701202612 0.000356033318172
BPM.25L1.B1 25470.80023 0.0103168474234 0.00208676019315 0.000353166845985 -0.000261615768911
BPM.24L1.B1 25524.24875 0.0105253014744 -9.96884539104e-05 -0.000272064835286 -0.000345181633082
BPM.23L1.B1 25577.69727 0.0104990161498 0.000750045835581 -0.0003421288262 0.000275894005411
BPM.22L1.B1 25631.14578 0.0108187555284 -0.00152022008213 0.000285623275702 -6.58505318668e-05
BPM.21L1.B1 25684.5943 0.0109061469364 -0.00064226108158 -6.90090576706e-05 -0.000284876639588
BPM.20L1.B1 25738.04281 0.0105353952386 -0.00289171013771 -0.000282681565255 7.75118071509e-05
BPM.19L1.B1 25791.49133 0.0107344075996 -0.00203200241458 8.06466014885e-05 0.000281803252154
BPM.18L1.B1 25844.93985 0.0100789789047 -0.00421553372 0.000279266271321 -8.90353680728e-05
BPM.17L1.B1 25898.38836 0.0103862514437 -0.00338855740503 -9.21225306428e-05 -0.000278263165163
BPM.16L1.B1 25951.83688 0.00945684309315 -0.00547034359296 -0.000275378760847 0.000100416554352
BPM.15L1.B1 26005.28539 0.00986752089185 -0.00468919734647 0.000103468294673 0.000274246718408
BPM.14L1.B1 26058.73391 0.00867951980723 -0.00663494357444 0.000271030608141 -0.000111621484566
BPM.13L1.B1 26112.18243 0.00918652493763 -0.00591306179214 -0.00011461666099 -0.000269777625735
BPM.12L1.B1 26165.63094 0.0088057007236 -0.00646654274995 -0.000253265273471 0.000147558966954
BPM.11L1.B1 26219.07946 0.0101299331801 -0.00409157598747 0.000177082943666 0.000233577772067
BPM.10L1.B1 26271.86017 0.00953611876619 -0.00533094543099 0.000224405373022 -0.000188571414763
BPM.9L1.B1 26310.92518 0.0102621146384 -0.00374773844827 -0.000157251267829 -0.000247364069203
BPM.8L1.B1 26351.38819 0.00600108652634 -0.00912926617091 -0.000142939887481 0.000255900639258
BPMR.7L1.B1 26390.4542 0.0100686829333 -0.00424006655451 0.000242904254653 0.000164056303179
BPM.6L1.B1 26433.6382 0.0101538278611 -0.00403191272294 0.000280812912084 -8.40301002667e-05
BPMR.5L1.B1 26465.5382 0.0100914969502 -0.00418547841962 0.000208807712986 -0.000205709221776
BPMYA.4L1.B1 26486.6562 0.0101198450184 -0.00411646415394 0.000135348269993 -0.000259995759761
BPMWB.4L1.B1 26507.7887 0.0106013151955 -0.00263982129154 3.07547607531e-05 -0.000291498013576
BPMSY.4L1.B1 26600.5687 0.0107818035197 -0.00176330744828 -0.000293010071324 -7.87678871927e-06
BPMS.2L1.B1 26627.3542 0.0109031772703 -0.000690844470551 -0.000267330589749 0.000120213530998
BPMSW.1L1.B1 26637.4082 0.0109210494058 -0.000295330047562 -0.000223224643168 0.000189967664535
