BPMSW.1R1.B1 21.475 -0.00929405490684 0.00424337743651 8.36719598467e-05 -2.57299185618e-05
BPMS.2R1.B1 31.529 -0.00913420838278 0.00457732955382 7.31834075283e-05 -4.80334634761e-05
BPMSY.4R1.B1 58.3145 -0.00863801049095 0.00545623344571 4.50457903125e-05 -7.50593213597e-05
BPMWB.4R1.B1 151.0945 -0.00816256544004 0.00614477291016 -7.83494370395e-05 -3.90434492936e-05
BPMYA.4R1.B1 172.227 -0.00720872878381 0.0072401614629 -8.7204213038e-05 -7.64538580124e-06
BPM.5R1.B1 199.635 -0.00738464780975 0.00706064340748 -8.30707689035e-05 2.76092671399e-05
BPMR.6R1.B1 231.535 -0.00692300924091 0.00751383069283 -5.93052218547e-05 6.43887879702e-05
BPM_A.7R1.B1 259.259 -0.00658430662163 0.00781233735779 -1.73560359359e-05 8.5800894282e-05
BPM.8R1.B1 300.6979894 -0.00416426397491 0.00932977031932 7.94022709474e-05 3.6855182641e-05
BPM.9R1.B1 339.7649788 -0.00438359732489 0.00922874764602 1.00520729255e-05 -8.69596560699e-05
BPM.10R1.B1 380.2299682 -0.00767373136217 0.00674533583912 -8.73790984903e-05 5.28371963588e-06
BPM.11R1.B1 433.0126576 -0.00480923470034 0.00901426482098 1.8238220606e-05 8.56177137342e-05
BPM.12R1.B1 487.7391417 -0.00671233718249 0.00770261243217 8.54237018649e-05 -1.91263226843e-05
BPM.13R1.B1 541.1906258 -0.00600004578666 0.00826953198334 -1.407718145e-05 -8.63994138528e-05
BPM.14R1.B1 594.6421099 -0.00664811969295 0.00775810629428 -8.62361012684e-05 1.5045285195e-05
BPM.15R1.B1 648.093594 -0.00489302387032 0.00896905937438 1.7629209434e-05 8.57451858453e-05
BPM.16R1.B1 701.5450781 -0.00560092577611 0.0085449013504 8.55422488178e-05 -1.85889598421e-05
BPM.17R1.B1 754.9965622 -0.00370546169295 0.0095213057038 -2.11505864914e-05 -8.49451495489e-05
BPM.18R1.B1 808.4480463 -0.00446189698115 0.00919114704678 -8.47028681314e-05 2.21008953828e-05
BPM.19R1.B1 861.8995304 -0.00245695580596 0.00991711030713 2.46356999556e-05 8.40006428247e-05
BPM.20R1.B1 915.3510145 -0.00324932173548 0.00968646565743 8.37193496122e-05 -2.55753013334e-05
BPM.21R1.B1 968.8024986 -0.00116814042015 0.0101499338236 -2.80788939601e-05 -8.29132143637e-05
BPM.22R1.B1 1022.253983 -0.00198359019717 0.0100225285516 -8.25933905035e-05 2.90061668598e-05
BPM.23R1.B1 1075.705467 0.000139946649767 0.0102159739429 3.1474575244e-05 8.16846177712e-05
BPM.24R1.B1 1129.156951 -0.000713392758236 0.0101921504369 8.08931862671e-05 -3.93626258759e-06
BPM.25R1.B1 1182.608435 0.00141754475414 0.0101182719167 -6.36465690113e-06 -8.07384294433e-05
BPM.26R1.B1 1236.059919 0.000596197810964 0.0101996768537 -8.06620335159e-05 7.26908362678e-06
BPM.27R1.B1 1289.511403 0.00270029563441 0.00985379435843 9.68934464445e-06 8.04072056952e-05
BPM.28R1.B1 1342.962887 0.00186784827978 0.0100377807208 7.98598534707e-05 1.78619835555e-05
BPM.29R1.B1 1396.414371 0.00391055946811 0.00943151226469 1.54549271051e-05 -8.03603859092e-05
BPM.30R1.B1 1449.865855 0.00313649874909 0.00971639205606 -8.05285565507e-05 -1.45532916889e-05
BPM.31R1.B1 1503.31734 0.005084938701 0.00885377306172 -1.21270482649e-05 8.09294835013e-05
BPM.32R1.B1 1556.768824 0.00435380740166 0.00923527260552 8.10602249331e-05 1.12199016464e-05
BPM.33R1.B1 1610.220308 0.00617582106765 0.00813050632601 8.77989173644e-06 -8.13606823094e-05
BPM.34R1.B1 1663.671792 0.00549939477506 0.00860247383592 -8.14539845794e-05 -7.86738214739e-06
BPM.33L2.B1 1717.123276 0.00716516582855 0.00727367153926 -5.41625444484e-06 8.16536080719e-05
BPM.32L2.B1 1770.57476 0.00655476045995 0.00782821910044 8.17091361539e-05 4.50150449843e-06
BPM.31L2.B1 1824.026244 0.00803680862552 0.00629726973476 2.04511004354e-06 -8.18074830113e-05
BPM.30L2.B1 1877.477728 0.00750229440181 0.00692542256667 -8.18252747062e-05 -1.12793605e-06
BPM.29L2.B1 1930.929212 0.00877635171393 0.00521742749475 1.33135914184e-06 8.18222147547e-05
BPM.28L2.B1 1984.380696 0.00832663368656 0.00590872832444 8.1802174701e-05 -2.24750563415e-06
BPM.27L2.B1 2037.83218 0.00937169997638 0.00405180682924 -4.70361299107e-06 -8.16977572899e-05
BPM.26L2.B1 2091.283665 0.0089856795565 0.00479321243339 -8.20732162763e-05 3.40705705839e-05
BPM.25L2.B1 2144.735149 0.00978486905113 0.0028237670187 3.65212649975e-05 8.10124333485e-05
BPM.24L2.B1 2198.186633 0.00952504053132 0.00360429263805 8.05984963395e-05 -3.74259270424e-05
BPM.23L2.B1 2251.638117 0.0100657102136 0.00154880612545 -3.98301975111e-05 -7.94378519046e-05
BPM.22L2.B1 2305.089601 0.00987945322328 0.00235438374789 -7.94194095022e-05 6.91696074278e-05
BPM.21L2.B1 2358.541085 0.0101529764923 0.000252561240116 7.15244815346e-05 7.73054050896e-05
BPM.20L2.B1 2411.992569 0.010099468407 0.00107119406133 7.6500004215e-05 -7.23852715245e-05
BPM.19L2.B1 2465.444053 0.0101018619701 -0.00104838138668 -7.46508862496e-05 -7.42907975406e-05
BPM.18L2.B1 2518.895537 0.0101535213154 -0.000229616444154 -7.34489192012e-05 7.54793561164e-05
BPM.17L2.B1 2572.347021 0.00988475534577 -0.00233202285287 7.76519189055e-05 7.1148134309e-05
BPM.16L2.B1 2625.798506 0.0100407264706 -0.00152660761602 7.0274476597e-05 -7.84434604148e-05
BPM.15L2.B1 2679.24999 0.00950518911978 -0.00357744302447 -8.05193739261e-05 -6.78859908316e-05
BPM.14L2.B1 2732.701474 0.00976292244212 -0.00279858252069 -6.69787905299e-05 8.12755758339e-05
BPM.13L2.B1 2786.152958 0.00896947506797 -0.00476395170757 8.32510804243e-05 6.45068593877e-05
BPM.12L2.B1 2839.604442 0.00976147577215 -0.00280362436314 6.9765638614e-05 -7.88963404081e-05
BPM.11L2.B1 2893.055926 0.00972554167117 -0.00292584313578 -7.33848707005e-05 -7.55416285461e-05
BPM.10L2.B1 2944.896615 0.00978415862113 -0.00272340941835 -7.146632321e-05 7.73591781531e-05
BPM.9L2.B1 2983.963605 0.00669075396175 -0.00764071529747 5.45982978101e-05 9.00605505844e-05
BPM.8L2.B1 3024.428594 0.00562244467821 -0.00845782682733 0.000105211160976 -4.74223856443e-06
BPM.7L2.B1 3063.496584 0.00064072351997 -0.0101358863545 4.71683924582e-05 -9.41648559467e-05
BPMR.6L2.B1 3095.602584 -0.00415495172533 -0.00926731325964 -3.49128847158e-05 -9.93628126488e-05
BPMYB.5L2.B1 3167.801584 -0.00185135022404 -0.00998595118974 -6.90886129563e-05 7.94898752987e-05
BPMYB.4L2.B1 3188.371584 0.00160762083849 -0.0100280742936 1.13326266367e-06 0.000105311883974
BPMWI.4L2.B1 3212.839084 -0.000249179767707 -0.0101530600457 8.51867167013e-05 6.19281887209e-05
BPMSX.4L2.B1 3262.996084 0.00483551197667 -0.00893109974995 3.46719313301e-05 -9.94471456698e-05
BPMS.2L2.B1 3300.907584 0.0048466150663 -0.00892507934123 -3.73937462715e-05 -9.84560359186e-05
BPMSW.1L2.B1 3310.841584 0.00450802085193 -0.00910079484551 -6.15497688395e-05 -8.54605363271e-05
BPMSW.1R2.B1 3354.031584 0.00450812432852 -0.00910074358832 9.43572725003e-05 -4.67822895133e-05
BPMS.2R2.B1 3363.965584 0.00484669013322 -0.00892503857561 7.90764578809e-05 -6.9561402236e-05
BPMSX.4R2.B1 3401.877084 0.00483550397958 -0.0089311040802 1.5830660502e-05 -0.000104121408504
BPMWB.4R2.B1 3452.110084 -0.000247634957691 -0.0101530978384 -0.000104206287809 1.5261931256e-05
BPMYB.4R2.B1 3476.501584 0.00163944668997 -0.0100229204036 -5.01818490374e-05 9.25940514506e-05
BPMR.5R2.B1 3506.035584 -0.00337607247362 -0.00957856218011 5.10776158527e-05 9.21029561869e-05
BPM.6R2.B1 3579.331584 0.0021986927089 -0.00991526445583 6.79047694339e-05 -8.05035268227e-05
BPM_A.7R2.B1 3592.206584 0.00361492501398 -0.0094909976204 4.34252790502e-05 -9.594852582e-05
BPM.8R2.B1 3633.643594 0.00644160784107 -0.00785190468793 -6.31090066234e-05 -8.43156579617e-05
BPM.9R2.B1 3672.708605 0.00403683272125 -0.0093193723159 -7.88290836592e-05 6.98416284827e-05
BPM.10R2.B1 3713.171615 -0.0017543445085 -0.0100034491097 8.10312523249e-05 6.7274168265e-05
BPM.11R2.B1 3765.010326 -0.000154401147654 -0.0101549435799 7.36378326425e-05 -7.52950656393e-05
BPM.12R2.B1 3819.733842 -0.000705893521465 -0.0101315563054 -7.87281052285e-05 -6.99554338798e-05
BPM.13R2.B1 3873.182358 0.00126064168697 -0.0100775741793 -6.19990043161e-05 8.51351914569e-05
BPM.14R2.B1 3926.630874 -0.000857960202509 -0.0101198133917 8.69515523663e-05 5.94247855427e-05
BPM.15R2.B1 3980.07939 -3.85283570724e-05 -0.0101560442292 5.84566191484e-05 -8.76053694811e-05
BPM.16R2.B1 4033.527906 -0.00214555357501 -0.00992689874289 -8.93155076201e-05 -5.58087597193e-05
BPM.17R2.B1 4086.976421 -0.00133745629575 -0.0100676675289 -5.48151961456e-05 8.99287035493e-05
BPM.18R2.B1 4140.424937 -0.00339765844597 -0.00957092659415 9.15288357805e-05 5.2099416188e-05
BPM.19R2.B1 4193.873453 -0.0026142416274 -0.00981389115211 5.10806982021e-05 -9.21012462137e-05
BPM.20R2.B1 4247.321969 -0.00459415395995 -0.00905761934756 -9.35885870922e-05 -4.83016865235e-05
BPM.21R2.B1 4300.770485 -0.00384821846511 -0.00939882617437 -4.72614346084e-05 9.41181900197e-05
BPM.22R2.B1 4354.219001 -0.00571497123016 -0.00839558352021 9.54904474362e-05 4.44235513239e-05
BPM.23R2.B1 4407.667517 -0.0050188434814 -0.0088293787391 4.33611477482e-05 -9.59775381089e-05
BPM.24R2.B1 4461.116033 -0.00676873179319 -0.00759041242368 -9.72054662701e-05 -1.32936688808e-05
BPM.25R2.B1 4514.564549 -0.00613409428892 -0.0081119034788 -1.22155088773e-05 9.73468314726e-05
BPM.26R2.B1 4568.013065 -0.0076840339541 -0.00666226035523 9.76688324725e-05 9.29639307079e-06
BPM.27R2.B1 4621.46158 -0.00712136525587 -0.0072605955483 8.21201250256e-06 -9.77659835928e-05
BPM.28R2.B1 4674.910096 -0.00849986575892 -0.00561945796975 -9.79414711771e-05 2.1893010598e-05
BPM.29R2.B1 4728.358612 -0.00801863965821 -0.00628708547467 2.29773009253e-05 9.76927748874e-05
BPM.30R2.B1 4781.807128 -0.00914885443689 -0.00448603256864 9.69611962492e-05 -2.58913505816e-05
BPM.31R2.B1 4835.255644 -0.00875701772472 -0.00520967045993 -2.69655368647e-05 -9.66679596333e-05
BPM.32R2.B1 4888.70416 -0.00964755155392 -0.00327883740361 -9.58179636421e-05 2.98454726264e-05
BPM.33R2.B1 4942.152676 -0.0093514835416 -0.0040467000516 3.0905770821e-05 9.54812497938e-05
BPM.34R2.B1 4995.601192 -0.00998771876987 -0.00201779570028 9.45132792591e-05 -3.37501930065e-05
BPM.33L3.B1 5049.049708 -0.00979231441577 -0.00281719791963 -3.47966697843e-05 -9.41330246155e-05
BPM.32L3.B1 5102.498224 -0.0101637796739 -0.000723607932164 -9.3049911631e-05 3.7597183863e-05
BPM.31L3.B1 5155.94674 -0.0100722386066 -0.00154143932102 3.86264048229e-05 9.26274031094e-05
BPM.30L3.B1 5209.395255 -0.0101728414574 0.000582513887548 9.14295772349e-05 -4.13819773798e-05
BPM.29L3.B1 5262.843771 -0.0101866709635 -0.000240333859544 -4.23936856112e-05 -9.09648844543e-05
BPM.28L3.B1 5316.292287 -0.0100147610501 0.00187898558362 -8.9655925697e-05 4.50960099812e-05
BPM.27L3.B1 5369.740803 -0.0101337259435 0.00106471792416 4.60872432831e-05 8.91504389213e-05
BPM.26L3.B1 5423.189319 -0.00971881079437 0.0031497957808 8.77579561413e-05 -2.15588866146e-05
BPM.25L3.B1 5476.637835 -0.00994130552236 0.00235519452163 -2.25311646716e-05 -8.75133756678e-05
BPM.24L3.B1 5530.086351 -0.00923607928411 0.004367074098 -8.68000957703e-05 2.51393609053e-05
BPM.23L3.B1 5583.534867 -0.00955835332983 0.00360754463412 2.61000856452e-05 8.65160729639e-05
BPM.22L3.B1 5636.983383 -0.00862821697748 0.00551785680887 8.57230523299e-05 -1.50143708834e-06
BPM.21L3.B1 5690.431899 -0.00904538034293 0.0048035368644 -2.45242735964e-06 -8.57011167604e-05
BPM.20L3.B1 5743.880414 -0.00785155567665 0.00657616495176 -8.55893593949e-05 5.01562456707e-06
BPM.19L3.B1 5797.32893 -0.00835659987722 0.00592115786944 5.96411636885e-06 8.55285093693e-05
BPM.18L3.B1 5850.777446 -0.00694575064617 0.00752658089082 8.53116797376e-05 -8.52130296557e-06
BPM.17L3.B1 5904.225962 -0.00753052063755 0.00694147902099 -9.46718162834e-06 -8.52119038035e-05
BPM.16L3.B1 5957.674478 -0.00592598807591 0.00835317528447 -8.48904688965e-05 1.20126897572e-05
BPM.15L3.B1 6011.122994 -0.00658069391477 0.00784776016373 1.29531289193e-05 8.47520637227e-05
BPM.14L3.B1 6064.57151 -0.0048086602713 0.00904265770586 8.43264275307e-05 -1.54838320487e-05
BPM.13L3.B1 6118.020026 -0.00552276357557 0.0086250770721 -1.64182244408e-05 -8.41494959164e-05
BPM.12L3.B1 6171.468542 -0.0031432252252 0.00974746157636 -8.41237970871e-05 1.65494147197e-05
BPM.11L3.B1 6224.917058 -0.00268140822822 0.00988447883543 1.64412990455e-05 8.41449894869e-05
BPM.10L3.B1 6277.697768 0.0020624436959 0.010031908992 8.51193883306e-05 -1.02657404781e-05
BPM.9L3.B1 6316.762779 0.00165880752536 0.0101064944265 4.85091738261e-05 -7.0693393714e-05
BPM.8L3.B1 6357.225789 -0.00307021029633 0.00977070523344 -6.25705665306e-05 -5.86141663905e-05
BPM.7L3.B1 6396.2898 -0.00994930026662 0.0024298757443 -4.33230824041e-05 7.39851740109e-05
BPM.6L3.B1 6468.9288 -0.00992613356691 0.0025228445169 6.99198093435e-05 4.96176910804e-05
BPMWE.5L3.B1 6512.0583 -0.00969053150829 0.00331458463116 8.5570576918e-05 -5.32640906596e-06
BPMW.5L3.B1 6539.6033 -0.00756730688455 0.00690135772891 6.78789284652e-05 -5.23750561923e-05
BPMWE.4L3.B1 6614.7313 -0.00614287197953 0.00819499822364 -1.68012860214e-05 -8.40738532905e-05
BPMW.4L3.B1 6642.2763 -0.00758798961993 0.00687861072693 -4.69457668517e-05 -7.17411421019e-05
BPMW.4R3.B1 6687.2413 -0.00590428562655 0.00836852933734 -8.11162726446e-05 -2.77641174525e-05
BPMWE.4R3.B1 6714.7863 0.0024574625205 0.00994252231433 -6.72646666742e-05 5.31616465472e-05
BPMW.5R3.B1 6789.9143 0.0057413218201 0.00848116122562 3.12396851665e-05 7.98422056123e-05
BPMWE.5R3.B1 6817.4593 0.00289077474138 0.00982528846323 6.34376483614e-05 5.76746115486e-05
BPMWC.6R3.B1 6858.4503 0.00285204674278 0.00983660009301 8.47790115198e-05 1.27755657082e-05
BPMR.6R3.B1 6870.5288 0.00478348552885 0.00905600012158 8.47651475902e-05 -1.28672558695e-05
BPM_A.7R3.B1 6926.3528 0.0096108931195 0.00353887064928 -1.83171343092e-05 -8.37566601438e-05
BPM.8R3.B1 6965.416811 0.0102324886035 0.000434797658838 -8.2843644306e-05 -2.20822586073e-05
BPM.9R3.B1 7004.481821 0.00983416245995 -0.0028604406513 -6.35905245044e-05 5.75060209835e-05
BPM.10R3.B1 7044.944832 0.00960197430112 -0.00356299894358 3.45357021616e-06 8.56666141488e-05
BPM.11R3.B1 7097.725542 0.0097607276924 -0.0031017844731 8.19916251067e-05 2.50613090405e-05
BPM.12R3.B1 7152.449058 0.0100351532539 -0.00204659991134 3.82054203014e-05 -7.67531246164e-05
BPM.13R3.B1 7205.897574 0.00997924659836 -0.00230380323081 -7.24108103394e-05 -4.59061079568e-05
BPM.14R3.B1 7259.34609 0.0101326648281 -0.00149062922229 -4.50980423528e-05 7.29168160331e-05
BPM.15R3.B1 7312.794606 0.00960270052667 -0.00356104122253 7.42336697138e-05 4.28958986096e-05
BPM.16R3.B1 7366.243122 0.0098587467029 -0.00277452435632 4.20705828273e-05 -7.47044919835e-05
BPM.17R3.B1 7419.691638 0.00906825146316 -0.0047602192632 -7.59301275973e-05 -3.98159717742e-05
BPM.18R3.B1 7473.140154 0.00942282501879 -0.00401288434127 -3.89709482989e-05 7.63672754936e-05
BPM.19R3.B1 7526.58867 0.00838487340515 -0.00588105177496 7.74992225501e-05 3.66683266614e-05
BPM.20R3.B1 7580.037186 0.00883210343123 -0.00518525031829 3.58070855869e-05 -7.79008861926e-05
BPM.21R3.B1 7633.485701 0.00756362441636 -0.00690539337186 -7.89376294732e-05 -3.34596154861e-05
BPM.22R3.B1 7686.934217 0.00809622680127 -0.006272478264 -3.25817348537e-05 7.93040153048e-05
BPM.23R3.B1 7740.382733 0.00661822953358 -0.00781613138532 8.02434565765e-05 3.0194090391e-05
BPM.24R3.B1 7793.831249 0.0070408587926 -0.00726825034419 2.64329216523e-05 0.000106330160416
BPM.25R3.B1 7847.279765 0.00537917277166 -0.00857121088019 0.000105491756166 -2.96021905862e-05
BPM.26R3.B1 7900.728281 0.00605323384588 -0.00810922411032 -3.07696503604e-05 -0.000105157164975
BPM.27R3.B1 7954.176797 0.00423841671127 -0.00918895965033 -0.000104188992488 3.39036017162e-05
BPM.28R3.B1 8007.625313 0.00477976738695 -0.00882859584335 3.21904826214e-05 0.000290705760471
BPM.29R3.B1 8061.073829 0.00284363128465 -0.00962829382511 0.000289612812535 -4.08715286473e-05
BPM.30R3.B1 8114.522345 0.00361109664199 -0.00936751097866 -4.40779771644e-05 -0.000289142174628
BPM.31R3.B1 8167.97086 0.00158816310894 -0.00991302268792 -0.000287692996833 5.27143485472e-05
BPM.32R3.B1 8221.419376 0.0023832187084 -0.0097524637659 5.59035417221e-05 0.000287090326234
BPM.33R3.B1 8274.867892 0.000307523660408 -0.0100347252121 0.000285289302183 -6.44676476075e-05
BPM.34R3.B1 8328.316408 0.00111600948878 -0.00997721422139 -6.76262668346e-05 -0.000284557111408
BPM.33L4.B1 8381.764924 -0.000979117384029 -0.00999157695616 -0.000282405569338 7.61128103309e-05
BPM.32L4.B1 8435.21344 -0.00016931763992 -0.010038008388 7.92404954326e-05 0.000281543970013
BPM.31L4.B1 8488.661956 -0.00224872931375 -0.00978434961075 0.000279046556094 -8.7630379864e-05
BPM.30L4.B1 8542.110472 -0.00145212369004 -0.00993386217234 -9.07196026238e-05 -0.000278057578365
BPM.29L4.B1 8595.558988 -0.00348229496134 -0.00941615116301 -0.000275218565634 9.89990184392e-05
BPM.28L4.B1 8649.007504 -0.00271077566534 -0.00966653899579 0.000102044527922 0.000274103953843
BPM.27L4.B1 8702.45602 -0.00465780863815 -0.00889354257818 0.000270926513383 -0.000110203841539
BPM.26L4.B1 8755.904535 -0.00411164755782 -0.00925215789558 -0.000116071702755 -8.27876801394e-05
BPM.25L4.B1 8809.353051 -0.00594227860551 -0.00819740180927 -7.92777525267e-05 0.000118496745133
BPM.24L4.B1 8862.801567 -0.00526124414724 -0.00865028215688 0.000119368899645 7.79583652096e-05
BPM.23L4.B1 8916.250083 -0.00694196603597 -0.00737001891767 7.43502788976e-05 -0.000121648990942
BPM.22L4.B1 8969.698599 -0.00651120045548 -0.00791798044657 -0.000125338144676 0.00011390660129
BPM.21L4.B1 9023.147115 -0.00801262981098 -0.00639436542799 0.000117606471231 0.000121873228121
BPM.20L4.B1 9076.595631 -0.00747045607117 -0.00702014471201 0.000120559708453 -0.000118952597123
BPM.19L4.B1 9130.044147 -0.00876480197282 -0.0053168028138 -0.000122507113584 -0.000116946027187
BPM.18L4.B1 9183.492663 -0.00830718389605 -0.00600673300921 -0.000115582279763 0.000123794597589
BPM.17L4.B1 9236.941179 -0.00937289780705 -0.00415197933855 0.000127198170123 0.000111825711826
BPM.16L4.B1 9290.389694 -0.00900725368264 -0.00489484696714 0.0001104060046 -0.000128432394176
BPM.15L4.B1 9343.83821 -0.00982702259156 -0.00291886498123 -0.000131678705821 -0.000106513306482
BPM.14L4.B1 9397.286726 -0.00955944011068 -0.0037023304227 -0.00010504888355 0.00013284991026
BPM.13L4.B1 9450.735242 -0.0101196680943 -0.00163782276351 0.000135934304441 0.000101025894386
BPM.12L4.B1 9504.183758 -0.00984143763058 -0.00286988694958 0.000103120411214 -0.000134352318542
BPM.11L4.B1 9557.632274 -0.0101540994073 -0.00140869123675 -0.000134518064942 -0.000102904115495
BPMC.10L4.B1 9609.470985 -0.0100957396184 -0.00177937833879 -9.94206071145e-05 0.00013711275718
BPMC.9L4.B1 9648.535995 -0.0102300271421 0.000660825548653 0.000115087897402 0.000124254347403
BPMC.8L4.B1 9688.999006 -0.00971053183854 -0.00328568366766 7.37513335845e-05 -0.000152463458949
BPMC.7L4.B1 9728.063016 -0.00982697589819 0.00291902216544 -0.000157941870032 -6.11451688118e-05
BPMYB.6L4.B1 9824.667016 -0.00904359023652 0.00482738245619 -6.57728837955e-05 0.000156071439009
BPMYA.5L4.B1 9861.667016 -0.00877022492548 0.00530785273624 -2.02640630185e-05 0.000168147951794
BPMWA.B5L4.B1 9964.133516 -0.0102174249699 -0.00083329028713 0.000150544283831 7.75937175675e-05
BPMWA.A5L4.B1 9973.018516 -0.0101558212218 -0.00139622384875 0.000159061711449 5.81699079419e-05
BPMWA.A5R4.B1 10021.06752 -0.00974938986588 -0.00316852378139 0.000163229288764 -4.51726251792e-05
BPMWA.B5R4.B1 10029.95252 -0.00972033915333 -0.00325655530533 0.000157744093291 -6.16536026151e-05
BPMYB.5R4.B1 10132.34302 -0.0101973494317 -0.00105081426601 3.70358608091e-05 -0.000165265575336
BPMYA.6R4.B1 10163.90702 -0.0101721794851 -0.00127157820179 -1.73295744131e-06 -0.000169355735041
BPMCA.7R4.B1 10260.42302 -0.00922340305153 -0.0044742576927 -0.000164560838602 -4.00511681986e-05
BPMC.8R4.B1 10298.21203 -0.00886123813455 -0.00515447422082 -0.00012935116931 0.000109328138279
BPMC.9R4.B1 10337.27704 -0.0101822611321 -0.00118815149573 0.000108978660113 0.000129645737608
BPMC.10R4.B1 10377.74005 -0.00928315266498 0.00434893347001 0.000125956627815 -0.000113222332731
BPM.11R4.B1 10429.57876 -0.00970953283932 0.00328863462921 -9.49782582638e-05 -0.000140226592018
BPM.12R4.B1 10484.30227 -0.00933839735647 0.00422900467539 -0.000141905926431 9.24503974474e-05
BPM.13R4.B1 10537.75079 -0.00968431133631 0.00336218079302 9.50876707998e-05 0.000140152419325
BPM.14R4.B1 10591.19931 -0.00877568659635 0.00529881784228 0.000137242605604 -9.92412859516e-05
BPM.15R4.B1 10644.64782 -0.00917471729282 0.00457326015183 -0.000100757908011 -0.000136133061908
BPM.16R4.B1 10698.09634 -0.00802583663248 0.00637778112886 -0.000133058390156 0.00010478467729
BPM.17R4.B1 10751.54485 -0.00851426589162 0.00570941520936 0.000106253177379 0.000131888690529
BPM.18R4.B1 10804.99337 -0.0071439661608 0.00735213528236 0.000128648397298 -0.000110154227115
BPM.19R4.B1 10858.44189 -0.00771406388795 0.00675154531223 -0.000111574729532 -0.000127418392045
BPM.20R4.B1 10911.8904 -0.0061449087103 0.00820550075739 -0.000124023738955 0.000115336371657
BPM.21R4.B1 10965.33892 -0.00678691730725 0.00768296161677 0.000116704149486 0.000122737557292
BPM.22R4.B1 11018.78743 -0.00504464670091 0.00892421903642 0.000119188882111 -0.000120326124797
BPM.23R4.B1 11072.23595 -0.00574850273937 0.00848792448394 -0.000121640991974 -0.000117846657084
BPM.24R4.B1 11125.68447 -0.00380547016567 0.0094853661697 -0.000114210367615 6.775951555e-05
BPM.25R4.B1 11179.13298 -0.00455838634176 0.00914739791056 6.90212590119e-05 0.000113452303119
BPM.26R4.B1 11232.5815 -0.00256067819131 0.00989427621177 0.000111335607822 -7.23860632353e-05
BPM.27R4.B1 11286.03001 -0.00335091259453 0.00965531767303 -7.36168855001e-05 -0.00011052562341
BPM.28R4.B1 11339.47853 -0.00121785436677 0.0101297602017 -0.000108329448372 1.95386879139e-05
BPM.29R4.B1 11392.92705 -0.00203123361895 0.00999846493046 2.07382495529e-05 0.000108106217875
BPM.30R4.B1 11446.37556 8.81256008821e-05 0.0102023254644 0.000107437153967 -2.39643262728e-05
BPM.31R4.B1 11499.82408 -0.000735576501192 0.010176155374 -2.51547920293e-05 -0.000107164671874
BPM.32R4.B1 11553.27259 0.00139229506042 0.0101072610255 -0.000106363911371 2.83504540392e-05
BPM.33R4.B1 11606.72111 0.00057222720895 0.0101866465049 2.95278934955e-05 0.000106043072541
BPM.34R4.B1 11660.16962 0.00267395161671 0.0098460750453 0.000105111955909 -3.26880348716e-05
BPM.33L5.B1 11713.61814 0.00187056284343 0.0100297659811 -3.38519658174e-05 -0.00010474289564
BPM.32L5.B1 11767.06666 0.00391131943346 0.0094232049345 -0.000103682864658 3.69715303468e-05
BPM.31L5.B1 11820.51517 0.00313823310194 0.00970807416431 3.81188987657e-05 0.000103266545065
BPM.30L5.B1 11873.96369 0.00508475277128 0.00884536603519 0.000102079689405 -4.1191836064e-05
BPM.29L5.B1 11927.4122 0.0043542683624 0.00922689319481 -4.23214404809e-05 -0.00010161656076
BPM.28L5.B1 11980.86072 0.00617433788907 0.00812236188241 -0.000100304334668 4.5343921338e-05
BPM.27L5.B1 12034.30924 0.00549882862851 0.00859407323082 4.6453457828e-05 9.97953215934e-05
BPM.26L5.B1 12087.75775 0.00721905245249 0.00725498239328 9.83051922789e-05 -0.00010677111284
BPM.25L5.B1 12141.20627 0.0066099430104 0.00781397090136 -0.000107855028234 -9.71147437482e-05
BPM.24L5.B1 12194.65478 0.00808770768515 0.00627203891708 -9.38423883158e-05 0.000110713996906
BPM.23L5.B1 12248.1033 0.00755527013789 0.00690415678697 0.000111747581039 9.26091731479e-05
BPM.22L5.B1 12301.55182 0.00887998172733 0.00517510181238 8.91700997993e-05 -0.00017182107799
BPM.21L5.B1 12355.00033 0.00843332353633 0.00587493050266 -0.000172800041592 -8.72578751148e-05
BPM.20L5.B1 12408.44885 0.0094689804753 0.00399676906886 -8.20445142254e-05 0.000175335357805
BPM.19L5.B1 12461.89736 0.00911561780351 0.00474776435416 0.00017623378742 8.00964522011e-05
BPM.18L5.B1 12515.34588 0.00990247918136 0.00275257340182 7.47899410236e-05 -0.000178550433849
BPM.17L5.B1 12568.79439 0.00964802595653 0.0035427883662 -0.000179369480679 -7.28037066579e-05
BPM.16L5.B1 12622.24291 0.0101732223884 0.00146331832254 -6.73998193664e-05 0.000181469156051
BPM.15L5.B1 12675.69143 0.0100219701593 0.00227944475753 0.000182204848767 6.53848859417e-05
BPM.14L5.B1 12729.13994 0.0102768327113 0.000149878942422 5.99065489697e-05 -0.000184078777054
BPM.13L5.B1 12782.58846 0.0102312172803 0.000978747798032 -0.000184732367856 -5.78596957728e-05
BPM.12L5.B1 12836.03697 0.0102720305797 0.00034805469972 -3.4226546983e-05 0.000190531714145
BPM.11L5.B1 12889.48549 0.00986797254882 0.00287382532917 0.000193271199986 1.09558901281e-05
BPM.10L5.B1 12942.2662 0.0101506809608 0.00161227488348 1.24865695647e-06 -0.000193577457236
BPM.9L5.B1 12981.33121 0.00976540014354 0.00320510753552 -0.000191714042468 -2.68238351841e-05
BPM.8L5.B1 13021.79422 0.00974971797274 -0.00325249961209 6.74870287994e-05 0.000181436740028
BPMR.7L5.B1 13060.86023 0.00990916200298 0.00272841760898 0.000186492386361 -5.19074092799e-05
BPM.6L5.B1 13097.75423 0.00997793921422 0.00246505239822 9.75923375044e-05 -0.000167181123186
BPMR.5L5.B1 13129.65423 0.00980190969346 0.00309165337945 4.41106638608e-06 -0.000193531222912
BPMYA.4L5.B1 13157.06023 0.00987500475114 0.00284956758388 -7.27914078823e-05 -0.000179374473484
BPMWB.4L5.B1 13178.19473 0.00937105643444 0.00422126231962 -0.000133418512611 -0.000140261507257
BPMSY.4L5.B1 13270.97473 0.0089941136023 0.00497410040197 -0.000129404772109 0.000143972899542
BPMS.2L5.B1 13297.76023 0.00845945686077 0.00583723768575 -5.40001460023e-05 0.000185897213577
BPMSW.1L5.B1 13307.81423 0.00824242291481 0.00613988752753 -4.15869999684e-08 0.000193581476626
BPMSW.1R5.B1 13350.76423 0.00824238951576 0.00613993236057 -0.000183574092613 -6.14356640394e-05
BPMS.2R5.B1 13360.81823 0.00845943484525 0.0058372695918 -0.000193423108183 -7.82929928888e-06
BPMSY.4R5.B1 13387.60373 0.00899410885382 0.00497410898632 -0.00017761441347 7.69864362513e-05
BPMWT.A4R5.B1 13478.00823 0.0093047901042 0.0043653906371 8.29388548611e-05 0.000174914086168
BPMWT.B4R5.B1 13479.99023 0.00936011895294 0.00424545962905 8.93716087345e-05 0.000171716353894
BPMWB.4R5.B1 13480.38373 0.00937103828143 0.00422130262072 9.06300081572e-05 0.000171055523627
BPMYA.4R5.B1 13501.51623 0.00987494444946 0.00284977653546 0.000146966802568 0.000125994234315
BPM.5R5.B1 13522.63423 0.00989417618155 0.00278227102109 0.000178614165175 7.46376020548e-05
BPMWT.A6R5.B1 13543.69223 0.00972254169521 0.00333285722908 0.00019293202925 1.58437935342e-05
BPMWT.B6R5.B1 13549.51423 0.0097713933967 0.00318678918434 0.00019357524403 -1.55341699981e-06
BPMR.6R5.B1 13554.53423 0.00985082278514 0.00293207174123 0.000192774283127 -1.76597139511e-05
BPM_A.7R5.B1 13588.54823 0.0100770411192 0.00202212673576 0.000141651458087 -0.000131941861446
BPM.8R5.B1 13629.98722 0.0102430091788 -0.00084647341263 -9.53359651737e-05 -0.000168478026266
BPM.9R5.B1 13669.05421 0.0102601530219 -0.00060416408299 -0.000130006969201 0.000143429347715
BPM.10R5.B1 13709.5192 0.00966384523371 0.00349940703109 0.000163923079162 0.00010297094174
BPM.11R5.B1 13762.30189 0.0102771650009 -0.000125035185497 7.74128610113e-05 -0.000177428972326
BPM.12R5.B1 13817.02837 0.0100422679652 0.00218828891337 -0.000178223734371 -7.55651508815e-05
BPM.13R5.B1 13870.47986 0.0101972001173 0.00128563759193 -8.58971685492e-05 0.000173480451378
BPM.14R5.B1 13923.93134 0.010060132742 0.00210463381921 0.000174432546379 8.39468804082e-05
BPM.15R5.B1 13977.38283 0.0102778839186 -2.92647049237e-05 7.86720202781e-05 -0.00017687426384
BPM.16R5.B1 14030.83431 0.0102467119551 0.000800405136666 -0.00017774516783 -7.66840659783e-05
BPM.17R5.B1 14084.28579 0.0101896987656 -0.0013437980973 -7.13057646365e-05 0.000179970219712
BPM.18R5.B1 14137.73728 0.0102649147394 -0.000516990968279 0.000180757297022 6.92862908684e-05
BPM.19R5.B1 14191.18876 0.00993406116376 -0.00263631998645 6.38280614767e-05 -0.000182756032643
BPM.20R5.B1 14244.64025 0.0101144293538 -0.00182594444158 -0.000183460185307 -6.17750153315e-05
BPM.21R5.B1 14298.09173 0.0095151892211 -0.00388547659956 -5.62318492117e-05 0.000185234366274
BPM.22R5.B1 14351.54322 0.00979776216944 -0.00310477226154 0.000185852334358 5.41544169905e-05
BPM.23R5.B1 14404.9947 0.00893994898533 -0.00507080530672 4.85496999496e-05 -0.000187394545008
BPM.24R5.B1 14458.44618 0.00905812061568 -0.00434916779607 -0.000191917879738 0.000215912921423
BPM.25R5.B1 14511.89767 0.00795827382709 -0.00613438565598 0.000221580819613 0.000185345088785
BPM.26R5.B1 14565.34915 0.00842739906326 -0.00547208869771 0.00018285658961 -0.000223638839577
BPM.27R5.B1 14618.80064 0.00710793827712 -0.00710225478853 -0.00022903213587 -0.000176054370643
BPM.28R5.B1 14672.25212 0.00739620290058 -0.00652172768469 -0.000177455133274 0.00049333928144
BPM.29R5.B1 14725.7036 0.00588183117188 -0.00791459483022 0.000498444607263 0.000162563669831
BPM.30R5.B1 14779.15509 0.00650126251182 -0.00741419820664 0.000156986076203 -0.000500229294927
BPM.31R5.B1 14832.60657 0.00482041712375 -0.00860234433298 -0.000504722616542 -0.000141876905015
BPM.32R5.B1 14886.05806 0.00549922566751 -0.00818506361117 -0.000136198764583 0.000506284379522
BPM.33R5.B1 14939.50954 0.00368102758984 -0.00914804816004 0.000510145626941 0.000120935583578
BPM.34R5.B1 14992.96102 0.004407100233 -0.00882123669012 0.000115223582475 -0.000511466027094
BPM.33L6.B1 15046.41251 0.00247974369703 -0.00954398346937 -0.000514698291712 -9.97980076387e-05
BPM.32L6.B1 15099.86399 0.00324227829582 -0.00931259258547 -9.40169799142e-05 0.000515785600296
BPM.31L6.B1 15153.31548 0.00123924504941 -0.00978268986288 0.000518376511357 7.84841727505e-05
BPM.30L6.B1 15206.76696 0.00202442954952 -0.00965082557514 7.26762333244e-05 -0.000519222633715
BPM.29L6.B1 15260.21845 -2.32342461504e-05 -0.00986084222709 -0.000521172056846 -5.70408878582e-05
BPM.28L6.B1 15313.66993 0.00077310097221 -0.00983051698394 -5.11963583204e-05 0.000521778599382
BPM.27L6.B1 15367.12141 -0.00128368658148 -0.00977695750609 0.000523081126662 3.54980208266e-05
BPM.26L6.B1 15420.5729 -0.000752429996934 -0.00986521018736 2.5636309044e-05 -0.000261100213073
BPM.25L6.B1 15474.02438 -0.00278386689468 -0.0094941354538 -0.00026175251713 -1.77808968605e-05
BPM.24L6.B1 15527.47587 -0.00200830819822 -0.00968789043863 -1.48478711643e-05 0.000261935264149
BPM.23L6.B1 15580.92735 -0.00397517503834 -0.00906016039147 0.000262263137286 6.97052767893e-06
BPM.22L6.B1 15634.37883 -0.00349282398538 -0.00936802168365 3.28021544035e-08 2.36779636631e-08
BPM.21L6.B1 15687.83032 -0.00536118146912 -0.00843903921332 2.26873875316e-08 -3.34958714087e-08
BPM.20L6.B1 15741.2818 -0.00466255498646 -0.00884422018318 -3.37458240365e-08 -2.2305853449e-08
BPM.19L6.B1 15794.73329 -0.0063966903347 -0.00768387938856 -2.12815335511e-08 3.44085414427e-08
BPM.18L6.B1 15848.18477 -0.00575564919206 -0.00817509339572 3.46413268155e-08 2.08946036074e-08
BPM.17L6.B1 15901.63625 -0.00732712651285 -0.00680241623975 1.98434809049e-08 -3.52564955956e-08
BPM.16L6.B1 15955.08774 -0.00675418134838 -0.00737161338942 -3.54731463606e-08 -1.94473355725e-08
BPM.15L6.B1 16008.53922 -0.0081371174587 -0.00580921415633 -1.83742456991e-08 3.60411817247e-08
BPM.14L6.B1 16061.99071 -0.0076417044683 -0.0064470150068 3.62466846121e-08 1.79671511274e-08
BPM.13L6.B1 16115.44219 -0.00881342899913 -0.00472049986778 1.68694077167e-08 -3.67632889689e-08
BPM.12L6.B1 16168.89367 -0.00840373625618 -0.00541635177722 -3.69551422546e-08 -1.64590750005e-08
BPM.11L6.B1 16222.34516 -0.00915341486428 -0.00402177149257 -1.41583086728e-08 3.78936442225e-08
BPM.10L6.B1 16274.18585 -0.00880377774145 -0.0047384751882 3.87183914572e-08 1.17247378974e-08
BPM.9L6.B1 16313.25284 -0.00999226054629 -0.000338199379025 2.21801274489e-08 -3.38312665701e-08
BPM.8L6.B1 16353.71783 -0.00969350255737 0.00244860323248 -3.23602543262e-08 -2.42739561974e-08
BPMYA.5L6.B1 16450.80782 -0.00465431312534 0.00884856028167 -2.66301300476e-09 4.03615096644e-08
BPMYB.4L6.B1 16487.20782 -0.00491782987149 0.00870486062958 6.22564730007e-09 3.99779908224e-08
BPMSA.B4L6.B1 16519.19832 -0.00391866867117 0.00919802617565 1.49716887387e-08 3.75844629952e-08
BPMSA.A4L6.B1 16519.78332 -0.00389818615764 0.00920672549629 1.51390164211e-08 3.75141801763e-08
BPMSE.4L6.B1 16616.45832 -0.00043764459565 0.00998839911233 3.90236841172e-08 1.06564880854e-08
BPMSA.4R6.B1 16708.02832 -0.00104409234981 0.00994331538476 2.91516945375e-08 -2.80461757969e-08
BPMSB.A4R6.B1 16804.83832 -0.00529553499122 0.00848038671545 -8.44961175471e-09 -3.95639992155e-08
BPMSB.B4R6.B1 16805.47332 -0.00531773376033 0.00846648435437 -8.65394147597e-09 -3.95148331861e-08
BPMYA.4R6.B1 16830.80782 -0.00609324664698 0.00792666354564 -1.59979199804e-08 -3.71567437831e-08
BPMYB.5R6.B1 16867.20782 -0.00609381521387 0.00792622641295 -2.38142292038e-08 -3.26587980615e-08
BPM.8R6.B1 16962.93481 -0.00938031419869 0.00345967559073 -1.77849216303e-08 3.63354924541e-08
BPM.9R6.B1 17002.0018 -0.00984726392534 0.00172946315589 4.03312202938e-08 3.15816559521e-09
BPM.10R6.B1 17042.46678 -0.00651280330836 0.00758571306847 4.64755092716e-09 -4.01926729966e-08
BPM.11R6.B1 17094.30747 -0.00659018065913 0.00751858820484 -3.781799368e-08 -1.43719199563e-08
BPM.12R6.B1 17149.03396 -0.00610487582291 0.00791771058149 -1.62300780708e-08 3.70571033424e-08
BPM.13R6.B1 17202.48544 -0.00676031941522 0.00736598473563 3.72930311389e-08 1.56808193655e-08
BPM.14R6.B1 17255.93693 -0.00508422986939 0.00860873139798 1.45515237904e-08 -3.77480190495e-08
BPM.15R6.B1 17309.38841 -0.00576246322116 0.00817029175138 -3.79070808377e-08 -1.41229596442e-08
BPM.16R6.B1 17362.83989 -0.00394116968902 0.00918840743167 -1.2978416408e-08 3.83153600859e-08
BPM.17R6.B1 17416.29138 -0.0046699284702 0.00884032905339 3.84550245733e-08 1.25507650125e-08
BPM.18R6.B1 17469.74286 -0.00273334646324 0.00961709242793 1.13908143216e-08 -3.88173568303e-08
BPM.19R6.B1 17523.19435 -0.003500633335 0.00936510629519 -3.89420460427e-08 -1.09512148417e-08
BPM.20R6.B1 17576.64583 -0.00148059791796 0.00988774390212 -9.77659424977e-09 3.92539066675e-08
BPM.21R6.B1 17630.09731 -0.00227383192864 0.00973598161832 3.93572756039e-08 9.33815496998e-09
BPM.22R6.B1 17683.5488 -0.00020353595803 0.00999591030165 8.15219204069e-09 -3.96242320421e-08
BPM.23R6.B1 17737.00028 -0.00100964821848 0.00994687187607 -3.97135647529e-08 -7.70711210881e-09
BPM.24R6.B1 17790.45177 0.00116248602058 0.00992346420288 -1.02375697509e-07 -8.71672343705e-05
BPM.25R6.B1 17843.90325 0.000357673311134 0.00998491789474 -8.71606098343e-05 1.07925028617e-06
BPM.26R6.B1 17897.35474 0.00242239657207 0.009693219817 3.69740386287e-06 8.7088837771e-05
BPM.27R6.B1 17950.80622 0.0016322156414 0.00985709833889 8.70419687918e-05 -4.67258695878e-06
BPM.28R6.B1 18004.2577 0.00372812717817 0.00928735665047 -7.38068123519e-06 -0.000174069802069
BPM.29R6.B1 18057.70919 0.00296623024068 0.00955800209001 -0.000173976115471 9.3317413347e-06
BPM.30R6.B1 18111.16067 0.00488558883802 0.00873412545769 1.45552936632e-05 0.000173617142169
BPM.31R6.B1 18164.61216 0.00416482468273 0.00909989896392 0.000173443314237 -1.64980368286e-05
BPM.32R6.B1 18218.06364 0.00596277883415 0.00803736239929 -2.17002623288e-05 -0.000172869508228
BPM.33R6.B1 18271.51512 0.00529451340275 0.00849247040688 -0.000172615276696 2.36375729948e-05
BPM.34R6.B1 18324.96661 0.00694198038356 0.00720852510241 2.88141650343e-05 0.000171826984191
BPM.33L7.B1 18378.41809 0.00633760477033 0.00774523670131 0.000171493744881 -3.07353859206e-05
BPM.32L7.B1 18431.86958 0.00780710455798 0.00626123343945 -3.58723321676e-05 -0.000170493236914
BPM.31L7.B1 18485.32106 0.00727621332351 0.00687100032535 -0.000170080100774 3.77826567686e-05
BPM.30L7.B1 18538.77254 0.00854393894855 0.00521104914256 4.28768818538e-05 0.000168867817677
BPM.29L7.B1 18592.22403 0.00809552076159 0.00588357623871 0.000168377522342 -4.47635964039e-05
BPM.28L7.B1 18645.67551 0.00914037167957 0.00407523390988 -4.98005015414e-05 -0.00016695712012
BPM.27L7.B1 18699.127 0.00878159883152 0.00479973413706 -0.000166387820662 5.16707294117e-05
BPM.26L7.B1 18752.57848 0.00967228137382 0.00285613962195 5.65508055854e-05 7.75536908836e-05
BPM.25L7.B1 18806.02997 0.00941021334741 0.003627457134 7.69158345656e-05 -5.74153439126e-05
BPM.24L7.B1 18859.48145 0.00995818914286 0.00159531486997 -5.97000962019e-05 -7.51562782367e-05
BPM.23L7.B1 18912.93293 0.00979693302066 0.0023938805 -7.44820228259e-05 6.05392225711e-05
BPM.22L7.B1 18966.38442 0.0101661469872 0.000291971155982 6.26540547666e-05 -1.45782875695e-05
BPM.21L7.B1 19019.8359 0.0101094165306 0.00111152558823 -1.52791162445e-05 -6.24868476924e-05
BPM.20L7.B1 19073.28739 0.0101199654185 -0.00101098550804 -6.19995079139e-05 1.71498749298e-05
BPM.19L7.B1 19126.73887 0.0101685477706 -0.000190861240097 1.78436662256e-05 6.1803405344e-05
BPM.18L7.B1 19180.19035 0.00990749409411 -0.00229724890642 6.12395289918e-05 -1.96920498886e-05
BPM.17L7.B1 19233.64184 0.0100605805486 -0.00149013784781 -2.03767544135e-05 -6.10151318136e-05
BPM.16L7.B1 19287.09332 0.00953219126207 -0.00354585976277 -6.0375280836e-05 2.22009752386e-05
BPM.15L7.B1 19340.54481 0.00978729579043 -0.00276489293093 2.28761935645e-05 6.01226893618e-05
BPM.14L7.B1 19393.99629 0.00900029032741 -0.0047360918262 5.94083902347e-05 -2.46718672488e-05
BPM.13L7.B1 19447.44777 0.00935316581384 -0.00399425600852 -2.53357862548e-05 -5.91282980739e-05
BPM.12L7.B1 19500.89926 0.0083262363684 -0.00584034071616 -5.83240615649e-05 2.71359817302e-05
BPM.11L7.B1 19554.35074 0.00881748033382 -0.00506831651346 2.75544656496e-05 5.81275281876e-05
BPM.10L7.B1 19607.13343 0.00658203078055 -0.00775323561918 6.02208421608e-05 -2.26165211825e-05
BPM.9L7.B1 19646.20042 0.00582448907001 -0.00833733283663 9.79639715594e-06 -6.35774188529e-05
BPM.8L7.B1 19686.66541 -0.00179094983007 -0.0100114080147 -6.31175509489e-05 -1.24190297954e-05
BPM.7L7.B1 19725.7314 -0.00244764665197 -0.00987141416397 -4.52274066585e-05 4.574428318e-05
BPM.6L7.B1 19760.5494 -0.00124045070566 -0.0100944080446 -4.7248783536e-06 6.41539777187e-05
BPMWC.6L7.B1 19772.6519 0.000931557287732 -0.0101275857288 1.50076559148e-05 6.25525977377e-05
BPMWE.5L7.B1 19849.7059 -0.00425828209597 -0.00923595286572 5.5901299762e-05 -3.18292566932e-05
BPMW.5L7.B1 19872.9109 -0.00839070870534 -0.00574732976823 2.33429937862e-05 -5.99429923523e-05
BPMWE.4L7.B1 19907.9959 -0.00864531182135 -0.00535671311949 -6.9293238746e-06 -6.39534382985e-05
BPMW.4L7.B1 19936.1009 -0.0061907465764 -0.00806910457028 -3.82305716814e-05 -5.17347143293e-05
BPMW.4R7.B1 20052.1479 -0.00789841336525 -0.00640709435213 -2.36786224963e-05 5.98112053316e-05
BPMWE.4R7.B1 20080.2529 -0.00977895007144 -0.00279426694352 1.1330532529e-05 6.33220052888e-05
BPMW.5R7.B1 20115.3379 -0.00978355089222 -0.00277811517334 3.57715174111e-05 5.34645169775e-05
BPMWE.5R7.B1 20138.5429 -0.008416571464 -0.00570938845646 5.54741045892e-05 3.25681038482e-05
BPMR.6R7.B1 20217.7584 -0.00463925956496 -0.00905058354065 2.71665544573e-05 -5.83098274333e-05
BPM_A.7R7.B1 20255.7944 -0.00635504002802 -0.00794035629351 -2.55873767768e-05 -5.90198637937e-05
BPM.8R7.B1 20294.86039 -0.00891117725845 -0.00490170496806 -6.43242788516e-05 6.67304417211e-07
BPM.9R7.B1 20333.92738 -0.0100293047096 0.00168785033879 -9.58656335481e-06 6.36094011191e-05
BPM.10R7.B1 20374.39237 -0.00943723775974 0.00379135005671 5.30675588283e-05 3.63578308802e-05
BPM.11R7.B1 20427.17506 -0.00880311671828 0.00509322371137 4.09646682896e-05 -4.9597921912e-05
BPM.12R7.B1 20481.90154 -0.0090434540593 0.00465314199241 -5.06236396086e-05 -3.96901137872e-05
BPM.13R7.B1 20535.35303 -0.00775929286413 0.00657488904751 -3.74061785062e-05 5.23338873069e-05
BPM.14R7.B1 20588.80451 -0.00826459608191 0.00592724584641 5.2749623506e-05 3.68175826077e-05
BPM.15R7.B1 20642.25599 -0.00685437482437 0.00751354360853 3.52160200011e-05 -5.38320533904e-05
BPM.16R7.B1 20695.70748 -0.0074384855895 0.0069357569027 -5.42232302045e-05 -3.46106749035e-05
BPM.17R7.B1 20749.15896 -0.00583691489057 0.00832863832202 -3.2966133314e-05 5.52385015326e-05
BPM.18R7.B1 20802.61045 -0.00649003960214 0.00783040086537 5.56043799711e-05 3.23451751332e-05
BPM.19R7.B1 20856.06193 -0.00472345623942 0.00900692805007 3.06599477892e-05 -5.65510856225e-05
BPM.20R7.B1 20909.51341 -0.00543506647936 0.0085962692006 -5.68910607343e-05 -3.00244067909e-05
BPM.21R7.B1 20962.9649 -0.00353246396806 0.0095371636271 -2.83016914438e-05 5.77673945266e-05
BPM.22R7.B1 21016.41638 -0.00429063836668 0.0092209660093 5.80808513579e-05 2.765272208e-05
BPM.23R7.B1 21069.86787 -0.00228333736452 0.00991070947087 2.5895306244e-05 -5.88854033681e-05
BPM.24R7.B1 21123.31935 -0.00304415564495 0.00969605733473 -5.8687382885e-05 -5.70215814414e-05
BPM.25R7.B1 21176.77083 -0.000965369969177 0.0101167421729 -5.5232656153e-05 6.03740251966e-05
BPM.26R7.B1 21230.22232 -0.00177866937962 0.0100058356303 6.09889746307e-05 5.45528563028e-05
BPM.27R7.B1 21283.6738 0.000336853405244 0.0101571128357 5.26960018419e-05 -6.26003261254e-05
BPM.28R7.B1 21337.12529 -0.000452429767159 0.0101531621819 -6.27024238952e-05 -8.37789809697e-05
BPM.29R7.B1 21390.57677 0.00166477138531 0.0100259628569 -8.18572147154e-05 6.51913138327e-05
BPM.30R7.B1 21444.02826 0.000850240657791 0.0101276100734 6.61042263197e-05 8.11217745579e-05
BPM.31R7.B1 21497.47974 0.00293380600772 0.00973057949111 7.90994197569e-05 -6.8511257935e-05
BPM.32R7.B1 21550.93122 0.00213875726907 0.00993564856026 -6.9393305059e-05 -7.83267575733e-05
BPM.33R7.B1 21604.38271 0.00415439275331 0.00927536607126 -7.62062278579e-05 7.17155661607e-05
BPM.34R7.B1 21657.83419 0.00339230555441 0.0095803788029 7.25647731555e-05 7.53980403818e-05
BPM.33L8.B1 21711.28568 0.00530692028096 0.00866764051244 7.31843931984e-05 -7.47967599603e-05
BPM.32L8.B1 21764.73716 0.00458994256902 0.00906773522846 -7.56121298468e-05 -7.23416682314e-05
BPM.31L8.B1 21818.18864 0.00637206338566 0.00791758821488 -7.00367807453e-05 7.77519157561e-05
BPM.30L8.B1 21871.64013 0.00571230337183 0.00840600887262 7.85316203801e-05 6.91613753372e-05
BPM.29L8.B1 21925.09161 0.00733263931472 0.00703731452099 6.67714956018e-05 -8.0573433459e-05
BPM.28L8.B1 21978.5431 0.0067406676894 0.0076062338966 -8.13166049264e-05 -6.58644149069e-05
BPM.27L8.B1 22031.99458 0.00817260908431 0.00604151104422 -6.33908671838e-05 8.32592932713e-05
BPM.26L8.B1 22085.44606 0.00769009250082 0.00668340086312 8.44487785965e-05 3.06667307226e-05
BPM.25L8.B1 22138.89755 0.00890980868736 0.00494172832583 2.81164562414e-05 -8.53317644552e-05
BPM.24L8.B1 22192.34903 0.00848186516418 0.00564476155409 -8.56415378239e-05 -2.71582653541e-05
BPM.23L8.B1 22245.80052 0.00946877243187 0.00376134528747 -2.45723106505e-05 8.64190195313e-05
BPM.22L8.B1 22299.252 0.00916604248208 0.00451530938557 8.71735923145e-05 -8.18474108187e-06
BPM.21L8.B1 22352.70349 0.00990361609246 0.00251450630353 -1.07995014416e-05 -8.688840472e-05
BPM.20L8.B1 22406.15497 0.00966835292434 0.00330564749254 -8.67618656161e-05 1.1772958882e-05
BPM.19L8.B1 22459.60645 0.0101439163147 0.00122691296053 1.43747623401e-05 8.63689270423e-05
BPM.18L8.B1 22513.05794 0.0100117957193 0.00204164152243 8.62025660617e-05 -1.53408879127e-05
BPM.17L8.B1 22566.50942 0.0102175249551 -8.0854288565e-05 -1.79233258849e-05 -8.57028542427e-05
BPM.16L8.B1 22619.96091 0.0101907165153 0.000744076944483 -8.54965205857e-05 1.88830626371e-05
BPM.15L8.B1 22673.41239 0.0101232320215 -0.00138727324692 2.14435541861e-05 8.48905064827e-05
BPM.14L8.B1 22726.86387 0.0102021746422 -0.000565673223127 8.46450961269e-05 -2.23926841461e-05
BPM.13L8.B1 22780.31536 0.0098625816501 -0.00267092433986 -2.49252462227e-05 -8.39342400084e-05
BPM.12L8.B1 22833.76684 0.0100165241267 -0.00201831564288 -8.33927384872e-05 2.6681005435e-05
BPM.11L8.B1 22887.21833 0.00958044481377 -0.00355238382063 3.36696774655e-05 8.08243665139e-05
BPM.10L8.B1 22939.05902 0.0099869039801 -0.00216011630918 7.90063398489e-05 -3.77388706718e-05
BPM.9L8.B1 22978.126 0.00860204698832 -0.00551444840698 -1.34605812453e-05 -8.65161103941e-05
BPM.8L8.B1 23018.59099 0.00856328709159 -0.00557444775508 -8.56561509467e-05 1.81452072842e-05
BPM.7L8.B1 23057.65898 0.00237239705703 -0.00993861589139 1.84507437347e-05 8.5590856909e-05
BPMR.6L8.B1 23090.12798 -0.00348446347746 -0.00960535621259 8.16674949972e-05 3.15696837763e-05
BPM.5L8.B1 23150.54698 -0.00834682373016 -0.0058936310711 4.32627261273e-06 -8.74500350587e-05
BPMYB.4L8.B1 23171.31398 -0.00723549035075 -0.0072147094885 -4.66598361619e-05 -7.40883510299e-05
BPMWB.4L8.B1 23195.70548 -0.00846688624642 -0.0057198068974 -8.72804726271e-05 -6.95297719996e-06
BPMSX.4L8.B1 23245.93848 -0.00449973579687 -0.00917369780188 1.88346043375e-05 8.55072055352e-05
BPMS.2L8.B1 23283.84998 -0.00448824785788 -0.00917932375949 6.9407793613e-05 5.33740073015e-05
BPMSW.1L8.B1 23293.78398 -0.00482978372695 -0.00900430690151 8.08364995198e-05 3.36405198113e-05
BPMSW.1R8.B1 23336.97398 -0.00482984927008 -0.00900427174469 -4.63784197163e-05 7.42648455232e-05
BPMS.2R8.B1 23346.90798 -0.00448829941806 -0.00917929855991 -2.56280682907e-05 8.37223210649e-05
BPMSX.4R8.B1 23384.81948 -0.0044997232079 -0.00917370397775 3.42084735465e-05 8.05977958864e-05
BPMWB.4R8.B1 23434.97648 -0.00846742751931 -0.00571900558032 6.72747318524e-05 -5.60386955161e-05
BPMYB.4R8.B1 23459.44398 -0.0072563558832 -0.00719372316123 -4.87426406017e-06 -8.74211992455e-05
BPMYB.5R8.B1 23480.02098 -0.00874609226472 -0.00528301275184 -5.68322772039e-05 -6.66056837035e-05
BPM.6R8.B1 23564.12898 -0.00710653843523 -0.00734176171715 -1.93732970442e-05 8.53867680209e-05
BPM_A.7R8.B1 23586.36898 -0.00571901647632 -0.00846742016104 1.72046236199e-05 8.58500205596e-05
BPM.8R8.B1 23627.80599 -0.00101584639276 -0.0101672223212 8.71105232631e-05 8.83072537074e-06
BPM.9R8.B1 23666.871 0.00212354795006 -0.00999474350452 -3.66833165695e-05 -7.95019493289e-05
BPM.10R8.B1 23707.33402 -0.00389300501346 -0.009447161774 -6.09128246618e-05 6.28955664761e-05
BPM.11R8.B1 23759.17273 0.000761457282963 -0.0101894325856 7.09012280411e-05 5.13735450884e-05
BPM.12R8.B1 23813.89624 3.10692947047e-05 -0.0102177976256 4.99172929975e-05 -7.19339152058e-05
BPM.13R8.B1 23867.34476 0.00152371140939 -0.0101035962483 -7.48219363104e-05 -4.54741964003e-05
BPM.14R8.B1 23920.79327 -0.000606189741371 -0.0101998474309 -4.32155165209e-05 7.61488273134e-05
BPM.15R8.B1 23974.24179 0.000218985931896 -0.0102154979702 7.66234495029e-05 4.23682920845e-05
BPM.16R8.B1 24027.69031 -0.00190590647861 -0.0100385195161 4.00560591154e-05 -7.78571588453e-05
BPM.17R8.B1 24081.13882 -0.00108968713632 -0.0101595735924 -7.82965220923e-05 -3.91902954949e-05
BPM.18R8.B1 24134.58734 -0.00317442451092 -0.00971222851123 -3.68299757738e-05 7.94341098068e-05
BPM.19R8.B1 24188.03585 -0.00238023521861 -0.00993674161492 7.98377306963e-05 3.59466377616e-05
BPM.20R8.B1 24241.48437 -0.00439068491183 -0.009226388225 3.35409126578e-05 -8.08778797479e-05
BPM.21R8.B1 24294.93289 -0.00363188185007 -0.00955059096848 -8.12447799391e-05 -3.26421422493e-05
BPM.22R8.B1 24348.3814 -0.00553488250407 -0.00858891316013 -3.01966806532e-05 8.21850679327e-05
BPM.23R8.B1 24401.82992 -0.00482366492018 -0.00900758626718 8.25149808087e-05 2.92831538759e-05
BPM.24R8.B1 24455.27843 -0.0065877883714 -0.00781040774052 2.67998746032e-05 -8.36469175012e-05
BPM.25R8.B1 24508.72695 -0.00593606392244 -0.00831652390583 -8.39388913973e-05 -2.58708984646e-05
BPM.26R8.B1 24562.17546 -0.00753278737876 -0.00690351642956 -2.33479667077e-05 8.46753397363e-05
BPM.27R8.B1 24615.62398 -0.00695108527461 -0.00748891435714 8.49291482574e-05 2.24071413668e-05
BPM.28R8.B1 24669.0725 -0.00835369859384 -0.00588328049113 1.98546035668e-05 -8.58542123463e-05
BPM.29R8.B1 24722.52101 -0.00785170792339 -0.0065381918224 -8.60690218823e-05 -1.890167934e-05
BPM.30R8.B1 24775.96953 -0.0090376616009 -0.00476633427494 -1.63181830706e-05 8.65960013063e-05
BPM.31R8.B1 24829.41804 -0.00862353792361 -0.00548013350847 8.67717200755e-05 1.53564017113e-05
BPM.32R8.B1 24882.86656 -0.00957311738773 -0.00357109131257 1.27521222925e-05 -8.71925082814e-05
BPM.33R8.B1 24936.31508 -0.00925372231149 -0.00433196179272 -8.73285071318e-05 -1.17848783339e-05
BPM.34R8.B1 24989.76359 -0.00995128327937 -0.00231716004738 -9.16688669746e-06 8.76419936225e-05
BPM.33L1.B1 25043.21211 -0.00973183578071 -0.00311265833847 8.77383094796e-05 8.19387607441e-06
BPM.32L1.B1 25096.66062 -0.0101659387336 -0.00102516306132 5.56391274446e-06 -8.79442637352e-05
BPM.31L1.B1 25150.10914 -0.0100500542698 -0.00184219401951 -8.80005340073e-05 -4.5888211652e-06
BPM.30L1.B1 25203.55766 -0.0102135593029 0.000283682938848 -1.95388552745e-06 8.80984299119e-05
BPM.29L1.B1 25257.00617 -0.0102031420011 -0.000541445255103 8.81146791257e-05 9.76229806874e-07
BPM.28L1.B1 25310.45469 -0.0100933621799 0.00158786320218 -1.6616898624e-06 -8.81044210509e-05
BPM.27L1.B1 25363.9032 -0.0101885825549 0.000768150487146 -8.80805966903e-05 2.63810794721e-06
BPM.26L1.B1 25417.35172 -0.00980703343252 0.00286590553527 5.27202211218e-06 8.76698167427e-05
BPM.25L1.B1 25470.80023 -0.0100063164842 0.00206517545445 8.76059307838e-05 -6.24446316036e-06
BPM.24L1.B1 25524.24875 -0.00935986213198 0.00409686466994 -8.86379260364e-06 -8.73797748916e-05
BPM.23L1.B1 25577.69727 -0.00965995517059 0.00332815045186 -8.72761661309e-05 9.83176831314e-06
BPM.22L1.B1 25631.14578 -0.00875860444216 0.00526047116711 1.24385289888e-05 8.6650493526e-05
BPM.21L1.B1 25684.5943 -0.00915453296656 0.00453654437025 8.65071565076e-05 -1.33991560995e-05
BPM.20L1.B1 25738.04281 -0.00801374217586 0.00633763718298 -1.59822524836e-05 -8.60673791142e-05
BPM.19L1.B1 25791.49133 -0.00849906289073 0.00567024150636 -8.58849285391e-05 1.69353400964e-05
BPM.18L1.B1 25844.93985 -0.00713718223329 0.00731070027097 1.94977072767e-05 8.53397032332e-05
BPM.17L1.B1 25898.38836 -0.00770383735659 0.00671093128748 8.51181445356e-05 -2.04432467644e-05
BPM.16L1.B1 25951.83688 -0.00614338872078 0.00816360727268 -2.29814935489e-05 -8.44681984408e-05
BPM.15L1.B1 26005.28539 -0.00678217130211 0.00764119500455 -8.42082193577e-05 2.3916545028e-05
BPM.14L1.B1 26058.73391 -0.00504860333482 0.00888241594637 2.6425736407e-05 8.34548131126e-05
BPM.13L1.B1 26112.18243 -0.00574889717944 0.00844605765137 8.31565606538e-05 -2.73498088492e-05
BPM.12L1.B1 26165.63094 -0.00521896488852 0.00878339992026 -3.75648312704e-05 -7.90690159725e-05
BPM.11L1.B1 26219.07946 -0.00722635971763 0.00722256422484 -7.39507234056e-05 4.68435366615e-05
BPM.10L1.B1 26271.86017 -0.0062623969004 0.00807267574802 5.04946200867e-05 7.15074730922e-05
BPM.9L1.B1 26310.92518 -0.00746578407499 0.0069747958271 7.75546168075e-05 -4.05993455403e-05
BPM.8L1.B1 26351.38819 -0.0018318858374 0.0100513632393 -7.2571844679e-05 -4.89525684643e-05
BPMR.7L1.B1 26390.4542 -0.00711937426601 0.00732804330483 -5.49112137485e-05 6.81746559251e-05
BPM.6L1.B1 26433.6382 -0.00726869379384 0.00717995816187 1.7969368154e-05 8.56745377627e-05
BPMR.5L1.B1 26465.5382 -0.0071589460766 0.0072893895307 5.59857649476e-05 6.72950242493e-05
BPMYA.4L1.B1 26486.6562 -0.00720857167542 0.00724031788587 7.39822098344e-05 4.67937740559e-05
BPMWB.4L1.B1 26507.7887 -0.00816245969136 0.0061449133789 8.59780267646e-05 1.64561505106e-05
BPMSY.4L1.B1 26600.5687 -0.00863802127883 0.0054562163689 9.68723367878e-06 -8.70010566295e-05
BPMS.2L1.B1 26627.3542 -0.00913423205056 0.0045772823259 -2.90745203867e-05 -8.25693654114e-05
BPMSW.1L1.B1 26637.4082 -0.00929408259271 0.00424331679988 -5.09380588083e-05 -7.11922727562e-05
