BPMSW.1R1.B1 21.475 -7.79296073399e-09 0.00999874126952 6.14536050895e-10 9.89566864867e-10
BPMS.2R1.B1 31.529 0.000362255906234 0.00999217682275 8.74931531747e-10 7.79322723205e-10
BPMSY.4R1.B1 58.3145 0.00134637504319 0.00990767890321 1.11766971249e-09 3.25648045757e-10
BPMWB.4R1.B1 151.0945 0.00215264743098 0.00976426833283 2.34034413976e-10 -1.14352324052e-09
BPMYA.4R1.B1 172.227 0.00351552564917 0.00936033687724 -1.99444100759e-10 -1.15108302289e-09
BPM.5R1.B1 199.635 0.00328421256707 0.00944398087807 -6.33352060245e-10 -9.73881680886e-10
BPMR.6R1.B1 231.535 0.00387529596031 0.0092172071796 -1.03323861349e-09 -5.45023419313e-10
BPM_A.7R1.B1 259.259 0.00427869177882 0.00903701409009 -1.16441562147e-09 6.9936995313e-11
BPM.8R1.B1 300.6979894 0.00661315468483 0.00749940078378 -2.04094785975e-10 1.15033912646e-09
BPM.9R1.B1 339.7649788 0.00643408961908 0.00765358202525 1.15429585185e-09 -1.72893554349e-10
BPM.10R1.B1 380.2299682 0.00288600567311 0.00957318119993 -3.62808535068e-10 -1.10793465193e-09
BPM.11R1.B1 433.0126576 0.00607016854166 0.00794530558625 -1.04053433982e-09 5.28016619037e-10
BPM.12R1.B1 487.7391417 0.00412889388861 0.00910642972087 5.4156323357e-10 1.03388695722e-09
BPM.13R1.B1 541.1906258 0.0049231450452 0.00870272772943 1.06678995646e-09 -4.78023795006e-10
BPM.14R1.B1 594.6421099 0.00420449511603 0.00907177203304 -4.92371496209e-10 -1.05853003098e-09
BPM.15R1.B1 648.093594 0.00599586850888 0.00800152409689 -1.03935103104e-09 5.2274017155e-10
BPM.16R1.B1 701.5450781 0.00533047544253 0.00845936513947 5.29996455105e-10 1.03884866342e-09
BPM.17R1.B1 754.9965622 0.00697019059944 0.00716877046667 1.0208470341e-09 -5.64476707964e-10
BPM.18R1.B1 808.4480463 0.00636886223312 0.00770794530839 -5.70238007509e-10 -1.01686695389e-09
BPM.19R1.B1 861.8995304 0.00783001396256 0.00621817564228 -9.99984054576e-10 6.06946992967e-10
BPM.20R1.B1 915.3510145 0.00730257554465 0.00682987681991 6.14613736463e-10 9.9046438605e-10
BPM.21R1.B1 968.8024986 0.00856114241034 0.00516543005465 9.74042213024e-10 -6.42693591696e-10
BPM.22R1.B1 1022.253983 0.00811631283305 0.00583954561221 -6.54217609488e-10 -9.68477680255e-10
BPM.23R1.B1 1075.705467 0.009151600515 0.00402778289507 -9.42836924861e-10 6.84401065083e-10
BPM.24R1.B1 1129.156951 0.00869279972747 0.00474669321721 -1.58468162837e-06 0.000104024438571
BPM.25R1.B1 1182.608435 0.00948872087899 0.0028390208902 0.000104025097601 -1.54065477683e-06
BPM.26R1.B1 1236.059919 0.00922861890023 0.00359561632693 -2.70580253237e-06 -0.000104001312665
BPM.27R1.B1 1289.511403 0.00977393679233 0.0016018811329 -0.000103873039722 5.82977480723e-06
BPM.28R1.B1 1342.962887 0.00950889635074 0.00237894278271 5.40988820208e-06 0.000207822098272
BPM.29R1.B1 1396.414371 0.0097955883908 0.000353449646129 0.000207565922262 -1.16480838366e-05
BPM.30R1.B1 1449.865855 0.00973510303387 0.00114291184121 -1.39705761777e-05 -0.000207422547061
BPM.31R1.B1 1503.31734 0.00976032175746 -0.000902550720892 -0.000206908877732 2.01990955052e-05
BPM.32R1.B1 1556.768824 0.00980132522947 -0.000111813934939 2.25183716562e-05 0.000206669332356
BPM.33R1.B1 1610.220308 0.00956466885727 -0.00214373231282 0.000205899966406 -2.87140248016e-05
BPM.34R1.B1 1663.671792 0.00970648273325 -0.00136479724944 -3.10168548235e-05 -0.000205565674165
BPM.33L2.B1 1717.123276 0.00921182714123 -0.00334973421424 -0.000204540435595 3.7181967266e-05
BPM.32L2.B1 1770.57476 0.00945215153668 -0.00259524757582 3.94734881024e-05 0.000204110588875
BPM.31L2.B1 1824.026244 0.00870765078038 -0.00450058845872 0.000202833248548 -4.55846606531e-05
BPM.30L2.B1 1877.477728 0.00904246189529 -0.00378316817037 -4.78522979074e-05 -0.000202310269824
BPM.29L2.B1 1930.929212 0.00806030347703 -0.00557763269061 -0.000200780491601 5.39118241849e-05
BPM.28L2.B1 1984.380696 0.00848423493143 -0.0049087917222 5.61598862285e-05 0.000200163327204
BPM.27L2.B1 2037.83218 0.00728063135413 -0.00656284128301 0.000198386633238 -6.21452629209e-05
BPM.26L2.B1 2091.283665 0.00768268681934 -0.00596038768051 -6.59491762235e-05 -9.3655417963e-05
BPM.25L2.B1 2144.735149 0.00627827495902 -0.0074251708088 -9.16313150433e-05 6.87337735759e-05
BPM.24L2.B1 2198.186633 0.00685713879766 -0.00689416749963 6.97563282693e-05 9.08553000037e-05
BPM.23L2.B1 2251.638117 0.00527684542214 -0.00816730067939 8.87190133986e-05 -7.24538873944e-05
BPM.22L2.B1 2305.089601 0.00581497744385 -0.00772129958083 -7.50286606315e-05 1.61193622427e-05
BPM.21L2.B1 2358.541085 0.00408581811727 -0.00876005251944 1.83662367774e-05 7.45105042785e-05
BPM.20L2.B1 2411.992569 0.00477953410592 -0.00840169527601 7.4300070943e-05 -1.91998233771e-05
BPM.19L2.B1 2465.444053 0.00293151222671 -0.0092107907315 -2.14233601651e-05 -7.36897113849e-05
BPM.18L2.B1 2518.895537 0.00366535979887 -0.00894413591948 -7.34450663728e-05 2.22476167402e-05
BPM.17L2.B1 2572.347021 0.00172921356993 -0.00951011305266 2.44441216442e-05 7.27435119528e-05
BPM.16L2.B1 2625.798506 0.00249115339722 -0.00933951736509 7.24650313046e-05 -2.52577298209e-05
BPM.15L2.B1 2679.24999 0.000498310943919 -0.00965319201291 -2.74234027113e-05 -7.16735028703e-05
BPM.14L2.B1 2732.701474 0.00127580753203 -0.0095814792709 -7.13618363755e-05 2.82244990052e-05
BPM.13L2.B1 2786.152958 -0.000740590577147 -0.00963763225199 3.03557388673e-05 7.04816479656e-05
BPM.12L2.B1 2839.604442 0.00127091574276 -0.00958212935713 7.23001464149e-05 -2.57259208824e-05
BPM.11L2.B1 2893.055926 0.00115057935097 -0.00959732238701 -2.01751649834e-05 -7.40411826592e-05
BPM.10L2.B1 2944.896615 0.0013494629658 -0.00957138336683 -7.28432829141e-05 2.41451836714e-05
BPM.9L2.B1 2983.963605 -0.00411751630424 -0.00874519807216 3.07578361704e-06 7.66790323492e-05
BPM.8L2.B1 3024.428594 -0.00523700522559 -0.0081244203543 6.87687105217e-05 3.40587585294e-05
BPM.7L2.B1 3063.496584 -0.00859738889268 -0.0044178426901 6.32705410752e-05 -4.34277884831e-05
BPMR.6L2.B1 3095.602584 -0.00966556892982 9.59536076576e-05 1.27562687097e-05 -7.56730588467e-05
BPMYB.5L2.B1 3167.801584 -0.00941537330938 -0.00218704716095 -7.20778357538e-05 2.63423578498e-05
BPMYB.4L2.B1 3188.371584 -0.00813521863014 -0.00522021529509 -3.63963368336e-05 6.75606469022e-05
BPMWI.4L2.B1 3212.839084 -0.0089511893743 -0.00364810068968 3.24991749952e-05 6.95193323543e-05
BPMSX.4L2.B1 3262.996084 -0.00594941436202 -0.00761819523191 5.71626886415e-05 -5.1201182407e-05
BPMS.2L2.B1 3300.907584 -0.00593991585384 -0.00762560353402 1.08540928945e-05 -7.59692078351e-05
BPMSW.1L2.B1 3310.841584 -0.00622209321041 -0.00739716066304 -9.13150273251e-06 -7.61954683544e-05
BPMSW.1R2.B1 3354.031584 -0.00622205670208 -0.00739719136962 7.66643504479e-05 3.42233364953e-06
BPMS.2R2.B1 3363.965584 -0.00593988564791 -0.00762562707115 7.49478837155e-05 -1.64908682686e-05
BPMSX.4R2.B1 3401.877084 -0.00594941568453 -0.0076181941971 4.67942824475e-05 -6.08229318255e-05
BPMWB.4R2.B1 3452.110084 -0.00895058271854 -0.00364958885846 -7.18356531079e-05 -2.69957913514e-05
BPMYB.4R2.B1 3476.501584 -0.00811858910853 -0.00524604048161 -6.46391833487e-05 4.13631562557e-05
BPMR.5R2.B1 3506.035584 -0.00964052966677 -0.000701867238906 1.11010225206e-07 7.67406086085e-05
BPM.6R2.B1 3579.331584 -0.00781179634754 -0.0056928259891 7.1679898106e-05 -2.74066595621e-05
BPM_A.7R2.B1 3592.206584 -0.0069025134531 -0.00676666372079 6.15119953695e-05 -4.5884719802e-05
BPM.8R2.B1 3633.643594 -0.00439655616029 -0.00860829389554 -1.05294490445e-05 -7.60148975619e-05
BPM.9R2.B1 3672.708605 -0.00659214935959 -0.00706937031599 -7.48890674251e-05 1.67559412246e-05
BPM.10R2.B1 3713.171615 -0.00939373088529 -0.00227821199303 2.79648310739e-05 7.14639906689e-05
BPM.11R2.B1 3765.010326 -0.00891674195749 -0.00373150676034 7.35003723526e-05 -2.20642134389e-05
BPM.12R2.B1 3819.733842 -0.0091062694014 -0.00324164887292 -2.5551529494e-05 -7.23619595029e-05
BPM.13R2.B1 3873.182358 -0.00831047863468 -0.00493643340196 -6.95463718892e-05 3.24412657803e-05
BPM.14R2.B1 3926.630874 -0.0091539639134 -0.00310441210274 3.45070659987e-05 6.85448485539e-05
BPM.15R2.B1 3980.07939 -0.00887358229407 -0.00383301018704 6.81575781095e-05 -3.5265824981e-05
BPM.16R2.B1 4033.527906 -0.00947587025856 -0.00190796034391 -3.72896049563e-05 -6.7071749678e-05
BPM.17R2.B1 4086.976421 -0.00929100210274 -0.00266640390233 -6.66544920217e-05 3.80304148798e-05
BPM.18R2.B1 4140.424937 -0.00964208977318 -0.000680098990122 4.00081974709e-05 6.54864775214e-05
BPM.19R2.B1 4193.873453 -0.00955575705882 -0.00145600029887 6.5038340139e-05 -4.07326450632e-05
BPM.20R2.B1 4247.321969 -0.00964987669322 0.000558846702848 -4.2660592928e-05 -6.37903418704e-05
BPM.21R2.B1 4300.770485 -0.00966350293493 -0.000221677366605 -6.33137548932e-05 4.33647700928e-05
BPM.22R2.B1 4354.219001 -0.00949909869628 0.00178872966068 4.52402090796e-05 6.19875561065e-05
BPM.23R2.B1 4407.667517 -0.00961246832518 0.00101630829424 6.14816100424e-05 -4.59254366675e-05
BPM.24R2.B1 4461.116033 -0.0089592064256 0.00294454354838 -4.79819383364e-05 -0.000297273993115
BPM.25R2.B1 4514.564549 -0.00916760755182 0.00221194219387 -0.000296724956435 5.12678520815e-05
BPM.26R2.B1 4568.013065 -0.00850889614581 0.00406649762451 6.01206045221e-05 0.000295058646711
BPM.27R2.B1 4621.46158 -0.00880929612215 0.00336660338873 0.00029437216913 -6.33965198948e-05
BPM.28R2.B1 4674.910096 -0.00768585920213 0.00507686867899 -7.24243999168e-05 -0.000529524233031
BPM.29R2.B1 4728.358612 -0.00807053865933 0.00443998118213 -0.000528691599821 7.82712603375e-05
BPM.30R2.B1 4781.807128 -0.00697319394581 0.00601843779352 9.40452232097e-05 0.000526114721119
BPM.31R2.B1 4835.255644 -0.00743605068382 0.00543619145117 0.000525035734224 -9.98933363959e-05
BPM.32R2.B1 4888.70416 -0.00614615948097 0.00686088557318 -0.000115571048938 -0.000521808907392
BPM.33R2.B1 4942.152676 -0.00667987518957 0.00634242025563 -0.000520499203041 0.000121333365257
BPM.34R2.B1 4995.601192 -0.00521785357399 0.00759085181671 0.000136847365292 0.000516637205886
BPM.33L3.B1 5049.049708 -0.00581328228983 0.00714512254848 0.000515083702951 -0.000142583248389
BPM.32L3.B1 5102.498224 -0.00420418543257 0.00819584358493 -0.000157939635235 -0.000510584247857
BPM.31L3.B1 5155.94674 -0.00485199836836 0.00782975982958 -0.000508805224601 0.000163580082394
BPM.30L3.B1 5209.395255 -0.00312097548455 0.0086664029019 0.000178729331554 0.000503683461491
BPM.29L3.B1 5262.843771 -0.00381001437368 0.00838634710488 0.000501667074841 -0.000184313174078
BPM.28L3.B1 5316.292287 -0.00198703817751 0.0089943708238 -0.00019924564724 -0.000495925777437
BPM.27L3.B1 5369.740803 -0.00270653190214 0.00880464151939 -0.000493688123317 0.000204727236058
BPM.26L3.B1 5423.189319 -0.0005869878443 0.00913016436967 0.000219175883347 0.000250148021776
BPM.25L3.B1 5476.637835 -0.00132187508033 0.00905301620322 0.000247700905133 -0.00022193774982
BPM.24L3.B1 5530.086351 0.000585401844645 0.00913026619694 -0.000229251063178 -0.000240948237085
BPM.23L3.B1 5583.534867 -0.000153279329138 0.00914772985936 -0.000238391161034 0.000231908939011
BPM.22L3.B1 5636.983383 0.00198171727049 0.00893584580642 0.000238706098664 -5.84440783067e-06
BPM.21L3.B1 5690.431899 0.00125396213985 0.00906664891594 -8.49124709943e-06 -0.000238626612124
BPM.20L3.B1 5743.880414 0.00310816465534 0.00860905663003 -0.000238265525426 1.5630128599e-05
BPM.19L3.B1 5797.32893 0.00240347173463 0.00883175335053 1.82720076342e-05 0.000238077497124
BPM.18L3.B1 5850.777446 0.00418420297733 0.00814057670624 0.000237424303867 -2.53862609961e-05
BPM.17L3.B1 5904.225962 0.00351346360905 0.00845175230873 -2.80167044884e-05 -0.000237128287878
BPM.16L3.B1 5957.674478 0.00519090082883 0.007538639946 -0.000236183225204 3.510333851e-05
BPM.15L3.B1 6011.122994 0.00456576239395 0.00793286564742 3.77217835537e-05 0.000235779191076
BPM.14L3.B1 6064.57151 0.00611281363616 0.00681249242566 0.000234545411209 -4.47572335608e-05
BPM.13L3.B1 6118.020026 0.00554300057048 0.00728365899099 -4.73538599746e-05 -0.000234034980797
BPM.12L3.B1 6171.468542 0.00721564942831 0.00563124737316 -0.000233959941347 4.77232191216e-05
BPM.11L3.B1 6224.917058 0.00747248571028 0.00528568831544 4.74252489605e-05 0.000234020525831
BPM.10L3.B1 6277.697768 0.00905291513655 0.0013495447868 0.000236854901808 -3.02409536767e-05
BPM.9L3.B1 6316.762779 0.00899157413852 0.00171118033752 0.000133727119215 -0.000197817643276
BPM.8L3.B1 6357.225789 0.00725759740154 0.00557708019525 -0.000175392336168 -0.000162025587027
BPM.7L3.B1 6396.2898 -0.00101585179871 0.00909640526459 -0.000119216258209 0.000206887031048
BPM.6L3.B1 6468.9288 -0.000930500101727 0.00910553200719 0.000195686795963 0.000136826311254
BPMWE.5L3.B1 6512.0583 -0.000193635904344 0.00915090425718 0.000238207295287 -1.64938048894e-05
BPMW.5L3.B1 6539.6033 0.00346859634592 0.0084702646339 0.000188024983774 -0.000147178008717
BPMWE.4L3.B1 6614.7313 0.00499162316438 0.00767204286815 -4.84194096792e-05 -0.000233816856868
BPMW.4L3.B1 6642.2763 0.00344299995705 0.00848070132299 -0.000132132670262 -0.000198886191976
BPMW.4R3.B1 6687.2413 0.00521046030508 0.00752513435335 -0.000226444161492 -7.57482824814e-05
BPMWE.4R3.B1 6714.7863 0.00909919769466 0.000990527611432 -0.000186295968578 0.000149360546302
BPMW.5R3.B1 6789.9143 0.00888108773134 -0.00221423222542 8.85539576747e-05 0.000221749763659
BPMWE.5R3.B1 6817.4593 0.00913385796282 0.000590916511794 0.000177792406233 0.000159388270331
BPMWC.6R3.B1 6858.4503 0.00913145945025 0.000626890656747 0.000236354124575 3.39335789918e-05
BPMR.6R3.B1 6870.5288 0.0090694136342 -0.00123380710479 0.000235817859914 -3.74792985803e-05
BPM_A.7R3.B1 6926.3528 0.0059212862638 -0.00697960690894 -5.26363140125e-05 -0.000232903798686
BPM.8R3.B1 6965.416811 0.00350685309463 -0.00845449732396 -0.000231144587355 -5.9891071012e-05
BPM.9R3.B1 7004.481821 0.00061893673457 -0.00913200202483 -0.000175981799701 0.000161385149148
BPM.10R3.B1 7044.944832 -4.18820541052e-05 -0.00915285690453 1.12792557879e-05 0.000238511088158
BPM.11R3.B1 7097.725542 0.000394100571025 -0.00914446435624 0.000228829800401 6.82032483131e-05
BPM.12R3.B1 7152.449058 0.00136388096797 -0.00905076639669 0.000104910151131 -0.000214496203098
BPM.13R3.B1 7205.897574 0.00113064194454 -0.00908285155778 -0.000202552020523 -0.000126441442354
BPM.14R3.B1 7259.34609 0.00186029353223 -0.00896191115964 -0.000124181763075 0.000203945211175
BPM.15R3.B1 7312.794606 -3.98872254198e-05 -0.00915286581516 0.00020757018277 0.000118022799021
BPM.16R3.B1 7366.243122 0.000698785996656 -0.0091262391897 0.000115714017678 -0.000208866049273
BPM.17R3.B1 7419.691638 -0.00121071519334 -0.00907252513582 -0.000212235178366 -0.000109412014479
BPM.18R3.B1 7473.140154 -0.000474551641287 -0.00914064244784 -0.000107051959888 0.000213435325395
BPM.19R3.B1 7526.58867 -0.00236100657307 -0.00884320030115 0.000216543637951 0.000100616170406
BPM.20R3.B1 7580.037186 -0.0016397581707 -0.00900487294533 9.82075192438e-05 -0.000217646603166
BPM.21R3.B1 7633.485701 -0.0034731215923 -0.00846841012031 -0.000220487674557 -9.16512163001e-05
BPM.22R3.B1 7686.934217 -0.00277833102436 -0.00872109054761 -8.92021474452e-05 0.000221489812875
BPM.23R3.B1 7740.382733 -0.00452759927659 -0.00795470856578 0.000224060560094 8.25325771463e-05
BPM.24R3.B1 7793.831249 -0.00383721118092 -0.0082919528563 8.05593142391e-05 -0.000258807090542
BPM.25R3.B1 7847.279765 -0.00547473090572 -0.00731491581425 -0.000261101337969 -7.27805339343e-05
BPM.26R3.B1 7900.728281 -0.00486649526958 -0.00773290990622 -6.98843249001e-05 0.000261891377515
BPM.27R3.B1 7954.176797 -0.00636526427317 -0.00655469926672 0.00026386612955 6.20127319091e-05
BPM.28R3.B1 8007.625313 -0.00578184691189 -0.00704478132233 5.95967682023e-05 -0.000298382434738
BPM.29R3.B1 8061.073829 -0.00711812999539 -0.00569130239753 -0.000300031516471 -5.06452759012e-05
BPM.30R3.B1 8114.522345 -0.00663557602629 -0.0062472256561 -4.73211507998e-05 0.000300573720883
BPM.31R3.B1 8167.97086 -0.00778755355977 -0.00473420607255 0.000301855911041 3.82996571145e-05
BPM.32R3.B1 8221.419376 -0.00738015707689 -0.00534714681707 3.49429609448e-05 -0.00030226286717
BPM.33R3.B1 8274.867892 -0.00832925162429 -0.0036989545917 -0.00030317267449 -2.58879527041e-05
BPM.34R3.B1 8328.316408 -0.00800356239493 -0.00435909240267 -2.25314375429e-05 0.000303440580864
BPM.33L4.B1 8381.764924 -0.00873395091223 -0.00260322858424 0.000303979251166 1.34338042539e-05
BPM.32L4.B1 8435.21344 -0.00849540144109 -0.00329952299177 1.0054486683e-05 -0.000304109786097
BPM.31L4.B1 8488.661956 -0.00899521530969 -0.00146451329365 -0.000304274448817 -9.56624541382e-07
BPM.30L4.B1 8542.110472 -0.00884769381226 -0.00218563762128 2.41028333323e-06 0.000304266401349
BPM.29L4.B1 8595.558988 -0.00910865440443 -0.000301848529709 0.000304057703901 -1.15225123954e-05
BPM.28L4.B1 8649.007504 -0.00905458602885 -0.0010359389153 -1.49011492182e-05 -0.000303910854469
BPM.27L4.B1 8702.45602 -0.00907243760225 0.000865779172854 -0.000303329455821 2.39810975848e-05
BPM.26L4.B1 8755.904535 -0.00907892176961 0.000133013182799 2.78573912216e-05 0.000269199868909
BPM.25L4.B1 8809.353051 -0.00885363670765 0.00201435598485 0.000268244737912 -3.5907709225e-05
BPM.24L4.B1 8862.801567 -0.00898732757013 0.00129323475462 -3.88857350594e-05 -0.000267829238051
BPM.23L4.B1 8916.250083 -0.00852326776359 0.00313024273852 -0.000266546776067 4.68766392762e-05
BPM.22L4.B1 8969.698599 -0.00871425521163 0.00243445199784 5.0345412426e-05 0.000232166101342
BPM.21L4.B1 9023.147115 -0.0080192572996 0.00419002539167 0.000230554204177 -5.7275789139e-05
BPM.20L4.B1 9076.595631 -0.00833128029509 0.00352910315251 -5.98326601783e-05 -0.000229903913872
BPM.19L4.B1 9130.044147 -0.00741749852235 0.00518126587759 -0.000228011827951 6.6681072408e-05
BPM.18L4.B1 9183.492663 -0.00781134758334 0.00456592262809 6.92023290546e-05 0.000227259318968
BPM.17L4.B1 9236.941179 -0.00669362485769 0.00608770783542 0.000225085078142 -7.59767546084e-05
BPM.16L4.B1 9290.389694 -0.00716316900909 0.00552755010899 -7.84711167379e-05 -0.000224227653253
BPM.15L4.B1 9343.83821 -0.00586008989393 0.00689377595055 -0.00022178044395 8.51421850813e-05
BPM.14L4.B1 9397.286726 -0.00639715104819 0.00639853568038 8.75939324074e-05 0.00022082359749
BPM.13L4.B1 9450.735242 -0.00492986606502 0.00758691116394 0.000218101896202 -9.41664677274e-05
BPM.12L4.B1 9504.183758 -0.00582560224438 0.00692294437787 -9.07734073528e-05 -0.000219535752086
BPM.11L4.B1 9557.632274 -0.00475737628605 0.0076962439737 -0.000219390512367 9.11238838456e-05
BPMC.10L4.B1 9609.470985 -0.00503570705875 0.0075170775419 9.67221786127e-05 0.000216980591943
BPMC.9L4.B1 9648.535995 -0.00311323961417 0.00849544228088 0.000231678039158 -5.25456679658e-05
BPMC.8L4.B1 9688.999006 -0.00611466946981 0.00666900425464 -0.000133382406389 -0.000196583039904
BPMC.7L4.B1 9728.063016 -0.00114650573252 0.00897498328942 -0.00018512043166 0.000148883121256
BPMYB.6L4.B1 9824.667016 0.000673808539897 0.00902279238915 0.000143366095284 0.000189425241966
BPMYA.5L4.B1 9861.667016 0.00115921554825 0.00897335053073 0.000189975712616 0.000142635848877
BPMWA.B5L4.B1 9964.133516 -0.00431513335419 0.00795263632626 0.000199900986409 -0.000128356356731
BPMWA.A5L4.B1 9973.018516 -0.00474770061187 0.00770221651827 0.00018229124008 -0.000152334050179
BPMWA.A5R4.B1 10021.06752 -0.00603383966151 0.00674222361994 5.97172780827e-05 -0.000229933913806
BPMWA.B5R4.B1 10029.95252 -0.00609457067448 0.00668737681675 3.58526775665e-05 -0.000234841105735
BPMYB.5R4.B1 10132.34302 -0.00448381286764 0.00785876724249 -0.000174700316083 -0.000160983092453
BPMYA.6R4.B1 10163.90702 -0.00465310287383 0.00775973157471 -0.000206880678244 -0.000116773922113
BPMCA.7R4.B1 10260.42302 -0.00690070892393 0.00585192419241 -0.000164151410004 0.000171726733529
BPMC.8R4.B1 10298.21203 -0.00732074761311 0.00531709082225 4.19694120043e-05 0.000233825419454
BPMC.9R4.B1 10337.27704 -0.00458910142028 0.00779775279249 0.000233937101549 -4.13423662414e-05
BPMC.10R4.B1 10377.74005 0.00020192127148 0.0090456635045 -4.90814217364e-05 -0.000232436600939
BPM.11R4.B1 10429.57876 -0.000806254869586 0.00901192285383 -0.000236959583528 1.69090397163e-05
BPM.12R4.B1 10484.30227 8.55032219863e-05 0.00904751289743 1.2663840236e-05 0.000237224336153
BPM.13R4.B1 10537.75079 -0.000737591785835 0.00901780232521 0.000236946026844 -1.70979000168e-05
BPM.14R4.B1 10591.19931 0.00114978216698 0.0089745641335 -2.41806236899e-05 -0.000236328280715
BPM.15R4.B1 10644.64782 0.000421629675958 0.00903808767611 -0.000236045418264 2.68014425068e-05
BPM.16R4.B1 10698.09634 0.00228838748869 0.00875374680619 3.38539364693e-05 0.000235137554102
BPM.17R4.B1 10751.54485 0.00157467626336 0.00890983698563 0.00023474799421 -3.64573516419e-05
BPM.18R4.B1 10804.99337 0.00338932807998 0.00838911530274 -4.34649849722e-05 -0.000233552029193
BPM.19R4.B1 10858.44189 0.00270114049079 0.00863531357161 -0.000233055102845 4.60551458279e-05
BPM.20R4.B1 10911.8904 0.00443465074967 0.00788661354178 5.30103384114e-05 0.000231572155802
BPM.21R4.B1 10965.33892 0.00378388370253 0.00821869968746 0.000230970862644 -5.55717563189e-05
BPM.22R4.B1 11018.78743 0.00540703505058 0.00725456906944 -6.24571551125e-05 -0.000229204843248
BPM.23R4.B1 11072.23595 0.00480385968978 0.00766731586049 -0.000228496975856 6.49991526845e-05
BPM.24R4.B1 11125.68447 0.0064306993654 0.00647659816989 7.16681459417e-05 8.38279047043e-05
BPM.25R4.B1 11179.13298 0.00588711257578 0.00697439056586 8.30288644011e-05 -7.25923401681e-05
BPM.26R4.B1 11232.5815 0.00720632913969 0.00560080696141 -7.50444696421e-05 -8.0819354093e-05
BPM.27R4.B1 11286.03001 0.00673082279327 0.00616410924579 -7.99811191297e-05 7.59372163599e-05
BPM.28R4.B1 11339.47853 0.00800368460842 0.00460626525288 7.81573676215e-05 -6.49507582653e-05
BPM.29R4.B1 11392.92705 0.00760585679427 0.00523713560064 -6.58130981343e-05 -7.74326253064e-05
BPM.30R4.B1 11446.37556 0.00852715778339 0.00354460534869 -7.54278044043e-05 6.81015434702e-05
BPM.31R4.B1 11499.82408 0.00821330601023 0.00422116705206 6.89342131748e-05 7.46675934921e-05
BPM.32R4.B1 11553.27259 0.00891052591885 0.00242470094117 7.25718936413e-05 -7.11371450041e-05
BPM.33R4.B1 11606.72111 0.00868579893352 0.00313584816964 -7.19372530948e-05 -7.17788734276e-05
BPM.34R4.B1 11660.16962 0.00914749159651 0.00126492859103 -6.95932383203e-05 7.40537459901e-05
BPM.33L5.B1 11713.61814 0.00901557654131 0.00199900637596 7.48212622082e-05 6.87673905347e-05
BPM.32L5.B1 11767.06666 0.00923414956052 8.44321015113e-05 6.64982355552e-05 -7.68450374479e-05
BPM.31L5.B1 11820.51517 0.00919722243321 0.000829304759836 -7.75775170804e-05 -6.56422385129e-05
BPM.30L5.B1 11873.96369 0.00916908118825 -0.00109754136142 -6.32905283356e-05 7.9507763934e-05
BPM.29L5.B1 11927.4122 0.00922774812981 -0.000353993435972 8.02049622301e-05 6.24046443117e-05
BPM.28L5.B1 11980.86072 0.00895337211598 -0.00226136565709 5.99772268e-05 -8.20360169868e-05
BPM.27L5.B1 12034.30924 0.00910665072837 -0.00153152190904 -8.26959443344e-05 -5.90639980579e-05
BPM.26L5.B1 12087.75775 0.00873065036765 -0.00341495410717 -5.67032058975e-05 -5.8200408088e-05
BPM.25L5.B1 12141.20627 0.00897776619924 -0.00269923720154 -5.75673013505e-05 5.73458527146e-05
BPM.24L5.B1 12194.65478 0.00822212748904 -0.00450364152059 5.90430148161e-05 5.58252955881e-05
BPM.23L5.B1 12248.1033 0.00855873328743 -0.00382547407155 5.51677693438e-05 -5.96578408882e-05
BPM.22L5.B1 12301.55182 0.00771852750747 -0.00554530670362 -6.14206145062e-05 -0.000195989290845
BPM.21L5.B1 12355.00033 0.00814083986033 -0.00490436741133 -0.000195294869293 6.35940933853e-05
BPM.20L5.B1 12408.44885 0.00694584270827 -0.00648701490794 6.94117170289e-05 0.000193303667385
BPM.19L5.B1 12461.89736 0.00744669562346 -0.00590532112271 0.000192523284689 -7.15477262591e-05
BPM.18L5.B1 12515.34588 0.00605886127512 -0.00732231475705 -7.72756801939e-05 -0.000190296512395
BPM.17L5.B1 12568.79439 0.00662997468419 -0.00680951753768 -0.000189426578138 7.93842780433e-05
BPM.16L5.B1 12622.24291 0.00507254514253 -0.00803712505274 8.50186371785e-05 0.000186965572976
BPM.15L5.B1 12675.69143 0.00570460987171 -0.00760154718273 0.000186012423924 -8.70842856099e-05
BPM.14L5.B1 12729.13994 0.00400261565513 -0.00862004415627 -9.26109782087e-05 -0.00018332348603
BPM.13L5.B1 12782.58846 0.00468515113622 -0.00826894504712 -0.000182284121238 9.4640332399e-05
BPM.12L5.B1 12836.03697 0.00416824532869 -0.00854118400566 0.000116758982468 0.000168972287345
BPM.11L5.B1 12889.48549 0.00614833495916 -0.00724734920477 0.000153627852554 -0.000136318655
BPM.10L5.B1 12942.2662 0.00518969054102 -0.00796198501852 -0.000143854317377 -0.000146595458761
BPM.9L5.B1 12981.33121 0.00638915200879 -0.00703596687669 -0.000164323018343 0.00012321623541
BPM.8L5.B1 13021.79422 0.000931415708455 -0.00945825343985 0.000186493331215 8.60495937727e-05
BPMR.7L5.B1 13060.86023 0.00604108201319 -0.0073369899462 0.000101506143632 -0.000178551948746
BPM.6L5.B1 13097.75423 0.00584458613643 -0.00749445836693 -5.16132215407e-05 -0.000198797309033
BPMR.5L5.B1 13129.65423 0.0063071740093 -0.00710954635356 -0.000141439825602 -0.000148926392168
BPMYA.4L5.B1 13157.06023 0.00613032021243 -0.00726259371106 -0.00018894374334 -8.05267463144e-05
BPMWB.4L5.B1 13178.19473 0.00709834370166 -0.00631977927022 -0.000205307741304 -5.74674156472e-06
BPMSY.4L5.B1 13270.97473 0.00759184839341 -0.00571751093771 1.03164800343e-05 0.000205128896589
BPMS.2L5.B1 13297.76023 0.00811895376373 -0.00494051438635 9.84147933285e-05 0.000180274262703
BPMSW.1L5.B1 13307.81423 0.00829263294495 -0.00464309511335 0.000144764648152 0.000145696574359
BPMSW.1R5.B1 13350.76423 0.00829256563579 -0.00464321533429 -0.000184087170629 9.10835117356e-05
BPMS.2R5.B1 13360.81823 0.00811889587442 -0.00494060959735 -0.000151401085139 0.000138787619525
BPMSY.4R5.B1 13387.60373 0.00759182154481 -0.0057175465851 -7.6064463683e-05 0.00019078388882
BPMWT.A4R5.B1 13478.00823 0.00719520242946 -0.00620927977607 0.000193242108511 6.95829102651e-05
BPMWT.B4R5.B1 13479.99023 0.0071148189159 -0.00630122568507 0.000195690772491 6.23651803165e-05
BPMWB.4R5.B1 13480.38373 0.00709854275464 -0.00631955568869 0.000196143403439 6.09266736806e-05
BPMYA.4R5.B1 13501.51623 0.00613067608591 -0.00726229330713 0.000204830895145 -1.51194371608e-05
BPM.5R5.B1 13522.63423 0.00608093487634 -0.00730399372816 0.000190231349025 -7.74359620328e-05
BPMWT.A6R5.B1 13543.69223 0.00648103388955 -0.00695142380521 0.000157028732551 -0.000132386821174
BPMWT.B6R5.B1 13549.51423 0.00637613259333 -0.00704776748137 0.000144499947863 -0.000145959101727
BPMR.6R5.B1 13554.53423 0.00619103334801 -0.00721090836693 0.000131849961887 -0.000157479784968
BPM_A.7R5.B1 13588.54823 0.00550804116163 -0.00774516467836 7.8990271471e-06 -0.000205236203302
BPM.8R5.B1 13629.98722 0.00314858342935 -0.00896730259152 -0.000197757551048 -5.54638985021e-05
BPM.9R5.B1 13669.05421 0.00335976400011 -0.00889033628195 9.45505472393e-06 0.000205170405687
BPM.10R5.B1 13709.5192 0.00659952094771 -0.00683903623507 0.00020036928282 -4.51269762498e-05
BPM.11R5.B1 13762.30189 0.00377064497243 -0.00872400881645 -7.44639276184e-05 -0.000191414256976
BPM.12R5.B1 13817.02837 0.00563508039736 -0.00765323214403 -0.000190630010598 7.64492881027e-05
BPM.13R5.B1 13870.47986 0.00493156545871 -0.00812439262121 6.51244794694e-05 0.000194789877449
BPM.14R5.B1 13923.93134 0.0055714179481 -0.00769970098923 0.00019404787878 -6.73031465622e-05
BPM.15R5.B1 13977.38283 0.0038517751278 -0.00868849363892 -7.31014935516e-05 -0.000191938702855
BPM.16R5.B1 14030.83431 0.00454041869957 -0.00834929286434 -0.000191106886308 7.52492746814e-05
BPM.17R5.B1 14084.28579 0.00270878191966 -0.00910980756415 8.09576392008e-05 0.000188759515149
BPM.18R5.B1 14137.73728 0.00343526803798 -0.00886143480477 0.000187841219532 -8.30660549249e-05
BPM.19R5.B1 14191.18876 0.00152097459104 -0.00938150998696 -8.86713655807e-05 -0.000185261121084
BPM.20R5.B1 14244.64025 0.00227315262643 -0.00922815639785 -0.00018425562111 9.07422736497e-05
BPM.21R5.B1 14298.09173 0.000308506340511 -0.00949899558834 9.62373434517e-05 0.000181446045994
BPM.22R5.B1 14351.54322 0.00107423447986 -0.00944309873067 0.000180356553862 -9.82639713283e-05
BPM.23R5.B1 14404.9947 -0.000909387130285 -0.00946039684068 -0.000103637929429 -0.000177323078031
BPM.24R5.B1 14458.44618 -0.000415327773162 -0.00952016198151 -0.000180314438001 0.000378743118079
BPM.25R5.B1 14511.89767 -0.00238184551619 -0.00922674337158 0.000383989582865 0.00016885392059
BPM.26R5.B1 14565.34915 -0.00162951846393 -0.00938885780532 0.000164538377408 -0.00038585848321
BPM.27R5.B1 14618.80064 -0.00354315197621 -0.00884601918051 -0.00039062703353 -0.00015287303184
BPM.28R5.B1 14672.25212 -0.00308991940692 -0.00912049165287 -0.000152661935931 0.000665444297618
BPM.29R5.B1 14725.7036 -0.00491516446803 -0.00828082895709 0.000669732031341 0.000132592572457
BPM.30R5.B1 14779.15509 -0.00423107557248 -0.00865037394795 0.00012506400703 -0.000671178644667
BPM.31R5.B1 14832.60657 -0.00593479996961 -0.00758347672378 -0.000674631067106 -0.000104855644336
BPM.32R5.B1 14886.05806 -0.00530308666338 -0.00803792521464 -9.7311411252e-05 0.000675760513643
BPM.33R5.B1 14939.50954 -0.00685560969633 -0.00676251326099 0.000678380967633 7.69483159984e-05
BPM.34R5.B1 14992.96102 -0.00628766580602 -0.00729357447749 6.93182518099e-05 -0.000679203036581
BPM.33L6.B1 15046.41251 -0.00766481713557 -0.00582936944754 -0.000680977442028 -4.89029785679e-05
BPM.32L6.B1 15099.86399 -0.0071691235166 -0.00642920196639 -4.12979481905e-05 0.000681480931842
BPM.31L6.B1 15153.31548 -0.00834726822242 -0.00480146677526 0.000682414826417 2.07793261525e-05
BPM.30L6.B1 15206.76696 -0.00793264019 -0.00545932134946 1.31022325515e-05 -0.000682605391758
BPM.29L6.B1 15260.21845 -0.00889311217337 -0.00369371436118 -0.000682691218262 7.38129129859e-06
BPM.28L6.B1 15313.66993 -0.00856588168949 -0.00439961826192 1.49981559191e-05 0.000682566361096
BPM.27L6.B1 15367.12141 -0.00929246777617 -0.00252606662033 0.000681805883049 -3.55318861836e-05
BPM.26L6.B1 15420.5729 -0.00933100771078 -0.00328500353852 -4.7343241527e-05 -0.000408249151091
BPM.25L6.B1 15474.02438 -0.00980964372928 -0.00127665306841 -0.000406644470352 5.95736765412e-05
BPM.24L6.B1 15527.47587 -0.00967458713741 -0.00206429573211 6.41154152773e-05 0.000405953156966
BPM.23L6.B1 15580.92735 -0.00989236191491 -1.13539235621e-05 0.000403840972612 -7.62969049735e-05
BPM.22L6.B1 15634.37883 -0.0101319092617 -0.000826962943691 -8.49816403238e-05 -0.00012982834729
BPM.21L6.B1 15687.83032 -0.0100829010589 0.00129404761848 -0.000127217853717 8.88419682483e-05
BPM.20L6.B1 15741.2818 -0.0101544501645 0.000476019779429 9.0261339114e-05 0.000126214771183
BPM.19L6.B1 15794.73329 -0.00983452232561 0.0025732515724 0.000123444706472 -9.40142635188e-05
BPM.18L6.B1 15848.18477 -0.0100101317003 0.00177107773773 -9.53918590347e-05 -0.000122383302253
BPM.17L6.B1 15901.63625 -0.00942452365109 0.00381022399584 -0.000119463569234 9.90239053257e-05
BPM.16L6.B1 15955.08774 -0.00970129493039 0.00303715815642 0.000100355746798 0.00011834696003
BPM.15L6.B1 16008.53922 -0.00885965737166 0.00498456861563 0.00011527706704 -0.000103867596792
BPM.14L6.B1 16061.99071 -0.00923308720228 0.0042531815973 -0.000105153046007 -0.000114105718756
BPM.13L6.B1 16115.44219 -0.00814921539177 0.00607698456981 -0.00011089652337 0.0001085322118
BPM.12L6.B1 16168.89367 -0.00861301058481 0.0053995834698 0.000109768329872 0.00010967311529
BPM.11L6.B1 16222.34516 -0.00765260703223 0.00669156623451 0.000102728323705 -0.000116293475354
BPM.10L6.B1 16274.18585 -0.00816161249301 0.0060603246214 -0.000122586435144 -9.51306753437e-05
BPM.9L6.B1 16313.25284 -0.00462341457066 0.00905336902452 -0.000125880237237 9.07273097167e-05
BPM.8L6.B1 16353.71783 -0.00192871651492 0.00998095715115 8.25898811543e-05 0.000131362820458
BPMYA.5L6.B1 16450.80782 0.00613796663081 0.00810338316029 6.49377341282e-05 -0.000140926822153
BPMYB.4L6.B1 16487.20782 0.00589194136476 0.00828398937562 3.27188910276e-05 -0.000151679774848
BPMSA.B4L6.B1 16519.19832 0.00677712629874 0.00757693949403 -2.03787419045e-06 -0.000155155165262
BPMSA.A4L6.B1 16519.78332 0.00679397386649 0.00756183655721 -2.74266618659e-06 -0.000155144308668
BPMSE.4L6.B1 16616.45832 0.00900692160356 0.00471325961984 -0.000125144864101 -9.17389853196e-05
BPMSA.4R6.B1 16708.02832 0.00870368953372 0.00525216540769 -0.000142914360173 6.0438101658e-05
BPMSB.A4R6.B1 16804.83832 0.00552221266664 0.00853490599138 -2.40543405855e-05 0.000153292749419
BPMSB.B4R6.B1 16805.47332 0.00549983435067 0.00854934354983 -2.32509114966e-05 0.000153416666083
BPMYA.4R6.B1 16830.80782 0.00466820606037 0.00903035465235 6.30105710367e-06 0.000155040561066
BPMYB.5R6.B1 16867.20782 0.00466757852526 0.00903067902532 4.06473487639e-05 0.000149750032786
BPM.8R6.B1 16962.93481 -0.000862684083937 0.0101289303067 0.000113570684879 -0.000105730687223
BPM.9R6.B1 17002.0018 -0.00265727431751 0.00981215298646 -0.000140110121487 -6.6681576547e-05
BPM.10R6.B1 17042.46678 0.00417321533268 0.00926950520589 -7.17704117751e-05 0.000137572844733
BPM.11R6.B1 17094.30747 0.00407814341406 0.00931172375405 0.000115711907178 0.000103382943888
BPM.12R6.B1 17149.03396 0.00465504462423 0.00903714625883 0.000108987094357 -0.000110449497514
BPM.13R6.B1 17202.48544 0.00386412347263 0.0094025529921 -0.000112054738289 -0.000107335987617
BPM.14R6.B1 17255.93693 0.00573152457708 0.00839577744812 -0.000103920569604 0.000115229314488
BPM.15R6.B1 17309.38841 0.00503531335645 0.00883091571642 0.000116385844261 0.000102623653172
BPM.16R6.B1 17362.83989 0.00675859736435 0.00759347184465 9.90814548437e-05 -0.000119415844627
BPM.17R6.B1 17416.29138 0.00612355705695 0.00811427766126 -0.000120518991646 -9.77366460887e-05
BPM.18R6.B1 17469.74286 0.00767437439668 0.00666659063127 -9.40707721986e-05 0.000123401649823
BPM.19R6.B1 17523.19435 0.00711135589648 0.0072641634259 0.000124447374857 9.26829483054e-05
BPM.20R6.B1 17576.64583 0.0084642336894 0.00562993792906 8.89034547068e-05 -0.000127174905465
BPM.21R6.B1 17630.09731 0.00798214586178 0.00629482330433 -0.000128163462049 -8.7472311167e-05
BPM.22R6.B1 17683.5488 0.00911484945126 0.00450099683728 -8.35810073826e-05 0.000130734439744
BPM.23R6.B1 17737.00028 0.00872188233677 0.00522189826231 0.000131662229207 8.21117313427e-05
BPM.24R6.B1 17790.45177 0.00963134090627 0.00329490672987 7.81036280131e-05 -0.000149891499173
BPM.25R6.B1 17843.90325 0.00933394351497 0.00406160515989 -0.000150757676654 -7.64183339244e-05
BPM.26R6.B1 17897.35474 0.00997369100019 0.00203583543571 -7.18525038372e-05 0.000152986451684
BPM.27R6.B1 17950.80622 0.00977685786832 0.00283411155019 0.000153781412925 7.01349868025e-05
BPM.28R6.B1 18004.2577 0.0101677363032 0.000740144257439 6.54685028353e-05 -0.000171640938462
BPM.29R6.B1 18057.70919 0.0100748161338 0.00155844631451 -0.00017236419756 -6.35399159193e-05
BPM.30R6.B1 18111.16067 0.0101788833469 -0.000566576440006 -5.83300819662e-05 0.000174196264434
BPM.31R6.B1 18164.61216 0.0101914050856 0.000256782853314 0.000174838390179 5.63761815545e-05
BPM.32R6.B1 18218.06364 0.0100227554566 -0.00186414808168 5.1100788425e-05 -0.000176452394794
BPM.33R6.B1 18271.51512 0.0101405171115 -0.00104908901013 -0.000177014256805 -4.91191450466e-05
BPM.34R6.B1 18324.96661 0.00970195069846 -0.00313094677309 -4.37760758406e-05 0.00017841074116
BPM.33L7.B1 18378.41809 0.00992300057939 -0.00233767715925 0.000178889668321 4.17758672869e-05
BPM.32L7.B1 18431.86958 0.00922167853693 -0.00434641461411 3.63853039663e-05 -0.000180063453989
BPM.31L7.B1 18485.32106 0.00954239466132 -0.00358794915265 -0.000180460083543 -3.43641782911e-05
BPM.30L7.B1 18538.77254 0.00858991512106 -0.00549035820699 -2.89243827645e-05 0.000181411459143
BPM.29L7.B1 18592.22403 0.009005039992 -0.00477911391374 0.000181723942063 2.68913706537e-05
BPM.28L7.B1 18645.67551 0.00781694252024 -0.00654416416555 2.14221560403e-05 -0.000182449526817
BPM.27L7.B1 18699.127 0.00831960401699 -0.00589193211372 -0.000182678217332 -1.9375405585e-05
BPM.26L7.B1 18752.57848 0.0069311135948 -0.00749333818809 -1.38937871152e-05 0.00016735565968
BPM.25L7.B1 18806.02997 0.00751333425183 -0.00690943277759 0.000167500760969 1.20187192289e-05
BPM.24L7.B1 18859.48145 0.00591553236798 -0.00831846919368 6.98283380436e-06 -0.000167786161478
BPM.23L7.B1 18912.93293 0.00656758303868 -0.00781391745554 -0.000167853886496 -5.10181181208e-06
BPM.22L7.B1 18966.38442 0.00481834240413 -0.00900983423896 -7.25918673494e-08 0.000152108942615
BPM.21L7.B1 19019.8359 0.00552987198657 -0.00859151047737 0.000152100210855 -1.63124460162e-06
BPM.20L7.B1 19073.28739 0.00362611869541 -0.00955221438914 -6.19886169522e-06 -0.000151982597778
BPM.19L7.B1 19126.73887 0.00438520131365 -0.00922840971897 -0.000151903596314 7.90152958914e-06
BPM.18L7.B1 19180.19035 0.00237437574537 -0.0099375991239 1.24627491296e-05 0.000151597545935
BPM.17L7.B1 19233.64184 0.00316878089862 -0.00971351451279 0.000151448410567 -1.41603939972e-05
BPM.16L7.B1 19287.09332 0.00108354759982 -0.0101596978855 -1.8703090348e-05 -0.000150954729352
BPM.15L7.B1 19340.54481 0.00189993921426 -0.0100391118862 -0.00015073572093 2.03931111841e-05
BPM.14L7.B1 19393.99629 -0.000225019864062 -0.0102148373748 2.49132906665e-05 0.000150054871552
BPM.13L7.B1 19447.44777 0.000600254846399 -0.0101996681633 0.000149766270469 -2.6593227963e-05
BPM.12L7.B1 19500.89926 -0.00151991102732 -0.0101036333552 -3.11693358104e-05 -0.000148881190833
BPM.11L7.B1 19554.35074 -0.000605757357887 -0.0101993428495 -0.000148653495515 3.2237782077e-05
BPM.10L7.B1 19607.13343 -0.0040215568623 -0.00939258307895 1.97432395364e-05 0.000150822215922
BPM.9L7.B1 19646.20042 -0.00488610902503 -0.00897326446292 0.00014114645014 5.66993446849e-05
BPM.8L7.B1 19686.66541 -0.00980411170328 -0.00287627020213 6.24910655797e-05 -0.0001386794953
BPM.7L7.B1 19725.7314 -0.00997254538519 -0.00222303285477 -8.1055015648e-05 -0.000128713712139
BPM.6L7.B1 19760.5494 -0.0096320765495 -0.00340831893406 -0.00014519751493 -4.53301027851e-05
BPMWC.6L7.B1 19772.6519 -0.00868858232236 -0.00537606489616 -0.000152105869797 9.6946001409e-07
BPMWE.5L7.B1 19849.7059 -0.010212607001 -0.000310152797522 4.32766296888e-05 0.000145822727681
BPMW.5L7.B1 19872.9109 -0.00892774338224 0.00496879609142 0.000125501472074 8.5944850653e-05
BPMWE.4L7.B1 19907.9959 -0.00869062864632 0.00537275630473 0.000150993578687 1.83867373192e-05
BPMW.4L7.B1 19936.1009 -0.0100294693737 0.00195020013869 0.000139664818999 -6.02567365546e-05
BPMW.4R7.B1 20052.1479 -0.00930039346573 0.00423039216645 -0.000125019725086 -8.66441316183e-05
BPMWE.4R7.B1 20080.2529 -0.00689476177503 0.00754027828089 -0.000151903144347 -7.90997396742e-06
BPMW.5R7.B1 20115.3379 -0.00688229062025 0.00755166288788 -0.00014232753875 5.36657250476e-05
BPMWE.5R7.B1 20138.5429 -0.00890524446443 0.00500900764516 -0.000104787667573 0.00011025733181
BPMR.6R7.B1 20217.7584 -0.0102166634443 0.000115432077749 0.00011968748242 9.38724806743e-05
BPM_A.7R7.B1 20255.7944 -0.00998733071182 0.00215563488858 0.000149651930365 -2.72293246001e-05
BPM.8R7.B1 20294.86039 -0.00840070429021 0.00581564304318 3.30036773485e-05 -0.000148485325749
BPM.9R7.B1 20333.92738 -0.00297698597467 0.00977400076975 -0.000141333112802 -5.62324393315e-05
BPM.10R7.B1 20374.39237 -0.000820355491982 0.0101843288133 -0.000112221671547 0.000102681218794
BPM.11R7.B1 20427.17506 0.000634507268158 0.0101975946709 9.2216400219e-05 0.000120968059334
BPM.12R7.B1 20481.90154 0.000131186407932 0.0102164732978 0.000118583770393 -9.52629322537e-05
BPM.13R7.B1 20535.35303 0.00243441947194 0.00992306093562 -0.000100428714566 -0.000114241895112
BPM.14R7.B1 20588.80451 0.00162558045551 0.010087171294 -0.000113109569551 0.000101702317068
BPM.15R7.B1 20642.25599 0.00368398362245 0.00953004728168 0.000105054167076 0.000110003449369
BPM.16R7.B1 20695.70748 0.00290280039752 0.00979628941935 0.000108819847962 -0.000106279709207
BPM.17R7.B1 20749.15896 0.00487276134707 0.00898051966336 -0.000109501456675 -0.000105577305578
BPM.18R7.B1 20802.61045 0.00413200938805 0.00934451897863 -0.000104343298821 0.000110677962901
BPM.19R7.B1 20856.06193 0.00598166225326 0.00828331173087 0.000113762441978 0.000100971494246
BPM.20R7.B1 20909.51341 0.00529360948365 0.00873906374644 9.96912817543e-05 -0.000114885964901
BPM.21R7.B1 20962.9649 0.00699209912709 0.00745010645721 -0.00011782954013 -9.61942559617e-05
BPM.22R7.B1 21016.41638 0.00636795530781 0.00799016155884 -9.48671525908e-05 0.000118900631127
BPM.23R7.B1 21069.86787 0.00788777429947 0.00649434777935 0.000121696723604 9.12526311357e-05
BPM.24R7.B1 21123.31935 0.00741012409931 0.00711438004791 9.09893758575e-05 -0.000195088799815
BPM.25R7.B1 21176.77083 0.00872532385209 0.00542153726604 -0.000197735073303 -8.50855176406e-05
BPM.26R7.B1 21230.22232 0.00825927649574 0.00610808434417 -8.28618254768e-05 0.000198677185271
BPM.27R7.B1 21283.6738 0.00934724282471 0.00426068000771 0.000201076234592 7.68573578137e-05
BPM.28R7.B1 21337.12529 0.00904511994169 0.00500580222472 7.57088242744e-05 -0.000274302929567
BPM.29R7.B1 21390.57677 0.00988710158278 0.00301951534579 -0.000276454695655 -6.74294350147e-05
BPM.30R7.B1 21444.02826 0.00961113467116 0.0038076687118 -6.43216595143e-05 0.000277194246645
BPM.31R7.B1 21497.47974 0.0101921566105 0.00172979602839 0.000279000627741 5.59694138463e-05
BPM.32R7.B1 21550.93122 0.0100192947938 0.00254675921689 5.28463519025e-05 -0.00027960898838
BPM.33R7.B1 21604.38271 0.0103296997451 0.000411769225776 -0.000281071243688 -4.44171182151e-05
BPM.34R7.B1 21657.83419 0.010262759525 0.00124419354243 -4.12587200837e-05 0.000281552209176
BPM.33L8.B1 21711.28568 0.0102975046018 -0.000913044143712 0.000282664049017 3.27865728287e-05
BPM.32L8.B1 21764.73716 0.0103376017279 -7.90009711685e-05 2.96240277892e-05 -0.000283012973261
BPM.31L8.B1 21818.18864 0.0100960791619 -0.00222293414645 -0.000283775633659 -2.1102559603e-05
BPM.30L8.B1 21871.64013 0.0102425693125 -0.00140072289079 -1.79154399566e-05 0.000283994649969
BPM.29L8.B1 21925.09161 0.00972879270214 -0.00349611830677 0.000284404515182 9.38069080828e-06
BPM.28L8.B1 21978.5431 0.0099792001428 -0.00269959536549 6.19979297098e-06 -0.000284491632927
BPM.27L8.B1 22031.99458 0.00920153425034 -0.00471211397012 -0.000284549426735 2.35552664703e-06
BPM.26L8.B1 22085.44606 0.00962414832061 -0.00394941287268 6.64990427169e-06 0.0002121283456
BPM.25L8.B1 22138.89755 0.00859484974524 -0.00586094282395 0.00021183297487 -1.30172584326e-05
BPM.24L8.B1 22192.34903 0.00903979113681 -0.00514822971588 -1.53868430109e-05 -0.000211674040792
BPM.23L8.B1 22245.80052 0.007774340618 -0.00691243234162 -0.000211115964514 2.17418160519e-05
BPM.22L8.B1 22299.252 0.00837921695434 -0.00625776712153 2.52102457429e-05 0.000138480835502
BPM.21L8.B1 22352.70349 0.0068978997156 -0.00786065554917 0.000137661097509 -2.93585046012e-05
BPM.20L8.B1 22406.15497 0.0075097627974 -0.00727835070484 -3.0897932908e-05 -0.000137323765041
BPM.19L8.B1 22459.60645 0.00583552858513 -0.00867856741062 -0.000136333327099 3.50103091256e-05
BPM.18L8.B1 22513.05794 0.00651704530354 -0.00817918374124 3.65366193458e-05 0.000135932241956
BPM.17L8.B1 22566.50942 0.00467748446306 -0.00935371932784 0.000134773344987 -4.06034939837e-05
BPM.16L8.B1 22619.96091 0.00541707118408 -0.00894574010049 -4.21099729587e-05 -0.00013431027197
BPM.15L8.B1 22673.41239 0.00344232249254 -0.009875289465 -0.000132984397437 4.61264278362e-05
BPM.14L8.B1 22726.86387 0.00422826051186 -0.00956518370153 4.76144104348e-05 0.000132458921982
BPM.13L8.B1 22780.31536 0.00215087427764 -0.0102344841593 0.000130968699327 -5.1572266501e-05
BPM.12L8.B1 22833.76684 0.00281738307233 -0.0100714089761 -5.43073116504e-05 -0.000129858439677
BPM.11L8.B1 22887.21833 0.00121580638667 -0.010387143063 -0.000124775106688 6.5143473076e-05
BPM.10L8.B1 22939.05902 0.00267437850887 -0.0101103227343 7.14101145936e-05 0.000121297543851
BPM.9L8.B1 22978.126 -0.00102793836641 -0.0104074141299 0.000136695371346 -3.35689561741e-05
BPM.8L8.B1 23018.59099 -0.00110074476575 -0.0103999657278 -4.09511075265e-05 -0.000134668129749
BPM.7L8.B1 23057.65898 -0.00795873988636 -0.00678449597425 -0.000134521327555 4.14308065756e-05
BPMR.6L8.B1 23090.12798 -0.0103782753665 -0.0012893124452 -3.92267810974e-05 0.000135180467965
BPM.5L8.B1 23150.54698 -0.00925494906352 0.00486999425467 0.000140660460766 -5.20895455379e-06
BPMYB.4L8.B1 23171.31398 -0.00994274390603 0.00324234016461 0.00011218303436 -8.50145013412e-05
BPMWB.4L8.B1 23195.70548 -0.0091523426481 0.00506019270655 -9.80462426865e-07 -0.000140753462631
BPMSX.4L8.B1 23245.93848 -0.0104567858629 -0.000162959008809 -0.000134333823632 4.2034767831e-05
BPMS.2L8.B1 23283.84998 -0.0104565745746 -0.00017599351053 -7.58499174134e-05 0.000118571874774
BPMSW.1L8.B1 23293.78398 -0.0104558080156 0.000216805635565 -4.26586811917e-05 0.000134136996583
BPMSW.1R8.B1 23336.97398 -0.0104558093769 0.000216740752014 -0.000125380725832 -6.39700978209e-05
BPMS.2R8.B1 23346.90798 -0.0104565738224 -0.000176040128131 -0.000137647166164 -2.94237316325e-05
BPMSX.4R8.B1 23384.81948 -0.0104567859035 -0.000162956328591 -0.000124336978362 6.59758675387e-05
BPMWB.4R8.B1 23434.97648 -0.00915179070688 0.00506119087068 9.90888736692e-05 9.99694637636e-05
BPMYB.4R8.B1 23459.44398 -0.00993329753802 0.00327116587143 0.000139337228768 -1.99408209179e-05
BPMYB.5R8.B1 23480.02098 -0.00888388290442 0.00551792994112 9.87868030926e-05 -0.000100267960486
BPM.6R8.B1 23564.12898 -0.00999863259139 0.00306566015619 -0.000139444690581 -1.91747966902e-05
BPM_A.7R8.B1 23586.36898 -0.0103797775554 0.00127716251981 -0.000135109072394 3.94719851671e-05
BPM.8R8.B1 23627.80599 -0.00974269626289 -0.00380142022773 -2.05267003074e-06 0.000140741913058
BPM.9R8.B1 23666.871 -0.00812552397385 -0.00658382763545 0.00012223782141 -6.97883439711e-05
BPM.10R8.B1 23707.33402 -0.0104239907983 -0.00084341095203 -0.000109189420384 -8.88266280761e-05
BPM.11R8.B1 23759.17273 -0.00893652065061 -0.00543226700408 -7.24389818919e-05 0.000120685934916
BPM.12R8.B1 23813.89624 -0.00930196823461 -0.00477957249228 0.000122138082355 6.99627543189e-05
BPM.13R8.B1 23867.34476 -0.00850369112749 -0.00608754165665 6.24444640872e-05 -0.000126147487603
BPM.14R8.B1 23920.79327 -0.00958190863715 -0.00419022112996 -0.000127958789546 -5.86433841284e-05
BPM.15R8.B1 23974.24179 -0.00921253055301 -0.00494976837735 -5.72219587538e-05 0.000128600723522
BPM.16R8.B1 24027.69031 -0.0100391935628 -0.00293010558578 0.000130255918906 5.33469284465e-05
BPM.17R8.B1 24081.13882 -0.00976998360137 -0.00373073003363 5.1897842724e-05 -0.000130840029986
BPM.18R8.B1 24134.58734 -0.0103315353038 -0.00162182134786 -0.00013233417887 -4.79600262524e-05
BPM.19R8.B1 24188.03585 -0.0101669733367 -0.00245022026168 -4.64908785604e-05 0.000132857429274
BPM.20R8.B1 24241.48437 -0.0104541201539 -0.000286876239097 0.00013418950321 4.24932407669e-05
BPM.21R8.B1 24294.93289 -0.0103968685695 -0.00112962388928 4.10010795401e-05 -0.000134652924194
BPM.22R8.B1 24348.3814 -0.0104049355891 0.0010527305163 -0.000135819350095 -3.69540521736e-05
BPM.23R8.B1 24401.82992 -0.0104559528744 0.000209703743721 -3.5447005134e-05 0.000136220440146
BPM.24R8.B1 24455.27843 -0.00999622451213 0.0023391190516 0.000137026852447 -0.000160525331053
BPM.25R8.B1 24508.72695 -0.0101523994863 0.00152471869117 -0.000162034377807 -0.000135239050204
BPM.26R8.B1 24562.17546 -0.00961490733027 0.00359854685522 -0.000130333017636 0.000166006168785
BPM.27R8.B1 24615.62398 -0.00987391124125 0.00281102458905 0.000167441995976 0.000128483138389
BPM.28R8.B1 24669.0725 -0.00888703989716 0.0047629298147 0.000123212965577 -0.000363084164825
BPM.29R8.B1 24722.52101 -0.00924249783756 0.00403003874273 -0.000364425931083 -0.000119185920612
BPM.30R8.B1 24775.96953 -0.0082048078433 0.00586055516238 -0.000108237930679 0.000367826170007
BPM.31R8.B1 24829.41804 -0.00865085947382 0.00517953751423 0.000369005832091 0.000104145287389
BPM.32R8.B1 24882.86656 -0.00738766647435 0.00686202321076 9.30461561783e-05 -0.000371959615972
BPM.33R8.B1 24936.31508 -0.00791749226409 0.00624325994631 -0.000372967071773 -8.89219089249e-05
BPM.34R8.B1 24989.76359 -0.00644924155413 0.00775062977489 -7.77287114938e-05 0.000375459439299
BPM.33L1.B1 25043.21211 -0.00705345927829 0.00720511559683 0.000376299475795 7.35544136009e-05
BPM.32L1.B1 25096.66062 -0.00540475527596 0.00851196798341 6.22541453185e-05 -0.000378333141537
BPM.31L1.B1 25150.10914 -0.00607427353302 0.00804786801636 -0.000378999523776 -5.80595062987e-05
BPM.30L1.B1 25203.55766 -0.00427153682152 0.00913339759996 -4.6696003639e-05 0.000380566717484
BPM.29L1.B1 25257.00617 -0.00499437837752 0.00875906176981 0.000381061576517 4.24690476278e-05
BPM.28L1.B1 25310.45469 -0.00306809503573 0.0096047785703 3.10438526414e-05 -0.000382162038593
BPM.27L1.B1 25363.9032 -0.003833469569 0.00932574337805 -0.000382482644953 -2.68061522312e-05
BPM.26L1.B1 25417.35172 -0.00162590645445 0.00988230309931 -1.55366455435e-05 0.000191240508985
BPM.25L1.B1 25470.80023 -0.0024179295515 0.0097189044144 0.000191401044717 1.34149240356e-05
BPM.24L1.B1 25524.24875 -0.000348444914611 0.0100090994847 7.68152330262e-06 -0.00019171675414
BPM.23L1.B1 25577.69727 -0.00115517665422 0.00994831911612 -0.000191790165604 -5.55442919833e-06
BPM.22L1.B1 25631.14578 0.00112313743406 0.00993546120012 -1.07688533925e-09 4.5662910066e-10
BPM.21L1.B1 25684.5943 0.000317692794494 0.00999369292587 4.66875788044e-10 1.0686239264e-09
BPM.20L1.B1 25738.04281 0.00238479801692 0.00971017844805 1.05581895335e-09 -5.025772796e-10
BPM.19L1.B1 25791.49133 0.00159344037447 0.00987095612263 -5.12457924388e-10 -1.0490880241e-09
BPM.18L1.B1 25844.93985 0.0036073741365 0.0093253246002 -1.03216130724e-09 5.39841814096e-10
BPM.17L1.B1 25898.38836 0.0028430578908 0.0095860236197 5.56447264719e-10 1.02602015703e-09
BPM.16L1.B1 25951.83688 0.00477058813388 0.00878728148091 1.00877717997e-09 -5.82314250581e-10
BPM.15L1.B1 26005.28539 0.00404592958597 0.00914359233497 -5.94775686359e-10 -1.00291884155e-09
BPM.14L1.B1 26058.73391 0.00585549325011 0.00810481497843 -9.84592884495e-10 6.24492605053e-10
BPM.13L1.B1 26112.18243 0.00518233609173 0.00855091922767 6.37522195068e-10 9.77045105564e-10
BPM.12L1.B1 26165.63094 0.00569810626821 0.00821622857639 8.90335120092e-10 -7.58020917917e-10
BPM.11L1.B1 26219.07946 0.00349270038221 0.00936887778973 -8.56108326826e-10 -7.92589016278e-10
BPM.10L1.B1 26271.86017 0.0046412592366 0.00885627120537 -7.50714385798e-10 8.95791834011e-10
BPM.9L1.B1 26310.92518 0.00317471722188 0.0094813499877 7.94414533435e-10 8.61394455553e-10
BPM.8L1.B1 26351.38819 0.00820363129523 0.00571622783035 3.84863134711e-10 -1.10070851517e-09
BPMR.7L1.B1 26390.4542 0.00363008395851 0.00931650779259 -1.06767124239e-09 -4.74016688719e-10
BPM.6L1.B1 26433.6382 0.00343752907128 0.00938926093441 -1.04312566587e-09 5.23689139168e-10
BPMR.5L1.B1 26465.5382 0.00357953428945 0.009336046344 -6.72416881539e-10 9.51362313165e-10
BPMYA.4L1.B1 26486.6562 0.00351566446372 0.00936028473901 -3.46281919012e-10 1.11221694068e-09
BPMWB.4L1.B1 26507.7887 0.00215276624576 0.00976424213525 8.25276259376e-11 1.16499131523e-09
BPMSY.4L1.B1 26600.5687 0.00134636369007 0.00990768044532 1.15080606521e-09 -1.7285778784e-10
BPMS.2L1.B1 26627.3542 0.000362219216867 0.00999217815396 9.76507696975e-10 -6.56681148334e-10
BPMSW.1L1.B1 26637.4082 -5.77408085234e-08 0.00999874126935 7.43301448999e-10 -8.99894109694e-10
