BPMSW.1R1.B2 21.475 0.00554513854245 -0.00839422737791 3.44647490226e-05 -0.000238894188071
BPMS.2R1.B2 31.529 0.00584559984133 -0.00818783104829 -3.34919915427e-05 -0.000239032504188
BPMSY.4R1.B2 58.3145 0.00662490553652 -0.00757114531546 -0.000134018968532 -0.000200741549872
BPMWB.4R1.B2 151.1705 0.00722582675847 -0.00699993160262 -0.000189441358756 0.00014956678645
BPMYA.4R1.B2 172.227 0.00814262003166 -0.00590841381481 -0.000121816623324 0.00020837217368
BPMR.5R1.B2 199.635 0.00800455662761 -0.00609415194874 -2.9221905112e-05 0.000239592012861
BPM.6R1.B2 231.535 0.0084625239817 -0.00544034030707 9.15223629986e-05 0.000223342581233
BPMRA.7R1.B2 259.259 0.00888026559684 -0.00472784281954 0.000195894020339 0.000141009876311
BPM.8R1.B2 300.6960106 0.00997447204525 -0.00131206789128 0.000179631898542 -0.000161216110811
BPM.9R1.B2 339.7610212 0.0097868195762 -0.00233018826303 -0.000202438235092 -0.000131442046059
BPM.10R1.B2 380.2240318 0.00790880208876 -0.00621791478389 -8.44069299737e-05 0.000226127667755
BPM.11R1.B2 433.0047424 0.00994222109771 -0.00153748312741 0.000240836775665 1.59968605784e-05
BPM.12R1.B2 487.7282583 0.00956919033505 -0.0031051909906 -3.79878836377e-06 -0.000241337567353
BPM.13R1.B2 541.1767742 0.0099119372037 -0.001721951124 -0.000240732076447 1.7501975915e-05
BPM.14R1.B2 594.6252901 0.00933882303153 -0.0037413900069 2.47002426633e-05 0.000240100295458
BPM.15R1.B2 648.073806 0.00961029443797 -0.00297554291335 0.000239812137832 -2.73567463568e-05
BPM.16R1.B2 701.5223219 0.00878346873985 -0.00490533298182 -3.4517538386e-05 -0.000238886571489
BPM.17R1.B2 754.9708378 0.0091506577176 -0.00418055954582 -0.000238488390667 3.7169053156e-05
BPM.18R1.B2 808.4193537 0.00808387018474 -0.00598854386343 4.42925215274e-05 0.000237268677902
BPM.19R1.B2 861.8678696 0.00854079616594 -0.00531661693528 0.000236763706296 -4.6916942267e-05
BPM.20R1.B2 915.3163855 0.00725133954817 -0.00697349908736 -5.39785891565e-05 -0.000235254253749
BPM.21R1.B2 968.7649014 0.00779039881052 -0.00636563439008 -0.000234640279234 5.65879027389e-05
BPM.22R1.B2 1022.213417 0.00629980599059 -0.00784372738246 6.35866484666e-05 0.000232841127712
BPM.23R1.B2 1075.661933 0.00691228415183 -0.00730971562701 0.000232122568258 -6.61616581612e-05
BPM.24R1.B2 1129.110449 0.0051714611784 -0.0085712140591 -7.30043609398e-05 -0.000155572985252
BPM.25R1.B2 1182.558965 0.00584625382042 -0.00812594840228 -0.000154753158386 7.47265019165e-05
BPM.26R1.B2 1236.007481 0.0040326758314 -0.00916227301596 7.93247517262e-05 0.000152447280637
BPM.27R1.B2 1289.455997 0.00475892563429 -0.00880694884548 0.000151558765449 -8.10094486262e-05
BPM.28R1.B2 1342.904513 0.00275427429459 -0.00958890605972 -8.54352618973e-05 -7.46017171227e-05
BPM.29R1.B2 1396.353029 0.00351912394978 -0.00933535821183 -7.36493935274e-05 8.62575570199e-05
BPM.30R1.B2 1449.801545 0.00150518974033 -0.00986243124936 8.84230620316e-05 7.10349327408e-05
BPM.31R1.B2 1503.25006 0.00229613164999 -0.00970880661042 7.00501212379e-05 -8.92052743668e-05
BPM.32R1.B2 1556.698576 0.000231072368445 -0.0099739536732 -9.12615038376e-05 -6.73493712121e-05
BPM.33R1.B2 1610.147092 0.0010352268975 -0.0099227743859 -6.63331452826e-05 9.20027937781e-05
BPM.34R1.B2 1663.595608 -0.00104653673542 -0.00992158793815 9.39468081701e-05 6.35499577873e-05
BPM.33L2.B2 1717.044124 -0.000242500120437 -0.00997368236885 6.25040713868e-05 -9.4645870553e-05
BPM.32L2.B2 1770.49264 -0.00230724928607 -0.00970617056236 -9.6473804802e-05 -5.96439831634e-05
BPM.31L2.B2 1823.941156 -0.00151642663145 -0.00986070974047 -5.85707075666e-05 9.71291516946e-05
BPM.30L2.B2 1877.389672 -0.00352976831663 -0.00933133870392 9.88386108248e-05 5.56374688115e-05
BPM.29L2.B2 1930.838188 -0.00276526167275 -0.0095857432781 5.45375416997e-05 -9.94497696413e-05
BPM.28L2.B2 1984.286704 -0.00469454909406 -0.00880308782154 -0.000101037110324 -5.15373852935e-05
BPM.27L2.B2 2037.73522 -0.00396882307693 -0.00915322837561 -5.04142773425e-05 0.000101602166032
BPM.26L2.B2 2091.183735 -0.00585507361886 -0.00811639058111 0.000103138838476 0.000121815712079
BPM.25L2.B2 2144.632251 -0.00518097584345 -0.00856242795689 0.000120663411914 -0.000104484596416
BPM.24L2.B2 2198.080767 -0.00684529876459 -0.00730065531906 -0.0001080486151 -0.000117482705737
BPM.23L2.B2 2251.529283 -0.00623384614184 -0.00782923019613 -0.000116278511432 0.000109343481983
BPM.22L2.B2 2304.977799 -0.00779602327672 -0.00635119053583 0.000112847121371 0.000187420118456
BPM.21L2.B2 2358.426315 -0.00725802129251 -0.00695964992647 0.00018615511495 -0.000114921916131
BPM.20L2.B2 2411.874831 -0.00854446288522 -0.00530167465891 -0.000120441846492 -0.000182632234981
BPM.19L2.B2 2465.323347 -0.00808879715159 -0.00597385644681 -0.000181287728362 0.000122456235708
BPM.18L2.B2 2518.771863 -0.0091524240602 -0.00416518114796 0.000127826121511 0.000177542261334
BPM.17L2.B2 2572.220379 -0.00878642570759 -0.00489022734821 0.000176111022135 -0.000129790928701
BPM.16L2.B2 2625.668894 -0.00961005620553 -0.00296013848912 -0.000135003430286 -0.000172147745005
BPM.15L2.B2 2679.11741 -0.00933985474598 -0.00372595135748 -0.000170643106812 0.000136900346838
BPM.14L2.B2 2732.565926 -0.00990975969249 -0.00170653539532 0.000141945437982 0.000166470017837
BPM.13L2.B2 2786.014442 -0.00973971442776 -0.00250071250721 0.000164882225336 -0.000143786739562
BPM.12L2.B2 2839.462958 -0.0100536712559 -0.000198228339238 -0.00014649239967 -0.000162483073095
BPM.11L2.B2 2892.911474 -0.00983022278379 -0.00211714907626 -0.000175854604073 0.000130138115717
BPM.10L2.B2 2944.750185 -0.00996960463086 -0.0013124723412 9.51431498621e-05 0.000196998866006
BPM.9L2.B2 2983.815195 -0.0100304884805 0.000710563858573 0.000212229628471 -5.30976379861e-05
BPM.8L2.B2 3024.278206 -0.00897023205777 0.00454428619609 -0.000187745158672 -0.000112305515345
BPM.7L2.B2 3063.344216 -0.00808501964053 -0.00597896793545 -8.56568892499e-05 0.000201304914353
BPM.6L2.B2 3095.450216 -0.00747270085606 -0.00672862111157 1.71512699453e-05 0.000218097700564
BPMYB.5L2.B2 3167.649216 -0.00892774169286 -0.00462720525793 0.000218729059041 -4.28612939485e-06
BPMYB.4L2.B2 3188.219216 -0.00965313744434 -0.00281647610649 0.000175197148833 -0.000131021880149
BPMWB.4L2.B2 3212.610716 -0.00895387370515 -0.00457643374811 -8.8459331328e-08 -0.000218771033994
BPMSX.4L2.B2 3262.843716 -0.0100439876629 0.000483644571782 -0.000209212680197 6.39595714897e-05
BPMS.2L2.B2 3300.755216 -0.0100433754443 0.000496194840421 -0.00011909850449 0.000183511104245
BPMSW.1L2.B2 3310.689216 -0.0100549247568 0.0001186948536 -6.76714909772e-05 0.000208041696159
BPMSW.1R2.B2 3353.879216 -0.0100549250707 0.000118666451761 -0.000194215982144 -0.000100702130677
BPMS.2R2.B2 3363.813216 -0.0100433767068 0.000496170779085 -0.000213633013628 -4.71351509675e-05
BPMSX.4R2.B2 3401.724716 -0.0100439876978 0.000483643802116 -0.000193920012524 0.000101270930688
BPMWB.4R2.B2 3451.881716 -0.00895310068341 -0.00457794586595 0.000152984235763 0.000156386049875
BPMYB.4R2.B2 3476.349216 -0.00964063804569 -0.00285896807335 0.000216775421037 -2.9481936893e-05
BPM.5R2.B2 3505.883216 -0.00599553859442 -0.00807273913597 6.79838684901e-05 -0.000207939815398
BPMR.6R2.B2 3579.179216 -0.00471228549394 -0.0088831281274 -0.000203516393562 -8.02610693981e-05
BPM_A.7R2.B2 3592.054216 -0.00508599442161 -0.00867457554811 -0.000214550445704 -4.27653946483e-05
BPM.8R2.B2 3633.493206 -0.008004344144 -0.00608654869523 -0.000139212586915 0.000168762046566
BPM.9R2.B2 3672.560195 -0.00921901446419 0.00401564098202 0.000209765278512 6.21232718933e-05
BPM.10R2.B2 3713.025185 -0.00889854730901 0.00468310324877 0.000132441528257 -0.000174126425446
BPM.11R2.B2 3764.865874 -0.00851949551839 0.00534170350357 -0.000160475527123 -0.000148688865409
BPM.12R2.B2 3819.592358 -0.00884005385556 0.00479260347663 -0.00013394904869 0.000172969440496
BPM.13R2.B2 3873.043842 -0.00696527774096 0.00725262064258 0.000186370431534 0.000114572398802
BPM.14R2.B2 3926.495326 -0.00752787066777 0.00666684058622 0.000112475496339 -0.000187643377301
BPM.15R2.B2 3979.94681 -0.00598030792465 0.00808402853271 -0.000190937368409 -0.000106788083114
BPM.16R2.B2 4033.398294 -0.00661321039747 0.00757502795256 -0.000104645335225 0.000192120085366
BPM.17R2.B2 4086.849779 -0.00489677969748 0.0087827756884 0.000195177657914 9.88253647115e-05
BPM.18R2.B2 4140.301263 -0.00558975218604 0.00835884386253 9.66295526224e-05 -0.000196274049489
BPM.19R2.B2 4193.752747 -0.00373325748291 0.00933693679723 -0.000199088192244 -9.0689941822e-05
BPM.20R2.B2 4247.204231 -0.00447458711876 0.00900520240442 -8.84560666863e-05 0.000200090724591
BPM.21R2.B2 4300.655715 -0.00250784508615 0.00973788032438 0.000202658174339 8.24041092794e-05
BPM.22R2.B2 4354.107199 -0.00328572667483 0.00950366247459 8.01264399955e-05 -0.000203569461335
BPM.23R2.B2 4407.558683 -0.00124181995696 0.00997865138097 -0.000205884683652 -7.39748044473e-05
BPM.24R2.B2 4461.010167 -0.00205654038511 0.00984504046524 -7.18711798055e-05 0.00022022852276
BPM.25R2.B2 4514.461651 3.18843080948e-05 0.0100574929034 0.000222288442153 6.52220581865e-05
BPM.26R2.B2 4567.913135 -0.000780110206655 0.0100272432995 6.27264984635e-05 -0.000223005505545
BPM.27R2.B2 4621.36462 0.00131789358317 0.00997082427133 -0.000224789374989 -5.59982765332e-05
BPM.28R2.B2 4674.816104 0.000495478600839 0.0100438027646 -5.36827722312e-05 0.000238930952716
BPM.29R2.B2 4728.267588 0.00256957666612 0.00972217818764 0.000240435805678 4.6480769616e-05
BPM.30R2.B2 4781.719072 0.00177635081385 0.00989788112669 4.37843130063e-05 -0.000240941433305
BPM.31R2.B2 4835.170556 0.00379185204244 0.00931371736402 -0.000242148252014 -3.65248143491e-05
BPM.32R2.B2 4888.62204 0.0030279003115 0.00958933223438 -3.38085728078e-05 0.000242542410626
BPM.33R2.B2 4942.073524 0.00495247664243 0.00875193967942 0.000243448476817 2.65081170628e-05
BPM.34R2.B2 4995.525008 0.00422980134712 0.00912317124482 2.37803492068e-05 -0.000243730046098
BPM.33L3.B2 5048.976492 0.00603112808813 0.00804667428344 -0.000244334613859 -1.64449582303e-05
BPM.32L3.B2 5102.427976 0.00536211074071 0.0085071288588 -1.37044061501e-05 0.000244503641148
BPM.31L3.B2 5155.87946 0.00701117745926 0.00720880459508 0.000244804925263 6.3552732228e-06
BPM.30L3.B2 5209.330945 0.00640636802395 0.00775125291487 3.61450851854e-06 -0.000244860727736
BPM.29L3.B2 5262.782429 0.00787560055922 0.00625287044894 -0.000244858737078 3.74691681066e-06
BPM.28L3.B2 5316.233913 0.00734530705463 0.00686803736582 6.49285416739e-06 0.000244801310857
BPM.27L3.B2 5369.685397 0.00861092349524 0.00519379144221 0.00024449596182 -1.38406816503e-05
BPM.26L3.B2 5423.136881 0.00815006871667 0.00587106955067 -1.6782674847e-05 -0.000230797032997
BPM.25L3.B2 5476.588365 0.00919113239388 0.00405168644334 -0.000230188235347 2.37129689169e-05
BPM.24L3.B2 5530.039849 0.00883416391805 0.0047802327929 2.62933329472e-05 0.000229907782493
BPM.23L3.B2 5583.491333 0.00963397510672 0.00284246396068 0.000229014691181 -3.31843267922e-05
BPM.22L3.B2 5636.942817 0.00935959812243 0.00360995659581 -3.5951793861e-05 -0.000215100243991
BPM.21L3.B2 5690.394301 0.00990503905009 0.0015887306394 -0.000213922202465 4.24020592651e-05
BPM.20L3.B2 5743.845786 0.00974450129812 0.00238297252485 4.47987002386e-05 0.000213433175474
BPM.19L3.B2 5797.29727 0.0100268984262 0.000308498893907 0.00021199197645 -5.1186392337e-05
BPM.18L3.B2 5850.748754 0.00996928582572 0.00111678276385 -5.35558619466e-05 -0.000211405795916
BPM.17L3.B2 5904.200238 0.00998398052783 -0.000976727414442 -0.000209700106174 5.98874798573e-05
BPM.16L3.B2 5957.651722 0.0100302413842 -0.000167694376855 6.22355801287e-05 0.000209015248699
BPM.15L3.B2 6011.103206 0.00977700371888 -0.00224589890454 0.000207052617013 -6.8482540649e-05
BPM.14L3.B2 6064.55469 0.00992636917511 -0.00144950288236 -7.07958118218e-05 -0.000206273112464
BPM.13L3.B2 6118.006174 0.00940934023523 -0.00347824380134 -0.000204051395614 7.69653984145e-05
BPM.12L3.B2 6171.457658 0.00995339077145 -0.00125055019128 6.12855573472e-05 0.000209295777266
BPM.11L3.B2 6224.909142 0.0100289682819 -0.000231643687956 0.000211793539085 -5.20013392363e-05
BPM.10L3.B2 6277.691832 0.00925366777186 0.00387343470105 -3.48784705018e-05 -0.000215276880671
BPM.9L3.B2 6316.758821 0.00977271186621 0.00226450134693 -0.000186974132901 -0.000112255594826
BPM.8L3.B2 6357.223811 0.0100247707574 0.000371261199242 -0.000199817582783 8.73703402087e-05
BPM.7L3.B2 6396.2898 0.00925408597215 -0.00387243546886 -1.33539127763e-05 0.000217674793072
BPMR.6L3.B2 6468.9288 0.0026659113457 -0.00967092448122 0.000198154573018 -9.10791324514e-05
BPMWE.5L3.B2 6511.9823 0.00246122880755 -0.00972503040511 0.000106336250624 -0.000190402854614
BPMW.5L3.B2 6539.5273 0.00530150653632 -0.00851633090773 1.07584030607e-05 -0.000217818500344
BPMWE.4L3.B2 6614.6553 0.00203239703171 -0.00982360554634 -0.00020521774915 -7.37991867076e-05
BPMW.4L3.B2 6642.2003 -0.00609268843277 -0.0079695050828 -0.000173167493689 0.000132565692015
BPMW.4R3.B2 6687.1653 -0.00768473704826 -0.00644815323539 -5.51917834298e-05 0.000210984621881
BPMWE.4R3.B2 6714.7103 -0.00631958691892 -0.00779080770878 2.7482253399e-05 0.000216345484952
BPMW.5R3.B2 6789.8383 -0.00766523896294 -0.00647131943823 0.000206063550265 7.14034874583e-05
BPMWE.5R3.B2 6817.3833 -0.00960902158821 -0.00288107056742 0.000210672018587 -5.63732796188e-05
BPMWC.6R3.B2 6858.3743 -0.00984053087359 -0.00194879853653 0.000134792982919 -0.000171439484616
BPM.6R3.B2 6870.5288 -0.00957425495992 -0.00299457936338 9.38083746537e-05 -0.000196877204399
BPM_A.7R3.B2 6926.3528 -0.00963886231737 -0.00277960371527 -0.000137472794994 -0.000169298181361
BPM.8R3.B2 6965.418789 -0.00660265348056 -0.00755240562369 -0.00017803554861 0.000125952327309
BPM.9R3.B2 7004.485779 0.00282420707746 -0.00962588790638 0.000154210847725 0.00015420654426
BPM.10R3.B2 7044.950768 0.00169601061002 -0.00988723478161 0.000217990269738 -6.39442042099e-06
BPM.11R3.B2 7097.733458 -0.0015281439531 -0.00991456704526 3.7453696049e-05 -0.000214843814981
BPM.12R3.B2 7152.459942 -0.00459806956742 -0.00891580730446 -0.000217844535702 1.02177254839e-05
BPM.13R3.B2 7205.911426 -0.00320282105408 -0.00950661879567 2.41490536908e-05 0.000216742859231
BPM.14R3.B2 7259.36291 -0.00510601536621 -0.00863495632555 0.000215919542921 -3.06495470227e-05
BPM.15R3.B2 7312.814394 -0.00439256832918 -0.00901882514991 -3.30674164397e-05 -0.00021556249517
BPM.16R3.B2 7366.265878 -0.00616893553288 -0.00791063195864 -0.000214472138237 3.9526509879e-05
BPM.17R3.B2 7419.717362 -0.00551019544199 -0.00838281634061 4.19260768693e-05 0.000214016000912
BPM.18R3.B2 7473.168846 -0.00713004271765 -0.00705665320539 0.00021265917368 -4.8339620645e-05
BPM.19R3.B2 7526.62033 -0.00653733828668 -0.00760901253557 -5.07203229293e-05 -0.000212103967805
BPM.20R3.B2 7580.071814 -0.0079743392692 -0.00608635989191 -0.00021048526432 5.70665870526e-05
BPM.21R3.B2 7633.523299 -0.00745699557655 -0.00671022210223 5.94200268862e-05 0.00020983303713
BPM.22R3.B2 7686.974783 -0.00868732445251 -0.00501639885274 0.000207952021282 -6.57008494475e-05
BPM.23R3.B2 7740.426267 -0.00825416332634 -0.00570110966642 -6.80279760415e-05 -0.000207202409397
BPM.24R3.B2 7793.877751 -0.00935435344852 -0.00384528947462 -0.000204962187529 0.000172558425005
BPM.25R3.B2 7847.329235 -0.00901341780057 -0.00458786215689 0.000174844123843 0.000203015865886
BPM.26R3.B2 7900.780719 -0.00976937497526 -0.00261715345728 0.00019766627127 -0.000180869994656
BPM.27R3.B2 7954.232203 -0.00952629843188 -0.00339703073557 -0.000183073062419 -0.000195627613215
BPM.28R3.B2 8007.683687 -0.010120554812 -0.00132737318807 -0.000189942304563 0.000287204629817
BPM.29R3.B2 8061.135171 -0.00998038647895 -0.00213996143203 0.000289316537271 0.000186709716647
BPM.30R3.B2 8114.586655 -0.0102072068813 -2.18379456752e-05 0.000177922402957 -0.00029480195456
BPM.31R3.B2 8168.03814 -0.0101721454332 -0.000845580597948 -0.000296775011874 -0.000174611484752
BPM.32R3.B2 8221.489624 -0.0101261307615 0.00128414369232 -0.000165627696766 0.000301880849357
BPM.33R3.B2 8274.941108 -0.0101967386308 0.000462677511778 0.000303719481563 0.000162231483795
BPM.34R3.B2 8328.392592 -0.00987865362404 0.00256899820865 0.0001530223958 -0.000308461874234
BPM.33L4.B2 8381.844076 -0.0100537837372 0.00176323050008 -0.000310155131891 -0.000149560592922
BPM.32L4.B2 8435.29556 -0.00946885288518 0.00381161045591 -0.000140185783067 0.000314503609896
BPM.31L4.B2 8488.747044 -0.00974557008116 0.00303503097353 0.000316056238341 0.000136649299613
BPM.30L4.B2 8542.198528 -0.00890342406212 0.00499165195334 0.000127081919846 -0.000320023066985
BPM.29L4.B2 8595.650012 -0.00927732213922 0.00425662344192 -0.000321425248269 -0.000123492452126
BPM.28L4.B2 8649.101496 -0.0081917385798 0.00608957865925 -0.000113789602007 0.000324986930943
BPM.27L4.B2 8702.55298 -0.00865641654664 0.00540869686942 0.000326242774535 0.000110137322436
BPM.26L4.B2 8756.004465 -0.00744195675758 0.00710603582726 0.000100389837029 -0.000231067010174
BPM.25L4.B2 8809.455949 -0.00799131875672 0.00648207451895 -0.000232176749444 -9.7795916059e-05
BPM.24L4.B2 8862.907433 -0.00647181304134 0.00799963133544 -9.0780539674e-05 0.000235008465227
BPM.23L4.B2 8916.358917 -0.0070962305748 0.0074513070758 0.000236011234125 8.81406885625e-05
BPM.22L4.B2 8969.810401 -0.00549176899238 0.0087803622021 8.11171248656e-05 -0.00014021189657
BPM.21L4.B2 9023.261885 -0.00618263503963 0.00830838799169 -0.000141111989175 -7.95410057908e-05
BPM.20L4.B2 9076.713369 -0.00432347199513 0.00941073201104 -7.52668515276e-05 0.000143437318718
BPM.19L4.B2 9130.164853 -0.00506879906366 0.00903114406288 0.000144271522275 7.36552159504e-05
BPM.18L4.B2 9183.616337 -0.00308398856673 0.0098865212072 6.92865723011e-05 -0.000146419722926
BPM.17L4.B2 9237.067821 -0.00387202216931 0.00960529704758 -0.000147186931586 -6.76414760104e-05
BPM.16L4.B2 9290.519306 -0.00179397684637 0.0101998006908 -6.31896971335e-05 0.00014915235689
BPM.15L4.B2 9343.97079 -0.00261121824373 0.0100217676289 0.000149850820478 6.15149949629e-05
BPM.14L4.B2 9397.422274 -0.000474330411477 0.0103454964946 5.69847191086e-05 -0.000151631477328
BPM.13L4.B2 9450.873758 -0.00130793926272 0.0102734406075 -0.000152260591595 -5.52817739148e-05
BPM.12L4.B2 9504.325242 0.0018807217639 0.0101841628388 -5.92781000918e-05 0.00015074969509
BPM.11L4.B2 9557.776726 0.00151556656234 0.0102448692065 0.000138960759236 8.32422458996e-05
BPMC.10L4.B2 9609.617415 0.0027741516306 0.00997789405405 0.000101809898805 -0.000125992489301
BPMC.9L4.B2 9648.684405 0.00369223277119 0.00967583093215 -0.000105093721514 -0.000123266672844
BPMC.8L4.B2 9689.149394 0.00649996916409 0.00806254847135 -1.27905112402e-05 0.000161479926451
BPMC.7L4.B2 9728.215384 -0.00196337264824 0.0101685522527 0.000161943831284 -3.68241911832e-06
BPMYA.6L4.B2 9824.819384 -0.000444695951963 0.0103468126792 4.21397879603e-05 -0.000156408446777
BPMYB.5L4.B2 9861.819384 -0.000463366410886 0.0103459933628 -1.50239254316e-06 -0.000161978719397
BPMWA.B5L4.B2 9964.209884 0.00483040213661 0.00916086798572 -0.00014078698051 -8.01148538495e-05
BPMWA.A5L4.B2 9973.094884 0.00515311048512 0.00898330336666 -0.000147666765724 -6.65874613564e-05
BPMWA.A5R4.B2 10021.14388 0.00613460697118 0.0083439130119 -0.000161795467701 7.84796596235e-06
BPMWA.B5R4.B2 10030.02888 0.00618616152258 0.00830576262183 -0.000160633983729 2.0882680903e-05
BPMYA.5R4.B2 10132.49538 0.00475859005093 0.00919837528183 -9.39798980296e-05 0.000131936127319
BPMYB.6R4.B2 10164.05938 0.00498869240311 0.00907563965842 -6.33235349117e-05 0.00014909557902
BPMCA.7R4.B2 10260.57538 0.00153690301513 0.0102416901038 0.000155196587501 4.64045525187e-05
BPMC.8R4.B2 10298.36637 -0.00124401196777 0.0102813774007 3.64329117993e-05 -0.000157835381765
BPMC.9R4.B2 10337.43336 0.00572421348819 0.00863062378649 -0.00015957959481 2.78157648929e-05
BPMC.10R4.B2 10377.89835 0.00605769646404 0.00839991670341 -1.6029742709e-05 0.00016119060532
BPM.11R4.B2 10429.73904 0.00849906153278 0.00591779014006 0.000159072245427 3.05840594635e-05
BPM.12R4.B2 10484.46553 0.00870112187265 0.00561647267258 3.81326947316e-05 -0.000157433345129
BPM.13R4.B2 10537.91701 0.00968400198662 0.00367074823343 -0.000158554086671 -3.31657123286e-05
BPM.14R4.B2 10591.36849 0.00935613952181 0.00444037614816 -3.13853491626e-05 0.000158916095052
BPM.15R4.B2 10644.81998 0.010074037006 0.00240167970976 0.000159787014084 2.65983583785e-05
BPM.16R4.B2 10698.27146 0.00984732854175 0.0032069311943 2.48083962644e-05 -0.000160074687289
BPM.17R4.B2 10751.72295 0.0102985002386 0.00109324280596 -0.000160747973525 -1.99863384608e-05
BPM.18R4.B2 10805.17443 0.01017666061 0.00192090236538 -1.81820552121e-05 0.000160962033046
BPM.19R4.B2 10858.62591 0.0103537386727 -0.000233200662963 0.000161435478609 1.33397726603e-05
BPM.20R4.B2 10912.0774 0.0103387833577 0.000603196292825 1.15322398955e-05 -0.00016157466576
BPM.21R4.B2 10965.52888 0.0102388323829 -0.00155582727165 -0.000161848266907 -6.67096299714e-06
BPM.22R4.B2 11018.98037 0.0103310046725 -0.000724313147018 -4.85518573297e-06 0.00016191291185
BPM.23R4.B2 11072.43185 0.00995568828724 -0.00285281577166 0.000161985685427 -9.56276621233e-09
BPM.24R4.B2 11125.88333 0.0100712604645 -0.0020451923215 -3.0786720085e-06 -7.96594201235e-05
BPM.25R4.B2 11179.33482 0.00942744356125 -0.00409101538509 -7.95309412726e-05 5.47089540746e-06
BPM.26R4.B2 11232.7863 0.00972689400629 -0.0033167200632 6.36203671925e-06 7.94646173864e-05
BPM.27R4.B2 11286.23779 0.00882665517657 -0.00526338839275 7.92376500036e-05 -8.74620443292e-06
BPM.28R4.B2 11339.68927 0.00914047988134 -0.00453899478409 -1.08880563924e-05 3.17976553013e-06
BPM.29R4.B2 11393.14075 0.00799934759102 -0.00633729312899 3.50542045307e-06 1.07876172471e-05
BPM.30R4.B2 11446.59224 0.0084847502732 -0.00567096630489 1.07476643631e-05 -3.62605863129e-06
BPM.31R4.B2 11500.04372 0.0071228899421 -0.00730857612521 -3.94734553664e-06 -1.06338661718e-05
BPM.32R4.B2 11553.49521 0.00768953255172 -0.00670983868386 -1.0588980086e-05 4.066233971e-06
BPM.33R4.B2 11606.94669 0.006129430969 -0.00815971335894 4.38250503508e-06 1.04620447086e-05
BPM.34R4.B2 11660.39818 0.00676802144557 -0.00763837232368 1.04122809076e-05 -4.49945009998e-06
BPM.33L5.B2 11713.84966 0.00503518982657 -0.00887680739409 -4.8102615646e-06 -1.0272392929e-05
BPM.32L5.B2 11767.30114 0.00573522313128 -0.00844144902912 -1.02178578275e-05 4.92504483958e-06
BPM.31L5.B2 11820.75263 0.00385827472725 -0.00944799249757 5.2297735367e-06 1.0065293425e-05
BPM.30L5.B2 11874.20411 0.00460824772623 -0.00910576185887 1.00060579684e-05 -5.34223850473e-06
BPM.29L5.B2 11927.6556 0.00261788214789 -0.00986395149761 -5.64046353008e-06 -9.84103080052e-06
BPM.28L5.B2 11981.10708 0.00340548286068 -0.00962047465437 -9.77723361747e-06 5.75034297671e-06
BPM.27L5.B2 12034.55856 0.00133454983052 -0.0101177973317 6.04146723128e-06 9.60006877288e-06
BPM.26L5.B2 12088.01005 0.00206471514739 -0.00998224701655 8.27743734398e-06 7.61649500991e-05
BPM.25L5.B2 12141.46153 -5.21039840932e-05 -0.0101934091143 7.58818844492e-05 -1.05619690505e-05
BPM.24L5.B2 12194.91302 0.000770734898285 -0.0101643628404 -1.14111880566e-05 -7.57588292619e-05
BPM.23L5.B2 12248.3645 -0.00135578424731 -0.0101029774472 -7.53818063271e-05 1.36820375095e-05
BPM.22L5.B2 12301.81598 -0.000617968269538 -0.010184644574 1.32715803938e-05 0.000157537494071
BPM.21L5.B2 12355.26747 -0.00271830858427 -0.00983461582301 0.000157067630637 -1.79988022397e-05
BPM.20L5.B2 12408.71895 -0.00191579530612 -0.0100219059175 -1.9757175353e-05 -0.000156856149011
BPM.19L5.B2 12462.17044 -0.00395429682259 -0.00940597716838 -0.00015619184463 2.44602535763e-05
BPM.18L5.B2 12515.62192 -0.00318210636571 -0.009694486523 2.62087891865e-05 0.000155907976125
BPM.17L5.B2 12569.07341 -0.00512489143944 -0.00882294494972 0.000155050051245 -3.08816972151e-05
BPM.16L5.B2 12622.52489 -0.00439616549645 -0.00920774667348 -3.26170078115e-05 -0.000154694305513
BPM.15L5.B2 12675.97637 -0.0062116412918 -0.00809471323691 -0.000153644790974 3.72488444229e-05
BPM.14L5.B2 12729.42786 -0.00553794229732 -0.00856971790703 3.89677254083e-05 0.000153217862499
BPM.13L5.B2 12782.87934 -0.00719599609063 -0.0072337065217 0.000151977631722 -4.35545406517e-05
BPM.12L5.B2 12836.33083 -0.00556483698199 -0.00855227801496 -3.38380269443e-05 -0.000154431816127
BPM.11L5.B2 12889.78231 -0.00623069082071 -0.00808005951578 -0.000157238468227 1.64396405833e-05
BPM.10L5.B2 12942.565 -0.00711057793833 -0.00731768756132 2.56250517182e-05 0.000156004982669
BPM.9L5.B2 12981.63199 -0.00846359569143 -0.00569880845283 0.000157657586028 -1.17594411921e-05
BPM.8L5.B2 13022.09698 -0.00215633320548 -0.00997291817716 -8.40368172619e-05 -0.000133910455587
BPM.7L5.B2 13061.16497 -0.00755520444345 -0.00685767858556 -0.000141227584961 7.10560701321e-05
BPMR.6L5.B2 13098.05897 -0.00774761406113 -0.00663952907012 -4.99183960535e-05 0.000150007830186
BPMWT.B6L5.B2 13109.36897 -0.00826643257881 -0.00598121746206 -1.88110366032e-05 0.00015697242626
BPMWT.A6L5.B2 13115.19097 -0.00837161510788 -0.00583308926666 -4.53469509692e-06 0.000158030487393
BPM.5L5.B2 13129.95897 -0.00824952332492 -0.00600451786369 2.97077619995e-05 0.000155279252644
BPMYA.4L5.B2 13157.36497 -0.00810907065495 -0.00619288648311 8.8831592964e-05 0.000130778995622
BPMWB.4L5.B2 13178.42347 -0.0089029356622 -0.00498463704686 0.000130423660414 8.9352479283e-05
BPMWT.B4L5.B2 13178.89297 -0.00891823840389 -0.00495720623324 0.000131201344235 8.82066036653e-05
BPMWT.A4L5.B2 13180.87497 -0.00898120293821 -0.00484219615957 0.000134383780662 8.32778316453e-05
BPMSY.4L5.B2 13271.27947 -0.00928310872582 -0.00423470922945 7.86925967729e-05 -0.00013711918937
BPMS.2L5.B2 13298.06497 -0.00965564690323 -0.00329808326442 1.1302319342e-05 -0.000157691029237
BPMSW.1L5.B2 13308.11897 -0.00976880691849 -0.00294606199262 -3.3101462392e-05 -0.000154591363465
BPMSW.1R5.B2 13351.06897 -0.0097687980829 -0.00294609131168 0.000157108668721 1.76369593128e-05
BPMS.2R5.B2 13361.12297 -0.00965563814015 -0.00329810880423 0.000155797794705 -2.68560813567e-05
BPMSY.4R5.B2 13387.90847 -0.00928310341695 -0.00423472086661 0.000128656035474 -9.18793856532e-05
BPMWB.4R5.B2 13480.76447 -0.00890293430223 -0.00498463947322 -0.000101822825688 -0.000120939280017
BPMYA.4R5.B2 13501.82097 -0.00810912419069 -0.00619281638221 -0.000138926515296 -7.54560940004e-05
BPMR.5R5.B2 13522.93897 -0.00806112910914 -0.00625516325681 -0.000155400536936 -2.90666736208e-05
BPM.6R5.B2 13554.83897 -0.00808755001115 -0.00622096492952 -0.000150885929108 4.7197810258e-05
BPMRA.7R5.B2 13588.85297 -0.00717672915629 -0.00725282210545 -8.8279567451e-05 0.000131152258959
BPM.8R5.B2 13630.28998 -0.00417603927546 -0.00930964907077 0.000109248540836 0.000114275779511
BPM.9R5.B2 13669.35499 -0.00511062711417 -0.00883121511406 8.18765172771e-05 -0.000135242122508
BPM.10R5.B2 13709.818 -0.00834183863912 -0.0058755934257 -0.000149779535777 -5.05992980384e-05
BPM.11R5.B2 13762.59871 -0.00438577860608 -0.00921269862174 -5.50873445339e-06 0.000157999531019
BPM.12R5.B2 13817.32223 -0.00580031831342 -0.00839435389636 0.000157919177768 -7.4652963904e-06
BPM.13R5.B2 13870.77074 -0.00455612811196 -0.0091296531427 -1.64211283688e-05 -0.000157240401867
BPM.14R5.B2 13924.21926 -0.00635166069203 -0.00798531629825 -0.000156678861219 2.1117098667e-05
BPM.15R5.B2 13977.66777 -0.00568646108402 -0.00847189649399 2.28529491066e-05 0.000156435098234
BPM.16R5.B2 14031.11629 -0.00732082148787 -0.00710735130793 0.000155680924569 -2.75253883882e-05
BPM.17R5.B2 14084.56481 -0.00672346670659 -0.00767488536213 -2.92506886491e-05 -0.000155366003286
BPM.18R5.B2 14138.01332 -0.00816995198973 -0.00611234443123 -0.000154421378082 3.3885637213e-05
BPM.19R5.B2 14191.46184 -0.00764999613352 -0.00675177228998 3.55954065073e-05 0.000154036242872
BPM.20R5.B2 14244.91035 -0.00888464377659 -0.00501716800884 0.000152901606579 -4.0190751846e-05
BPM.21R5.B2 14298.35887 -0.00845083237097 -0.00571771825825 -4.1884664836e-05 -0.000152446287813
BPM.22R5.B2 14351.80738 -0.00945349609257 -0.00383930743299 -0.000151125136086 4.64262005952e-05
BPM.23R5.B2 14405.2559 -0.00911281305189 -0.00458971765472 4.80985017332e-05 0.000150601236322
BPM.24R5.B2 14458.70442 -0.00983353166328 -0.00260494339534 0.000149059430246 -8.65741910754e-05
BPM.25R5.B2 14512.15293 -0.00959126433367 -0.00338994448484 -8.82223276256e-05 -0.000148089921524
BPM.26R5.B2 14565.60145 -0.0100859786204 -0.00132556038829 -0.000145385000921 9.26121146888e-05
BPM.27R5.B2 14619.04996 -0.00994610706268 -0.00213518837943 9.42183029978e-05 0.000144349284776
BPM.28R5.B2 14672.49848 -0.0101392839166 -3.09022031474e-05 0.000141428796497 -0.000132486410069
BPM.29R5.B2 14725.947 -0.0101037230027 -0.000849008098417 -0.000134046669559 -0.000139950868781
BPM.30R5.B2 14779.39551 -0.0100599343347 0.00126639426055 -0.000135879521525 0.000138172024707
BPM.31R5.B2 14832.84403 -0.0101293198684 0.000450457856224 0.000139670453177 0.00013433881848
BPM.32R5.B2 14886.29254 -0.00981529264226 0.00254284557003 0.000130095993752 -0.000143630726473
BPM.33R5.B2 14939.74106 -0.00998848987448 0.00174244175225 -0.000145064560118 -0.000128495244911
BPM.34R5.B2 14993.18958 -0.00940938175094 0.00377750821674 -0.000124099433108 0.000148842486185
BPM.33L6.B2 15046.63809 -0.00968351372215 0.00300592669306 0.000150209667916 0.000122441050409
BPM.32L6.B2 15100.08661 -0.0088488455796 0.00495014799458 0.000117888163784 -0.000153808766174
BPM.31L6.B2 15153.53512 -0.00921948783384 0.00421984328639 -0.000155106556549 -0.000116175340469
BPM.30L6.B2 15206.98364 -0.00814295853079 0.00604137895403 -0.000111484401031 0.000158511764996
BPM.29L6.B2 15260.43215 -0.00860387338596 0.00536464314823 0.000159738463544 0.000109719540408
BPM.28L6.B2 15313.88067 -0.00730320501741 0.00703343655357 0.000104887449158 -0.000162952075271
BPM.27L6.B2 15367.32919 -0.00784704943242 0.00642104731055 -0.000164105151965 -0.000103074019873
BPM.26L6.B2 15420.7777 -0.00631017403316 0.00790343438263 -9.81519027225e-05 0.000133126518986
BPM.25L6.B2 15474.22622 -0.00692729817248 0.00736852165249 0.000134206713585 9.66696754527e-05
BPM.24L6.B2 15527.67473 -0.0052472571507 0.00864574252237 9.26085844115e-05 -0.000137040566663
BPM.23L6.B2 15581.12325 -0.00592794664086 0.00819402343393 -0.000138059268047 -9.10829496702e-05
BPM.22L6.B2 15634.57177 -0.00406490631188 0.00923951230428 -8.69448733222e-05 0.00010673425055
BPM.21L6.B2 15688.02028 -0.00479715421928 0.00888140542512 0.00010769165561 8.57561592209e-05
BPM.20L6.B2 15741.4688 -0.00284950388514 0.00968361391933 8.24942199507e-05 -0.000110210326186
BPM.19L6.B2 15794.91731 -0.00362177906259 0.00942203626522 -0.000111118629385 -8.12666201557e-05
BPM.18L6.B2 15848.36583 -0.00158747155504 0.00996854979454 -7.79055111674e-05 0.000113500410609
BPM.17L6.B2 15901.81435 -0.0023866063454 0.00980796416426 0.000114357157172 7.66423689043e-05
BPM.16L6.B2 15955.26286 -0.000299153625777 0.0100897253705 7.31853604014e-05 -0.000116599807564
BPM.15L6.B2 16008.71138 -0.00111253684366 0.0100326622969 -0.0001174044874 -7.18874018674e-05
BPM.14L6.B2 16062.15989 0.000993872642655 0.010045111653 -6.83420295492e-05 0.000119503049466
BPM.13L6.B2 16115.60841 0.000180150377721 0.0100925515496 0.000120253351518 6.70130035226e-05
BPM.12L6.B2 16169.05693 0.00241790592618 0.00980029498717 6.44752661375e-05 -0.000121632856471
BPM.11L6.B2 16222.50544 0.000714770636753 0.0100688208771 -0.000116754831489 -7.2937782112e-05
BPM.10L6.B2 16274.34415 0.00244038263447 0.0097947222289 -9.25758956127e-05 0.000101888738939
BPM.9L6.B2 16313.40916 0.00376128885831 0.0093672171461 6.31013794408e-05 0.000122351250881
BPM.8L6.B2 16353.87217 0.00827141985754 0.00578581579851 8.9321737789e-05 -0.000104753229865
BPMYB.5L6.B2 16450.96018 0.000251569601799 0.0100910239161 -0.000134953458972 2.71878261402e-05
BPMYA.4L6.B2 16487.36018 0.000647292428208 0.0100733839132 -0.00012498313987 5.77133093654e-05
BPMSB.B4L6.B2 16518.13068 -0.000497301738028 0.0100819017032 -0.000108681309664 8.44984286015e-05
BPMSB.A4L6.B2 16518.76568 -0.000523715534548 0.0100805641204 -0.000108239003592 8.50642706757e-05
BPMSA.4L6.B2 16615.57568 -0.00462867461816 0.00897036355064 1.06038598733e-05 0.000137255855268
BPMSE.4R6.B2 16707.14568 -0.00489882859524 0.00882573109143 0.000121252258048 6.51882048293e-05
BPMSA.A4R6.B2 16803.82068 -0.00140683164579 0.00999564283166 0.000125384565062 -5.68359270494e-05
BPMSA.B4R6.B2 16804.40568 -0.00138424410324 0.00999879588838 0.000125123507798 -5.74083562819e-05
BPMYB.4R6.B2 16830.96018 -0.000420387116732 0.0100854016089 0.000111872578393 -8.02255450661e-05
BPMYA.5R6.B2 16867.36018 -0.000320076406316 0.0100890833095 9.21413718106e-05 -0.000102281864383
BPM.8R6.B2 16963.08519 0.00412641370859 0.00921220716438 -0.000114927283238 -7.57847727212e-05
BPM.9R6.B2 17002.1502 0.00928696846898 0.00395528351237 -6.2831909488e-05 0.000122489851089
BPM.10R6.B2 17042.61322 0.00989106683189 0.00201465825464 0.000100447233371 9.41380144871e-05
BPM.11R6.B2 17094.45193 0.0100755555789 -0.000612560795686 8.04773623383e-05 -0.000111691575531
BPM.12R6.B2 17149.17544 0.00997531527019 0.00154438862606 -0.00012157678704 -6.45809319775e-05
BPM.13R6.B2 17202.62396 0.010077838799 -0.000573773562732 -6.07781716327e-05 0.000123521759207
BPM.14R6.B2 17256.07247 0.0100912739653 0.000241331033667 0.000124187893196 5.94052103056e-05
BPM.15R6.B2 17309.52099 0.00992163952237 -0.00185825728309 5.56638388996e-05 -0.000125909291771
BPM.16R6.B2 17362.96951 0.0100392398674 -0.00105152926856 -0.000126519113405 -5.42634864787e-05
BPM.17R6.B2 17416.41802 0.00960243187861 -0.00311212996695 -5.04513141277e-05 0.000128086979097
BPM.18R6.B2 17469.86654 0.00982225854498 -0.00232707714462 0.000128638369388 4.90283842081e-05
BPM.19R6.B2 17523.31505 0.00912543083342 -0.00431492329495 4.51584546823e-05 -0.000130047393084
BPM.20R6.B2 17576.76357 0.00944386781782 -0.00356446511291 -0.000130540407624 -4.37128563421e-05
BPM.21R6.B2 17630.21209 0.0084985079656 -0.00544678008375 -3.97851397832e-05 0.000131790567558
BPM.22R6.B2 17683.6606 0.00891035182877 -0.00474317205759 0.000132223496042 3.83217724236e-05
BPM.23R6.B2 17737.10912 0.00773193207052 -0.00648916615958 3.43492260077e-05 -0.00013331070145
BPM.24R6.B2 17790.55763 0.00804305728866 -0.00585580664752 -0.00013656144369 0.000154784193732
BPM.25R6.B2 17844.00615 0.00665276118918 -0.00739743270149 0.00015880136783 0.000131868505988
BPM.26R6.B2 17897.45466 0.00722798499596 -0.00683648118164 0.000130101721831 -0.000160252050826
BPM.27R6.B2 17950.90318 0.00565163439226 -0.00818781232807 -0.000164073921622 -0.000125247454162
BPM.28R6.B2 18004.3517 0.00610675844325 -0.00771671534522 -0.000126293069053 0.000353101064875
BPM.29R6.B2 18057.80021 0.00437258237003 -0.00881593544545 0.000356721023266 0.000115673729161
BPM.30R6.B2 18111.24873 0.00506957832358 -0.00843442766256 0.000111717233931 -0.000357979831902
BPM.31R6.B2 18164.69724 0.00320841866911 -0.00930302337955 -0.000361163726739 -0.000100950803019
BPM.32R6.B2 18218.14576 0.00394889284338 -0.00901368069532 -9.69343250977e-05 0.000362262387353
BPM.33R6.B2 18271.59428 0.00199257574877 -0.00963689972215 0.000365000331282 8.60526501145e-05
BPM.34R6.B2 18325.04279 0.00276352807884 -0.00944473964151 8.20030160091e-05 -0.000365931420673
BPM.33L7.B2 18378.49131 0.000742879090646 -0.0098126614644 -0.00036822188969 -7.10136784002e-05
BPM.32L7.B2 18431.93982 0.00153256766273 -0.00972067028143 -6.69239630734e-05 0.000368987108048
BPM.31L7.B2 18485.38834 -0.000517869153416 -0.00982710567545 0.000370824501897 5.58523579632e-05
BPM.30L7.B2 18538.83686 0.000276586937671 -0.00983685386764 5.1736819366e-05 -0.000371421057249
BPM.29L7.B2 18592.28537 -0.0017712651966 -0.00968002138119 -0.00037280290029 -4.05992394456e-05
BPM.28L7.B2 18645.73389 -0.000984064144577 -0.00979141522559 -3.64636486698e-05 0.00037323009414
BPM.27L7.B2 18699.1824 -0.00299443734995 -0.00937408871499 0.000374154288275 2.52759314793e-05
BPM.26L7.B2 18752.63092 -0.00241562848517 -0.00959698021747 1.82431515855e-05 -0.000186765764705
BPM.25L7.B2 18806.07943 -0.00435489370791 -0.00888662990644 -0.000187227988782 -1.26469376872e-05
BPM.24L7.B2 18859.52795 -0.00362343821183 -0.00920912513729 -1.05706701452e-05 0.000187356677255
BPM.23L7.B2 18912.97647 -0.00545567557024 -0.00825668785413 0.000187589141007 4.95766045419e-06
BPM.22L7.B2 18966.42498 -0.00495890118673 -0.0086818861223 -4.42533720229e-09 1.60094448369e-08
BPM.21L7.B2 19019.8735 -0.00665274847011 -0.00746369784253 1.6132303564e-08 3.94258212277e-09
BPM.20L7.B2 19073.32201 -0.00602874710472 -0.00797621815009 3.75953952715e-09 -1.61768415107e-08
BPM.19L7.B2 19126.77053 -0.00755284478362 -0.00655136499578 -1.62831154633e-08 -3.2765808611e-09
BPM.18L7.B2 19180.21905 -0.0069995258495 -0.00713950176549 -3.09831139459e-09 1.63206799937e-08
BPM.17L7.B2 19233.66756 -0.00832884303348 -0.00553138513069 1.63984541359e-08 2.61081708601e-09
BPM.16L7.B2 19287.11608 -0.00785531162984 -0.00618546092317 2.42776104568e-09 -1.64344084419e-08
BPM.15L7.B2 19340.56459 -0.00896798893711 -0.00442052281789 -1.64937526251e-08 -1.93256348461e-09
BPM.14L7.B2 19394.01311 -0.00858200835928 -0.00512981287612 -1.74915838341e-09 1.65175816088e-08
BPM.13L7.B2 19447.46163 -0.00945978498805 -0.00323702265223 1.65586064423e-08 1.25933883686e-09
BPM.12L7.B2 19500.91014 -0.00908097903351 -0.00418349941723 1.28922630019e-09 -1.65552293922e-08
BPM.11L7.B2 19554.35866 -0.00979919536067 -0.00198535084037 -1.65422278305e-08 -1.53917576251e-09
BPM.10L7.B2 19607.13937 -0.00980932344598 -0.00193468890395 -2.28223090964e-09 1.64589314155e-08
BPM.9L7.B2 19646.20438 -0.00980200292946 0.00197144267257 1.44242030473e-08 8.23806574634e-09
BPM.8L7.B2 19686.66739 -0.0085031054605 0.00525956700821 9.84694146409e-09 -1.33751592485e-08
BPM.7L7.B2 19725.7314 -0.00330004911604 0.00943798301867 -1.25078782916e-08 -1.09206183055e-08
BPMR.6L7.B2 19760.5494 -0.00341610366091 0.00939659956731 -1.65716291331e-08 1.15902534676e-09
BPMWC.6L7.B2 19772.7279 -0.00205371431571 0.00978509607106 -1.55816292749e-08 5.75664077435e-09
BPMWE.5L7.B2 19849.7819 -0.00667013971474 0.00744815976155 6.47280173248e-09 1.52948522674e-08
BPMW.5L7.B2 19872.9869 -0.00867134746645 0.00497730658978 1.24750110909e-08 1.09549270876e-08
BPMWE.4L7.B2 19908.0719 -0.00866311324279 0.00499162464838 1.58255764237e-08 5.02796748677e-09
BPMW.4L7.B2 19936.1769 -0.0060098806278 0.00799044319616 1.61087591818e-08 -4.04879915369e-09
BPMW.4R7.B2 20052.2239 -0.00398561576439 0.00916955367566 -1.19571577934e-08 -1.15283087549e-08
BPMWE.4R7.B2 20080.3289 -0.00697220432883 0.00716618547452 -1.6129281572e-08 -3.92394041595e-09
BPMW.5R7.B2 20115.4139 -0.00663643557298 0.00747820637161 -1.6130606243e-08 3.96051299199e-09
BPMWE.5R7.B2 20138.6189 -0.00186478741633 0.00982285169958 -1.00260308584e-08 1.32413342427e-08
BPM.6R7.B2 20217.7584 0.00296985263731 0.00954703215209 1.57967159815e-08 5.13982383978e-09
BPM_A.7R7.B2 20255.7944 -0.000389797468424 0.00999069094468 1.45361895891e-08 -8.03659108334e-09
BPM.8R7.B2 20294.85841 -0.000476704171341 0.00998692148438 2.03423797606e-09 -1.64819079791e-08
BPM.9R7.B2 20333.92342 0.00479547925355 0.00877321072096 -1.64055999595e-08 -2.60517564845e-09
BPM.10R7.B2 20374.38643 0.00834513050855 0.00550678167593 -4.32607268426e-09 1.60395063042e-08
BPM.11R7.B2 20427.16714 0.00817388917383 0.0057578974825 1.52974087425e-08 6.46470249084e-09
BPM.12R7.B2 20481.89066 0.00886639666592 0.00462091525686 6.35136760431e-09 -1.53510093562e-08
BPM.13R7.B2 20535.33917 0.0084098213149 0.00540747196363 -1.54627426895e-08 -6.06511002158e-09
BPM.14R7.B2 20588.78769 0.00934896581422 0.00354438793502 -5.59739112165e-09 1.56318418428e-08
BPM.15R7.B2 20642.23621 0.00903244465317 0.00428728249812 1.56952761714e-08 5.42832070203e-09
BPM.16R7.B2 20695.68472 0.00972554963534 0.00231938180689 4.95652433522e-09 -1.58613841388e-08
BPM.17R7.B2 20749.13324 0.00950666534339 0.00309663715038 -1.59032619373e-08 -4.78141661752e-09
BPM.18R7.B2 20802.58175 0.00994234745093 0.00105620776213 -4.29210592123e-09 1.60398328633e-08
BPM.19R7.B2 20856.03027 0.00982468453287 0.00185510685286 1.60901861715e-08 4.11993728577e-09
BPM.20R7.B2 20909.47879 0.00999577698414 -0.000224254594136 3.63643948167e-09 -1.62092109154e-08
BPM.21R7.B2 20962.9273 0.0099812746265 0.000583099022344 -1.62443086748e-08 -3.46253131344e-09
BPM.22R7.B2 21016.37582 0.00988496505241 -0.00150110410719 -2.96936820448e-09 1.63458897187e-08
BPM.23R7.B2 21069.82433 0.00997386370231 -0.000698491573221 1.63772204222e-08 2.78335200289e-09
BPM.24R7.B2 21123.27285 0.00946979572813 -0.00272609502995 1.45824866814e-07 0.000144444208607
BPM.25R7.B2 21176.72137 0.00965890186462 -0.00195300794299 0.000144433729355 -1.74594612764e-06
BPM.26R7.B2 21230.16988 0.00904325984005 -0.00391510877989 -6.06603845449e-06 -0.000144316849591
BPM.27R7.B2 21283.6184 0.00932970357316 -0.00317257884455 -0.00014424061075 7.667786724e-06
BPM.28R7.B2 21337.06691 0.00832625004258 -0.00501256180042 1.21282867486e-05 0.000288402278348
BPM.29R7.B2 21390.51543 0.00870363051426 -0.0043242376691 0.000288250365546 -1.53197520473e-05
BPM.30R7.B2 21443.96394 0.00761660721076 -0.00603651474004 -2.39341353012e-05 -0.000287663217986
BPM.31R7.B2 21497.41246 0.0080788520328 -0.00540225559434 -0.000287379559423 2.71285231657e-05
BPM.32R7.B2 21550.86098 0.00678189526981 -0.00696118611314 3.57206628592e-05 0.000286438478613
BPM.33R7.B2 21604.30949 0.00732159860815 -0.00639111957899 0.000286025448042 -3.88897813381e-05
BPM.34R7.B2 21657.75801 0.00583563886933 -0.00777158507682 -4.74284753152e-05 -0.000284734102423
BPM.33L8.B2 21711.20652 0.00644367377817 -0.00727538891088 -0.000284189801689 5.05878032739e-05
BPM.32L8.B2 21764.65504 0.00479364931696 -0.00845417895667 5.90724807729e-05 0.000282548070461
BPM.31L8.B2 21818.10356 0.00546035004761 -0.00803970105182 0.000281876440999 -6.21984085091e-05
BPM.30L8.B2 21871.55207 0.00367269990027 -0.00899797149594 -7.06039637835e-05 -0.000279889351485
BPM.29L8.B2 21925.00059 0.00438673134114 -0.00867230094558 -0.000279088367854 7.37065319971e-05
BPM.28L8.B2 21978.4491 0.00249164685403 -0.00939382305348 8.20268038972e-05 0.000276757245724
BPM.27L8.B2 22031.89762 0.00324169909123 -0.00916207414186 0.000275831202886 -8.50888763074e-05
BPM.26L8.B2 22085.34614 0.00112757215849 -0.00960827480702 -9.31629053269e-05 -0.000128702268163
BPM.25L8.B2 22138.79465 0.00189925175296 -0.00948594784256 -0.000127660923896 9.45848263179e-05
BPM.24L8.B2 22192.24317 -0.000110608337383 -0.00967357894143 9.83629445892e-05 0.000124773119814
BPM.23L8.B2 22245.69168 0.000670400799422 -0.00965095469466 0.00012367468512 -9.97405263775e-05
BPM.22L8.B2 22299.1402 -0.00148909827672 -0.00955285215021 -0.000103254954201 2.38231287037e-05
BPM.21L8.B2 22352.58871 -0.000713243480132 -0.00964187127299 2.49667549917e-05 0.000102984408541
BPM.20L8.B2 22406.03723 -0.00269869690831 -0.00928393412885 0.000102191027772 -2.8037851754e-05
BPM.19L8.B2 22459.48575 -0.00194079675478 -0.00947141519867 -2.91694717279e-05 -0.000101873790827
BPM.18L8.B2 22512.93426 -0.00386426973067 -0.00886238214638 -0.000100955405339 3.220455202e-05
BPM.17L8.B2 22566.38278 -0.00313640051465 -0.00914534798227 3.33220142418e-05 0.000100592101156
BPM.16L8.B2 22619.83129 -0.00496606679796 -0.00829533474119 9.95496188665e-05 -3.63180491374e-05
BPM.15L8.B2 22673.27981 -0.00428053157536 -0.00866899344503 -3.74199936352e-05 -9.91406653629e-05
BPM.14L8.B2 22726.72833 -0.00598650915388 -0.00759184470558 -9.79767572788e-05 4.03693258137e-05
BPM.13L8.B2 22780.17684 -0.00535427144233 -0.00805022827156 4.14531601879e-05 9.75231412991e-05
BPM.12L8.B2 22833.62536 -0.00746281538598 -0.00614660755395 9.829024444e-05 -3.95999420878e-05
BPM.11L8.B2 22887.07387 -0.00700398499212 -0.00666472746121 -2.39281401006e-05 -0.000103230670126
BPM.10L8.B2 22938.91258 -0.00812170517655 -0.00524521714458 -0.00010592678069 2.94003603597e-06
BPM.9L8.B2 22977.9776 -0.00901386813349 -0.00349636656886 -2.96457935312e-05 0.000101736200083
BPM.8L8.B2 23018.44061 -0.00782536162811 0.00567786168334 0.000105863044534 4.70543269578e-06
BPM.7L8.B2 23057.50662 -0.00892692839132 0.00371272775607 6.50465172555e-05 -8.36545219841e-05
BPM.6L8.B2 23089.97562 -0.00938632244831 -0.00231761706145 -3.89081296724e-05 -9.85661434322e-05
BPMR.5L8.B2 23150.39462 -0.00679222665375 -0.00688041096195 -6.64424544095e-05 8.25501649614e-05
BPMYB.4L8.B2 23171.16162 -0.0081501435827 -0.00520091890199 -3.43523007255e-06 0.000105911882199
BPMWB.4L8.B2 23195.62912 -0.00703623106715 -0.00663067494897 8.2984598652e-05 6.58990422776e-05
BPMSX.4L8.B2 23245.78612 -0.00940250588484 -0.00225106218142 3.91081545108e-05 -9.84869533431e-05
BPMS.2L8.B2 23283.69762 -0.00940531004611 -0.00223931688995 -3.33788243751e-05 -0.000100573238321
BPMSW.1L8.B2 23293.63162 -0.00931458557627 -0.002590925263 -5.82177006815e-05 -8.85427983692e-05
BPMSW.1R8.B2 23336.82162 -0.00931458240035 -0.00259093666858 9.68548419814e-05 -4.2991454235e-05
BPMS.2R8.B2 23346.75562 -0.00940530893632 -0.00223932184742 8.24680230445e-05 -6.65443032819e-05
BPMSX.4R8.B2 23384.66712 -0.00940250503884 -0.002251065719 2.0367677928e-05 -0.000103991760712
BPMWI.4R8.B2 23434.90012 -0.00703694639884 -0.00662991578319 -0.000105407213761 1.08833158969e-05
BPMYB.4R8.B2 23459.29162 -0.00815701520076 -0.00519013496592 -5.43728181457e-05 9.09545177709e-05
BPMYB.5R8.B2 23479.86862 -0.00705834561263 -0.00660712911427 8.32245133605e-06 0.000105640259154
BPMR.6R8.B2 23563.97662 -0.00772544373184 -0.00581308153687 9.95838469114e-05 -3.62240996381e-05
BPM_A.7R8.B2 23586.21662 -0.00821970007011 -0.00509027787806 8.1180487266e-05 -6.81091350883e-05
BPM.8R8.B2 23627.65561 -0.00929154758814 -0.00267236623974 -3.89048734042e-05 -9.85674309981e-05
BPM.9R8.B2 23666.7226 -0.00865090076315 0.00431697972147 -5.27634746331e-05 9.18974624137e-05
BPM.10R8.B2 23707.18758 -0.00918158616959 0.00302867518855 7.87503158362e-05 7.09049712248e-05
BPM.11R8.B2 23759.02827 -0.00833881280938 0.0048927087419 8.35474246137e-05 -6.51839996105e-05
BPM.12R8.B2 23813.75476 -0.00799372781535 0.00543826383293 -6.39000351563e-05 -8.45334999763e-05
BPM.13R8.B2 23867.20624 -0.00608639436178 0.00751200383348 -7.81050995747e-05 7.1615088028e-05
BPM.14R8.B2 23920.65773 -0.00667267351837 0.00699641522581 7.24848124158e-05 7.72986392511e-05
BPM.15R8.B2 23974.10921 -0.00507519579534 0.00822902093568 7.50855614316e-05 -7.47749028442e-05
BPM.16R8.B2 24027.56069 -0.00572291083442 0.00779247646868 -7.56116517785e-05 -7.42428782143e-05
BPM.17R8.B2 24081.01218 -0.00398089183758 0.00881061280979 -7.19381368892e-05 7.78076572891e-05
BPM.18R8.B2 24134.46366 -0.00467891449474 0.00846062391605 7.86086023105e-05 7.10620530257e-05
BPM.19R8.B2 24187.91515 -0.00282095463526 0.00924751928178 6.86680220271e-05 -8.07083042731e-05
BPM.20R8.B2 24241.36663 -0.00355825304456 0.00898961807754 -8.14727549039e-05 -6.77592675999e-05
BPM.21R8.B2 24294.81811 -0.00161488933918 0.00953239373664 -6.52811179968e-05 8.34715692954e-05
BPM.22R8.B2 24348.2696 -0.00237886948182 0.00937098595867 8.41975891137e-05 6.43420058961e-05
BPM.23R8.B2 24401.72108 -0.000382054957906 0.00966066415501 6.17833662901e-05 -8.60926426507e-05
BPM.24R8.B2 24455.17257 -0.000972095454665 0.00961019740576 -8.38986880075e-05 -0.000249876203274
BPM.25R8.B2 24508.62405 0.0010436220102 0.00960269320532 -0.000247242853253 9.13678197731e-05
BPM.26R8.B2 24562.07554 0.00026544052877 0.00965558931852 9.41315354538e-05 0.000246203903026
BPM.27R8.B2 24615.52702 0.00226386337639 0.00939019628751 0.000243265053265 -0.000101485070419
BPM.28R8.B2 24668.9785 0.0016868887279 0.00955428442314 -0.000101322258294 -0.000431176405417
BPM.29R8.B2 24722.42999 0.00363300374846 0.00899617853452 -0.00042793671643 0.000114234233474
BPM.30R8.B2 24775.88147 0.002895439495 0.00925993383078 0.000119023207687 0.000426629545167
BPM.31R8.B2 24829.33296 0.00475453565698 0.00845720610882 0.000422863020726 -0.000131780730918
BPM.32R8.B2 24882.78444 0.00405607425784 0.00881352404207 -0.000136507732771 -0.000421360809828
BPM.33R8.B2 24936.23592 0.00579692159292 0.00777982291119 -0.000417066418234 0.000149113694109
BPM.34R8.B2 24989.68741 0.00515040051917 0.00822212374655 0.000153780314987 0.000415368400509
BPM.33L1.B2 25043.13889 0.00674490731693 0.00697396369878 0.0004105651335 -0.000166179308139
BPM.32L1.B2 25096.59038 0.00615975748962 0.00749582097503 -0.000170765247928 -0.000408678998134
BPM.31L1.B2 25150.04186 0.00758136359387 0.00605416142004 -0.000403358433117 0.000182978864677
BPM.30L1.B2 25203.49334 0.00706819862422 0.00664609002459 0.000187490414782 0.000401281246111
BPM.29L1.B2 25256.94483 0.00829376183832 0.00503422874063 0.000395474467527 -0.000199447337558
BPM.28L1.B2 25310.39631 0.00786022664521 0.00568742309901 -0.000203861921581 -0.000393217002556
BPM.27L1.B2 25363.8478 0.00886950186576 0.00393215986018 -0.000386906085612 0.000215599094121
BPM.26L1.B2 25417.29928 0.00871203753877 0.00464701110355 0.000222803131071 0.000195408200674
BPM.25L1.B2 25470.75077 0.00948683254948 0.00273757528672 0.000188633098258 -0.000228567610561
BPM.24L1.B2 25524.20225 0.00923488226484 0.00349446130601 -0.000230667654246 -0.000186059217836
BPM.23L1.B2 25577.65373 0.00975907748022 0.00150157149273 -0.000179037775564 0.000236159012116
BPM.22L1.B2 25631.10522 0.00979484582151 0.00229621647176 0.00024103408704 -1.26815049401e-05
BPM.21L1.B2 25684.5567 0.0100581383451 0.000213231786817 -1.99131890397e-05 -0.000240544625651
BPM.20L1.B2 25738.00819 0.0100081085534 0.00102439150215 -0.00024030593875 2.26121563475e-05
BPM.19L1.B2 25791.45967 0.0100027806976 -0.00107517117396 2.98254481625e-05 0.000239517632712
BPM.18L1.B2 25844.91115 0.0100569246904 -0.000264349293571 0.000239169138631 -3.25019353371e-05
BPM.17L1.B2 25898.36264 0.00978303615933 -0.00234602179464 -3.96690602221e-05 -0.000238085316144
BPM.16L1.B2 25951.81412 0.00994047151684 -0.00154875459594 -0.000237625004641 4.23392206415e-05
BPM.15L1.B2 26005.26561 0.00940256201522 -0.00357818980929 4.94625060691e-05 0.00023624502813
BPM.14L1.B2 26058.71709 0.00966068978888 -0.00280761243082 0.000235677122846 -5.21012970226e-05
BPM.13L1.B2 26112.16857 0.00886751965259 -0.00475170600715 -5.91553300933e-05 -0.00023400619431
BPM.12L1.B2 26165.62006 0.00965180054985 -0.00283802060911 -0.000237283192593 4.42146614977e-05
BPM.11L1.B2 26219.07154 0.00939410460347 -0.00360033519064 1.75357348208e-05 0.000240729622992
BPM.10L1.B2 26271.85423 0.00892279741131 -0.00464707447374 0.000239288916396 -3.16080343976e-05
BPM.9L1.B2 26310.92122 0.00777615100904 -0.00638303143129 -1.03649538403e-05 -0.000241144809415
BPM.8L1.B2 26351.38621 0.0100298515008 0.000783386020646 -0.000208379114858 0.00012180475198
BPM.7L1.B2 26390.4542 0.00861405520809 -0.0051970826074 0.000101647219581 0.000218920294501
BPMR.6L1.B2 26433.6382 0.00816307125752 -0.00588012605266 0.000234705121356 5.63183499057e-05
BPM.5L1.B2 26465.5382 0.00818793962518 -0.00584544776211 0.000233709900013 -6.03153100084e-05
BPMYA.4L1.B2 26486.6562 0.00814262475819 -0.00590840730266 0.000203828242672 -0.000129276067122
BPMWB.4L1.B2 26507.7127 0.00722588157859 -0.00699987501107 0.000142616580707 -0.000194727408988
BPMSY.4L1.B2 26600.5687 0.006624878057 -0.00757116936117 -0.000205455406085 -0.000126674105056
BPMS.2L1.B2 26627.3542 0.00584550448392 -0.00818789912567 -0.000240087192735 -2.48273095664e-05
BPMSW.1L1.B2 26637.4082 0.00554500551227 -0.00839431525424 -0.000237491650104 4.30809590948e-05
