BPMSW.1R1.B2 21.475 -0.00858954064413 -0.0055133949766 3.5900068908e-05 2.87670701858e-05
BPMS.2R1.B2 31.529 -0.00838413684087 -0.00582099494974 4.24958865545e-05 1.76198178599e-05
BPMSY.4R1.B2 58.3145 -0.00776887909187 -0.00661983762684 4.59307471599e-05 -2.59349565018e-06
BPMWB.4R1.B2 151.1705 -0.00719743268934 -0.00723703635699 -6.23915753864e-06 -4.55788601032e-05
BPMYA.4R1.B2 172.227 -0.00610240211875 -0.00818159036613 -2.24375769475e-05 -4.01611053648e-05
BPMR.5R1.B2 199.635 -0.00628903006028 -0.00803901943207 -3.65211655466e-05 -2.79743421143e-05
BPM.6R1.B2 231.535 -0.00563192542178 -0.00851229396464 -4.55319105252e-05 -6.57301946138e-06
BPMRA.7R1.B2 259.259 -0.00491472445898 -0.00894556963131 -4.21061969819e-05 1.85318051119e-05
BPM.8R1.B2 300.6960106 -0.00146404213445 -0.0101012035536 9.10196245642e-06 4.50945030999e-05
BPM.9R1.B2 339.7610212 -0.00249429997891 -0.00989728246308 4.11674481393e-05 -2.05329202556e-05
BPM.10R1.B2 380.2240318 -0.00641327783001 -0.0079402518869 -2.89720643628e-05 -3.57348557237e-05
BPM.11R1.B2 433.0047424 -0.00169234215684 -0.0100654712044 -2.5922348634e-05 3.80051482025e-05
BPM.12R1.B2 487.7282583 -0.0032776383902 -0.00966616879063 4.00025873477e-05 2.27189813757e-05
BPM.13R1.B2 541.1767742 -0.00187896902881 -0.0100323082054 2.04107201797e-05 -4.12281722352e-05
BPM.14R1.B2 594.6252901 -0.00392007336692 -0.00942394595434 -4.18203626073e-05 -1.91681262192e-05
BPM.15R1.B2 648.073806 -0.00314678475651 -0.00970955602667 -1.87032021908e-05 4.20303442997e-05
BPM.16R1.B2 701.5223219 -0.00509332684235 -0.00884509775126 4.25712339326e-05 1.74370156838e-05
BPM.17R1.B2 754.9708378 -0.00436294269219 -0.00922726739607 1.6963776455e-05 -4.27620135383e-05
BPM.18R1.B2 808.4193537 -0.00618298587648 -0.00812086313925 -4.32505084094e-05 -1.56765170155e-05
BPM.19R1.B2 861.8678696 -0.00550747350373 -0.00859333859133 -1.51959926542e-05 4.34216727546e-05
BPM.20R1.B2 915.3163855 -0.00717097071436 -0.00726325763218 4.38569958971e-05 1.38897188007e-05
BPM.21R1.B2 968.7649014 -0.00656146070743 -0.00781824570638 1.34023976457e-05 -4.40083557416e-05
BPM.22R1.B2 1022.213417 -0.00804119900319 -0.00628624301067 -4.43897126209e-05 -1.20794496187e-05
BPM.23R1.B2 1075.661933 -0.00750767872087 -0.00691465781671 -1.15865582973e-05 4.45209106256e-05
BPM.24R1.B2 1129.110449 -0.00871763591891 -0.0052177329612 4.47856456466e-05 -5.24778028083e-05
BPM.25R1.B2 1182.558965 -0.00826816601025 -0.00590418022457 -5.29711831488e-05 -4.42009872608e-05
BPM.26R1.B2 1236.007481 -0.00931348033691 -0.00405967944938 -4.25963239386e-05 5.42699395256e-05
BPM.27R1.B2 1289.455997 -0.00895548225839 -0.00479804656167 5.47390526515e-05 4.19917795147e-05
BPM.28R1.B2 1342.904513 -0.00969464189667 -0.00284671274562 4.02717227558e-05 -0.000118697369243
BPM.29R1.B2 1396.353029 -0.00943331413608 -0.003619729179 -0.000119136412367 -3.89537226214e-05
BPM.30R1.B2 1449.801545 -0.00997914914269 -0.00158317316165 -3.53724367753e-05 0.000120248353837
BPM.31R1.B2 1503.25006 -0.00981883803782 -0.00238333265404 0.000120633486613 3.40358575311e-05
BPM.32R1.B2 1556.698576 -0.0100996843507 -0.000293650975856 3.04091217568e-05 -0.00012159837113
BPM.33R1.B2 1610.147092 -0.0100430492544 -0.0011077078255 -0.000121927899364 -2.9059679261e-05
BPM.34R1.B2 1663.595608 -0.0100542739332 0.00100071502316 -2.53992751594e-05 0.000122742635266
BPM.33L2.B2 1717.044124 -0.0101022385467 0.000186094688732 0.0001230169524 2.40355327117e-05
BPM.32L2.B2 1770.49264 -0.00984366346012 0.00227862779048 2.03420291931e-05 -0.000123681365735
BPM.31L2.B2 1823.941156 -0.00999544266157 0.00147681446206 -0.000123899192534 -1.89701868311e-05
BPM.30L2.B2 1877.389672 -0.00947131158199 0.00351910667806 -1.52551681283e-05 0.000124411242265
BPM.29L2.B2 1930.838188 -0.00972439883243 0.00274334144363 0.000124572880246 1.38735214082e-05
BPM.28L2.B2 1984.286704 -0.00894333957911 0.00470175840451 1.01381882386e-05 -0.000124932362883
BPM.27L2.B2 2037.73522 -0.00929361043447 0.0039646765339 -0.00012503703726 -8.75307920299e-06
BPM.26L2.B2 2091.183735 -0.00820679621916 0.00579536851251 -5.06925781306e-06 6.25164468959e-05
BPM.25L2.B2 2144.632251 -0.00864769338953 0.00511421542339 6.25688334553e-05 4.3754300932e-06
BPM.24L2.B2 2198.080767 -0.00739803847437 0.00679756037401 2.50081871681e-06 -6.26717582297e-05
BPM.23L2.B2 2251.529283 -0.00792247740853 0.00617836159889 -6.26956321819e-05 -1.80585087091e-06
BPM.22L2.B2 2304.977799 -0.00640611113376 0.00767627573075 9.50866642539e-09 -4.05923670818e-09
BPM.21L2.B2 2358.426315 -0.00700468267936 0.00713427568472 -4.16124052955e-09 -9.45830410041e-09
BPM.20L2.B2 2411.874831 -0.00537154600739 0.00843267231947 -9.33266454689e-09 4.44417481756e-09
BPM.19L2.B2 2465.323347 -0.00603452293614 0.00797170006211 4.54452850525e-09 9.27736757369e-09
BPM.18L2.B2 2518.771863 -0.0042487037777 0.00905052402618 9.14498959661e-09 -4.82253933154e-09
BPM.17L2.B2 2572.220379 -0.00496521206537 0.00867814139409 -4.92281559664e-09 -9.08962276073e-09
BPM.16L2.B2 2625.668894 -0.00305606911317 0.00951965916002 -8.94104438745e-09 5.19366601627e-09
BPM.15L2.B2 2679.11741 -0.00381431449006 0.00924199512813 5.29348389033e-09 8.88032216607e-09
BPM.14L2.B2 2732.565926 -0.00181320412609 0.00983238321837 8.71080564061e-09 -5.55516898947e-09
BPM.13L2.B2 2786.014442 -0.00260075060054 0.00965399219345 -5.65034393518e-09 -8.64976254944e-09
BPM.12L2.B2 2839.462958 -0.000315319318662 0.00999319982188 -8.55689727371e-09 5.79366358438e-09
BPM.11L2.B2 2892.911474 -0.0022205674203 0.00974846394431 4.94006639553e-09 9.0755414254e-09
BPM.10L2.B2 2944.750185 -0.00142213805665 0.00989651414879 9.83206778736e-09 -3.16768110419e-09
BPM.9L2.B2 2983.815195 0.000588487912215 0.00998083918925 -1.10379784267e-09 -1.02751025208e-08
BPM.8L2.B2 3024.278206 0.00441257052604 0.00897177185989 -6.48143003895e-09 8.05102952926e-09
BPM.7L2.B2 3063.344216 -0.00603952417957 0.00796791168199 8.8656637439e-09 5.32381139781e-09
BPM.6L2.B2 3095.450216 -0.00677759664355 0.00735035051243 1.03183488823e-08 6.21804045092e-10
BPMYB.5L2.B2 3167.649216 -0.00470536627482 0.00882173436271 1.22665319353e-09 -1.02624823371e-08
BPMYB.4L2.B2 3188.219216 -0.00291366495174 0.00956420542922 -4.9902958134e-09 -9.05099395341e-09
BPMWB.4L2.B2 3212.610716 -0.0046552634673 0.00884827616128 -1.0237021989e-08 -1.42344632062e-09
BPMSX.4L2.B2 3262.843716 0.000362711387564 0.00999159193319 1.62382012038e-09 1.02031705187e-08
BPMS.2L2.B2 3300.755216 0.000375186368295 0.00999113127496 7.80349393931e-09 6.77029599212e-09
BPMSW.1L2.B2 3310.689216 -2.70029640248e-07 0.00999817327687 9.29251755041e-09 4.52313996523e-09
BPMSW.1R2.B2 3353.879216 -2.75370912899e-07 0.00999817327923 -5.97771035097e-09 8.43033331503e-09
BPMS.2R2.B2 3363.813216 0.000375182554758 0.00999113141735 -3.6266800436e-09 9.68628656446e-09
BPMSX.4R2.B2 3401.724716 0.000362707363186 0.00999159207977 3.47666088599e-09 9.73346076906e-09
BPMWB.4R2.B2 3451.881716 -0.00465672348669 0.00884750786017 8.31541754034e-09 -6.13719339121e-09
BPMYB.4R2.B2 3476.349216 -0.00295576015638 0.00955128006306 3.7532800698e-11 -1.03343132356e-08
BPM.5R2.B2 3505.883216 -0.00809653871896 0.00586596367159 -9.2878784416e-09 -4.54253087474e-09
BPMR.6R2.B2 3579.179216 -0.0088872470099 0.00458042677888 -5.08012047812e-09 9.0024557576e-09
BPM_A.7R2.B2 3592.054216 -0.0086843038508 0.00495442585666 -3.40810933091e-09 9.75675267565e-09
BPM.8R2.B2 3633.493206 -0.00614555486352 0.00788642025086 6.98755279659e-09 7.61697774857e-09
BPM.9R2.B2 3672.560195 0.00388393348564 0.00921295444669 4.27950410185e-09 -9.40765230747e-09
BPM.10R2.B2 3713.025185 0.00455133959048 0.00890217821043 -7.27953140294e-09 -7.33284767723e-09
BPM.11R2.B2 3764.865874 0.00521067880747 0.00853301209194 -8.00242312246e-09 6.53511327798e-09
BPM.12R2.B2 3819.592358 0.00466094502162 0.00884528464534 7.22067098988e-09 7.3948611483e-09
BPM.13R2.B2 3873.043842 0.00712868077433 0.00701037655813 6.58003172009e-09 -7.97812990812e-09
BPM.14R2.B2 3926.495326 0.00653972052892 0.00756277226619 -8.04149323717e-09 -6.48848113126e-09
BPM.15R2.B2 3979.94681 0.0079670203791 0.00604069990143 -6.23796781205e-09 8.23645497757e-09
BPM.16R2.B2 4033.398294 0.00745347228323 0.00666402430159 8.31178205466e-09 6.1483485543e-09
BPM.17R2.B2 4086.849779 0.00867432372787 0.00497187859947 5.8978844719e-09 -8.48446376881e-09
BPM.18R2.B2 4140.301263 0.00824473660108 0.00565577469009 -8.54970010678e-09 -5.80281056129e-09
BPM.19R2.B2 4193.752747 0.00923909207873 0.00382134092894 -5.54095321834e-09 8.72416024638e-09
BPM.20R2.B2 4247.204231 0.00890052114766 0.00455457926231 8.78834037952e-09 5.44088087643e-09
BPM.21R2.B2 4300.655715 0.00965202941693 0.00260802551722 5.17842333827e-09 -8.94170278724e-09
BPM.22R2.B2 4354.107199 0.00941004317425 0.00337854353204 -9.00076663518e-09 -5.07585140347e-09
BPM.23R2.B2 4407.558683 0.00990636239656 0.00135183319292 -4.80614788134e-09 9.15406486035e-09
BPM.24R2.B2 4461.010167 0.00965258461396 0.00213987105504 -1.70488568857e-06 0.000112522917757
BPM.25R2.B2 4514.461651 0.00988652481884 8.98045755918e-05 0.000112523365859 -1.67538642072e-06
BPM.26R2.B2 4567.913135 0.00984702219994 0.000887463607608 -2.9350217678e-06 -0.000112497556588
BPM.27R2.B2 4621.36462 0.00981677919798 -0.00117570574892 -0.000112358531721 6.31462660354e-06
BPM.28R2.B2 4674.816104 0.00976729657005 -0.000386606596425 5.86185952943e-06 0.000224795838231
BPM.29R2.B2 4728.267588 0.00947435971745 -0.00240542197892 0.000224518491706 -1.26085007443e-05
BPM.30R2.B2 4781.719072 0.00963758631292 -0.00163293507696 -1.51195602172e-05 -0.000224363380016
BPM.31R2.B2 4835.170556 0.00908875348867 -0.00359779195526 -0.000223807433475 2.18577459886e-05
BPM.32R2.B2 4888.62204 0.00934950777051 -0.0028524115019 2.43672685831e-05 0.000223548124236
BPM.33R2.B2 4942.073524 0.00855389925889 -0.0047307879296 0.000222715740329 -3.10680963275e-05
BPM.34R2.B2 4995.525008 0.00890777930824 -0.00402504841684 -3.35584352216e-05 -0.000222354134426
BPM.33L3.B2 5048.976492 0.00787830708793 -0.00578634810649 -0.000221244796152 4.02277087379e-05
BPM.32L3.B2 5102.427976 0.00831969686069 -0.00513149013734 4.27066474689e-05 0.000220779689017
BPM.31L3.B2 5155.87946 0.00707350432037 -0.0067464867586 0.000219397840997 -4.93164493952e-05
BPM.30L3.B2 5209.330945 0.00759485151236 -0.00615367998826 -5.17692414741e-05 -0.000218832065175
BPM.29L3.B2 5262.782429 0.00615213002564 -0.0075961071005 -0.000217177014936 5.83238490484e-05
BPM.28L3.B2 5316.233913 0.00674527865036 -0.00707465637745 6.075530064e-05 0.000216509402958
BPM.27L3.B2 5369.685397 0.00513007392254 -0.00832057020277 0.000214587339888 -6.72294689796e-05
BPM.26L3.B2 5423.136881 0.00567248563705 -0.00788651401298 -7.13441375581e-05 -0.000101303348287
BPM.25L3.B2 5476.588365 0.00391202398488 -0.00889214624721 -9.9113675968e-05 7.43561312451e-05
BPM.24L3.B2 5530.039849 0.00461707482245 -0.00854732803551 7.54620547381e-05 9.82742760698e-05
BPM.23L3.B2 5583.491333 0.00274247913508 -0.00931949594913 9.59631970195e-05 -7.83799707713e-05
BPM.22L3.B2 5636.942817 0.00337336084043 -0.00907484264682 -8.11650805574e-05 1.74370448431e-05
BPM.21L3.B2 5690.394301 0.00141641573166 -0.00957737431816 1.98676873419e-05 8.06045661451e-05
BPM.20L3.B2 5743.845786 0.0021848538568 -0.00943179441652 8.03769336333e-05 -2.07694276758e-05
BPM.19L3.B2 5797.29727 0.000179551365655 -0.00967988087005 -2.31748736895e-05 -7.97166635125e-05
BPM.18L3.B2 5850.748754 0.000960192136336 -0.00963381354844 -7.94519976723e-05 2.40665905683e-05
BPM.17L3.B2 5904.200238 -0.00106021061236 -0.00962331989608 2.64426487274e-05 7.86931237394e-05
BPM.16L3.B2 5957.651722 -0.000279988225001 -0.00967749652268 7.83918991863e-05 -2.73227249533e-05
BPM.15L3.B2 6011.103206 -0.00228261384865 -0.00940861341725 -2.96656865547e-05 -7.75355921064e-05
BPM.14L3.B2 6064.55469 -0.00151582708611 -0.00956214414283 -7.71984098111e-05 3.05323887221e-05
BPM.13L3.B2 6118.006174 -0.00346743617533 -0.00903931516925 3.28377318185e-05 7.62463408306e-05
BPM.12L3.B2 6171.457658 -0.00132407593196 -0.00959057637938 7.85151985958e-05 -2.69663827958e-05
BPM.11L3.B2 6224.909142 -0.000341735027324 -0.00967551288243 -2.34813262561e-05 -7.96269356542e-05
BPM.10L3.B2 6277.691832 0.00362887363612 -0.00897572328555 -8.12510480065e-05 1.70319789274e-05
BPM.9L3.B2 6316.758821 0.0020700777791 -0.00945764824627 -3.94135615698e-05 7.30643017781e-05
BPM.8L3.B2 6357.223811 0.000240141533831 -0.00967856727017 3.67202995954e-05 7.44542847963e-05
BPM.7L3.B2 6396.2898 -0.00384602935092 -0.008884840496 8.30072861134e-05 1.2696595261e-06
BPMR.6L3.B2 6468.9288 -0.00936417453233 -0.00245857026759 -3.81025409347e-05 -7.3756479889e-05
BPMWE.5L3.B2 6511.9823 -0.00941395816377 -0.00226046988181 -7.42644223682e-05 -3.71027889278e-05
BPMW.5L3.B2 6539.5273 -0.0082809939706 -0.00501572240294 -8.30165291e-05 -2.7794144614e-07
BPMWE.4L3.B2 6614.6553 -0.00950398420758 -0.00184570218021 -2.44716074269e-05 7.93281861006e-05
BPMW.4L3.B2 6642.2003 -0.00761905781092 0.00597346553014 5.34407353912e-05 6.35288123814e-05
BPMW.4R3.B2 6687.1653 -0.00613208551249 0.00749198636126 8.11957222054e-05 1.72938186974e-05
BPMWE.4R3.B2 6714.7103 -0.00744384750711 0.0061904334803 8.17869634948e-05 -1.42377635561e-05
BPMW.5R3.B2 6789.8383 -0.00615458261105 0.0074735162524 2.35450756803e-05 -7.96081099443e-05
BPMWE.5R3.B2 6817.3833 -0.00266703357023 0.00930694709837 -2.51235198241e-05 -7.91241424481e-05
BPMWC.6R3.B2 6858.3743 -0.00176468768548 0.00951935973358 -6.7550528528e-05 -4.82571063041e-05
BPM.6R3.B2 6870.5288 -0.00277703919373 0.00927471755474 -7.65064000411e-05 -3.22272017439e-05
BPM_A.7R3.B2 6926.3528 -0.00256887436977 0.00933451749597 -6.19724730316e-05 5.52379807048e-05
BPM.8R3.B2 6965.418789 -0.00721053810616 0.00646068669575 5.10111421938e-05 6.54956836271e-05
BPM.9R3.B2 7004.485779 -0.00932256988855 -0.00261190025917 5.5940073426e-05 -6.13394609196e-05
BPM.10R3.B2 7044.950768 -0.00956147857273 -0.00152001966624 -6.24717626502e-06 -8.27816044752e-05
BPM.11R3.B2 7097.733458 -0.00954983100625 0.00159155902293 -8.23525715806e-05 -1.04821417751e-05
BPM.12R3.B2 7152.459942 -0.00854989531012 0.00454220458941 7.69780704421e-06 8.26593318635e-05
BPM.13R3.B2 7205.911426 -0.00913640392596 0.00320288239565 8.19964907809e-05 -1.29767821927e-05
BPM.14R3.B2 7259.36291 -0.00827273346542 0.00502933527903 -1.54340698129e-05 -8.15696664799e-05
BPM.15R3.B2 7312.814394 -0.00865168224561 0.00434519581108 -8.13917334322e-05 1.6346455845e-05
BPM.16R3.B2 7366.265878 -0.00756137007976 0.00604632242033 1.87839896999e-05 8.08639804212e-05
BPM.17R3.B2 7419.717362 -0.00802469118696 0.00541633304585 8.06483220253e-05 -1.96893313534e-05
BPM.18R3.B2 7473.168846 -0.00672576571481 0.00696393624002 -2.2103688141e-05 -8.00203003822e-05
BPM.19R3.B2 7526.62033 -0.0072659176681 0.00639834141581 -7.97677650069e-05 2.29983806801e-05
BPM.20R3.B2 7580.071814 -0.00577961449647 0.00776713516331 2.53842589287e-05 7.90408793639e-05
BPM.21R3.B2 7633.523299 -0.00638762766633 0.00727533814463 7.87513762728e-05 -2.6268656594e-05
BPM.22R3.B2 7686.974783 -0.00473852536173 0.00844267195584 -2.86229106779e-05 -7.79265699797e-05
BPM.23R3.B2 7740.426267 -0.00540452061146 0.00803265144669 -7.76011167946e-05 2.94938566542e-05
BPM.24R3.B2 7793.877751 -0.00347118369145 0.00895109770082 3.16455770523e-05 -7.4411177737e-05
BPM.25R3.B2 7847.329235 -0.0041823718588 0.00864170306858 -7.47610402173e-05 -3.08099422599e-05
BPM.26R3.B2 7900.780719 -0.00229761292058 0.00932160078201 -2.85501383142e-05 7.56528592582e-05
BPM.27R3.B2 7954.232203 -0.00304241843184 0.0091057650087 7.59679977728e-05 2.77006942227e-05
BPM.28R3.B2 8007.683687 -0.000937913764151 0.00951057476349 2.52391395149e-05 -0.00022785511876
BPM.29R3.B2 8061.135171 -0.00170263809657 0.00940381507875 -0.000228123560919 -2.26850239307e-05
BPM.30R3.B2 8114.586655 0.000286423879195 0.00955241728253 -1.58212812711e-05 0.000228702113927
BPM.31R3.B2 8168.03814 -0.00048533202291 0.00954437883785 0.000228865013633 1.32579805854e-05
BPM.32R3.B2 8221.489624 0.00150609377987 0.00943728754088 6.37656542013e-06 -0.000229160011194
BPM.33R3.B2 8274.941108 0.000739317581811 0.00952807032353 -0.000229217075573 -3.80810957276e-06
BPM.34R3.B2 8328.392592 0.00270100048714 0.00916707755978 3.0810117618e-06 0.000229228000472
BPM.33L4.B2 8381.844076 0.00195245071529 0.00935514034012 0.000229179123699 -5.64803215861e-06
BPM.32L4.B2 8435.29556 0.00385151242859 0.0087462315626 -1.25294120939e-05 -0.000228906056554
BPM.31L4.B2 8488.747044 0.00313288775845 0.00902860614204 -0.000228751209516 1.50948664141e-05
BPM.30L4.B2 8542.198528 0.00493876326314 0.00818164604178 2.19622622144e-05 0.000228194278389
BPM.29L4.B2 8595.650012 0.0042624140592 0.00855351044716 0.000227934119572 -2.45154711021e-05
BPM.28L4.B2 8649.101496 0.00594481192358 0.00748264163114 -3.13502712458e-05 -0.000227094983762
BPM.27L4.B2 8702.55298 0.00532138347161 0.00793811013488 -0.000226729091039 3.38952933462e-05
BPM.26L4.B2 8756.004465 0.00700159272947 0.00663238100098 4.05259692034e-05 7.45194449438e-05
BPM.25L4.B2 8809.455949 0.0064434538202 0.00717584010684 7.40609238708e-05 -4.13579560999e-05
BPM.24L4.B2 8862.907433 0.00779250126085 0.00568222690158 -4.35642344428e-05 -7.27850198092e-05
BPM.23L4.B2 8916.358917 0.00730844571652 0.00629264646496 -7.22920912456e-05 4.43774089043e-05
BPM.22L4.B2 8969.810401 0.00860381658872 0.00461038308037 4.63642060165e-05 -8.01656974647e-05
BPM.21L4.B2 9023.261885 0.00820360866003 0.00528981068241 -8.06803108159e-05 -4.5462799411e-05
BPM.20L4.B2 9076.713369 0.00912290563166 0.00347187050621 -4.30175696725e-05 8.20101684286e-05
BPM.19L4.B2 9130.164853 0.00881293733714 0.00419683541537 8.2486806958e-05 4.20963830033e-05
BPM.18L4.B2 9183.616337 0.00949209825028 0.00227626072278 3.96000478574e-05 -8.37138845047e-05
BPM.17L4.B2 9237.067821 0.00927740208831 0.00303497982532 -8.41524970694e-05 -3.86592216688e-05
BPM.16L4.B2 9290.519306 0.00970530090182 0.00104327679489 -3.61126843297e-05 8.52763357256e-05
BPM.15L4.B2 9343.97079 0.00958943482819 0.00182319273586 8.56753971352e-05 3.51554318315e-05
BPM.14L4.B2 9397.422274 0.0097590213167 -0.000206869494568 3.25664422183e-05 -8.66925875339e-05
BPM.13L4.B2 9450.873758 0.00974387926997 0.000581471260449 -8.70522008637e-05 -3.15926129513e-05
BPM.12L4.B2 9504.325242 0.00945864516112 -0.00241149824654 -3.38766388984e-05 8.61890441239e-05
BPM.11L4.B2 9557.776726 0.00953881883361 -0.00207176913086 7.94513430287e-05 4.75779625236e-05
BPMC.10L4.B2 9609.617415 0.0092083168631 -0.00323854791548 5.81947412361e-05 -7.20385448079e-05
BPMC.9L4.B2 9648.684405 0.00886623633324 -0.00408303139743 -6.00922839726e-05 -7.04634326259e-05
BPMC.8L4.B2 9689.149394 0.00717189088343 -0.00662157633531 -7.29923802999e-06 9.23195499051e-05
BPMC.7L4.B2 9728.215384 0.00968658898531 0.00120469324349 9.25834123647e-05 -2.11875626604e-06
BPMYA.6L4.B2 9824.819384 0.00975838847402 -0.000234832750146 2.40792146864e-05 -8.94224196853e-05
BPMYB.5L4.B2 9861.819384 0.0097587956003 -0.000217256568491 -8.71496601364e-07 -9.2603559596e-05
BPMWA.B5L4.B2 9964.209884 0.00831009163026 -0.00512090511263 -8.04947991132e-05 -4.57904523546e-05
BPMWA.A5L4.B2 9973.094884 0.00812273118112 -0.00541318115693 -8.44268999362e-05 -3.80562264563e-05
BPMWA.A5R4.B2 10021.14388 0.00745946768064 -0.00629584259519 -9.24982674993e-05 4.49985240767e-06
BPMWA.B5R4.B2 10030.02888 0.00742033621299 -0.00634191631644 -9.18331887657e-05 1.19517322433e-05
BPMYA.5R4.B2 10132.49538 0.00834991849372 -0.00505570500703 -5.3717711994e-05 7.54359725794e-05
BPMYB.6R4.B2 10164.05938 0.00821998538864 -0.00526432638901 -3.61899549698e-05 8.5243563163e-05
BPMCA.7R4.B2 10260.57538 0.00953448541927 -0.00209162134684 8.87302368154e-05 2.65164723817e-05
BPMC.8R4.B2 10298.36637 0.00974730072842 0.000520980412688 2.08165707152e-05 -9.02377395213e-05
BPMC.9R4.B2 10337.43336 0.00775500435175 -0.00592800131252 -9.12298261951e-05 1.59153126919e-05
BPMC.10R4.B2 10377.89835 0.00751707199991 -0.00622695114726 -9.15107263526e-06 9.21544129179e-05
BPM.11R4.B2 10429.73904 0.00502887212038 -0.00836610645753 9.09445713757e-05 1.74718046834e-05
BPM.12R4.B2 10484.46553 0.00473267965046 -0.00853715616142 2.17869636693e-05 -9.00083680015e-05
BPM.13R4.B2 10537.91701 0.00284070599213 -0.00933871947995 -9.06485468482e-05 -1.89478035411e-05
BPM.14R4.B2 10591.36849 0.00358524256933 -0.00907894970816 -1.79307436222e-05 9.08551952752e-05
BPM.15R4.B2 10644.81998 0.00162284094149 -0.00962536645155 9.13528584909e-05 1.51932188314e-05
BPM.16R4.B2 10698.27146 0.00239435517798 -0.00946299928071 1.41689083973e-05 -9.15173269752e-05
BPM.17R4.B2 10751.72295 0.000378010107904 -0.00975389155214 -9.19017038062e-05 -1.14129403306e-05
BPM.18R4.B2 10805.17443 0.00116410446614 -0.00969155059027 -1.03824907136e-05 9.20238137101e-05
BPM.19R4.B2 10858.62591 -0.000872726289607 -0.00972212121493 9.22941960215e-05 7.61309276329e-06
BPM.20R4.B2 10912.0774 -8.52679277665e-05 -0.00976084122579 6.57852206149e-06 -9.23737051286e-05
BPM.21R4.B2 10965.52888 -0.00210942276503 -0.00953056281903 -9.25296418749e-05 -3.80044400296e-06
BPM.22R4.B2 11018.98037 -0.00133323657873 -0.00966973486162 -2.76361176494e-06 9.25664138146e-05
BPM.23R4.B2 11072.43185 -0.00331116893716 -0.00918245350535 9.26076521843e-05 -1.8856484422e-08
BPM.24R4.B2 11125.88333 -0.00267574679752 -0.00942712078222 -2.83574405051e-06 2.41304395157e-05
BPM.25R4.B2 11179.33482 -0.00457413206698 -0.00866646080896 2.42047383544e-05 2.10952092542e-06
BPM.26R4.B2 11232.7863 -0.00385973172183 -0.00900736910612 1.83818064135e-06 -2.42268586494e-05
BPM.27R4.B2 11286.23779 -0.00564524323675 -0.00801008464 -2.42711489257e-05 -1.10948007409e-06
BPM.28R4.B2 11339.68927 -0.00509677571768 -0.00844701206343 -2.61758788127e-06 0.000141015613
BPM.29R4.B2 11393.14075 -0.00673896445896 -0.00720524070417 0.000141030588744 -1.62075378907e-06
BPM.30R4.B2 11446.59224 -0.00613549337912 -0.00772559748609 -3.20172815068e-06 -0.000141003556631
BPM.31R4.B2 11500.04372 -0.00760543293277 -0.00628383047465 -0.000140843761335 7.43571665482e-06
BPM.32R4.B2 11553.49521 -0.00707339062897 -0.00687722913488 9.01219375415e-06 0.000140751678751
BPM.33R4.B2 11606.94669 -0.00834674497459 -0.00525937105733 0.000140417288528 -1.32377649482e-05
BPM.34R4.B2 11660.39818 -0.00789506093851 -0.00591583877137 -1.48113079871e-05 -0.000140260047508
BPM.33L5.B2 11713.84966 -0.00895102456873 -0.00414828816082 -0.000139751906241 1.9017334511e-05
BPM.32L5.B2 11767.30114 -0.00858697861446 -0.00485725578773 2.05807397687e-05 0.00013953024192
BPM.31L5.B2 11820.75263 -0.00940813157287 -0.00296920795476 0.000138848696092 -2.476476512e-05
BPM.30L5.B2 11874.20411 -0.00913780507071 -0.00371882427857 -2.63200539626e-05 -0.000138562291835
BPM.29L5.B2 11927.6556 -0.00971068223687 -0.00174120246934 -0.00013770933891 3.04695589256e-05
BPM.28L5.B2 11981.10708 -0.00953845739658 -0.00251931856078 3.20093756726e-05 0.00013735957867
BPM.27L5.B2 12034.55856 -0.00985364039665 -0.000484671509458 0.000136335476161 -3.61232862744e-05
BPM.26L5.B2 12088.01005 -0.00989893700392 -0.00128574647876 -3.94280209119e-05 -1.91889565486e-05
BPM.25L5.B2 12141.46153 -0.00995023250296 0.000796850621911 -1.7995866517e-05 3.99866640312e-05
BPM.24L5.B2 12194.91302 -0.00998208492008 -8.85894403611e-06 4.01858028295e-05 1.75466766299e-05
BPM.23L5.B2 12248.3645 -0.00976654021946 0.0020631989682 1.63313012248e-05 -4.06948746397e-05
BPM.22L5.B2 12301.81598 -0.0100177616907 0.0012608643533 -4.26559291251e-05 0.000100861743014
BPM.21L5.B2 12355.26747 -0.00953789042208 0.00331269897794 0.000102097991853 3.96058138472e-05
BPM.20L5.B2 12408.71895 -0.00977415488824 0.0025320395856 3.84583366535e-05 -0.000102535732657
BPM.19L5.B2 12462.17044 -0.00903577393375 0.0045055651847 -0.000103644641328 -3.53611278225e-05
BPM.18L5.B2 12515.62192 -0.00936993020971 0.00376161349823 -3.41987002747e-05 0.000104033986068
BPM.17L5.B2 12569.07341 -0.00838509711713 0.00562454216472 0.000105014670519 3.10570519089e-05
BPM.16L5.B2 12622.52489 -0.00881173221427 0.00492937152833 2.98775571337e-05 -0.000105356312215
BPM.15L5.B2 12675.97637 -0.00759674702691 0.00665092195546 -0.000106206208491 -2.66994850045e-05
BPM.14L5.B2 12729.42786 -0.00810873276059 0.00601612675731 -2.5508743061e-05 0.000106498470048
BPM.13L5.B2 12782.87934 -0.00668340040813 0.00756818916097 0.000107216903602 2.22970217647e-05
BPM.12L5.B2 12836.33083 -0.00808980458201 0.00604155526652 2.90445627355e-05 -0.000105588994785
BPM.11L5.B2 12889.78231 -0.00758105966329 0.0066687976884 -0.000101700408854 -4.06158588077e-05
BPM.10L5.B2 12942.565 -0.00677191646949 0.0074890904396 -3.45871051358e-05 0.000103905507651
BPM.9L5.B2 12981.63199 -0.00508671469842 0.00872184967817 0.000100448081183 4.36211463488e-05
BPM.8L5.B2 13022.09698 -0.00971043021137 0.00276638273882 -8.34835498875e-06 -0.000109192153292
BPM.7L5.B2 13061.16497 -0.00628937385897 0.0078986774013 -0.000109493115511 -1.96943802763e-06
BPMR.6L5.B2 13098.05897 -0.00606160827359 0.00807478998545 -7.89676270181e-05 7.58731470774e-05
BPMWT.B6L5.B2 13109.36897 -0.00537837041295 0.00854508396051 -6.21416281072e-05 9.01722769032e-05
BPMWT.A6L5.B2 13115.19097 -0.00522536547169 0.00863949558228 -5.37301692831e-05 9.54237385888e-05
BPM.5L5.B2 13129.95897 -0.0054024194028 0.00852989993064 -3.18498235232e-05 0.000104776955514
BPMYA.4L5.B2 13157.36497 -0.00559734978879 0.00840327338519 1.22967565634e-05 0.000108818253647
BPMWB.4L5.B2 13178.42347 -0.00435345901122 0.00911003418598 5.11523195738e-05 9.68300639984e-05
BPMWT.B4L5.B2 13178.89297 -0.0043253928884 0.0091233932606 5.19985373859e-05 9.63782834872e-05
BPMWT.A4L5.B2 13180.87497 -0.00420779552162 0.00917822341564 5.55387016295e-05 9.43825931429e-05
BPMSY.4L5.B2 13271.27947 -0.00358860615639 0.00943754385751 9.24538958066e-05 -5.86932534247e-05
BPMS.2L5.B2 13298.06497 -0.0026399450125 0.00974556404328 5.77711260047e-05 -9.30328911548e-05
BPMSW.1L5.B2 13308.11897 -0.00228513385153 0.00983481019219 2.9548716438e-05 -0.000105449012659
BPMSW.1R5.B2 13351.06897 -0.00228506686669 0.00983482575583 9.06339867716e-05 6.14662629351e-05
BPMS.2R5.B2 13361.12297 -0.00263989471866 0.00974557766789 0.000104175200874 3.37660592145e-05
BPMSY.4R5.B2 13387.90847 -0.00358858952277 0.00943755018395 0.0001084994522 -1.48489243825e-05
BPMWB.4R5.B2 13480.76447 -0.00435359942245 0.00910996708503 -2.3433393592e-05 -0.000106974281826
BPMYA.4R5.B2 13501.82097 -0.00559741578667 0.00840322941813 -6.08455692375e-05 -9.1051837032e-05
BPMR.5R5.B2 13522.93897 -0.00566207204265 0.00835980074961 -8.59019599877e-05 -6.79225730869e-05
BPM.6R5.B2 13554.83897 -0.00562662699567 0.00838369828276 -0.000107722414986 -1.97104511068e-05
BPMRA.7R5.B2 13588.85297 -0.00670371768995 0.00755019849613 -9.64070397197e-05 5.19451968059e-05
BPM.8R5.B2 13630.28998 -0.00892637311699 0.00471860055544 3.0133990147e-05 0.000105283255325
BPM.9R5.B2 13669.35499 -0.00839420668635 0.00561093774482 9.38003120141e-05 -5.65165641203e-05
BPM.10R5.B2 13709.818 -0.00526931011734 0.00861276373229 -7.55134525047e-05 -7.93116619407e-05
BPM.11R5.B2 13762.59871 -0.00881729303627 0.00491941783107 -5.43181191485e-05 9.50902920202e-05
BPM.12R5.B2 13817.32223 -0.0079187094673 0.00626413350781 9.92239303844e-05 4.6338241365e-05
BPM.13R5.B2 13870.77074 -0.00872438841844 0.00508235918691 4.06279315359e-05 -0.000101695592083
BPM.14R5.B2 13924.21926 -0.00747977593267 0.00678220320061 -0.000102865362702 -3.75677767464e-05
BPM.15R5.B2 13977.66777 -0.00800265786596 0.00615652461309 -3.64255970909e-05 0.000103275344478
BPM.16R5.B2 14031.11629 -0.00655065008995 0.00768337891764 0.000104319326612 3.33181422613e-05
BPM.17R5.B2 14084.56481 -0.00714936489506 0.00712965005661 3.21584142474e-05 -0.000104682647964
BPM.18R5.B2 14138.01332 -0.00551410199598 0.00845813261916 -0.0001055979958 -2.90117937632e-05
BPM.19R5.B2 14191.46184 -0.0061786163176 0.0079856138551 -2.78396318236e-05 0.000105913060105
BPM.20R5.B2 14244.91035 -0.00438669835645 0.00909407531087 0.000106698850414 2.46571795729e-05
BPM.21R5.B2 14298.35887 -0.00510633409527 0.00871037773765 2.34718252171e-05 -0.000106965858062
BPM.22R5.B2 14351.80738 -0.00318750959458 0.00958045462437 -0.000107620296686 -2.02606340083e-05
BPM.23R5.B2 14405.2559 -0.00395015940759 0.0092920164033 -1.90663386752e-05 0.000107838285535
BPM.24R5.B2 14458.70442 -0.00179617852874 0.0098828391568 0.000108220070507 -0.000126237054955
BPM.25R5.B2 14512.15293 -0.00258804077895 0.00970560725008 -0.00012742952942 -0.000106813360648
BPM.26R5.B2 14565.60145 -0.000517387543186 0.0100314045497 -0.000102952379611 0.000130568700125
BPM.27R5.B2 14619.04996 -0.00132501360183 0.00995696269519 0.000131702275566 0.00010149822169
BPM.28R5.B2 14672.49848 0.000909672639413 0.00998852262251 9.73720143392e-05 -0.000276747152618
BPM.29R5.B2 14725.947 0.000100335116289 0.0100293579745 -0.00027781020268 -9.42962690458e-05
BPM.30R5.B2 14779.39551 0.0021797802391 0.00979013006021 -8.59388912264e-05 0.000280508118071
BPM.31R5.B2 14832.84403 0.00138292968898 0.00993406231066 0.000281443525367 8.28241333736e-05
BPM.32R5.B2 14886.29254 0.00341434068542 0.00943082001521 7.43671287415e-05 -0.000283795391833
BPM.33R5.B2 14939.74106 0.00264187554816 0.00967566959463 -0.000284603163435 -7.12133148067e-05
BPM.34R5.B2 14993.18958 0.00459258337873 0.00891662864827 -6.26608547002e-05 0.00028660759187
BPM.33L6.B2 15046.63809 0.0038583007028 0.00925805617813 0.000287284290237 5.94813465842e-05
BPM.32L6.B2 15100.08661 0.00569553108948 0.00825584727117 5.08619580523e-05 -0.000288934865377
BPM.31L6.B2 15153.53512 0.00501051026067 0.00868866361728 -0.000289481737238 -4.76510268525e-05
BPM.30L6.B2 15206.98364 0.00670477909194 0.00745949233217 -3.89614156423e-05 0.000290778790694
BPM.29L6.B2 15260.43215 0.00608112100872 0.0079760927646 0.0002911924423 3.57387278087e-05
BPM.28L6.B2 15313.88067 0.0076039372095 0.00654050666777 2.70144329759e-05 -0.000292130997354
BPM.27L6.B2 15367.32919 0.007051195203 0.00713293310953 -0.000292413037578 -2.37679036976e-05
BPM.26L6.B2 15420.7777 0.00851764994833 0.00548754596537 -1.51444231044e-05 0.000150928749922
BPM.25L6.B2 15474.22622 0.00804709186248 0.00615693381585 0.000151087275442 1.34712881629e-05
BPM.24L6.B2 15527.67473 0.00914964353306 0.00435287773703 8.94568485307e-06 -0.000151422638908
BPM.23L6.B2 15581.12325 0.00876849658122 0.00507710440276 -0.000151512612622 -7.2641344637e-06
BPM.22L6.B2 15634.57177 0.00977087116888 0.00312013100457 -2.86636075681e-06 9.59381028442e-06
BPM.21L6.B2 15688.02028 0.00948722069139 0.00389843359354 9.62499639207e-06 2.75980693952e-06
BPM.20L6.B2 15741.4688 0.0100897256903 0.00184460738961 2.47054273891e-06 -9.70327220763e-06
BPM.19L6.B2 15794.91731 0.00990795987225 0.00265282342142 -9.73007697844e-06 -2.36277097525e-06
BPM.18L6.B2 15848.36583 0.0102427950704 0.000538785729889 -2.07051528911e-06 9.7964270221e-06
BPM.17L6.B2 15901.81435 0.010165911415 0.0013635930625 9.81878735382e-06 1.96176731248e-06
BPM.16L6.B2 15955.26286 0.0102275667304 -0.000775899266379 1.66706041226e-06 -9.87309108948e-06
BPM.15L6.B2 16008.71138 0.0102568240013 5.19837194963e-05 -9.89097706349e-06 -1.55744790215e-06
BPM.14L6.B2 16062.15989 0.0100442912065 -0.00207782459153 -1.26074484376e-06 9.93315469775e-06
BPM.13L6.B2 16115.60841 0.0101792083847 -0.00126049893961 9.94652730599e-06 1.15052722999e-06
BPM.12L6.B2 16169.05693 0.00964475291434 -0.00349054181219 9.41608885417e-07 -9.96847637972e-06
BPM.11L6.B2 16222.50544 0.0100980708501 -0.00179836203894 -9.87660548543e-06 -1.64612294569e-06
BPM.10L6.B2 16274.34415 0.00963667891511 -0.00351277104259 -3.37975526799e-06 9.42519553925e-06
BPM.9L6.B2 16313.40916 0.00906357254667 -0.00480174900564 7.64923544227e-06 6.4611306904e-06
BPM.8L6.B2 16353.87217 0.00496264694136 -0.00897648462375 3.08123800452e-06 -9.52696630469e-06
BPMYB.5L6.B2 16450.96018 0.0101700092705 -0.00133268616436 -8.30869374381e-06 5.5877301446e-06
BPMYA.4L6.B2 16487.36018 0.0101098924604 -0.00173066921287 -6.78808488041e-06 7.36061124378e-06
BPMSB.B4L6.B2 16518.13068 0.0102408280877 -0.000574961698077 -4.94640961852e-06 8.70575453499e-06
BPMSB.A4L6.B2 16518.76568 0.0102422994134 -0.000548127416632 -4.90091877212e-06 8.73143912747e-06
BPMSA.4L6.B2 16615.57568 0.00955912689299 0.00371863334165 4.53781644125e-06 8.92554351446e-06
BPMSE.4R6.B2 16707.14568 0.00944182479555 0.0040071293264 9.962780507e-06 1.00007754882e-06
BPMSA.A4R6.B2 16803.82068 0.0102508627051 0.000353489304665 6.83953222255e-06 -7.31285967593e-06
BPMSA.B4R6.B2 16804.40568 0.0102516352108 0.000330327713487 6.80604026289e-06 -7.34403788339e-06
BPMYB.4R6.B2 16830.96018 0.0102361544016 -0.000652904218633 5.2798956891e-06 -8.50763596928e-06
BPMYA.5R6.B2 16867.36018 0.0102291547031 -0.000754674829007 3.33956423193e-06 -9.43949707686e-06
BPM.8R6.B2 16963.08519 0.00886785697791 -0.00515424616366 -9.83318220207e-06 -1.88829838171e-06
BPM.9R6.B2 17002.1502 0.00300429222283 -0.00980710809293 -8.07402557403e-07 9.98024178607e-06
BPM.10R6.B2 17042.61322 0.000978806418656 -0.0102101458802 9.37187501102e-06 3.52492130656e-06
BPM.11R6.B2 17094.45193 -0.00169569406704 -0.010115817444 2.2936625691e-06 -9.7465974981e-06
BPM.12R6.B2 17149.17544 0.000494550427451 -0.0102450261484 -9.96764979181e-06 -9.50236704492e-07
BPM.13R6.B2 17202.62396 -0.00165678697856 -0.0101222624844 -6.40682695792e-07 9.99232891794e-06
BPM.14R6.B2 17256.07247 -0.000834527298155 -0.0102229499211 9.99881917601e-06 5.29829630262e-07
BPM.15R6.B2 17309.52099 -0.00293802012682 -0.00982716533917 2.30370368959e-07 -1.00102010525e-05
BPM.16R6.B2 17362.96951 -0.00213541608225 -0.0100322050943 -1.00121348715e-05 -1.19348181918e-07
BPM.17R6.B2 17416.41802 -0.00417096167263 -0.00937060401505 1.80330277513e-07 1.00112254014e-05
BPM.18R6.B2 17469.86654 -0.00340115819463 -0.00967663494404 1.00086094234e-05 -2.91344240491e-07
BPM.19R6.B2 17523.31505 -0.0053353855741 -0.00876006859017 -5.90728322914e-07 -9.99540383391e-06
BPM.20R6.B2 17576.76357 -0.00461107379662 -0.00916204886207 -9.98823974502e-06 7.01533133935e-07
BPM.21R6.B2 17630.21209 -0.0064121299456 -0.00800560619396 1.00012025272e-06 9.96277082664e-06
BPM.22R6.B2 17683.6606 -0.00574517188784 -0.00849694891578 9.95106466251e-06 -1.11055661452e-06
BPM.23R6.B2 17737.10912 -0.00738353045853 -0.00711959400597 -1.40785267475e-06 -9.91337965018e-06
BPM.24R6.B2 17790.55763 -0.00679263255877 -0.00769269625896 -1.00158547866e-05 9.24701963283e-06
BPM.25R6.B2 17844.00615 -0.00824124640253 -0.00611549593874 9.54261435373e-06 9.73464684253e-06
BPM.26R6.B2 17897.45466 -0.00772085634449 -0.00676060722708 9.62819428518e-06 -9.64999581083e-06
BPM.27R6.B2 17950.90318 -0.00895583914226 -0.00501102565611 -9.93381171248e-06 -9.33510295463e-06
BPM.28R6.B2 18004.3517 -0.00852996857499 -0.0057178889481 -9.34310854915e-06 1.7766043251e-05
BPM.29R6.B2 18057.80021 -0.00953091488621 -0.00382312429833 1.80376901499e-05 8.80723767995e-06
BPM.30R6.B2 18111.24873 -0.0091913108844 -0.00457978407369 8.60661164927e-06 -1.81342768896e-05
BPM.31R6.B2 18164.69724 -0.00994166963863 -0.00257251292942 -1.83837113357e-05 -8.06008878241e-06
BPM.32R6.B2 18218.14576 -0.00970165005148 -0.00336639335731 -7.85577519529e-06 1.84719361699e-05
BPM.33R6.B2 18271.59428 -0.0101890679101 -0.00127965347153 1.86987679464e-05 7.29945173541e-06
BPM.34R6.B2 18325.04279 -0.0100525707466 -0.00209772241738 7.09158241626e-06 -1.87785912169e-05
BPM.33L7.B2 18378.49131 -0.0102690527953 3.42431664537e-05 -1.89823887584e-05 -6.52646143553e-06
BPM.32L7.B2 18431.93982 -0.0102383250375 -0.000794555435267 -6.31560794804e-06 1.90535755676e-05
BPM.31L7.B2 18485.38834 -0.0101803072801 0.00134757618558 1.92340531528e-05 5.74256066742e-06
BPM.30L7.B2 18538.83686 -0.0102558523236 0.000521642623819 5.52884069681e-06 -1.92965747854e-05
BPM.29L7.B2 18592.28537 -0.00992429225002 0.00263875752474 -1.94533789256e-05 -4.94892533015e-06
BPM.28L7.B2 18645.73389 -0.0101048660647 0.00182928940056 -4.73294425034e-06 1.95070463805e-05
BPM.27L7.B2 18699.1824 -0.00950520610828 0.00388660196 1.96399559903e-05 4.14703498715e-06
BPM.26L7.B2 18752.63092 -0.00979556752881 0.0031063795676 3.81025855613e-06 -1.19554301865e-05
BPM.25L7.B2 18806.07943 -0.00893760172452 0.00507168735603 -1.20641011708e-05 -3.45079180428e-06
BPM.24L7.B2 18859.52795 -0.00931772364424 0.00433390855141 -3.31681819227e-06 1.21016278313e-05
BPM.23L7.B2 18912.97647 -0.00821539721064 0.00617332858425 1.21954568683e-05 2.95317467553e-06
BPM.22L7.B2 18966.42498 -0.00869450040869 0.00548973584428 2.69904511872e-06 -4.49813501148e-06
BPM.21L7.B2 19019.8735 -0.00736587373205 0.00717463874883 -4.57688855572e-06 -2.56323145421e-06
BPM.20L7.B2 19073.32201 -0.00792082483939 0.0065568339064 -2.51232328744e-06 4.60503920352e-06
BPM.19L7.B2 19126.77053 -0.0063875718232 0.00805794410361 4.67815672318e-06 2.37338668267e-06
BPM.18L7.B2 19180.21905 -0.00701700634448 0.00751619311776 2.32135020659e-06 -4.70418841613e-06
BPM.17L7.B2 19233.66756 -0.00530434161009 0.00880883062957 -4.77155583846e-06 -2.17953846887e-06
BPM.16L7.B2 19287.11608 -0.00599788989439 0.00835205685924 -2.12649459501e-06 4.7954298926e-06
BPM.15L7.B2 19340.56459 -0.0041339252131 0.00941499863591 4.85691775042e-06 1.98203250109e-06
BPM.14L7.B2 19394.01311 -0.00488022386966 0.00905068792358 1.92804459581e-06 -4.87860390045e-06
BPM.13L7.B2 19447.46163 -0.00289562142887 0.00986645394793 -4.93411038648e-06 -1.78118334522e-06
BPM.12L7.B2 19500.91014 -0.00388528465634 0.00952029936964 -1.79276156278e-06 4.92991743688e-06
BPM.11L7.B2 19554.35866 -0.00159415812399 0.0101582575692 4.90262531092e-06 1.8661189139e-06
BPM.10L7.B2 19607.13937 -0.0015416408165 0.0101663602444 2.08338314944e-06 -4.8143121288e-06
BPM.9L7.B2 19646.20438 0.00247127470533 0.00998119924191 -3.6926520036e-06 -3.72591551754e-06
BPM.8L7.B2 19686.66739 0.00579049562769 0.0084971581938 -4.12647119007e-06 3.23887839498e-06
BPM.7L7.B2 19725.7314 0.00984692163529 0.00296136308522 2.88549343224e-06 4.38087662161e-06
BPMR.6L7.B2 19760.5494 0.00980968584924 0.00308246662633 5.14003117222e-06 1.04795177275e-06
BPMWC.6L7.B2 19772.7279 0.0101468803779 0.00166503919935 5.22773135099e-06 -4.34617972401e-07
BPMWE.5L7.B2 19849.7819 0.00795579480562 0.00651435844708 -6.76404757298e-07 -5.20197266801e-06
BPMW.5L7.B2 19872.9869 0.00550817216076 0.0086828322841 -2.87288580458e-06 -4.38914316804e-06
BPMWE.4L7.B2 19908.0719 0.0055224985798 0.0086737273667 -4.39182496537e-06 -2.86879529072e-06
BPMW.4L7.B2 19936.1769 0.00848290510609 0.00581135594265 -5.24418300152e-06 -1.29087072111e-07
BPMW.4R7.B2 20052.2239 0.0096023061544 0.0036779414675 2.66470753855e-06 4.51856735553e-06
BPMWE.4R7.B2 20080.3289 0.00767981681127 0.00683753981501 4.579536948e-06 2.55851894479e-06
BPMW.5R7.B2 20115.4139 0.00798513295244 0.00647836312022 5.24338324306e-06 1.58434446232e-07
BPMWE.5R7.B2 20138.6189 0.0101770804403 0.00146920750074 4.17089207021e-06 -3.18147583308e-06
BPM.6R7.B2 20217.7584 0.00967382865031 -0.0034854807759 -4.37229106267e-06 -2.89848006577e-06
BPM_A.7R7.B2 20255.7944 0.0102824431902 -5.38434433234e-05 -5.10268772679e-06 1.21679796964e-06
BPM.8R7.B2 20294.85841 0.0102825224474 3.56239383906e-05 -2.01218974094e-06 4.84449883545e-06
BPM.9R7.B2 20333.92342 0.00879576391651 -0.00532598104805 4.77175335573e-06 2.17910227173e-06
BPM.10R7.B2 20374.38643 0.00527832360048 -0.00882444541806 2.67211400351e-06 -4.51419061862e-06
BPM.11R7.B2 20427.16714 0.00554409873766 -0.0086599368467 -4.11021244957e-06 -3.25949769683e-06
BPM.12R7.B2 20481.89066 0.00434443115906 -0.00931973469981 -3.22971783307e-06 4.13364302842e-06
BPM.13R7.B2 20535.33917 0.00517334515545 -0.00888639617131 4.19313052848e-06 3.15210287082e-06
BPM.14R7.B2 20588.78769 0.0032164608283 -0.00976657139004 3.02521987287e-06 -4.28557441054e-06
BPM.15R7.B2 20642.23621 0.00399410179635 -0.00947516162364 -4.31885992557e-06 -2.97750927846e-06
BPM.16R7.B2 20695.68472 0.00194069395432 -0.0100977841108 -2.84692919735e-06 4.40603105337e-06
BPM.17R7.B2 20749.13324 0.00274925017027 -0.00990823700214 4.43733610209e-06 2.79789022572e-06
BPM.18R7.B2 20802.58175 0.000633054812001 -0.0102630784161 2.66385115307e-06 -4.51907245212e-06
BPM.19R7.B2 20856.03027 0.00145918552724 -0.0101785222214 -4.54833919403e-06 -2.61357316918e-06
BPM.20R7.B2 20909.47879 -0.000685002422792 -0.010259742134 -2.47628670936e-06 4.62451398879e-06
BPM.21R7.B2 20962.9273 0.000145189063673 -0.0102815590792 4.6516927695e-06 2.42484580817e-06
BPM.22R7.B2 21016.37582 -0.00199178729144 -0.0100878303077 2.28455354791e-06 -4.7221749468e-06
BPM.23R7.B2 21069.82433 -0.00117123921613 -0.0102156612945 -4.74721801681e-06 -2.23204799411e-06
BPM.24R7.B2 21123.27285 -0.00338070024107 -0.00972825757896 -1.97428572258e-06 0.0001218160099
BPM.25R7.B2 21176.72137 -0.00258451369828 -0.00996937403396 0.00012183041029 6.22806711565e-07
BPM.26R7.B2 21230.16988 -0.00459735560485 -0.00921588038163 -3.02385258952e-06 -0.000121794472323
BPM.27R7.B2 21283.6184 -0.00383875551887 -0.00955678218569 -0.00012175347783 4.37372809653e-06
BPM.28R7.B2 21337.06691 -0.00585334007235 -0.00853020190297 8.12792978762e-06 0.000238573589973
BPM.29R7.B2 21390.51543 -0.00514571997406 -0.00897482592711 0.000238468654351 -1.07759655301e-05
BPM.30R7.B2 21443.96394 -0.00689643959353 -0.00771135885814 -1.79104292731e-05 -0.000238039145757
BPM.31R7.B2 21497.41246 -0.00625178590219 -0.00824263959558 -0.000237826183899 2.05457248874e-05
BPM.32R7.B2 21550.86098 -0.00782620193854 -0.00676583311333 2.76504814421e-05 0.000237105187535
BPM.33R7.B2 21604.30949 -0.00725458670008 -0.00737542583405 0.000236783455522 -3.02822174033e-05
BPM.34R7.B2 21657.75801 -0.00862740312462 -0.0057091023673 -3.73579945554e-05 -0.000235770647787
BPM.33L8.B2 21711.20652 -0.00813862598027 -0.00638660328991 -0.000235342634078 3.99658327685e-05
BPM.32L8.B2 21764.65504 -0.009286817681 -0.00455861292618 4.69873090808e-05 0.000234041900916
BPM.31L8.B2 21818.10356 -0.00888860853411 -0.00529325729764 0.00023350537316 -4.95848792487e-05
BPM.30L8.B2 21871.55207 -0.00979366678484 -0.00333317047351 -5.6553949931e-05 -0.000231916082438
BPM.29L8.B2 21925.00059 -0.00949277526891 -0.00411256029725 -0.00023127601773 5.91170138178e-05
BPM.28L8.B2 21978.4491 -0.0101395806552 -0.00205300721754 6.60083834958e-05 0.000229404259461
BPM.27L8.B2 22031.89762 -0.00994082242086 -0.00286460888955 0.000228656444294 -6.85540110467e-05
BPM.26L8.B2 22085.34614 -0.0104338758567 -0.000717164359259 -7.52518657513e-05 -0.000109498994667
BPM.25L8.B2 22138.79465 -0.0103419761087 -0.00155679808184 -0.000108658932129 7.64598477966e-05
BPM.24L8.B2 22192.24317 -0.0104398960165 0.000623427038412 7.96770154476e-05 0.000106322366217
BPM.23L8.B2 22245.69168 -0.0104561562586 -0.000221102663694 0.000105430938559 -8.08528929072e-05
BPM.22L8.B2 22299.1402 -0.0103893650692 0.0019757054389 -8.38573071215e-05 1.4041880092e-05
BPM.21L8.B2 22352.58871 -0.0105149140015 0.00113088549902 1.49704718157e-05 8.36965205282e-05
BPM.20L8.B2 22406.03723 -0.010051268556 0.00328851317927 8.32108939698e-05 -1.7469105748e-05
BPM.19L8.B2 22459.48575 -0.0102838723162 0.00246663507921 -1.83912953155e-05 -8.30119477638e-05
BPM.18L8.B2 22512.93426 -0.00954805162619 0.00454720009056 -8.24245477902e-05 2.08666394169e-05
BPM.17L8.B2 22566.38278 -0.00988384528556 0.00376190389421 2.17789851593e-05 8.21881891254e-05
BPM.16L8.B2 22619.83129 -0.0088878963491 0.0057312840612 8.14994358066e-05 -2.42293811662e-05
BPM.15L8.B2 22673.27981 -0.00932143960197 0.00499530602689 -2.51321127173e-05 -8.12256072495e-05
BPM.14L8.B2 22726.72833 -0.00808178970528 0.00682106983281 -8.04373221788e-05 2.75510428148e-05
BPM.13L8.B2 22780.17684 -0.008605840258 0.00614669276294 2.84410286146e-05 8.01269615686e-05
BPM.12L8.B2 22833.62536 -0.0064478752936 0.00838255466223 8.06509779659e-05 -2.69191534975e-05
BPM.11L8.B2 22887.07387 -0.0070311108984 0.0078997340554 -1.41268443435e-05 -8.38430348955e-05
BPM.10L8.B2 22938.91258 -0.00543862435147 0.00906993294717 -8.49782764013e-05 -2.81333191882e-06
BPM.9L8.B2 22977.9776 -0.00349416965875 0.00998163798985 -2.87058116948e-05 8.00324894334e-05
BPM.8L8.B2 23018.44061 0.00649222389548 0.00834825415129 8.45542258353e-05 8.93331908394e-06
BPM.7L8.B2 23057.50662 0.00438400634454 0.00962407434005 5.61765409204e-05 -6.38233383247e-05
BPM.6L8.B2 23089.97562 -0.00219191997282 0.0103459076621 -2.63512611882e-05 -8.08383171037e-05
BPMR.5L8.B2 23150.39462 -0.00727466705125 0.00767603659819 -5.72398820136e-05 6.28714423267e-05
BPMYB.4L8.B2 23171.16162 -0.00538908466412 0.00909945520311 -7.91809975516e-06 8.46553349972e-05
BPMWB.4L8.B2 23195.62912 -0.00699263767848 0.0079338097283 6.32457543959e-05 5.6826023934e-05
BPMSX.4L8.B2 23245.78612 -0.00211851028616 0.0103611887678 3.61267092944e-05 -7.69680664354e-05
BPMS.2L8.B2 23283.69762 -0.00210562268695 0.0103638154962 -2.18250304444e-05 -8.21759755686e-05
BPMSW.1L8.B2 23293.63162 -0.0024933420207 0.010277429838 -4.23050977441e-05 -7.37529740713e-05
BPMSW.1R8.B2 23336.82162 -0.00249324066527 0.0102774544267 7.96669132132e-05 -2.97053007719e-05
BPMS.2R8.B2 23346.75562 -0.00210554592328 0.0103638310907 6.92940845276e-05 -4.92701957875e-05
BPMSX.4R8.B2 23384.66712 -0.00211852751007 0.010361185246 2.13864524779e-05 -8.22912069524e-05
BPMWI.4R8.B2 23434.90012 -0.00699193069222 0.0079344327906 -8.49496974358e-05 3.57368230145e-06
BPMYB.4R8.B2 23459.29162 -0.00537708728905 0.00910654988446 -4.79834178439e-05 7.01912658912e-05
BPMYB.5R8.B2 23479.86862 -0.00696615611428 0.00795707154454 1.51149668562e-06 8.50113928474e-05
BPMR.6R8.B2 23563.97662 -0.00607368499589 0.00865752095481 8.15222877938e-05 -2.41523974806e-05
BPM_A.7R8.B2 23586.21662 -0.00526549776366 0.00917152396371 6.83391880479e-05 -5.05863388609e-05
BPM.8R8.B2 23627.65561 -0.00258319891652 0.0102552133995 -2.63486111496e-05 -8.08391838477e-05
BPM.9R8.B2 23666.7226 0.00503450788801 0.00930032520445 -4.67402135275e-05 7.10251654843e-05
BPM.10R8.B2 23707.18758 0.00364542698223 0.00992739546053 5.96107869056e-05 6.06281859237e-05
BPM.11R8.B2 23759.02827 0.00565257976768 0.00893815755737 7.00921920349e-05 -4.81280300511e-05
BPM.12R8.B2 23813.75476 0.00623644448355 0.00854102328224 -4.70513769421e-05 -7.0819420381e-05
BPM.13R8.B2 23867.20624 0.00843408331544 0.00638032578573 -6.60466541951e-05 5.35449488844e-05
BPM.14R8.B2 23920.65773 0.00789173298506 0.00704009012967 5.42810095855e-05 6.54430607496e-05
BPM.15R8.B2 23974.10921 0.00918110281768 0.00524877790702 6.37831880655e-05 -5.62221225284e-05
BPM.16R8.B2 24027.56069 0.00872748276453 0.00597271823727 -5.6933230586e-05 -6.31492635837e-05
BPM.17R8.B2 24081.01218 0.00977710518402 0.00403119495126 -6.14097765946e-05 5.88052903645e-05
BPM.18R8.B2 24134.46366 0.00941986123112 0.00480713354011 5.94896179097e-05 6.0747080254e-05
BPM.19R8.B2 24187.91515 0.0102124816911 0.00274727795983 5.89329636945e-05 -6.1287256626e-05
BPM.20R8.B2 24241.36663 0.00995741663991 0.00356260752371 -6.19437270988e-05 -5.82425692098e-05
BPM.21R8.B2 24294.81811 0.0104800184727 0.00141828462645 -5.63546728303e-05 6.36661085299e-05
BPM.22R8.B2 24348.2696 0.0103313585687 0.00225950185295 6.42934769393e-05 5.56378593695e-05
BPM.23R8.B2 24401.72108 0.0105753473006 6.59391793935e-05 5.36817996745e-05 -6.59354727891e-05
BPM.24R8.B2 24455.17257 0.010391211293 0.000910160966693 -6.8733979668e-05 9.15795717957e-05
BPM.25R8.B2 24508.62405 0.0103538323745 -0.00126642024309 9.36030773923e-05 6.59518113785e-05
BPM.26R8.B2 24562.07554 0.0104222675582 -0.000426619252664 6.49001787996e-05 -9.4335267235e-05
BPM.27R8.B2 24615.52702 0.0101067419105 -0.00258058773455 -9.62427007073e-05 -6.20364428123e-05
BPM.28R8.B2 24668.9785 0.0101377543206 -0.00176549910597 -6.31506999978e-05 0.000241446413923
BPM.29R8.B2 24722.42999 0.00955057517463 -0.00383113085724 0.000243233800079 5.58721744987e-05
BPM.30R8.B2 24775.88147 0.00982861454371 -0.00304784940844 5.3149192807e-05 -0.000243843285469
BPM.31R8.B2 24829.33296 0.00898190661832 -0.00502159370024 -0.00024533074387 -4.57952964736e-05
BPM.32R8.B2 24882.78444 0.00935794028787 -0.00428018729451 -4.30384556802e-05 0.000245829358033
BPM.33R8.B2 24936.23592 0.00826585389821 -0.00612916871426 0.000247010815955 3.56375694908e-05
BPM.34R8.B2 24989.68741 0.0087335228284 -0.00544211620546 3.28725964412e-05 -0.000247393960578
BPM.33L1.B2 25043.13889 0.00741365658452 -0.00713643789888 -0.000248270309438 -2.54211722105e-05
BPM.32L1.B2 25096.59038 0.00796554925226 -0.0065146814889 -2.26337716247e-05 0.000248539924491
BPM.31L1.B2 25150.04186 0.00644005415397 -0.00802600475094 0.000249107491882 1.51604281637e-05
BPM.30L1.B2 25203.49334 0.00706671907206 -0.00748014246944 1.23720222268e-05 -0.000249261539338
BPM.29L1.B2 25256.94483 0.00536009334996 -0.00878410206328 -0.000249520790434 -4.87423640008e-06
BPM.28L1.B2 25310.39631 0.00605173311404 -0.00832271446619 -2.07542889841e-06 0.000249559758068
BPM.27L1.B2 25363.8478 0.00419268318385 -0.00939747080291 0.000249509527415 -5.42001389527e-06
BPM.26L1.B2 25417.29928 0.00479315062905 -0.00903754629616 -1.04175397376e-05 -0.000104917577045
BPM.25L1.B2 25470.75077 0.00281287349267 -0.00983561278037 -0.000104557176081 1.35654260227e-05
BPM.24L1.B2 25524.20225 0.00359763940136 -0.00957645689927 1.47362527479e-05 0.000104398596895
BPM.23L1.B2 25577.65373 0.00153170354247 -0.0101146141945 0.000103908809569 -1.78657062548e-05
BPM.22L1.B2 25631.10522 0.00219883763318 -0.00996708812062 -2.12314342057e-05 4.08115902669e-05
BPM.21L1.B2 25684.5567 8.22510271389e-05 -0.0102064179473 4.14310298389e-05 1.99957421607e-05
BPM.20L1.B2 25738.00819 0.000905747846942 -0.0101664818575 1.95303400084e-05 -4.16524362896e-05
BPM.19L1.B2 25791.45967 -0.00122415719013 -0.0101330731631 -4.2220401794e-05 -1.82701364647e-05
BPM.18L1.B2 25844.91115 -0.000402293493258 -0.0101988181908 -1.77959301541e-05 4.24224532996e-05
BPM.17L1.B2 25898.36264 -0.0025103327646 -0.00989322808328 4.29379513211e-05 1.65133807162e-05
BPM.16L1.B2 25951.81412 -0.00170365796331 -0.0100635620971 1.60312686727e-05 -4.31202754834e-05
BPM.15L1.B2 26005.26561 -0.00375537151372 -0.00949078064877 -4.35824434838e-05 -1.47285608923e-05
BPM.14L1.B2 26058.71709 -0.00297708885674 -0.00976292345945 -1.42393656346e-05 4.37447140086e-05
BPM.13L1.B2 26112.16857 -0.00493858949857 -0.00893241659898 4.41527748853e-05 1.29186811592e-05
BPM.12L1.B2 26165.62006 -0.00300769511054 -0.00975353795648 1.56901711261e-05 -4.32455568287e-05
BPM.11L1.B2 26219.07154 -0.00377771398745 -0.00948190959492 -4.1230697552e-05 -2.04056150848e-05
BPM.10L1.B2 26271.85423 -0.00483334058515 -0.00898980262973 -1.79544405112e-05 4.23556097169e-05
BPM.9L1.B2 26310.92122 -0.00657897807135 -0.00780351074902 4.06059458645e-05 2.16221333895e-05
BPM.8L1.B2 26351.38621 0.000660949785715 -0.010185326596 1.52208344209e-07 -4.60036573476e-05
BPM.7L1.B2 26390.4542 -0.00538717493903 -0.00866926056142 -4.57850057713e-05 -4.48247386931e-06
BPMR.6L1.B2 26433.6382 -0.00607411356778 -0.00820261402661 -3.19513785878e-05 3.30978719901e-05
BPM.5L1.B2 26465.5382 -0.00603924637452 -0.00822831913338 -1.27001840804e-05 4.42161160635e-05
BPMYA.4L1.B2 26486.6562 -0.00610248823433 -0.008181526133 1.51573211786e-06 4.59789351069e-05
BPMWB.4L1.B2 26507.7127 -0.00719748312596 -0.00723698619372 1.81856199151e-05 4.22568705771e-05
BPMSY.4L1.B2 26600.5687 -0.00776887953742 -0.00661983710523 4.06762769354e-05 -2.14895378663e-05
BPMS.2L1.B2 26627.3542 -0.00838413755029 -0.00582099390653 2.72998257806e-05 -3.70280777137e-05
BPMSW.1L1.B2 26637.4082 -0.0085895413509 -0.00551339387317 1.58963101672e-05 -4.31702058644e-05
