BPMSW.1R1.B2 21.475 0.00934214899283 -0.00303335899521 -0.000100568297417 -0.000109435626967
BPMS.2R1.B2 31.529 0.00944591919211 -0.00269288413132 -0.000127087251847 -7.70647234385e-05
BPMSY.4R1.B2 58.3145 0.00966552930409 -0.0017477293152 -0.000147948173071 -1.41942991471e-05
BPMWB.4R1.B2 151.1705 0.00977661931784 -0.00094590126107 -2.37805717355e-06 0.000148608494465
BPMYA.4R1.B2 172.227 0.00981217202539 0.000445302947732 5.20024496242e-05 0.000139233210726
BPMR.5R1.B2 199.635 0.00981981996485 0.000219431945376 0.000102941246789 0.000107206519594
BPM.6R1.B2 231.535 0.0097715177117 0.000997224197772 0.000142189032516 4.32714531256e-05
BPMRA.7R1.B2 259.259 0.00965679496534 0.0017953622225 0.00014353409299 -3.85759527466e-05
BPM.8R1.B2 300.6960106 0.00841317967805 0.00506906522397 -6.99843012902e-06 -0.00014846266363
BPM.9R1.B2 339.7610212 0.0088895300182 0.00417771116222 -0.000141515261755 4.5426542168e-05
BPM.10R1.B2 380.2240318 0.00982204485802 6.6702863056e-05 7.50359904247e-05 0.000128295518168
BPM.11R1.B2 433.0047424 0.00852578694948 0.00487729139987 0.000101381262776 -0.000108682938638
BPM.12R1.B2 487.7282583 0.00919510070141 0.00345356882613 -0.000116629407328 -9.21288262251e-05
BPM.13R1.B2 541.1767742 0.00861486659826 0.0047181657459 -8.53554155118e-05 0.000121674127367
BPM.14R1.B2 594.6252901 0.00940647800824 0.00282757598053 0.000124173143776 8.16772314362e-05
BPM.15R1.B2 648.073806 0.00914762265359 0.00357743124259 8.02970345026e-05 -0.000125070086921
BPM.16R1.B2 701.5223219 0.00969089566428 0.00160111078144 -0.000127417246379 -7.65178737337e-05
BPM.17R1.B2 754.9708378 0.00953008063489 0.0023779355758 -7.50981355732e-05 0.000128259147876
BPM.18R1.B2 808.4193537 0.00981609444332 0.000348287817873 0.000130448827402 7.12267086451e-05
BPM.19R1.B2 861.8678696 0.00975597565996 0.00113927759224 6.97777501354e-05 -0.000131229587086
BPM.20R1.B2 915.3163855 0.00978000277376 -0.000910252822621 -0.000133259262182 -6.58187588224e-05
BPM.21R1.B2 968.7649014 0.00982156207904 -0.000118037322533 -6.43347809709e-05 0.000133982004274
BPM.22R1.B2 1022.213417 0.00958322414642 -0.00215379420048 0.000135846965547 6.02971176208e-05
BPM.23R1.B2 1075.661933 0.00972577274771 -0.00137344783052 5.87890062922e-05 -0.000136506387521
BPM.24R1.B2 1129.110449 0.00918712873955 -0.00335404213634 -0.000138162573591 -1.21021817527e-05
BPM.25R1.B2 1182.558965 0.0094278416975 -0.0026016790884 -1.05676092612e-05 0.000138288410397
BPM.26R1.B2 1236.007481 0.00868264388922 -0.0045016250639 0.000138542665437 6.42572103004e-06
BPM.27R1.B2 1289.455997 0.00901757778949 -0.00378632063349 4.89044832662e-06 -0.000138605347374
BPM.28R1.B2 1342.904513 0.00799358184249 -0.00556740615984 -0.000138647071088 4.1835009178e-05
BPM.29R1.B2 1396.353029 0.00841683176601 -0.00490411103968 4.33710327511e-05 0.000138174278273
BPM.30R1.B2 1449.801545 0.00721581724935 -0.00654410753528 0.000136815003094 -4.74850798216e-05
BPM.31R1.B2 1503.25006 0.00772032150655 -0.00594053851816 -4.89985099001e-05 -0.000136280318961
BPM.32R1.B2 1556.698576 0.00631930638318 -0.00741348291118 -0.00013475241338 5.30562389103e-05
BPM.33R1.B2 1610.147092 0.00689702786258 -0.00687927093889 5.45481213625e-05 0.000134155427596
BPM.34R1.B2 1663.595608 0.00531919532836 -0.00816085308596 0.000132463464114 -5.85372266917e-05
BPM.33L2.B2 1717.044124 0.00596031601528 -0.00770506294748 -6.00019750371e-05 -0.0001318064496
BPM.32L2.B2 1770.49264 0.00423140947118 -0.00877431113689 -0.000129951323446 6.39205077522e-05
BPM.31L2.B2 1823.941156 0.00492579297255 -0.00840416120562 6.5358241634e-05 0.000129234198813
BPM.30L2.B2 1877.389672 0.00307441067766 -0.00924344962885 0.000127220826517 -6.91956581321e-05
BPM.29L2.B2 1930.838188 0.00381018317862 -0.00896525884599 -7.06018321283e-05 -0.000126445874648
BPM.28L2.B2 1984.286704 0.00186655580572 -0.0095608227401 -0.000124276100859 7.43547396637e-05
BPM.27L2.B2 2037.73522 0.00263214903984 -0.00937897401227 7.5728702732e-05 0.000123443673259
BPM.26L2.B2 2091.183735 0.000586601824424 -0.00971304302692 0.000121164038812 -3.68149519882e-05
BPM.25L2.B2 2144.632251 0.00136839553551 -0.00963404381255 -3.81560762538e-05 -0.000120748406894
BPM.24L2.B2 2198.080767 -0.000660887704643 -0.00970827142079 -0.000119552444993 4.17525757864e-05
BPM.23L2.B2 2251.529283 0.000124826894668 -0.00972993960886 4.30760120734e-05 0.000119081997527
BPM.22L2.B2 2304.977799 -0.00193894531734 -0.00953603061021 0.000117781437845 -4.04674123437e-06
BPM.21L2.B2 2358.426315 -0.00116317061166 -0.00966138824686 -5.35263990951e-06 -0.000117729322416
BPM.20L2.B2 2411.874831 -0.00314302697328 -0.00920960206123 -0.000117516422747 8.87322569836e-06
BPM.19L2.B2 2465.323347 -0.00238949275104 -0.00943322389896 1.0175816131e-05 0.000117410803663
BPM.18L2.B2 2518.771863 -0.00429514079465 -0.00873196164877 0.000117053663675 -1.36851993816e-05
BPM.17L2.B2 2572.220379 -0.00357656180088 -0.00905006046516 -1.49826679199e-05 -0.000116894668981
BPM.16L2.B2 2625.668894 -0.00537697666191 -0.00811070346325 -0.000116394021941 1.84736617174e-05
BPM.15L2.B2 2679.11741 -0.00470484798661 -0.00851820369359 1.97630040843e-05 0.000116182046693
BPM.14L2.B2 2732.565926 -0.00637020671104 -0.00735634795601 0.000115538457536 -2.32316268073e-05
BPM.13L2.B2 2786.014442 -0.00575585203033 -0.00784637216527 -2.45118848593e-05 -0.000115273640171
BPM.12L2.B2 2839.462958 -0.0074032656601 -0.00631561922579 -0.000114852933641 2.64130096393e-05
BPM.11L2.B2 2892.911474 -0.00605879758916 -0.00761487757745 1.52147106261e-05 0.000116864692674
BPM.10L2.B2 2944.750185 -0.00665672518646 -0.00709812641139 0.000117654854971 6.79550583918e-06
BPM.9L2.B2 2983.815195 -0.00794334578155 -0.00562126734196 3.05789039896e-05 -0.000113814655162
BPM.8L2.B2 3024.278206 -0.00950156343346 -0.00210135219133 -0.000102034206892 5.89734265811e-05
BPM.7L2.B2 3063.344216 -0.00238352363983 -0.00943473390194 7.2337653136e-05 9.30382033038e-05
BPM.6L2.B2 3095.450216 -0.0014653788306 -0.00962018989467 0.0001071645261 4.90368036077e-05
BPMYB.5L2.B2 3167.649216 -0.00384363564679 -0.00893990233788 5.52597430905e-05 -0.000104092286351
BPMYB.4L2.B2 3188.219216 -0.00549735173664 -0.0080296022681 -1.58016040448e-05 -0.000116786788924
BPMWB.4L2.B2 3212.610716 -0.00389438338188 -0.00891791269364 -0.000103011961601 -5.72484056229e-05
BPMSX.4L2.B2 3262.843716 -0.0078142658894 -0.00579936525627 -2.46759320206e-05 0.0001152386299
BPMS.2L2.B2 3300.755216 -0.00782147596773 -0.00578963750595 5.52035286897e-05 0.000104122149758
BPMSW.1L2.B2 3310.689216 -0.00759853415015 -0.00607928183586 8.02187355339e-05 8.63353760144e-05
BPMSW.1R2.B2 3353.879216 -0.0075985900164 -0.00607921200658 -9.82662364066e-05 6.50583781382e-05
BPMS.2R2.B2 3363.813216 -0.0078215140267 -0.00578958609355 -7.8133523414e-05 8.82270015075e-05
BPMSX.4R2.B2 3401.724716 -0.00781425702126 -0.00579937720218 -3.1061282628e-06 0.00011781000067
BPMWB.4R2.B2 3451.881716 -0.00389276224115 -0.00891862045639 0.000113681947821 -3.10686126245e-05
BPMYB.4R2.B2 3476.349216 -0.00546190045548 -0.00805375888536 4.28868633034e-05 -0.000109770493367
BPM.5R2.B2 3505.883216 0.000464563996986 -0.00972006013519 -8.00870470962e-05 -8.64575541206e-05
BPMR.6R2.B2 3579.179216 0.0019223384837 -0.00953939219667 -9.10779792996e-05 7.47906661323e-05
BPM_A.7R2.B2 3592.054216 0.00151471214356 -0.0096125457533 -7.63156806334e-05 8.98040157198e-05
BPM.8R2.B2 3633.493206 -0.00225714409186 -0.0094657640629 4.29932240489e-05 0.000109728878823
BPM.9R2.B2 3672.560195 -0.0093634329914 -0.00264981344281 8.41748366982e-05 -8.2482981958e-05
BPM.10R2.B2 3713.025185 -0.00953304091106 -0.00195359150151 -4.72901928465e-05 -0.000107946662941
BPM.11R2.B2 3764.865874 -0.00965336045799 -0.00122801489069 -0.000112020932285 3.6608116331e-05
BPM.12R2.B2 3819.592358 -0.00955644134842 -0.00183570626789 4.63515527564e-05 0.000108353025054
BPM.13R2.B2 3873.043842 -0.00966231330723 0.00115546106496 0.000102739932521 -5.77351805122e-05
BPM.14R2.B2 3926.495326 -0.00972404368484 0.000371972044555 -5.88820369544e-05 -0.00010208697066
BPM.15R2.B2 3979.94681 -0.0094350760136 0.00238216905006 -0.000100272657706 6.19212413116e-05
BPM.16R2.B2 4033.398294 -0.00959655905396 0.00161289898247 6.30404297157e-05 9.95728268273e-05
BPM.17R2.B2 4086.849779 -0.00905279916842 0.0035696240592 9.7633114877e-05 -6.60046970878e-05
BPM.18R2.B2 4140.301263 -0.00931138551644 0.00282727582042 -6.70947575586e-05 -9.68872378008e-05
BPM.19R2.B2 4193.752747 -0.00852179057868 0.00469834801684 -9.48285998526e-05 6.99741368785e-05
BPM.20R2.B2 4247.204231 -0.00887317802104 0.00399525976308 7.10319287381e-05 9.40388648777e-05
BPM.21R2.B2 4300.655715 -0.00785069000376 0.00574996132303 9.18615330483e-05 -7.38261759093e-05
BPM.22R2.B2 4354.107199 -0.00828920077925 0.00509750322193 -7.48509809289e-05 -9.10284285169e-05
BPM.23R2.B2 4407.558683 -0.0070506647553 0.00670697511741 -8.8739398131e-05 7.75510453502e-05
BPM.24R2.B2 4461.010167 -0.00737322322008 0.00612833752336 8.15280297109e-05 -0.000108242816723
BPM.25R2.B2 4514.461651 -0.00594075297846 0.00752518409043 -0.00011064317532 -7.82394590499e-05
BPM.26R2.B2 4567.913135 -0.00652872242697 0.00702116265587 -7.69958626184e-05 0.000111512163809
BPM.27R2.B2 4621.36462 -0.00492914741157 0.00822340850034 0.00011377519775 7.36106638622e-05
BPM.28R2.B2 4674.816104 -0.00538115597549 0.00781098622934 7.53150960204e-05 -0.00031069573745
BPM.29R2.B2 4728.267588 -0.00364297203054 0.00875768806884 -0.000312817476761 -6.5950195678e-05
BPM.30R2.B2 4781.719072 -0.00433778308357 0.00843516350862 -6.24452386524e-05 0.000313535954673
BPM.31R2.B2 4835.170556 -0.00249228156186 0.00915187839499 0.000315270988251 5.29944272693e-05
BPM.32R2.B2 4888.62204 -0.00322298941855 0.00892080067842 4.94559235069e-05 -0.000315845398057
BPM.33R2.B2 4942.073524 -0.00130147740911 0.00939545113826 -0.00031718835859 -3.99468322103e-05
BPM.34R2.B2 4995.525008 -0.00205535689755 0.00925979770439 -3.63923024504e-05 0.000317615813262
BPM.33L3.B2 5048.976492 -8.83963147695e-05 0.00948475258667 0.000318565914163 2.68321386591e-05
BPM.32L3.B2 5102.427976 -0.000853849946087 0.00944665474078 2.32605741322e-05 -0.000318846591053
BPM.31L3.B2 5155.87946 0.00112522810881 0.00941818492218 -0.000319401465823 -1.36714098738e-05
BPM.30L3.B2 5209.330945 0.000361620485668 0.009478268627 -1.00916098528e-05 0.00031953460376
BPM.29L3.B2 5262.782429 0.00232125949931 0.00919674398093 0.000319693548957 4.87622659315e-07
BPM.28L3.B2 5316.233913 0.00157118073031 0.00935412938993 -3.09294088855e-06 -0.000319678960499
BPM.27L3.B2 5369.685397 0.00347829038826 0.0088243890146 -0.000319441674438 1.26973401693e-05
BPM.26L3.B2 5423.136881 0.00295054525638 0.0090886976433 1.92649946988e-05 0.000123177339243
BPM.25L3.B2 5476.588365 0.0047727789673 0.00827832852145 0.000122543030991 -2.29565323712e-05
BPM.24L3.B2 5530.039849 0.00408896651768 0.00863657889307 -2.4327734224e-05 -0.000122278198642
BPM.23L3.B2 5583.491333 0.00579246472211 0.00759983516669 -0.000121491975938 2.79910152874e-05
BPM.22L3.B2 5636.942817 0.00535591308994 0.00805497385608 3.23401312045e-05 -7.49348382483e-05
BPM.21L3.B2 5690.394301 0.00691111018612 0.00676793652888 -7.58726799304e-05 -3.00740825669e-05
BPM.20L3.B2 5743.845786 0.00634232878911 0.00730364801771 -2.92216639187e-05 7.62050390295e-05
BPM.19L3.B2 5797.29727 0.00772016852506 0.0058281563794 7.70484844552e-05 2.69192272075e-05
BPM.18L3.B2 5850.748754 0.00722456746772 0.00643226505627 2.60547863727e-05 -7.7345082972e-05
BPM.17L3.B2 5904.200238 0.0084022851133 0.00479270421919 -7.80930208018e-05 -2.37190465938e-05
BPM.16L3.B2 5957.651722 0.00798805557126 0.00545521558013 -2.28420710989e-05 7.8354026376e-05
BPM.15L3.B2 6011.103206 0.00894638113015 0.00367840638533 7.90048262335e-05 2.04780565256e-05
BPM.14L3.B2 6064.55469 0.00862029716128 0.00438849469651 1.95921659235e-05 -7.92291638502e-05
BPM.13L3.B2 6118.006174 0.00934343296717 0.0025037310566 -7.97820954182e-05 -1.72026381981e-05
BPM.12L3.B2 6171.457658 0.00853076049394 0.0045601024373 -2.31977111164e-05 7.82494708132e-05
BPM.11L3.B2 6224.909142 0.00802267972565 0.00540416680133 7.71514435389e-05 2.6622699188e-05
BPM.10L3.B2 6277.691832 0.00512577128627 0.00820334551055 3.27134953771e-05 -7.47725971123e-05
BPM.9L3.B2 6316.758821 0.00643053403235 0.00722610827809 -3.60173870361e-05 -7.3238387305e-05
BPM.8L3.B2 6357.223811 0.00768351735034 0.00587639089812 -8.05620378775e-05 -1.30717855035e-05
BPM.7L3.B2 6396.2898 0.00944083028918 0.00210692483306 -4.83685729742e-05 6.57388429315e-05
BPMR.6L3.B2 6468.9288 0.00748529586066 -0.00612688784725 8.07917621684e-05 1.15673801203e-05
BPMWE.5L3.B2 6511.9823 0.00735437370769 -0.00628343824752 7.20728364489e-05 -3.82964783946e-05
BPMW.5L3.B2 6539.5273 0.00891664860185 -0.00374990486732 4.75805141041e-05 -6.63114473528e-05
BPMWE.4L3.B2 6614.6553 0.00707186330466 -0.00659978471219 -4.95571659312e-05 -6.48475148563e-05
BPMW.4L3.B2 6642.2003 -0.000356091291733 -0.00966651994489 -8.13524666066e-05 6.54900156324e-06
BPMW.4R3.B2 6687.1653 -0.00245666847325 -0.00935591731919 -6.01658742644e-05 5.51469078862e-05
BPMWE.4R3.B2 6714.7103 -0.000634304663534 -0.00965225706475 -3.5256301088e-05 7.36077866053e-05
BPMW.5R3.B2 6789.8383 -0.00242848058318 -0.00936327351381 5.0309291248e-05 6.42657684142e-05
BPMWE.5R3.B2 6817.3833 -0.00595825007054 -0.00762021423179 7.76855663299e-05 2.50213168025e-05
BPMWC.6R3.B2 6858.3743 -0.00665976756387 -0.00701540482281 7.71736878919e-05 -2.65581508145e-05
BPM.6R3.B2 6870.5288 -0.00586764912305 -0.00769019522957 6.94476833864e-05 -4.28734549537e-05
BPM_A.7R3.B2 6926.3528 -0.00603823753376 -0.00755698989779 -8.87596153678e-06 -8.11315635327e-05
BPM.8R3.B2 6965.418789 -0.000989817819591 -0.00962230063635 -8.15413491691e-05 3.48162992671e-06
BPM.9R3.B2 7004.485779 0.00758479483618 -0.00600327376871 1.72021271759e-05 7.9782204319e-05
BPM.10R3.B2 7044.950768 0.00684237167787 -0.00683742339445 6.98457153905e-05 4.22218992258e-05
BPM.11R3.B2 7097.733458 0.00432001268298 -0.00865481942388 5.53719640921e-05 -5.99588101949e-05
BPM.12R3.B2 7152.459942 0.00134746609056 -0.00957876526372 -7.05757902968e-05 -4.09898961487e-05
BPM.13R3.B2 7205.911426 0.00277461282137 -0.00926660307494 -3.6385327946e-05 7.30562882842e-05
BPM.14R3.B2 7259.36291 0.000791040875824 -0.00964067752728 7.4116094356e-05 3.41748124067e-05
BPM.15R3.B2 7312.814394 0.00156654158209 -0.00954538403209 3.33423178899e-05 -7.44943178783e-05
BPM.16R3.B2 7366.265878 -0.000448874459501 -0.0096626559794 -7.5462432004e-05 -3.10891519975e-05
BPM.17R3.B2 7419.717362 0.000332515436347 -0.00966735963556 -3.02417510013e-05 7.58060028282e-05
BPM.18R3.B2 7473.168846 -0.0016811856825 -0.00952586077943 7.66803402556e-05 2.79506472927e-05
BPM.19R3.B2 7526.62033 -0.000906891495611 -0.00963047021931 2.70896562244e-05 -7.69887278687e-05
BPM.20R3.B2 7580.071814 -0.00288609300915 -0.00923249023639 -7.77678281649e-05 -2.47644612806e-05
BPM.21R3.B2 7633.523299 -0.00213146872144 -0.00943531928079 -2.38917807979e-05 7.80403496204e-05
BPM.22R3.B2 7686.974783 -0.00404336394672 -0.00878746930559 7.87229386825e-05 2.15363094212e-05
BPM.23R3.B2 7740.426267 -0.00332095914121 -0.0090851328685 2.06526927995e-05 -7.89593556417e-05
BPM.24R3.B2 7793.877751 -0.00524300368185 -0.00817726009997 -7.9423336592e-05 9.23709790369e-05
BPM.25R3.B2 7847.329235 -0.00456579820705 -0.00857380644736 9.32550949709e-05 7.83833548745e-05
BPM.26R3.B2 7900.780719 -0.00624594544297 -0.00743941098565 7.5545511101e-05 -9.55685046085e-05
BPM.27R3.B2 7954.232203 -0.00562520513596 -0.00791920055424 -9.64088292913e-05 -7.44701312386e-05
BPM.28R3.B2 8007.683687 -0.00725503215745 -0.00655851902035 -7.14219054931e-05 0.000209245859466
BPM.29R3.B2 8061.135171 -0.00670190164336 -0.00712279283328 0.000210033491388 6.90713361562e-05
BPM.30R3.B2 8114.586655 -0.00803439771572 -0.00557656853688 6.27263749949e-05 -0.000212014910149
BPM.31R3.B2 8168.03814 -0.0075581744727 -0.00620674326863 -0.000212703802926 -6.03490756167e-05
BPM.32R3.B2 8221.489624 -0.00868179613789 -0.00450289675156 -5.39354677528e-05 0.000214419874846
BPM.33R3.B2 8274.941108 -0.00828997911381 -0.00518901817465 0.000215011281186 5.15273214251e-05
BPM.34R3.B2 8328.392592 -0.00918649517215 -0.00335528981801 4.50402039313e-05 -0.000216463160826
BPM.33L4.B2 8381.844076 -0.00888574711578 -0.00408572656726 -0.000216953660047 -4.26148707394e-05
BPM.32L4.B2 8435.29556 -0.00954024976777 -0.00215250963181 -3.60819122536e-05 0.00021813531066
BPM.31L4.B2 8488.747044 -0.00933537544965 -0.00291554944997 0.000218526352179 3.36326051949e-05
BPM.30L4.B2 8542.198528 -0.00973722675845 -0.000914373238587 2.70478466414e-05 -0.000219438676842
BPM.29L4.B2 8595.650012 -0.00963166376355 -0.00169726735941 -0.000219727572217 -2.45908776264e-05
BPM.28L4.B2 8649.101496 -0.00977419490587 0.000338788062813 -1.79826474874e-05 0.000220366846483
BPM.27L4.B2 8702.55298 -0.00976965035807 -0.000451215307486 0.00022055473126 1.55089950307e-05
BPM.26L4.B2 8756.004465 -0.00975926796824 0.00160715072818 8.99629777063e-06 -0.000110279052635
BPM.25L4.B2 8809.455949 -0.00985714477237 0.000814212290733 -0.000110372864588 -7.76102672957e-06
BPM.24L4.B2 8862.907433 -0.00947348658408 0.00284241036684 -4.44252024837e-06 0.000110556178111
BPM.23L4.B2 8916.358917 -0.00967199084868 0.0020685351573 0.000110599038061 3.20267843908e-06
BPM.22L4.B2 8969.810401 -0.00914073868773 0.00405176371024 3.01722502811e-11 -2.55981136576e-10
BPM.21L4.B2 9023.261885 -0.00943794141887 0.00330078091635 -2.58373364925e-10 -2.87661593414e-11
BPM.20L4.B2 9076.713369 -0.00854730853594 0.00518781357118 -2.08841455587e-11 2.56224517513e-10
BPM.19L4.B2 9130.164853 -0.00893814001996 0.00448102062551 2.61477134585e-10 1.66256355807e-11
BPM.18L4.B2 9183.616337 -0.00781341679778 0.00623862251267 1.33008263062e-11 -2.62912745617e-10
BPM.17L4.B2 9237.067821 -0.00829145455418 0.00558763583585 -2.55681824454e-10 -6.50306042436e-12
BPM.16L4.B2 9290.519306 -0.00695113556807 0.00718690526244 4.95943097221e-13 2.57860446413e-10
BPM.15L4.B2 9343.97079 -0.00750852496162 0.00660241969203 2.60304337689e-10 -1.37475386635e-12
BPM.14L4.B2 9397.422274 -0.0059746204793 0.00801709442486 -9.37656499465e-12 -2.5870246244e-10
BPM.13L4.B2 9450.873758 -0.00660220022703 0.00750871793719 -2.58334213486e-10 1.7082243719e-11
BPM.12L4.B2 9504.325242 -0.0040038811576 0.00916181360589 7.32538424178e-12 2.57868114787e-10
BPM.11L4.B2 9557.776726 -0.00432887404858 0.00901280990654 2.55515562406e-10 3.60032778945e-11
BPMC.10L4.B2 9609.617415 -0.00317792559815 0.00948001486169 6.65036356355e-11 -2.4905156448e-10
BPMC.9L4.B2 9648.684405 -0.00228019610893 0.00973501918724 -2.28727762472e-10 -1.13990467247e-10
BPMC.8L4.B2 9689.149394 0.000837724898701 0.00996333829012 8.56492338398e-11 2.42816941376e-10
BPMC.7L4.B2 9728.215384 -0.00706981630517 0.00707019027447 2.16794408657e-10 -1.11558243614e-10
BPMYA.6L4.B2 9824.819384 -0.00595162363936 0.0080341812896 -4.23323237298e-11 -2.55478751177e-10
BPMYB.5L4.B2 9861.819384 -0.00596608548831 0.00802344797244 -1.4441892016e-10 -2.3841878327e-10
BPMWA.B5L4.B2 9964.209884 -0.00109142942829 0.0099387461337 -2.53063767392e-10 -2.61596801124e-11
BPMWA.A5L4.B2 9973.094884 -0.000737311141023 0.00997127199397 -2.54957220822e-10 -3.37532335521e-12
BPMWA.A5R4.B2 10021.14388 0.000393439270447 0.00999075064225 -2.31193657206e-10 1.14499143098e-10
BPMWA.B5R4.B2 10030.02888 0.000455302209206 0.00998812258391 -2.20047542096e-10 1.30778064947e-10
BPMYA.5R4.B2 10132.49538 -0.00116916772514 0.00992990129624 -6.4341987572e-11 2.53859109164e-10
BPMYB.6R4.B2 10164.05938 -0.000918786200037 0.00995619027673 -3.4094505993e-12 2.60939575323e-10
BPMCA.7R4.B2 10260.57538 -0.00431010156028 0.00902180233749 2.56940187815e-10 -3.00270505539e-11
BPMC.8R4.B2 10298.36637 -0.00655546822859 0.00754955159199 -5.00993173356e-11 -2.55676359193e-10
BPMC.9R4.B2 10337.43336 -8.9828119078e-05 0.00999809100723 -2.18567362433e-10 1.40732837873e-10
BPMC.10R4.B2 10377.89835 0.000301562945095 0.00999394580078 8.18071043318e-11 2.47147635151e-10
BPM.11R4.B2 10429.73904 0.00359635645298 0.0093293147175 2.51209513069e-10 -5.25694424741e-11
BPM.12R4.B2 10484.46553 0.00392094562771 0.00919761263959 -4.68741478889e-11 -2.55626031669e-10
BPM.13R4.B2 10537.91701 0.00575937870865 0.00817309303761 -2.53754680454e-10 4.76916654692e-11
BPM.14R4.B2 10591.36849 0.0050809256759 0.00861127674402 5.88489547393e-11 2.52076726698e-10
BPM.15R4.B2 10644.81998 0.00675761355674 0.00736916222943 2.53725484234e-10 -6.51247892223e-11
BPM.16R4.B2 10698.27146 0.00614079072076 0.00789053751078 -6.35202184372e-11 -2.50247291006e-10
BPM.17R4.B2 10751.72295 0.0076448064299 0.00644413124859 -2.48543729873e-10 6.88932478434e-11
BPM.18R4.B2 10805.17443 0.00709974830406 0.00704013259013 7.66248294001e-11 2.46394312377e-10
BPM.19R4.B2 10858.62591 0.00840636885634 0.0054132112149 2.5230086273e-10 -8.36367010378e-11
BPM.20R4.B2 10912.0774 0.00794203386841 0.006074042385 -8.2928442701e-11 -2.43707310022e-10
BPM.21R4.B2 10965.52888 0.00902979491024 0.00429333165708 -2.43554464915e-10 9.71336212081e-11
BPM.22R4.B2 11018.98037 0.00865381363841 0.00500813362556 8.95089040198e-11 2.44398900113e-10
BPM.23R4.B2 11072.43185 0.00950483404945 0.00310290550002 2.35839379364e-10 -1.02971264014e-10
BPM.24R4.B2 11125.88333 0.00915555977201 0.00385562559558 -1.03524260172e-06 6.79334448048e-05
BPM.25R4.B2 11179.33482 0.00975644483057 0.0018713384936 6.79338902492e-05 -1.00578413778e-06
BPM.26R4.B2 11232.7863 0.00957357331268 0.00265270004642 -1.76650721055e-06 -6.79183621896e-05
BPM.27R4.B2 11286.23779 0.00991567555886 0.000607866516718 -6.78346078995e-05 3.80661345816e-06
BPM.28R4.B2 11339.68927 0.00976643207649 0.00140190216601 3.5323324705e-06 0.000135720243492
BPM.29R4.B2 11393.14075 0.00984472204576 -0.000655723255288 0.00013555294511 -7.60662355982e-06
BPM.30R4.B2 11446.59224 0.00986552822489 0.000140989358235 -9.12349096204e-06 -0.000135459303443
BPM.31R4.B2 11500.04372 0.00967994401022 -0.00190976677282 -0.000135123899423 1.31906966165e-05
BPM.32R4.B2 11553.49521 0.00980250648046 -0.00112222631314 1.470511259e-05 0.000134967483796
BPM.33R4.B2 11606.94669 0.00935611695669 -0.00313234746853 0.000134465002947 -1.87516628646e-05
BPM.34R4.B2 11660.39818 0.00957839942856 -0.00236702124498 -2.02558071281e-05 -0.000134246655231
BPM.33L5.B2 11713.84966 0.00887849711366 -0.00430358155142 -0.000133577191729 2.4281555833e-05
BPM.32L5.B2 11767.30114 0.00919690110883 -0.00357288891404 2.57777518889e-05 0.000133296539608
BPM.31L5.B2 11820.75263 0.0082550618277 -0.0054039318467 0.000132462291233 -2.97691684504e-05
BPM.30L5.B2 11874.20411 0.0086642543949 -0.00472008696463 -3.12504203691e-05 -0.000132120676019
BPM.29L5.B2 11927.6556 0.00749584531642 -0.00641567051238 -0.000131121752837 3.5207192008e-05
BPM.28L5.B2 11981.10708 0.00798926191684 -0.00578966486255 3.66749327699e-05 0.00013071882106
BPM.27L5.B2 12034.55856 0.00661362801645 -0.00732177913101 0.000129558417386 -4.05842047259e-05
BPM.26L5.B2 12088.01005 0.00711513938345 -0.00676841321934 -4.30685020292e-05 -6.1162149593e-05
BPM.25L5.B2 12141.46153 0.00555534277389 -0.00809782641647 -5.9840354562e-05 4.48869313808e-05
BPM.24L5.B2 12194.91302 0.00619086362978 -0.00762298061894 4.55546458304e-05 5.93336230356e-05
BPM.23L5.B2 12248.3645 0.00447384270904 -0.0087419309886 5.79384578887e-05 -4.73163728939e-05
BPM.22L5.B2 12301.81598 0.00509698190685 -0.00835660883945 -4.89979229308e-05 1.05281614566e-05
BPM.21L5.B2 12355.26747 0.00325154353622 -0.00923252947694 1.19955256553e-05 4.86594904436e-05
BPM.20L5.B2 12408.71895 0.00398613836167 -0.00893995732035 4.85220543821e-05 -1.25398928844e-05
BPM.19L5.B2 12462.17044 0.00204372692175 -0.00957263371132 -1.39919727986e-05 -4.81234179899e-05
BPM.18L5.B2 12515.62192 0.00280965059638 -0.00937645985548 -4.79636237402e-05 1.45302962039e-05
BPM.17L5.B2 12569.07341 0.000802354636896 -0.00975542735828 1.59647289006e-05 4.75054297014e-05
BPM.16L5.B2 12622.52489 0.00158714515522 -0.0096588356558 4.73235819205e-05 -1.64959834154e-05
BPM.15L5.B2 12675.97637 -0.000452237445213 -0.00977791476822 -1.79103068104e-05 -4.68066177122e-05
BPM.14L5.B2 12729.42786 0.000338398989418 -0.00978251614064 -4.66030258857e-05 1.84335752287e-05
BPM.13L5.B2 12782.87934 -0.001699357682 -0.00963972610775 1.98253315425e-05 4.6028194659e-05
BPM.12L5.B2 12836.33083 0.000307767264848 -0.00978352774851 4.71918085544e-05 -1.68692472467e-05
BPM.11L5.B2 12889.78231 -0.000475262046952 -0.00977682268883 -1.15123707884e-05 -4.8776056419e-05
BPM.10L5.B2 12942.565 -0.00158603257888 -0.0096590184059 -4.80176077414e-05 1.43508822394e-05
BPM.9L5.B2 12981.63199 -0.00353873210943 -0.00912630872927 1.00574081839e-05 4.90967113052e-05
BPM.8L5.B2 13022.09698 0.00376995744453 -0.00903324729744 3.87142716723e-05 -3.18251983012e-05
BPM.7L5.B2 13061.16497 -0.00218815001219 -0.00954065696801 -2.80391981423e-05 -4.15384386164e-05
BPMR.6L5.B2 13098.05897 -0.00245927791645 -0.00947439117021 -4.91796787716e-05 -9.64350732645e-06
BPMWT.B6L5.B2 13109.36897 -0.00322863469584 -0.00924056566933 -5.01145011681e-05 4.18339593877e-07
BPMWT.A6L5.B2 13115.19097 -0.00339265316433 -0.00918161425807 -4.98712108413e-05 4.94981843916e-06
BPM.5L5.B2 13129.95897 -0.00320257113846 -0.00924963101986 -4.76246847972e-05 1.56053590876e-05
BPMYA.4L5.B2 13157.36497 -0.00298875777874 -0.00932091534404 -3.7536065606e-05 3.32066624002e-05
BPMWB.4L5.B2 13178.42347 -0.0042761192134 -0.00880493841066 -2.28328056819e-05 4.46127961074e-05
BPMWT.B4L5.B2 13178.89297 -0.00430320439645 -0.00879173292394 -2.24411457329e-05 4.48110888803e-05
BPMWT.A4L5.B2 13180.87497 -0.00441582392763 -0.00873571033059 -2.07630578924e-05 4.56128720162e-05
BPMSY.4L5.B2 13271.27947 -0.00498649720551 -0.00842300311846 4.62877289207e-05 1.92115676998e-05
BPMS.2L5.B2 13298.06497 -0.00579323988748 -0.00788989908597 5.00375559244e-05 -2.80726911652e-06
BPMSW.1L5.B2 13308.11897 -0.00607530344437 -0.00767481752355 4.72717733784e-05 -1.66438509477e-05
BPMSW.1R5.B2 13351.06897 -0.00607533130857 -0.0076747954669 7.92439419229e-07 5.01099862809e-05
BPMS.2R5.B2 13361.12297 -0.00579326226067 -0.00788988266849 1.47290301763e-05 4.79029691733e-05
BPMSY.4R5.B2 13387.90847 -0.00498650602337 -0.00842299789664 3.40788185413e-05 3.67460589245e-05
BPMWB.4R5.B2 13480.76447 -0.00427600949582 -0.00880499169157 3.39185062539e-05 -3.689408438e-05
BPMYA.4R5.B2 13501.82097 -0.00298870528249 -0.00932093217643 1.81206345425e-05 -4.67255939668e-05
BPMR.5R5.B2 13522.93897 -0.00291673823999 -0.0093437023681 2.87004331513e-06 -5.00340014232e-05
BPM.6R5.B2 13554.83897 -0.00295629843769 -0.00933126119513 -2.09272571316e-05 -4.55377697959e-05
BPMRA.7R5.B2 13588.85297 -0.00167360369684 -0.00964423074128 -4.47987007405e-05 -2.246586192e-05
BPM.8R5.B2 13630.28998 0.00181615771558 -0.00961840460035 -3.15235478051e-05 3.89602922055e-05
BPM.9R5.B2 13669.35499 0.000818184990366 -0.00975411242557 4.58260721093e-05 2.02881443202e-05
BPM.10R5.B2 13709.818 -0.00334582096655 -0.00919878350835 9.86719790667e-06 -4.91352895007e-05
BPM.11R5.B2 13762.59871 0.00159795872971 -0.00965705253992 -4.99007973468e-05 4.64206874748e-06
BPM.12R5.B2 13817.32223 3.56603327557e-05 -0.00978830241925 8.71785013717e-06 4.93521800521e-05
BPM.13R5.B2 13870.77074 0.00141839203589 -0.00968505549787 4.87774916562e-05 -1.15063204708e-05
BPM.14R5.B2 13924.21926 -0.000622437779261 -0.00976855706266 -1.29605093256e-05 -4.84114045786e-05
BPM.15R5.B2 13977.66777 0.000167860147224 -0.00978692795901 -4.82647088733e-05 1.34965451032e-05
BPM.16R5.B2 14031.11629 -0.00186690029976 -0.00960868456861 1.49348320729e-05 4.78392012897e-05
BPM.17R5.B2 14084.56481 -0.00108537579284 -0.00972800572028 4.76706187561e-05 -1.54645016755e-05
BPM.18R5.B2 14138.01332 -0.0030807156149 -0.00929092714181 -1.68842203967e-05 -4.71864622122e-05
BPM.19R5.B2 14191.46184 -0.00232093857153 -0.00950922604906 -4.69963487804e-05 1.74063736521e-05
BPM.20R5.B2 14244.91035 -0.00424388153608 -0.00882052182964 1.88049155084e-05 4.64544217306e-05
BPM.21R5.B2 14298.35887 -0.00351821504245 -0.00913423772523 4.62429723529e-05 -1.93190514383e-05
BPM.22R5.B2 14351.80738 -0.00533734815751 -0.00820517218302 -2.06943401755e-05 -4.56440910146e-05
BPM.23R5.B2 14405.2559 -0.00465782147674 -0.00860911348485 -4.54118522621e-05 2.11991033884e-05
BPM.24R5.B2 14458.70442 -0.00642868141058 -0.00743872555491 2.26335272391e-05 0.000131931906648
BPM.25R5.B2 14512.15293 -0.00580736246538 -0.00793329211893 0.000131672590521 -2.40963201174e-05
BPM.26R5.B2 14565.60145 -0.0073274383508 -0.00655524445996 -2.80268569275e-05 -0.000130892322242
BPM.27R5.B2 14619.04996 -0.00677459267735 -0.00712512994249 -0.000130573746896 2.94754400148e-05
BPM.28R5.B2 14672.49848 -0.00819139283996 -0.00554778995159 3.34528038561e-05 0.000216809591723
BPM.29R5.B2 14725.947 -0.00771692010064 -0.00619080239053 0.000216424681018 -3.5858695078e-05
BPM.30R5.B2 14779.39551 -0.00883377772413 -0.00445435305734 -4.23222008825e-05 -0.000215254083395
BPM.31R5.B2 14832.84403 -0.00844555061809 -0.00515262697975 -0.000214772321274 4.47027849387e-05
BPM.32R5.B2 14886.29254 -0.0093309955857 -0.0032877669452 5.11071766694e-05 0.00021333904101
BPM.33R5.B2 14939.74106 -0.00903522237338 -0.004030092641 0.000212758083749 -5.34741552132e-05
BPM.34R5.B2 14993.18958 -0.00967491048639 -0.00206712290579 -5.98199156117e-05 -0.00021106176296
BPM.33L6.B2 15046.63809 -0.00947655611691 -0.00284108680327 -0.000210386707772 6.21524111539e-05
BPM.32L6.B2 15100.08661 -0.00985985133874 -0.000812540243243 6.84180262838e-05 0.000208433353889
BPM.31L6.B2 15153.53512 -0.00976211960736 -0.00160558737258 0.000207660228224 -7.0729893433e-05
BPM.30L6.B2 15206.98364 -0.00988278811037 0.000455400040518 -7.69149593188e-05 -0.000205449700958
BPM.29L6.B2 15260.43215 -0.00988730663812 -0.000343594924839 -0.000204585891838 7.91839917507e-05
BPM.28L6.B2 15313.88067 -0.00974333898793 0.00171587744632 8.52688926223e-05 0.000202125466782
BPM.27L6.B2 15367.32919 -0.00985002997575 0.000924012703813 0.000201165427411 -8.75097709422e-05
BPM.26L6.B2 15420.7777 -0.00952946829743 0.00296447655238 -9.34055245879e-05 -0.000111282490975
BPM.25L6.B2 15474.22622 -0.00973761522488 0.00218580350531 -0.000110241286956 9.4632148034e-05
BPM.24L6.B2 15527.67473 -0.00907194180462 0.00415917769604 9.78887156376e-05 0.000107360067328
BPM.23L6.B2 15581.12325 -0.00937799382407 0.00341352003441 0.000106266399219 -9.90749144459e-05
BPM.22L6.B2 15634.57177 -0.00855105596773 0.00530181023446 -0.00010212519877 -1.6078732703e-05
BPM.21L6.B2 15688.02028 -0.00895099574312 0.00459449944072 -1.49460252565e-05 0.000102297111022
BPM.20L6.B2 15741.4688 -0.00780254051045 0.00635217375808 0.000102698638009 1.18773980729e-05
BPM.19L6.B2 15794.91731 -0.00828972808639 0.00570176799127 1.07370053849e-05 -0.000102824111251
BPM.18L6.B2 15848.36583 -0.00692595234409 0.00729800891162 -0.000103099330069 -7.65568393285e-06
BPM.17L6.B2 15901.81435 -0.00749226209531 0.00671533756273 -6.51251664914e-06 0.000103177857576
BPM.16L6.B2 15955.26286 -0.0059353944921 0.00812409023368 0.000103326552447 3.42136717249e-06
BPM.15L6.B2 16008.71138 -0.00657168342682 0.00761857774264 2.27472213938e-06 -0.000103358157827
BPM.14L6.B2 16062.15989 -0.0048475222585 0.00881653434571 -0.000103379938802 8.18887472759e-07
BPM.13L6.B2 16115.60841 -0.00554313024086 0.00839663367252 1.96483778711e-06 0.000103364504819
BPM.12L6.B2 16169.05693 -0.0035390165552 0.00941833911744 0.000103300513504 -4.1334409436e-06
BPM.11L6.B2 16222.50544 -0.00509019423942 0.00867869071239 3.20191676319e-06 -0.000103333589012
BPM.10L6.B2 16274.34415 -0.00351742401766 0.00942642446489 -0.000101109045567 -2.15648715566e-05
BPM.9L6.B2 16313.40916 -0.00219077674153 0.00981989038444 -5.55473008194e-05 8.71927775898e-05
BPM.8L6.B2 16353.87217 0.00353573211573 0.00941957262225 0.000101738106286 1.8369575529e-05
BPMYB.5L6.B2 16450.96018 -0.0054834509336 0.0084357285279 -6.86508705753e-05 -7.72990424837e-05
BPMYA.4L6.B2 16487.36018 -0.00514827290223 0.00864436440891 -8.46912406126e-05 -5.92914593253e-05
BPMSB.B4L6.B2 16518.13068 -0.00609383747316 0.0080059287255 -9.5911348313e-05 -3.85888031318e-05
BPMSB.A4L6.B2 16518.76568 -0.00611479315304 0.00798993458095 -9.6111362496e-05 -3.8087903356e-05
BPMSA.4L6.B2 16615.57568 -0.00886267328979 0.00476264339075 -8.50612658467e-05 5.87593726687e-05
BPMSE.4R6.B2 16707.14568 -0.00900316660599 0.00449140746 3.52647955346e-06 0.000103323020182
BPMSA.A4R6.B2 16803.82068 -0.00679278476283 0.00742211729091 8.42734479061e-05 5.98837888521e-05
BPMSA.B4R6.B2 16804.40568 -0.00677599776292 0.00743744608209 8.45462475228e-05 5.94980227318e-05
BPMYB.4R6.B2 16830.96018 -0.00603262615347 0.00805215322774 9.43446581453e-05 4.22749159797e-05
BPMYA.5R6.B2 16867.36018 -0.00595224131952 0.00811175524345 0.000101199948587 2.11341893813e-05
BPM.8R6.B2 16963.08519 -0.00180311246313 0.00989841074949 5.74021452279e-06 -0.000103223701132
BPM.9R6.B2 17002.1502 0.00540260697864 0.00848773159974 -0.00010323556855 5.52273607549e-06
BPM.10R6.B2 17042.61322 0.0069934271044 0.00723337592467 -2.31232975749e-05 0.000100764061339
BPM.11R6.B2 17094.45193 0.00862655421932 0.00517806066917 0.000102897679113 1.00075591659e-05
BPM.12R6.B2 17149.17544 0.00732787756857 0.00689434262627 -4.04328109707e-06 -0.00010330408635
BPM.13R6.B2 17202.62396 0.00860654297583 0.00521125395824 -0.000103128983105 7.24543539073e-06
BPM.14R6.B2 17256.07247 0.00815796045351 0.00588875463673 8.3892819587e-06 0.000103042236039
BPM.15R6.B2 17309.52099 0.00920248667589 0.00406743026692 0.000102745117142 -1.14684167806e-05
BPM.16R6.B2 17362.96951 0.00884422453004 0.00479681585246 -1.26064806819e-05 -0.000102611695903
BPM.17R6.B2 17416.41802 0.00964717323894 0.00285688614523 -0.000102188345433 1.56723989415e-05
BPM.18R6.B2 17469.86654 0.00938517283407 0.00362605581701 1.68053399876e-05 0.000102008147625
BPM.19R6.B2 17523.31505 0.009933373904 0.00159932261913 0.000101459726408 -1.98496176341e-05
BPM.20R6.B2 17576.76357 0.00977191202504 0.00239572228635 -2.09729249523e-05 -0.000101233487622
BPM.21R6.B2 17630.21209 0.010056350983 0.000315523074921 -0.000100560291291 2.39939602619e-05
BPM.22R6.B2 17683.6606 0.00999809107843 0.00112602163149 2.51082848852e-05 0.000100287868363
BPM.23R6.B2 17737.10912 0.0100140958896 -0.000973464653636 9.94918356697e-05 -2.80972880064e-05
BPM.24R6.B2 17790.55763 0.00993688840309 -0.000169945436176 -3.10917228028e-05 2.41115894625e-05
BPM.25R6.B2 17844.00615 0.00968526480075 -0.00222851483099 2.5031223979e-05 3.03562421616e-05
BPM.26R6.B2 17897.45466 0.00983351429307 -0.00143966290875 3.00768899178e-05 -2.53662028316e-05
BPM.27R6.B2 17950.90318 0.00932062178234 -0.00344915093747 -2.62549255737e-05 -2.93043045975e-05
BPM.28R6.B2 18004.3517 0.00944547532684 -0.00269347460047 -3.09022038394e-05 0.000149860752087
BPM.29R6.B2 18057.80021 0.00868085250096 -0.00459506359132 0.000150718138213 2.64051888572e-05
BPM.30R6.B2 18111.24873 0.00902333529542 -0.00387959143234 2.47340684932e-05 -0.000151001378032
BPM.31R6.B2 18164.69724 0.00802166606449 -0.0056678640722 -0.000151674150385 -2.02025666423e-05
BPM.32R6.B2 18218.14576 0.00845292054224 -0.00500199398438 -1.85175292159e-05 0.000151889076845
BPM.33R6.B2 18271.59428 0.00723083526831 -0.00664731757163 0.000152375059586 1.39653756039e-05
BPM.34R6.B2 18325.04279 0.00774363224466 -0.00604218248459 1.22762719133e-05 -0.000152520435182
BPM.33L7.B2 18378.49131 0.0063209767049 -0.00751778312024 -0.000152819587281 -7.70496608578e-06
BPM.32L7.B2 18431.93982 0.0069070952415 -0.00698311140987 -6.00840720246e-06 0.000152895679656
BPM.31L7.B2 18485.38834 0.00530753889345 -0.00826449275188 0.000153006994064 1.43157370482e-06
BPM.30L7.B2 18538.83686 0.00595707601898 -0.00780929285504 -2.64221053967e-07 -0.000153013469085
BPM.29L7.B2 18592.28537 0.00420655495282 -0.00887562420254 -0.000152936989307 4.84440785655e-06
BPM.28L7.B2 18645.73389 0.00490918078911 -0.00850715896077 6.54102788968e-06 0.000152873821868
BPM.27L7.B2 18699.1824 0.00303684358158 -0.00934073822713 0.00015260968606 -1.11119303623e-05
BPM.26L7.B2 18752.63092 0.00365762662159 -0.00907297778772 -1.46966475944e-05 -2.91944645449e-05
BPM.25L7.B2 18806.07943 0.00169499490872 -0.0096345290851 -2.8741552313e-05 1.55637858462e-05
BPM.24L7.B2 18859.52795 0.00246699240588 -0.00946631432243 1.58815802281e-05 2.85671810295e-05
BPM.23L7.B2 18912.97647 0.000448675055262 -0.00977219776331 2.80791272577e-05 -1.6729326926e-05
BPM.22L7.B2 18966.42498 0.00111280883848 -0.00971188137497 -1.89326138779e-05 9.53899713694e-05
BPM.21L7.B2 19019.8735 -0.000926912322676 -0.00973138309213 9.59138162387e-05 1.60695416111e-05
BPM.20L7.B2 19073.32201 -0.000138639945189 -0.00977444434966 1.50048886401e-05 -9.60861257791e-05
BPM.19L7.B2 19126.77053 -0.002164265699 -0.00953283469544 -9.64921247568e-05 -1.21227390774e-05
BPM.18L7.B2 19180.21905 -0.00138787037871 -0.00967640424918 -1.1052020739e-05 9.66206133208e-05
BPM.17L7.B2 19233.66756 -0.00336579418184 -0.00917771283343 9.69080929028e-05 8.15549358396e-06
BPM.16L7.B2 19287.11608 -0.00261424760187 -0.00941937858068 7.0801033054e-06 -9.69925896707e-05
BPM.15L7.B2 19340.56459 -0.00451226567492 -0.00867170351357 -9.71610161629e-05 -4.17454314299e-06
BPM.14L7.B2 19394.01311 -0.00379770843879 -0.00900757425698 -3.09707442486e-06 9.72013292095e-05
BPM.13L7.B2 19447.46163 -0.00558437604801 -0.00802332397263 9.72504774358e-05 1.86560833401e-07
BPM.12L7.B2 19500.91014 -0.00473835678122 -0.00855026071993 4.1434297198e-07 -9.72497730293e-05
BPM.11L7.B2 19554.35866 -0.006575993497 -0.00723293114091 -9.7232758864e-05 -1.86569299077e-06
BPM.10L7.B2 19607.13937 -0.00661325873831 -0.00719887437383 -6.21047779297e-06 9.70521502315e-05
BPM.9L7.B2 19646.20438 -0.00886682575525 -0.00411562685254 8.7764050979e-05 4.18946450383e-05
BPM.8L7.B2 19686.66739 -0.00974486135005 -0.000772438129147 5.1724666548e-05 -8.23544083434e-05
BPM.7L7.B2 19725.7314 -0.00806038429729 0.00553074935147 -7.77807826853e-05 -5.83767061529e-05
BPMR.6L7.B2 19760.5494 -0.00812792560572 0.00543100439429 -9.6252563129e-05 1.38972811034e-05
BPMWC.6L7.B2 19772.7279 -0.00727872610232 0.00652526855691 -8.85001157713e-05 4.03164929126e-05
BPMWE.5L7.B2 19849.7819 -0.00956591862693 0.00201300376642 4.43739086658e-05 8.65369699305e-05
BPMW.5L7.B2 19872.9869 -0.00971421897042 -0.00109221484146 7.76122728589e-05 5.86005497598e-05
BPMWE.4L7.B2 19908.0719 -0.0097160088885 -0.0010761759599 9.45976555024e-05 2.25604442439e-05
BPMW.4L7.B2 19936.1769 -0.00935912917852 0.00282235441391 9.23165644015e-05 -3.0583365079e-05
BPMW.4R7.B2 20052.2239 -0.00844552106182 0.00492261692466 -7.47904523631e-05 -6.21617138414e-05
BPMWE.4R7.B2 20080.3289 -0.00964093388689 0.00161597562811 -9.59303388262e-05 -1.59706234794e-05
BPMW.5R7.B2 20115.4139 -0.00955673741179 0.00205615016121 -9.24863818995e-05 3.00659245902e-05
BPMWE.5R7.B2 20138.6189 -0.00715162629078 0.0066643247846 -5.28598694882e-05 8.16304167927e-05
BPM.6R7.B2 20217.7584 -0.00318106241094 0.00924336655706 9.44427011864e-05 2.32005953199e-05
BPM_A.7R7.B2 20255.7944 -0.00608598765788 0.00764981944912 8.14205927829e-05 -5.31824957927e-05
BPM.8R7.B2 20294.85841 -0.0061523510367 0.00759654922284 4.77826237575e-06 -9.71332006701e-05
BPM.9R7.B2 20333.92342 -0.00129454018154 0.00968933171637 -9.69088403504e-05 -8.14661043038e-06
BPM.10R7.B2 20374.38643 0.0033929015874 0.00916772612018 -1.8361806321e-05 9.55014898017e-05
BPM.11R7.B2 20427.16714 0.00311275339772 0.00926659320699 9.21299872597e-05 3.11408970391e-05
BPM.12R7.B2 20481.89066 0.00431625028323 0.00877091596643 3.04751567133e-05 -9.23523433986e-05
BPM.13R7.B2 20535.33917 0.00350130547968 0.00912687478345 -9.29044556665e-05 -2.87480982281e-05
BPM.14R7.B2 20588.78769 0.00531925789015 0.00820149247598 -2.59546806134e-05 9.37232355247e-05
BPM.15R7.B2 20642.23621 0.00464013569847 0.00860395979112 9.40052261834e-05 2.49140087661e-05
BPM.16R7.B2 20695.68472 0.00632471823553 0.00745365163318 2.20901799683e-05 -9.47085776096e-05
BPM.17R7.B2 20749.13324 0.00570253641278 0.00793977719064 -9.49478104053e-05 -2.10381566529e-05
BPM.18R7.B2 20802.58175 0.00722620374452 0.00658338535913 -1.81867414514e-05 9.55349826611e-05
BPM.19R7.B2 20856.03027 0.00667141660527 0.00714501111605 9.57307195702e-05 1.71265867216e-05
BPM.20R7.B2 20909.47879 0.0080089952976 0.00560490657365 1.42547533732e-05 -9.62002740514e-05
BPM.21R7.B2 20962.9273 0.00753053450192 0.00623297950156 -9.63525062837e-05 -1.31865397653e-05
BPM.22R7.B2 21016.37582 0.00866016546247 0.00453437068096 -1.02964923107e-05 9.67040478716e-05
BPM.23R7.B2 21069.82433 0.00826603038755 0.00521840253586 9.68122340386e-05 9.22398381533e-06
BPM.24R7.B2 21123.27285 0.00918280916705 0.00338668219683 6.30985449266e-06 -0.000111042023203
BPM.25R7.B2 21176.72137 0.00887954475507 0.00411670809235 -0.00011110521137 -5.07721968241e-06
BPM.26R7.B2 21230.16988 0.00954058845706 0.00218420979924 -1.74905026177e-06 0.00011120740673
BPM.27R7.B2 21283.6184 0.00933321985035 0.00294696586072 0.000111219960933 5.16548053086e-07
BPM.28R7.B2 21337.06691 0.00975536577161 0.000943207753199 -2.82457634631e-06 -0.000125182855542
BPM.29R7.B2 21390.51543 0.00964743103755 0.00172739010619 -0.000125143801038 4.21384159902e-06
BPM.30R7.B2 21443.96394 0.00979587600704 -0.000312434749146 7.9581780519e-06 0.000124961572283
BPM.31R7.B2 21497.41246 0.00978914092866 0.000479084632889 0.000124865718687 -9.34225788077e-06
BPM.32R7.B2 21550.86098 0.00967543063222 -0.00156296010434 -1.30736711137e-05 -0.000124530338514
BPM.33R7.B2 21604.30949 0.00977000273001 -0.000777077143025 -0.00012437755133 1.44551298442e-05
BPM.34R7.B2 21657.75801 0.0093960127576 -0.00278778523053 1.81717997019e-05 0.000123889111447
BPM.33L8.B2 21711.20652 0.00959034007287 -0.00202044043115 0.000123680169224 -1.95433506525e-05
BPM.32L8.B2 21764.65504 0.00896220197642 -0.0039668297126 -2.32348992383e-05 -0.000123040099495
BPM.31L8.B2 21818.10356 0.00925308099295 -0.00323068016135 -0.000122774622181 2.45991729616e-05
BPM.30L8.B2 21871.55207 0.0083811495835 -0.00508066274004 2.82631181873e-05 0.000121983283469
BPM.29L8.B2 21925.00059 0.00876382772961 -0.00438772443242 0.000121662634379 -2.96129947094e-05
BPM.28L8.B2 21978.4491 0.00766236122105 -0.00611105741192 -3.32398922294e-05 -0.000120722147089
BPM.27L8.B2 22031.89762 0.00813050247886 -0.0054728175219 -0.000120345792068 3.45777022287e-05
BPM.26L8.B2 22085.34614 0.00683146154157 -0.00704362501762 3.81503509795e-05 0.000105260047416
BPM.25L8.B2 22138.79465 0.00737760902188 -0.00646934349817 0.000104830782048 -3.93145529175e-05
BPM.24L8.B2 22192.24317 0.00587428502753 -0.00785966256149 -4.24337750783e-05 -0.00010360744196
BPM.23L8.B2 22245.69168 0.00648936107693 -0.00736000767374 -0.000103130205485 4.35808211386e-05
BPM.22L8.B2 22299.1402 0.00483441085712 -0.00854913343678 4.66339690782e-05 8.77827575343e-05
BPM.21L8.B2 22352.58871 0.00550856336703 -0.00813110942093 8.72604283187e-05 -4.76041681723e-05
BPM.20L8.B2 22406.03723 0.00370103615572 -0.009097337095 -5.01941101987e-05 -8.57968010194e-05
BPM.19L8.B2 22459.48575 0.00442308113945 -0.00876901158072 -8.52346932265e-05 5.11428033391e-05
BPM.18L8.B2 22512.93426 0.0025069700201 -0.00949601559414 5.36706673971e-05 8.36659956698e-05
BPM.17L8.B2 22566.38278 0.00326512561266 -0.00926272992169 8.30657967897e-05 -5.45949931241e-05
BPM.16L8.B2 22619.83129 0.0012715741888 -0.00973870165455 -5.70563564108e-05 -8.13947901081e-05
BPM.15L8.B2 22673.27981 0.0020533011173 -0.00960433055512 -8.0756959932e-05 5.79556077516e-05
BPM.14L8.B2 22726.72833 1.5438010513e-05 -0.00982135288635 6.03463442964e-05 7.89864411736e-05
BPM.13L8.B2 22780.17684 0.000807969875042 -0.00978807414787 7.83123586282e-05 -6.12185745567e-05
BPM.12L8.B2 22833.62536 -0.00207177537203 -0.0096003623723 -5.97248006303e-05 -7.94574595646e-05
BPM.11L8.B2 22887.07387 -0.00137966272305 -0.00972397766386 -8.77359048681e-05 4.67220517302e-05
BPM.10L8.B2 22938.91258 -0.00316466830851 -0.00929753114235 2.83587653e-05 9.52697239832e-05
BPM.9L8.B2 22977.9776 -0.0049776389091 -0.00846654130871 9.93769147232e-05 2.18350175275e-06
BPM.8L8.B2 23018.44061 -0.00981286716616 -0.000408471301984 -2.14166086629e-05 -9.70663118037e-05
BPM.7L8.B2 23057.50662 -0.00945195772637 -0.00266827772237 -9.15797762894e-05 -3.86482104777e-05
BPM.6L8.B2 23089.97562 -0.00601739064935 -0.00776210155428 -7.98758383248e-05 5.91640877714e-05
BPMR.5L8.B2 23150.39462 -0.00107484710081 -0.00976237238393 9.09180485899e-05 4.01801802822e-05
BPMYB.4L8.B2 23171.16162 -0.00321521731233 -0.00928017178918 9.6802412267e-05 -2.25794630865e-05
BPMWB.4L8.B2 23195.62912 -0.00142675029751 -0.00971718037376 3.95824331132e-05 -9.11798797133e-05
BPMSX.4L8.B2 23245.78612 -0.0060722403161 -0.00771926864275 -9.87278888067e-05 -1.15474442533e-05
BPMS.2L8.B2 23283.69762 -0.00608186792234 -0.00771168551008 -8.3035710466e-05 5.46407325845e-05
BPMSW.1L8.B2 23293.63162 -0.00578797891429 -0.00793463993292 -6.61096307662e-05 7.42297483262e-05
BPMSW.1R8.B2 23336.82162 -0.0057879708399 -0.00793464582422 -6.24498978465e-05 -7.73340121968e-05
BPMS.2R8.B2 23346.75562 -0.00608186207248 -0.00771169012419 -8.03017126498e-05 -5.85847500289e-05
BPMSX.4R8.B2 23384.66712 -0.006072237672 -0.00771927072246 -9.91701593702e-05 6.76892444486e-06
BPMWI.4R8.B2 23434.90012 -0.00142772133708 -0.00971703774946 3.54305330838e-05 9.28720462886e-05
BPMYB.4R8.B2 23459.29162 -0.00322747581305 -0.00927591562645 9.56056373718e-05 2.72048060456e-05
BPMYB.5R8.B2 23479.86862 -0.0014591296682 -0.0097123710514 9.37041386474e-05 -3.31673742367e-05
BPMR.6R8.B2 23563.97662 -0.00249120706789 -0.00950016305821 -5.69796913498e-05 -8.14484662504e-05
BPM_A.7R8.B2 23586.21662 -0.00334052738134 -0.00923580464781 -8.14072225939e-05 -5.70385877964e-05
BPM.8R8.B2 23627.65561 -0.00571830578373 -0.00798499779627 -7.98777846283e-05 5.91614643553e-05
BPM.9R8.B2 23666.7226 -0.00961288004457 -0.0020128954347 9.60695969192e-05 2.55180863424e-05
BPM.10R8.B2 23707.18758 -0.00922370308754 -0.00337379788728 4.51449543761e-05 -8.85577351202e-05
BPM.11R8.B2 23759.02827 -0.00972708713603 -0.00135756642848 -7.93311687679e-05 -5.98924424361e-05
BPM.12R8.B2 23813.75476 -0.00979600369689 -0.000705352673396 -6.10984223594e-05 7.84061401789e-05
BPM.13R8.B2 23867.20624 -0.00958339474733 0.00214889645561 8.38382083346e-05 5.34012507228e-05
BPM.14R8.B2 23920.65773 -0.00972555388419 0.00136850739365 5.24584406923e-05 -8.44313363415e-05
BPM.15R8.B2 23974.10921 -0.00922972271408 0.0033572949598 -8.59691523351e-05 -4.98983392297e-05
BPM.16R8.B2 24027.56069 -0.00947057925421 0.00260141105586 -4.89328630147e-05 8.65223388931e-05
BPM.17R8.B2 24081.01218 -0.00872437427677 0.00451048825753 8.79535033061e-05 4.63111299105e-05
BPM.18R8.B2 24134.46366 -0.00905996751862 0.00379159588257 4.53219744966e-05 -8.84672774725e-05
BPM.19R8.B2 24187.91515 -0.00807571929526 0.00558945155512 -8.97888441815e-05 -4.26439057606e-05
BPM.20R8.B2 24241.36663 -0.00850049380724 0.00491943248292 -4.16360152575e-05 9.0260635882e-05
BPM.21R8.B2 24294.81811 -0.0072942684779 0.00657669052137 9.14708907817e-05 3.89052112233e-05
BPM.22R8.B2 24348.2696 -0.00780130419668 0.00596647832945 3.78772173462e-05 -9.19013374832e-05
BPM.23R8.B2 24401.72108 -0.00639307585103 0.00745572209883 -9.29977089539e-05 -3.50993734328e-05
BPM.24R8.B2 24455.17257 -0.00683823249933 0.00692392273205 -3.19820191483e-05 -4.2624646002e-05
BPM.25R8.B2 24508.62405 -0.00525220990514 0.0081924612193 -4.16447119492e-05 3.32479777725e-05
BPM.26R8.B2 24562.07554 -0.00589626228327 0.00774184866907 3.37124569538e-05 4.12696105659e-05
BPM.27R8.B2 24615.52702 -0.0041609666647 0.00879707258885 4.02380079543e-05 -3.49372782141e-05
BPM.28R8.B2 24668.9785 -0.00472177883546 0.0084410175138 -3.33137097415e-05 -0.000175851433044
BPM.29R8.B2 24722.42999 -0.00286705264552 0.0092372063507 -0.000174771528146 3.85803219756e-05
BPM.30R8.B2 24775.88147 -0.00360310228177 0.0089757242567 4.05353141629e-05 0.000174328475497
BPM.31R8.B2 24829.33296 -0.00166155342867 0.00952812742529 0.000173031653058 -4.57555953345e-05
BPM.32R8.B2 24882.78444 -0.00242532646975 0.00936289290349 -4.76918328678e-05 -0.000172508020282
BPM.33R8.B2 24936.23592 -0.000429262344219 0.00966238613837 -0.000170997564452 5.28522573487e-05
BPM.34R8.B2 24989.68741 -0.0012075541747 0.00959623806019 5.47645638619e-05 0.000170394753008
BPM.33L1.B2 25043.13889 0.000810604682703 0.00963788836353 0.000168672399215 -5.98594365391e-05
BPM.32L1.B2 25096.59038 2.98895872159e-05 0.00967187048369 -6.17455217512e-05 -0.000167991131051
BPM.31L1.B2 25150.04186 0.00203663742724 0.009455055792 -0.000166060228566 6.67647313217e-05
BPM.30L1.B2 25203.49334 0.00126704030504 0.00958856511172 6.86212009957e-05 0.000165301723819
BPM.29L1.B2 25256.94483 0.0032296908929 0.00911674661291 0.000163165713118 -7.35559669493e-05
BPM.28L1.B2 25310.39631 0.00248315243593 0.00934772303913 -7.53792150908e-05 -0.00016233146048
BPM.27L1.B2 25363.8478 0.00436922399848 0.00862878054198 -0.000159993096481 8.02230624278e-05
BPM.26L1.B2 25417.29928 0.00379436710339 0.00896183890505 8.40838421092e-05 2.30766172256e-05
BPM.25L1.B2 25470.75077 0.00557179820678 0.00797915051814 2.05403580827e-05 -8.47391088912e-05
BPM.24L1.B2 25524.20225 0.00490954064882 0.00840286789653 -8.49639821426e-05 -1.95894111037e-05
BPM.23L1.B2 25577.65373 0.00654674157186 0.0072008300291 -1.7027557565e-05 8.55142393208e-05
BPM.22L1.B2 25631.10522 0.00607996635116 0.00771433883574 8.77742601468e-05 -0.000119940894807
BPM.21L1.B2 25684.5567 0.00754865872307 0.0062844861302 -0.00012252388744 -8.41310665395e-05
BPM.20L1.B2 25738.00819 0.00701680208667 0.00687324544693 -8.27516026935e-05 0.000123459760466
BPM.19L1.B2 25791.45967 0.00829064601742 0.00526708678068 0.000125890021372 7.9005337912e-05
BPM.18L1.B2 25844.91115 0.00783848066865 0.00591905695982 7.75915379898e-05 -0.00012676630014
BPM.17L1.B2 25898.36264 0.00889629154231 0.00416329333016 -0.00012904038019 -7.37476721473e-05
BPM.16L1.B2 25951.81412 0.00853124196545 0.00486774331855 -7.22954815948e-05 0.000129859552654
BPM.15L1.B2 26005.26561 0.00935581338845 0.00299094805866 0.000131972689083 6.83618937551e-05
BPM.14L1.B2 26058.71709 0.00908388605504 0.00373631216809 6.68809154332e-05 -0.000132729363115
BPM.13L1.B2 26112.16857 0.00966155668049 0.00176955841121 -0.000134679054972 -6.28624934498e-05
BPM.12L1.B2 26165.62006 0.00909554878716 0.00370783046325 -7.12674782483e-05 0.000130426549235
BPM.11L1.B2 26219.07154 0.00936283128863 0.00296890632842 0.00012168454019 8.53405665541e-05
BPM.10L1.B2 26271.85423 0.0096401061199 0.00188291489033 7.80650701019e-05 -0.000126475239479
BPM.9L1.B2 26310.92122 0.00982127234512 -0.0001400858357 -0.000119092986424 -8.89213184936e-05
BPM.8L1.B2 26351.38621 0.0071801077407 0.00670246725598 -2.29967781199e-05 0.000146837624947
BPM.7L1.B2 26390.4542 0.0097391481741 0.00127514990795 0.000144020258322 3.67192546422e-05
BPMR.6L1.B2 26433.6382 0.00981057600939 0.000479179346474 0.000118233201052 -9.00613680811e-05
BPM.5L1.B2 26465.5382 0.0098084545526 0.000520801127563 6.21962511769e-05 -0.000134988029955
BPMYA.4L1.B2 26486.6562 0.00981217766385 0.000445178472598 1.76608316469e-05 -0.000147574501787
BPMWB.4L1.B2 26507.7127 0.00977661053956 -0.000945992008628 -3.7395626667e-05 -0.000143846122675
BPMSY.4L1.B2 26600.5687 0.00966553007343 -0.00174772506276 -0.000140414847238 4.87217570143e-05
BPMS.2L1.B2 26627.3542 0.00944592285626 -0.0026928712868 -0.000105300748102 0.000104889909767
BPMSW.1L1.B2 26637.4082 0.00934215453647 -0.00303334192919 -7.1889130334e-05 0.000130084942383
