BPMSW.1R1.B1 21.475 -0.00220506443518 -0.00893275961529 0.000147461053643 8.72740285395e-05
BPMS.2R1.B1 31.529 -0.00252725310015 -0.00884700487824 0.00016594373898 4.27105009109e-05
BPMSY.4R1.B1 58.3145 -0.00338782899528 -0.00855447942264 0.000168019521326 -3.36297311301e-05
BPMWB.4R1.B1 151.0945 -0.0040766445091 -0.0082484830752 -4.66559064889e-05 -0.000164877968688
BPMYA.4R1.B1 172.227 -0.00520515133339 -0.00758702201939 -0.000103784856263 -0.000136345961447
BPM.5R1.B1 199.635 -0.00501696755862 -0.00771275178022 -0.000149391297199 -8.39271065686e-05
BPMR.6R1.B1 231.535 -0.00549501767226 -0.00737978890697 -0.000171348679045 -1.0717364698e-06
BPM_A.7R1.B1 259.259 -0.00581564726742 -0.00712984925446 -0.000147104239329 8.78741164381e-05
BPM.8R1.B1 300.6979894 -0.00756204558598 -0.00524137100875 5.12091869049e-05 0.000163521060658
BPM.9R1.B1 339.7649788 -0.00743605639914 -0.00541863162597 0.000139161802359 -9.99775513908e-05
BPM.10R1.B1 380.2299682 -0.00468970340965 -0.0079160081755 -0.000122737146925 -0.000119570525489
BPM.11R1.B1 433.0126576 -0.00717532471724 -0.00575944604461 -9.99591962123e-05 0.000139174992483
BPM.12R1.B1 487.7391417 -0.00569701578918 -0.00722499236024 0.00014020554377 9.85084928594e-05
BPM.13R1.B1 541.1906258 -0.00631758061539 -0.00668914633552 0.00010657021822 -0.00013418012781
BPM.14R1.B1 594.6421099 -0.00575702954893 -0.00717726370486 -0.000135367072165 -0.000105058428498
BPM.15R1.B1 648.093594 -0.00712134559766 -0.00582605701328 -0.000100945869892 0.000138460998362
BPM.16R1.B1 701.5450781 -0.00662780002827 -0.00638190961122 0.00013958346083 9.93880058005e-05
BPM.17R1.B1 754.9965622 -0.00780809112264 -0.00486725965423 9.51475438423e-05 -0.000142507765241
BPM.18R1.B1 808.4480463 -0.00738983270558 -0.00548150308271 -0.000143564654595 -9.35452206422e-05
BPM.19R1.B1 861.8995304 -0.0083666219358 -0.00382833396005 -8.91921223941e-05 0.000146308863678
BPM.20R1.B1 915.3510145 -0.0080302944273 -0.00449119971702 0.000147299230769 8.75468660848e-05
BPM.21R1.B1 968.8024986 -0.00878760796513 -0.00272661874649 8.30794731572e-05 -0.000149864329346
BPM.22R1.B1 1022.253983 -0.00853889187873 -0.00342692704768 -0.000150785462444 -8.13957151728e-05
BPM.23R1.B1 1075.705467 -0.0090642198138 -0.00158000718135 -7.68315353671e-05 0.000153161458806
BPM.24R1.B1 1129.156951 -0.0087987497016 -0.00229961682465 0.000155665980945 -3.3425620421e-05
BPM.25R1.B1 1182.608435 -0.00908444179442 -0.000423262495544 -3.80888281766e-05 -0.000154591106858
BPM.26R1.B1 1236.059919 -0.00902064380848 -0.00115508404225 -0.000154155164521 3.98164929477e-05
BPM.27R1.B1 1289.511403 -0.00906394648063 0.000742366526173 4.44283930089e-05 0.000152889781164
BPM.28R1.B1 1342.962887 -0.00898592796461 1.52093512677e-05 0.000154032818196 -0.000154673585555
BPM.29R1.B1 1396.414371 -0.00878708645665 0.00187995858835 -0.000159231584443 -0.000149316205404
BPM.30R1.B1 1449.865855 -0.0089101515213 0.00116461690442 -0.00014752621831 0.000160891395673
BPM.31R1.B1 1503.31734 -0.00847437213812 0.00298867019912 0.000165250964742 0.00014262589308
BPM.32R1.B1 1556.768824 -0.00868794826312 0.00229492650138 0.000140762038934 -0.000166841479178
BPM.33R1.B1 1610.220308 -0.0080224497822 0.00404813935269 -0.000170994974057 -0.000135686203314
BPM.34R1.B1 1663.671792 -0.00832300245318 0.00338744194544 -0.000133765247494 0.000172501849908
BPM.33L2.B1 1717.123276 -0.00743860776618 0.0050412545234 0.000176442994942 0.000128521970432
BPM.32L2.B1 1770.57476 -0.00782123719488 0.00442440745729 0.000126533781237 -0.000177874201754
BPM.31L2.B1 1824.026244 -0.00673266657988 0.00595133038664 -0.000181595071435 -0.000121133225821
BPM.30L2.B1 1877.477728 -0.00719102718665 0.00538853048466 -0.000119094088003 0.000182938863969
BPM.29L2.B1 1930.929212 -0.00591589437646 0.00676382483672 0.000186434655698 0.000113543585586
BPM.28L2.B1 1984.380696 -0.00644253614455 0.00626425260895 0.000111444872905 -0.000187696742391
BPM.27L2.B1 2037.83218 -0.00500216341755 0.00746495102811 -0.00019095979593 -0.000105756252002
BPM.26L2.B1 2091.283665 -0.00548002349299 0.00704368118025 -0.00010195625536 8.35992436054e-05
BPM.25L2.B1 2144.735149 -0.00389862421633 0.00802775381694 8.66245316691e-05 9.93987059034e-05
BPM.24L2.B1 2198.186633 -0.00453382506023 0.00768690655852 9.84213453098e-05 -8.77334098734e-05
BPM.23L2.B1 2251.638117 -0.00283971311036 0.008460504216 -9.06507396947e-05 -9.57410909182e-05
BPM.22L2.B1 2305.089601 -0.00340504787158 0.00821050630366 -9.30649805207e-05 -1.68138358713e-05
BPM.21L2.B1 2358.541085 -0.00162669610506 0.00873845664236 -1.40105277182e-05 9.35280747477e-05
BPM.20L2.B1 2411.992569 -0.00232660776893 0.00857867478172 9.36792004275e-05 1.29616078246e-05
BPM.19L2.B1 2465.444053 -0.000495419668353 0.00887475768944 1.01411736194e-05 -9.40263378514e-05
BPM.18L2.B1 2518.895537 -0.00121017849464 0.0088058067618 -9.41340513572e-05 -9.08715908828e-06
BPM.17L2.B1 2572.347021 0.000643947549164 0.0088652183419 -6.25497730582e-06 9.43645630291e-05
BPM.16L2.B1 2625.798506 -7.36010959294e-05 0.00888827022487 9.44287181131e-05 5.19730205866e-06
BPM.15L2.B1 2679.24999 0.00177277200046 0.00870999679519 2.35809145283e-06 -9.45422424369e-05
BPM.14L2.B1 2732.701474 0.0010639146849 0.00882467281301 -9.45627292224e-05 -1.29862561295e-06
BPM.13L2.B1 2786.152958 0.00287243823028 0.00841165045254 1.54313914419e-06 9.45590507504e-05
BPM.12L2.B1 2839.604442 0.00106865129876 0.00882410047042 9.44603659999e-05 4.58645646428e-06
BPM.11L2.B1 2893.055926 0.00117914891616 0.00881001546754 1.17287397579e-05 -9.38415277053e-05
BPM.10L2.B1 2944.896615 0.000996008681531 0.00883259482856 -9.4338091243e-05 -6.64231939119e-06
BPM.9L2.B1 2983.963605 0.00567442193722 0.00684161532973 -3.24520578423e-05 8.88293851557e-05
BPM.8L2.B1 3024.428594 0.00652877083765 0.00603174237536 6.24004400912e-05 7.10632155161e-05
BPM.7L2.B1 3063.496584 0.00866985470813 0.00195968977779 9.24711629752e-05 -1.98212006803e-05
BPMR.6L2.B1 3095.602584 0.00858455632593 -0.00230481178814 5.00250194961e-05 -8.02576674173e-05
BPMYB.5L2.B1 3167.801584 0.00888598680487 -0.000214483409733 -9.44961128437e-05 -3.77913254465e-06
BPMYB.4L2.B1 3188.371584 0.00844254156223 0.00278033392045 -7.31602555208e-05 5.99280580413e-05
BPMWI.4L2.B1 3212.839084 0.00880813994979 0.00119307808761 4.43802469325e-06 9.44674526354e-05
BPMSX.4L2.B1 3262.996084 0.00704688125794 0.00541740059825 8.91557658254e-05 -3.15443378614e-05
BPMS.2L2.B1 3300.907584 0.00704009869192 0.00542621195569 4.7995994638e-05 -8.14873309049e-05
BPMSW.1L2.B1 3310.841584 0.00723889406539 0.00515802067708 2.53256918442e-05 -9.11175316083e-05
BPMSW.1R2.B1 3354.031584 0.00723890883599 0.00515799995341 8.57651195317e-05 3.98514625306e-05
BPMS.2R2.B1 3363.965584 0.00704011068505 0.00542619627513 9.31470821782e-05 1.63528852744e-05
BPMSX.4R2.B1 3401.877084 0.00704687679003 0.00541740640917 8.18517156032e-05 -4.73718486255e-05
BPMWB.4R2.B1 3452.110084 0.00880794016478 0.00119455211707 -6.92071969089e-05 -6.44527705617e-05
BPMYB.4R2.B1 3476.501584 0.0084336603357 0.00280715836828 -9.30624488314e-05 1.68277937511e-05
BPMR.5R2.B1 3506.035584 0.00874545600854 -0.00158863586854 -3.585928412e-05 8.75094741235e-05
BPM.6R2.B1 3579.331584 0.00826310038983 0.00327535289585 9.45416730122e-05 2.38044445595e-06
BPM_A.7R2.B1 3592.206584 0.00770002137863 0.0044403193072 9.16192583728e-05 -2.34458852894e-05
BPM.8R2.B1 3633.643594 0.00589145812643 0.00665563564423 2.36476683108e-05 -9.15673721136e-05
BPM.9R2.B1 3672.708605 0.00749310120462 0.00478123404973 -9.32044523114e-05 -1.60226631172e-05
BPM.10R2.B1 3713.171615 0.00888764851944 -0.000128329679821 -1.64138908709e-06 9.45573984192e-05
BPM.11R2.B1 3765.010326 0.00879662170648 0.00127522988466 9.41110321022e-05 9.32252852651e-06
BPM.12R2.B1 3819.733842 0.00885290253628 0.00079553843429 4.81526675798e-06 -9.44489733269e-05
BPM.13R2.B1 3873.182358 0.0085334377308 0.00248740933249 -9.44711435207e-05 4.35868517855e-06
BPM.14R2.B1 3926.630874 0.00886385873831 0.000662399412655 7.18327206166e-06 9.42984472565e-05
BPM.15R2.B1 3980.07939 0.00878149804217 0.00137552057092 9.42130481725e-05 -8.22785286968e-06
BPM.16R2.B1 4033.527906 0.00887577214638 -0.000476899916676 -1.10428428169e-05 -9.39247148922e-05
BPM.17R2.B1 4086.976421 0.00888530937623 0.000240919089825 -9.37963739838e-05 1.20845428018e-05
BPM.18R2.B1 4140.424937 0.00874184847115 -0.00160836873412 1.48867502062e-05 9.33926194487e-05
BPM.19R2.B1 4193.873453 0.00884313022696 -0.000897670600129 9.32219133733e-05 -1.59207551953e-05
BPM.20R2.B1 4247.321969 0.00846428867646 -0.00271340780356 -1.87027369746e-05 -9.27038484538e-05
BPM.21R2.B1 4300.770485 0.00865564772192 -0.0020215160518 -9.24905711873e-05 1.97304589068e-05
BPM.22R2.B1 4354.219001 0.00804765430448 -0.00377386074008 2.24900490603e-05 9.18585492469e-05
BPM.23R2.B1 4407.667517 0.00832595658404 -0.00311210725802 9.16036889602e-05 -2.350656455e-05
BPM.24R2.B1 4461.116033 0.00732737002609 -0.004739528865 -2.60652079469e-05 8.36306795745e-05
BPM.25R2.B1 4514.564549 0.00768595711916 -0.00413274103895 8.39145415306e-05 2.51363392032e-05
BPM.26R2.B1 4568.013065 0.00666090122545 -0.00563789679358 2.26142552012e-05 -8.46290810931e-05
BPM.27R2.B1 4621.46158 0.00709412499024 -0.00508201495256 -8.48747071119e-05 -2.16741790777e-05
BPM.28R2.B1 4674.910096 0.0057136021088 -0.0064108482062 -1.89496693922e-05 0.000259969906385
BPM.29R2.B1 4728.358612 0.00621238563865 -0.00592878473168 0.000260163902155 1.60681156428e-05
BPM.30R2.B1 4781.807128 0.00484659566989 -0.00708905735494 8.27800144363e-06 -0.000260528150718
BPM.31R2.B1 4835.255644 0.00540277112411 -0.00667489984857 -0.00026060397552 -5.38596780651e-06
BPM.32R2.B1 4888.70416 0.00389995134383 -0.00765079102383 2.41733987012e-06 0.000260648419255
BPM.33R2.B1 4942.152676 0.00450474072696 -0.0073110556537 0.000260605623765 -5.30581492439e-06
BPM.34R2.B1 4995.601192 0.00288921522493 -0.0080868200896 -1.31008208236e-05 -0.000260330194134
BPM.33L3.B1 5049.049708 0.00353226836953 -0.00782734335342 -0.000260168813288 1.59884665322e-05
BPM.32L3.B1 5102.498224 0.00183103912259 -0.00838996540552 2.37679582043e-05 0.000259573739386
BPM.31L3.B1 5155.94674 0.00250224185301 -0.00821480428987 0.000259294289623 -2.6644214823e-05
BPM.30L3.B1 5209.395255 0.000742722184562 -0.00855526665434 -3.43915910145e-05 -0.000258380841926
BPM.29L3.B1 5262.843771 0.00143057157742 -0.00846744877296 -0.000257983512373 3.72551869579e-05
BPM.28L3.B1 5316.292287 -0.000357719806355 -0.00857999185925 4.49586622073e-05 0.000256753112423
BPM.27L3.B1 5369.740803 0.000335954214573 -0.00858087166497 0.000256238676282 -4.78035559926e-05
BPM.26L3.B1 5423.189319 -0.00162367258511 -0.00843102656102 -5.52788041333e-05 -8.02079079311e-05
BPM.25L3.B1 5476.637835 -0.000938019202 -0.00853455573116 -7.95900178251e-05 5.6164790695e-05
BPM.24L3.B1 5530.086351 -0.00268876820695 -0.0081540816234 5.85214036829e-05 7.7873622038e-05
BPM.23L3.B1 5583.534867 -0.00202197303944 -0.00834446802259 7.72196959263e-05 -5.93815914211e-05
BPM.22L3.B1 5636.983383 -0.00388110655221 -0.00771045115456 -6.14949017659e-05 9.90776248868e-05
BPM.21L3.B1 5690.431899 -0.00324614595875 -0.00799853620706 9.97536172464e-05 6.03921635125e-05
BPM.20L3.B1 5743.880414 -0.00483549205641 -0.00715066861013 5.73792760127e-05 -0.00010151658657
BPM.19L3.B1 5797.32893 -0.00424274914651 -0.00751752118193 -0.000102146519156 -5.62502221626e-05
BPM.18L3.B1 5850.777446 -0.00571051154283 -0.00647333784871 -5.31689606065e-05 0.000103783714474
BPM.17L3.B1 5904.225962 -0.00516944142254 -0.00691309774349 0.00010436714275 5.20143987359e-05
BPM.16L3.B1 5957.674478 -0.00649163836615 -0.00568969914324 4.88669457416e-05 -0.000105877383198
BPM.15L3.B1 6011.122994 -0.00601136554242 -0.00619495999569 -0.000106412600773 -4.76902175807e-05
BPM.14L3.B1 6064.57151 -0.00716614634016 -0.00481252445231 -4.44853412084e-05 0.000107791709215
BPM.13L3.B1 6118.020026 -0.00675437914965 -0.00537516579437 0.000108278617364 4.32867011647e-05
BPM.12L3.B1 6171.468542 -0.00790091834613 -0.00347700077071 4.31165608745e-05 -0.000108346481151
BPM.11L3.B1 6224.917058 -0.00805566169792 -0.00310167046483 -0.000108290779325 -4.32562776172e-05
BPM.10L3.B1 6277.697768 -0.00858892368437 0.000862806464663 -5.10337283839e-05 0.000104850158756
BPM.9L3.B1 6316.762779 -0.00861659692736 0.000517979195973 4.50233660354e-05 0.000107568092425
BPM.8L3.B1 6357.225789 -0.0079266976209 -0.00341782238773 0.00011312691085 -2.82895786485e-05
BPM.7L3.B1 6396.2898 -0.00117809984724 -0.00855138151401 -5.26107750805e-05 -0.000104067788741
BPM.6L3.B1 6468.9288 -0.00125803967327 -0.00853998719129 -0.000108264196865 4.33227550171e-05
BPMWE.5L3.B1 6512.0583 -0.00194214220326 -0.00841083400684 -5.70108776365e-05 0.000101723930592
BPMW.5L3.B1 6539.6033 -0.00513262933637 -0.00694047268384 9.80467786745e-06 0.00011619753353
BPMWE.4L3.B1 6614.7313 -0.00634024423088 -0.005857930366 0.000108474622724 4.27931562073e-05
BPMW.4L3.B1 6642.2763 -0.00511178188289 -0.00695584150382 0.000116608029275 -7.52269719398e-07
BPMW.4R3.B1 6687.2413 -0.00650637153503 -0.00567284536182 9.15442355144e-05 -7.22333065774e-05
BPMWE.4R3.B1 6714.7863 -0.00854808261073 0.00120180227717 -1.11581669283e-05 -0.000116075378382
BPMW.5R3.B1 6789.9143 -0.00760647366477 0.00408112771533 -0.000114285092556 -2.31714614644e-05
BPMWE.5R3.B1 6817.4593 -0.00848722570787 0.00157513324292 -0.000112692687453 2.99725768158e-05
BPMWC.6R3.B1 6858.4503 -0.00849336636716 0.00154167857377 -7.71159022165e-05 8.74707712636e-05
BPMR.6R3.B1 6870.5288 -0.00800570515102 0.00322842531411 -4.77992457556e-05 0.000106363665666
BPM_A.7R3.B1 6926.3528 -0.00379690413728 0.00775226186387 0.000109230278467 4.08257895643e-05
BPM.8R3.B1 6965.416811 -0.00124812574514 0.00854144175193 8.63243551793e-05 -7.83970880196e-05
BPM.9R3.B1 7004.481821 0.00154894488374 0.0084920442055 -1.8831145865e-05 -0.000115079914877
BPM.10R3.B1 7044.944832 0.00215800131279 0.00835805452084 -0.000100452411732 -5.92225479321e-05
BPM.11R3.B1 7097.725542 0.00175764408192 0.00845131541816 -8.91010195052e-05 7.52263715935e-05
BPM.12R3.B1 7152.449058 0.000849347214317 0.00859026509228 5.95478423083e-05 0.000100259927917
BPM.13R3.B1 7205.897574 0.00106980625366 0.00856560328428 0.000105859129486 -4.89064761888e-05
BPM.14R3.B1 7259.34609 0.000374699038213 0.00862401563472 -5.00797795573e-05 -0.000105309133981
BPM.15R3.B1 7312.794606 0.00215632490854 0.00835848718093 -0.000103763204253 5.32089796338e-05
BPM.16R3.B1 7366.243122 0.00147487623309 0.00850522105143 5.43564509147e-05 0.000103166729244
BPM.17R3.B1 7419.691638 0.00320793030802 0.00801393961785 0.000101494038948 -5.7419146409e-05
BPM.18R3.B1 7473.140154 0.00255066657738 0.00824670510343 -5.85411213399e-05 -0.000100851057291
BPM.19R3.B1 7526.58867 0.00420662228435 0.00753779636409 -9.905370267e-05 6.15334182523e-05
BPM.20R3.B1 7580.037186 0.00358470037108 0.00785264084864 6.26281699158e-05 9.83651917674e-05
BPM.21R3.B1 7633.485701 0.00513637076305 0.00693770426323 9.64473384318e-05 -6.55431881989e-05
BPM.22R3.B1 7686.934217 0.00455968746588 0.00732961767489 -6.66087058817e-05 -9.57145684426e-05
BPM.23R3.B1 7740.382733 0.0059815807903 0.00622372367024 -9.36778536852e-05 6.94439159802e-05
BPM.24R3.B1 7793.831249 0.0056117771667 0.0066957379911 7.28162858037e-05 -5.92999403187e-05
BPM.25R3.B1 7847.279765 0.00687916843374 0.0053853497448 -6.14523480697e-05 -7.10091814757e-05
BPM.26R3.B1 7900.728281 0.00642213896865 0.00592292843723 -7.03228398507e-05 6.22365832248e-05
BPM.27R3.B1 7954.176797 0.00751156830215 0.00446108640313 6.43132850338e-05 6.84287658765e-05
BPM.28R3.B1 8007.625313 0.00727899866046 0.00506235710837 7.00524825811e-05 -0.000217273337762
BPM.29R3.B1 8061.073829 0.00817110875455 0.00344154947099 -0.000219272897897 -6.35173018763e-05
BPM.30R3.B1 8114.522345 0.00786674879881 0.00408968755839 -6.10776888917e-05 0.00021996492041
BPM.31R3.B1 8167.97086 0.00854424640214 0.00236793885193 0.00022169369701 5.44697743174e-05
BPM.32R3.B1 8221.419376 0.0083252833486 0.00304974395579 5.2012082957e-05 -0.000222283143048
BPM.33R3.B1 8274.867892 0.00877694823776 0.00125557183985 -0.000223740588836 -4.53343319119e-05
BPM.34R3.B1 8328.316408 0.00864700395575 0.00195974580344 -4.2846005696e-05 0.000224230397496
BPM.33L4.B1 8381.764924 0.00886545420461 0.000122485759216 0.000225411731939 3.61192857779e-05
BPM.32L4.B1 8435.21344 0.00882665588006 0.000837512401034 3.36215997861e-05 -0.000225797784752
BPM.31L4.B1 8488.661956 0.008808287955 -0.00101259288027 -0.000226703171091 -2.68462989994e-05
BPM.30L4.B1 8542.110472 0.00886127529079 -0.000298464784833 -2.43263287109e-05 0.000226987404844
BPM.29L4.B1 8595.558988 0.0086064042208 -0.00213098273739 0.000227613476036 1.75258951132e-05
BPM.28L4.B1 8649.007504 0.00875029654991 -0.00142954234793 1.50046976272e-05 -0.000227793575309
BPM.27L4.B1 8702.45602 0.00826307536671 -0.00321447764663 -0.000228140701127 -8.17764658163e-06
BPM.26L4.B1 8755.904535 0.00864749793749 -0.00252758447948 -3.30944673466e-06 7.60131158055e-05
BPM.25L4.B1 8809.353051 0.00793465846688 -0.00426721207706 7.60780999036e-05 1.03353321288e-06
BPM.24L4.B1 8862.801567 0.00825312843291 -0.00361300082271 1.90201434427e-07 -7.60848780337e-05
BPM.23L4.B1 8916.250083 0.00732358525768 -0.00524719000098 -7.60564832659e-05 2.08712675343e-06
BPM.22L4.B1 8969.698599 0.00787508257234 -0.00462953150333 5.26803576351e-06 -7.61801718168e-05
BPM.21L4.B1 9023.147115 0.00674279311126 -0.00616313463818 -7.63037118994e-05 -2.98552858119e-06
BPM.20L4.B1 9076.595631 0.0072181792105 -0.00559887278148 -2.13884044839e-06 7.63321415455e-05
BPM.19L4.B1 9130.044147 0.00589907320562 -0.00697498550951 7.63619641556e-05 -1.4605347072e-07
BPM.18L4.B1 9183.492663 0.00644266942682 -0.00647622560972 -9.92626517231e-07 -7.63556499638e-05
BPM.17L4.B1 9236.941179 0.00495830011272 -0.00767233651082 -7.62917354746e-05 3.27752604914e-06
BPM.16L4.B1 9290.389694 0.00556131267843 -0.00724715729205 4.12359061028e-06 7.62506839934e-05
BPM.15L4.B1 9343.83821 0.00393620788929 -0.00824352806712 7.60931551178e-05 -6.40332600967e-06
BPM.14L4.B1 9397.286726 0.00458855802751 -0.00789902669405 -7.2466357563e-06 -7.60174796336e-05
BPM.13L4.B1 9450.735242 0.00284926966061 -0.00867935193016 -7.5766539601e-05 9.51850947813e-06
BPM.12L4.B1 9504.183758 0.00389502910345 -0.00826306455 8.34189788679e-06 7.5905098196e-05
BPM.11L4.B1 9557.632274 0.00265246822299 -0.00874150443884 7.58915803779e-05 -8.46398364824e-06
BPMC.10L4.B1 9609.470985 0.00297059622559 -0.00863857891351 -1.04087507539e-05 -7.56493833726e-05
BPMC.9L4.B1 9648.535995 0.000841405221961 -0.0090962368475 -7.62266709845e-05 -4.54610436012e-06
BPMC.8L4.B1 9688.999006 0.00424280556609 -0.0080899992889 2.35523028405e-05 7.26392414769e-05
BPMC.7L4.B1 9728.063016 -0.0012022640842 -0.00905560868414 7.04900410732e-05 -2.93653586086e-05
BPMYB.6L4.B1 9824.667016 -0.00299097693673 -0.00863154357598 -2.72766181598e-05 -7.13243100011e-05
BPMYA.5L4.B1 9861.667016 -0.00345190039584 -0.00845776985013 -4.58584843084e-05 -6.1058717825e-05
BPMWA.B5L4.B1 9964.133516 0.00215473606196 -0.00887730815397 -7.32127595729e-05 2.17039825999e-05
BPMWA.A5L4.B1 9973.018516 0.00264164668583 -0.00874478074839 -6.99261205735e-05 3.06840096453e-05
BPMWA.A5R4.B1 10021.06752 0.00414505216497 -0.00814051780296 -3.90449842632e-05 6.56251479307e-05
BPMWA.B5R4.B1 10029.95252 0.00421849726643 -0.00810270130018 -3.21181490098e-05 6.92791110492e-05
BPMYB.5R4.B1 10132.34302 0.00234345034969 -0.00882936735937 3.94980104688e-05 6.5353494237e-05
BPMYA.6R4.B1 10163.90702 0.00253427093275 -0.0087765003479 5.33945981141e-05 5.45911013184e-05
BPMCA.7R4.B1 10260.42302 0.00522128516068 -0.00749584343716 6.60643972818e-05 -3.82970810653e-05
BPMC.8R4.B1 10298.21203 0.00576960253111 -0.00708245537733 8.00249930163e-06 -7.59416283663e-05
BPMC.9R4.B1 10337.27704 0.00246219027141 -0.00879699417928 -7.59198041247e-05 -8.20697953236e-06
BPMC.10R4.B1 10377.74005 -0.00253647039383 -0.00877586494288 -5.68366524634e-06 7.61502946341e-05
BPM.11R4.B1 10429.57876 -0.00154391979757 -0.00900365476851 7.46626682481e-05 1.60205195248e-05
BPM.12R4.B1 10484.30227 -0.00242328473324 -0.0088077907915 1.73544244601e-05 -7.43639354122e-05
BPM.13R4.B1 10537.75079 -0.00161218068301 -0.00899168287822 -7.46755056077e-05 -1.59605578883e-05
BPM.14R4.B1 10591.19931 -0.00344312791077 -0.00846134490983 -1.37189820657e-05 7.51196386511e-05
BPM.15R4.B1 10644.64782 -0.00274903412034 -0.00871161861756 7.52671895672e-05 1.28849144361e-05
BPM.16R4.B1 10698.09634 -0.00449720861345 -0.00795138995459 1.06264586946e-05 -7.56191041936e-05
BPM.17R4.B1 10751.54485 -0.00384092291956 -0.00828835319372 -7.57322709032e-05 -9.78742266823e-06
BPM.18R4.B1 10804.99337 -0.00547739983191 -0.00731078508835 -7.5169738068e-06 7.59912241387e-05
BPM.19R4.B1 10858.44189 -0.0048695337484 -0.0077289797911 7.60699368273e-05 6.67350618849e-06
BPM.20R4.B1 10911.8904 -0.00636759506613 -0.00655005501073 4.39373419126e-06 -7.62355917385e-05
BPM.21R4.B1 10965.33892 -0.00581827910126 -0.00704252197884 -7.62796180821e-05 -3.548358021e-06
BPM.22R4.B1 11018.78743 -0.00715315838824 -0.00568170860027 -1.26438007082e-06 7.63516370694e-05
BPM.23R4.B1 11072.23595 -0.00667130534656 -0.00624044649829 7.63609627679e-05 4.17192962587e-07
BPM.24R4.B1 11125.68447 -0.00795757479534 -0.00469402722765 -1.73193971065e-06 6.25031789766e-05
BPM.25R4.B1 11179.13298 -0.00755280567188 -0.0053209035675 6.25185466573e-05 1.03848435136e-06
BPM.26R4.B1 11232.5815 -0.00849265468896 -0.00363754101456 -8.33189800481e-07 -6.2521622498e-05
BPM.27R4.B1 11286.03001 -0.00817142548948 -0.00431099684149 -6.25085394862e-05 1.52625829012e-06
BPM.28R4.B1 11339.47853 -0.009024608836 -0.00249528965422 3.5298246506e-06 0.000201280988304
BPM.29R4.B1 11392.92705 -0.00879379288425 -0.00321546914718 0.000201229391181 -5.76457634114e-06
BPM.30R4.B1 11446.37556 -0.00926966362362 -0.00132036789852 -1.17869099099e-05 -0.000200966571925
BPM.31R4.B1 11499.82408 -0.00913288786744 -0.00206407225986 -0.000200823714031 1.4011866733e-05
BPM.32R4.B1 11553.27259 -0.00936241001051 -0.000123749386083 2.00125582329e-05 0.000200314736439
BPM.33R4.B1 11606.72111 -0.00932188745983 -0.000878890942716 0.000200080132202 -2.2235913226e-05
BPM.34R4.B1 11660.16962 -0.00930132380652 0.00107490024215 -2.82162434716e-05 -0.000199324708868
BPM.33L5.B1 11713.61814 -0.0093577307475 0.000320796449517 -0.000199000033979 3.04217586819e-05
BPM.32L5.B1 11767.06666 -0.00908740706902 0.0022558962469 3.63608767469e-05 0.000198000971252
BPM.31L5.B1 11820.51517 -0.00923981356935 0.0015152162412 0.000197584926478 -3.85576840946e-05
BPM.30L5.B1 11873.96369 -0.00872418168664 0.00339980719988 -4.44555640868e-05 -0.000196342046155
BPM.29L5.B1 11927.4122 -0.00897009401695 0.00268466914306 -0.000195837732171 4.66270330505e-05
BPM.28L5.B1 11980.86072 -0.0082175959837 0.00448788940728 5.24647946728e-05 0.00019435519563
BPM.27L5.B1 12034.30924 -0.00855294400763 0.00381014224331 0.000193760548668 -5.46200102067e-05
BPM.26L5.B1 12087.75775 -0.00771241086151 0.00552828205027 -6.0257836582e-05 -5.31947052284e-05
BPM.25L5.B1 12141.20627 -0.00813337642276 0.00488788007334 -5.25235685417e-05 6.08437165181e-05
BPM.24L5.B1 12194.65478 -0.00694184369875 0.00646946595656 6.23883040065e-05 5.06792157522e-05
BPM.23L5.B1 12248.1033 -0.00744128123419 0.00588816756778 4.99838563089e-05 -6.29467872974e-05
BPM.22L5.B1 12301.55182 -0.00619364513337 0.00733039070874 -6.42788326915e-05 9.07701555864e-05
BPM.21L5.B1 12355.00033 -0.00676493588997 0.00680672538247 9.14775238246e-05 6.32681057795e-05
BPM.20L5.B1 12408.44885 -0.00520501198675 0.00806248833851 6.05016110669e-05 -9.33302987475e-05
BPM.19L5.B1 12461.89736 -0.00583873366805 0.00761610511517 -9.39954152258e-05 -5.94630328284e-05
BPM.18L5.B1 12515.34588 -0.00413095413072 0.00866204859964 -5.66239927102e-05 9.57325122444e-05
BPM.17L5.B1 12568.79439 -0.00481641092125 0.00830048515739 9.63546453399e-05 5.55587260582e-05
BPM.16L5.B1 12622.24291 -0.00298891746103 0.00911933333024 5.2649983697e-05 -9.7974333594e-05
BPM.15L5.B1 12675.69143 -0.00371517164564 0.00884835394561 -9.85521323678e-05 -5.15603244249e-05
BPM.14L5.B1 12729.13994 -0.00179787404347 0.00942674476695 -4.85881933889e-05 0.000100050874743
BPM.13L5.B1 12782.58846 -0.00255263514503 0.00925094167421 0.000100583572323 4.74756229451e-05
BPM.12L5.B1 12836.03697 -0.00197925553683 0.00939033628273 3.44834739888e-05 -0.000105744410532
BPM.11L5.B1 12889.48549 -0.00423692803855 0.00861070895561 -0.000109136342155 -2.14534279442e-05
BPM.10L5.B1 12942.2662 -0.0031223475335 0.00907451452472 -1.59513004863e-05 0.00011007518586
BPM.9L5.B1 12981.33121 -0.00452481463847 0.00846297349781 0.000107000711432 3.03618052324e-05
BPM.8L5.B1 13021.79422 0.00141628770545 0.00949157506125 -2.41219820449e-05 -0.000108577716057
BPMR.7L5.B1 13060.86023 -0.00410986259623 0.00867207572633 -0.000110227952247 1.48589569402e-05
BPM.6L5.B1 13097.75423 -0.00387873814255 0.00877788461947 -6.87067357704e-05 8.74664191397e-05
BPMR.5L5.B1 13129.65423 -0.00442650378798 0.00851480664683 -1.77477085467e-05 0.000109799861968
BPMYA.4L5.B1 13157.06023 -0.00421563621031 0.0086211530149 2.73061426635e-05 0.000107820984248
BPMWB.4L5.B1 13178.19473 -0.0053956551048 0.00793616872025 6.48908106759e-05 9.03336761697e-05
BPMSY.4L5.B1 13270.97473 -0.00602707842241 0.00746794440461 8.49865863958e-05 -7.17514512076e-05
BPMS.2L5.B1 13297.76023 -0.00673453127447 0.00683680893301 4.53718287583e-05 -0.000101549918197
BPMSW.1L5.B1 13307.81423 -0.00697783166752 0.0065883027585 1.52667263463e-05 -0.000110172220678
BPMSW.1R5.B1 13350.76423 -0.00697779402237 0.0065883426323 9.96426223718e-05 4.94200074089e-05
BPMS.2R5.B1 13360.81823 -0.00673450061145 0.00683683913205 0.000109468972951 1.96859927745e-05
BPMSY.4R5.B1 13387.60373 -0.00602706593443 0.00746795448476 0.000107149978955 -2.98307296785e-05
BPMWT.A4R5.B1 13478.00823 -0.00551758194967 0.00785188877991 -3.3430722173e-05 -0.000106081937011
BPMWT.B4R5.B1 13479.99023 -0.0054162296908 0.00792214137246 -3.73436765894e-05 -0.000104768508272
BPMWB.4R5.B1 13480.38373 -0.0053957784888 0.00793608483372 -3.81119216419e-05 -0.000104491490943
BPMYA.4R5.B1 13501.51623 -0.00421589809634 0.00862102495305 -7.37239440963e-05 -8.32812709555e-05
BPM.5R5.B1 13522.63423 -0.00415694726422 0.0086496044664 -9.57799300619e-05 -5.65437289906e-05
BPMWT.A6R5.B1 13543.69223 -0.00463558117102 0.00840281233815 -0.000108558428447 -2.42086501244e-05
BPMWT.B6R5.B1 13549.51423 -0.00450914435268 0.00847133314459 -0.000110294367881 -1.43576882435e-05
BPMR.6R5.B1 13554.53423 -0.00428772715568 0.00858552641376 -0.000111106689497 -5.12773298559e-06
BPM_A.7R5.B1 13588.54823 -0.00348743159313 0.00894056423609 -9.10083592644e-05 6.39411381539e-05
BPM.8R5.B1 13629.98722 -0.000876065226968 0.00955658818234 4.09954545604e-05 0.000103394209712
BPM.9R5.B1 13669.05421 -0.00110161311914 0.00953322172721 8.52867813006e-05 -7.13943665453e-05
BPM.10R5.B1 13709.5192 -0.00477923937205 0.0083219432273 -8.51875558192e-05 -7.15127477207e-05
BPM.11R5.B1 13762.30189 -0.00154511150265 0.0094714570385 -5.80282988595e-05 9.48878627809e-05
BPM.12R5.B1 13817.02837 -0.00363445041615 0.00888181502663 9.54851907416e-05 5.70400630049e-05
BPM.13R5.B1 13870.47986 -0.00282938115404 0.00917008561895 6.25484937738e-05 -9.19710616524e-05
BPM.14R5.B1 13923.93134 -0.00356056553619 0.0089116912593 -9.26669141985e-05 -6.15128697595e-05
BPM.15R5.B1 13977.38283 -0.00163330268427 0.00945664794274 -5.87012799943e-05 9.44730127039e-05
BPM.16R5.B1 14030.83431 -0.00239113483866 0.00929399495241 9.51247822817e-05 5.76391108118e-05
BPM.17R5.B1 14084.28579 -0.000410058450203 0.00958789445352 5.47551630067e-05 -9.68135467661e-05
BPM.18R5.B1 14137.73728 -0.0011826784429 0.00952350458908 -9.74209634311e-05 -5.36669874102e-05
BPM.19R5.B1 14191.18876 0.000819799691316 0.00956157918021 -5.0715826037e-05 9.89893713214e-05
BPM.20R5.B1 14244.64025 4.54962842563e-05 0.00959655136353 9.9551328416e-05 4.96036611233e-05
BPM.21R5.B1 14298.09173 0.00203629789694 0.00937813194952 4.65906331461e-05 -0.000100996553658
BPM.22R5.B1 14351.54322 0.00127263269411 0.00951190170276 -0.000101512287721 -4.54559814122e-05
BPM.23R5.B1 14404.9947 0.00321923837015 0.00904059579559 -4.2385333648e-05 0.000102832258335
BPM.24R5.B1 14458.44618 0.0026541672104 0.00928202038206 0.000105976153373 -0.0001342312704
BPM.25R5.B1 14511.89767 0.00452277056941 0.00852907101419 -0.000137354472067 -0.000101895676685
BPM.26R5.B1 14565.34915 0.00381964925478 0.00886627235705 -0.000100349228765 0.000138488302824
BPM.27R5.B1 14618.80064 0.0055768637983 0.00788029796897 0.000141440611472 9.61432923555e-05
BPM.28R5.B1 14672.25212 0.00509767084462 0.0083158741965 9.72327121424e-05 -0.000317973573573
BPM.29R5.B1 14725.7036 0.00671250471788 0.0070768843427 -0.000320751954705 -8.76332058244e-05
BPM.30R5.B1 14779.15509 0.00611952586905 0.0075954864774 -8.40276181694e-05 0.000321715334653
BPM.31R5.B1 14832.60657 0.00756289604617 0.00615975770717 0.00032409374109 7.43279204324e-05
BPM.32R5.B1 14886.05806 0.00704096818299 0.00675016879241 7.0699345763e-05 -0.000324904596978
BPM.33R5.B1 14939.50954 0.00828859434488 0.00514190776894 -0.000326882855824 -6.09015026732e-05
BPM.34R5.B1 14992.96102 0.00784661005924 0.00579402470137 -5.72273650297e-05 0.000327546059333
BPM.33L6.B1 15046.41251 0.00887838399124 0.00403909760123 0.000329116686044 4.73666894235e-05
BPM.32L6.B1 15099.86399 0.00852336813639 0.0047425949915 4.36846893233e-05 -0.000329625609695
BPM.31L6.B1 15153.31548 0.00932208743735 0.00287031312641 -0.000330789941841 -3.37551659734e-05
BPM.30L6.B1 15206.76696 0.00906003460169 0.00361327893425 -3.00382071748e-05 0.000331148155106
BPM.29L6.B1 15260.21845 0.00961270602086 0.00165405399026 0.000331900657291 2.00834651883e-05
BPM.28L6.B1 15313.66993 0.00944783071634 0.00242456313945 1.63723516547e-05 -0.000332104415761
BPM.27L6.B1 15367.12141 0.00974531925272 0.000410809421037 -0.000332446537557 -6.37903727012e-06
BPM.26L6.B1 15420.5729 0.00985557346388 0.00120708781007 2.25847386883e-08 0.000157035777472
BPM.25L6.B1 15474.02438 0.00989148706238 -0.000864796524847 0.000156964272894 -4.73844614937e-06
BPM.24L6.B1 15527.47587 0.00992901516264 -6.36180329336e-05 -6.4950090334e-06 -0.000156901406735
BPM.23L6.B1 15580.92735 0.00969957959985 -0.0021230979454 -0.000156635297411 1.12080411685e-05
BPM.22L6.B1 15634.37883 0.0100145022292 -0.001322258331 1.56370798869e-05 -1.89688450532e-05
BPM.21L6.B1 15687.83032 0.00952196384596 -0.00337206561734 -1.94300814009e-05 -1.50601223073e-05
BPM.20L6.B1 15741.2818 0.00976306646481 -0.00259251909192 -1.48414162526e-05 1.95976424125e-05
BPM.19L6.B1 15794.73329 0.00901236385598 -0.00456244668348 2.00346777197e-05 1.42459448519e-05
BPM.18L6.B1 15848.18477 0.00935119854154 -0.00382017118324 1.40206524039e-05 -2.01929861594e-05
BPM.17L6.B1 15901.63625 0.0083546359694 -0.00567791157603 -2.06051055094e-05 -1.34076442369e-05
BPM.16L6.B1 15955.08774 0.00878565948355 -0.00498505862467 -1.31758835054e-05 2.07540654253e-05
BPM.15L6.B1 16008.53922 0.00755966001824 -0.00670001211897 2.11405434139e-05 1.25464242655e-05
BPM.14L6.B1 16061.99071 0.00807575635823 -0.00606801295918 1.2308834772e-05 -2.12797508341e-05
BPM.13L6.B1 16115.44219 0.00664040341452 -0.00761207360171 -2.16399466829e-05 -1.16639561617e-05
BPM.12L6.B1 16168.89367 0.00723304848858 -0.00705135671199 -1.14205524247e-05 2.17693920857e-05
BPM.11L6.B1 16222.34516 0.00602918663988 -0.00810478441866 2.24292365987e-05 1.0063033969e-05
BPM.10L6.B1 16274.18585 0.0066559264173 -0.00759850415928 8.61751023705e-06 -2.30233276266e-05
BPM.9L6.B1 16313.25284 0.00259139174578 -0.00976336575387 -1.96522225713e-05 -1.47690770416e-05
BPM.8L6.B1 16353.71783 -0.000220408568243 -0.0100990119355 -1.59815480468e-05 1.86795407134e-05
BPMYA.5L6.B1 16450.80782 -0.00766161661102 -0.00658317954679 2.43758719865e-05 3.18622860796e-06
BPMYB.4L6.B1 16487.20782 -0.0074605514772 -0.00681019776512 2.44851546547e-05 -2.19384941932e-06
BPMSA.B4L6.B1 16519.19832 -0.00817201550309 -0.00593774238569 2.33740293211e-05 -7.61512210871e-06
BPMSA.A4L6.B1 16519.78332 -0.00818521140047 -0.00591953852406 2.33391942797e-05 -7.72122464454e-06
BPMSE.4L6.B1 16616.45832 -0.00973708409518 -0.00268845965136 7.98362462329e-06 -2.32507401316e-05
BPMSA.4R6.B1 16708.02832 -0.00955562685172 -0.00327545683616 -1.58725480305e-05 -1.87722513027e-05
BPMSB.A4R6.B1 16804.83832 -0.00715415249472 -0.00713139005383 -2.43211321913e-05 3.58019260959e-06
BPMSB.B4R6.B1 16805.47332 -0.00713544510005 -0.00715010805868 -2.43020407914e-05 3.70756318806e-06
BPMYA.4R6.B1 16830.80782 -0.00642858662524 -0.00779178387821 -2.31560140329e-05 8.2543437098e-06
BPMYB.5R6.B1 16867.20782 -0.00642802658787 -0.00779224590179 -2.07382790024e-05 1.32007245025e-05
BPM.8R6.B1 16962.93481 -0.00128682191486 -0.0100191172946 2.13420748392e-05 1.22004538163e-05
BPM.9R6.B1 17002.0018 0.000522514047528 -0.0100878937883 3.48874796054e-06 -2.43344181096e-05
BPM.10R6.B1 17042.46678 -0.00599801519311 -0.00812788014906 -2.4190249035e-05 -4.37799517411e-06
BPM.11R6.B1 17094.30747 -0.00591441979455 -0.00818891082605 -1.01893847981e-05 2.23721190727e-05
BPM.12R6.B1 17149.03396 -0.00641712514715 -0.00780122598395 2.18400624802e-05 1.1284816172e-05
BPM.13R6.B1 17202.48544 -0.00572568502277 -0.00832196809869 1.09595283248e-05 -2.20050898188e-05
BPM.14R6.B1 17255.93693 -0.00732829556358 -0.00695231659905 -2.23243936037e-05 -1.02935198067e-05
BPM.15R6.B1 17309.38841 -0.00674325292807 -0.00752111440969 -1.00428127983e-05 2.24382991475e-05
BPM.16R6.B1 17362.83989 -0.00815745810749 -0.00595772601359 2.27299014111e-05 9.36412088169e-06
BPM.17R6.B1 17416.29138 -0.00764998656064 -0.00659669065963 9.10880174971e-06 -2.28334182031e-05
BPM.18R6.B1 17469.74286 -0.00885259404388 -0.00486520305344 -2.3096757697e-05 -8.41873004191e-06
BPM.19R6.B1 17523.19435 -0.00843103481256 -0.00556383626853 -8.15949990054e-06 2.31896052265e-05
BPM.20R6.B1 17576.64583 -0.00940224360085 -0.00369275469001 2.34242952682e-05 7.45907797628e-06
BPM.21R6.B1 17630.09731 -0.00907351878488 -0.00443958093167 7.19609203091e-06 -2.35064118433e-05
BPM.22R6.B1 17683.5488 -0.00979739454497 -0.00245961016609 -2.37119864749e-05 -6.48668294773e-06
BPM.23R6.B1 17737.00028 -0.00956691325802 -0.00324234371122 -6.2206768834e-06 2.37831510053e-05
BPM.24R6.B1 17790.45177 -0.00999879839716 -0.00119229148987 2.39225198127e-05 -2.78234388487e-05
BPM.25R6.B1 17843.90325 -0.00986994480098 -0.00199542425828 -2.80897323871e-05 -2.36092719866e-05
BPM.26R6.B1 17897.35474 -0.0100691705074 9.66110687997e-05 -2.27548467761e-05 2.87862477952e-05
BPM.27R6.B1 17950.80622 -0.0100441180804 -0.000716393988258 2.90393795918e-05 2.24309010108e-05
BPM.28R6.B1 18004.2577 -0.00994132856432 0.00137769641545 2.15112142867e-05 -6.30267283327e-05
BPM.29R6.B1 18057.70919 -0.0100200920168 0.000570803817134 -6.32637363851e-05 -2.08038747581e-05
BPM.30R6.B1 18111.16067 -0.00968340746315 0.00263812072433 -1.88942878205e-05 6.38600607572e-05
BPM.31R6.B1 18164.61216 -0.00986473757724 0.0018479755392 6.40677900287e-05 1.81774445471e-05
BPM.32R6.B1 18218.06364 -0.00926634982858 0.00385523304908 1.62439948186e-05 -6.45850929471e-05
BPM.33R6.B1 18271.51512 -0.00954729095643 0.0030947207311 -6.47629909399e-05 -1.55195399649e-05
BPM.34R6.B1 18324.96661 -0.00869703868543 0.00500894989951 -1.35672349293e-05 6.51999395182e-05
BPM.33L7.B1 18378.41809 -0.00907292750542 0.00429069312895 6.5347886397e-05 1.283569715e-05
BPM.32L7.B1 18431.86958 -0.00798478601105 0.00608039911718 1.08662851646e-05 -6.57040754355e-05
BPM.31L7.B1 18485.32106 -0.0084495201181 0.00541605676001 -6.58216662665e-05 -1.01296356029e-05
BPM.30L7.B1 18538.77254 -0.00714135160714 0.0070518904036 -8.14785372916e-06 6.60962477999e-05
BPM.29L7.B1 18592.22403 -0.00768718890827 0.00645253342971 6.61834073423e-05 7.40662199037e-06
BPM.28L7.B1 18645.67551 -0.00618053131386 0.00790753398364 5.41466874121e-06 -6.637606959e-05
BPM.27L7.B1 18699.127 -0.00679863858515 0.0073828567898 -6.64325579693e-05 -4.67081157637e-06
BPM.26L7.B1 18752.57848 -0.00508545958435 0.00862693882426 -2.70951301565e-06 3.32163010656e-05
BPM.25L7.B1 18806.02997 -0.00576513265377 0.0081883586963 3.32445743286e-05 2.33716535786e-06
BPM.24L7.B1 18859.48145 -0.00394004236869 0.00920663015393 1.33730521858e-06 -3.32997841749e-05
BPM.23L7.B1 18912.93293 -0.0046703030427 0.00885856885537 -3.33126793134e-05 -9.64148520056e-07
BPM.22L7.B1 18966.38442 -0.00269719614922 0.00962875447743 4.87178616687e-10 1.91151260404e-10
BPM.21L7.B1 19019.8359 -0.00346553791363 0.00937964961234 1.85955603898e-10 -4.91517803685e-10
BPM.20L7.B1 19073.28739 -0.00144324526616 0.00989468660219 -4.93734812573e-10 -1.70826173602e-10
BPM.19L7.B1 19126.73887 -0.00223716394505 0.00974591592867 -1.67409961845e-10 4.96737331503e-10
BPM.18L7.B1 19180.19035 -0.00016560490576 0.00999801754669 5.07127981667e-10 1.50935315901e-10
BPM.17L7.B1 19233.64184 -0.000972010797454 0.00995203370368 1.49881177624e-10 -5.05915250057e-10
BPM.16L7.B1 19287.09332 0.00111478271235 0.00993705385556 -5.10997813342e-10 -1.28842619242e-10
BPM.15L7.B1 19340.54481 0.000309100574671 0.00999461038253 -1.23686070196e-10 5.1277244578e-10
BPM.14L7.B1 19393.99629 0.00237682718459 0.00971279940737 5.14427925355e-10 1.1081152985e-10
BPM.13L7.B1 19447.44777 0.00158514479536 0.00987294767711 1.02658025349e-10 -5.15504235969e-10
BPM.12L7.B1 19500.89926 0.00359056066603 0.00933250523273 -5.22037233236e-10 -8.63409977861e-11
BPM.11L7.B1 19554.35074 0.00273724044838 0.00961744740474 -8.22571793517e-11 5.19418681609e-10
BPM.10L7.B1 19607.13343 0.00583044024843 0.0081236535113 5.10103693312e-10 1.23273834414e-10
BPM.9L7.B1 19646.20042 0.0065678541525 0.00753996496567 3.64556087962e-10 -3.86935833439e-10
BPM.8L7.B1 19686.66541 0.00997668935374 0.000673386507265 -3.68413874405e-10 -3.73362439256e-10
BPM.7L7.B1 19725.7314 0.00999937973485 1.35932640417e-05 -5.1811935928e-10 1.01173884505e-10
BPM.6L7.B1 19760.5494 0.00992490051606 0.0012182485751 -3.30519432803e-10 4.10132797087e-10
BPMWC.6L7.B1 19772.6519 0.00943980426677 0.00329816240877 -1.88060844555e-10 4.88903956991e-10
BPMWE.5L7.B1 19849.7059 0.00982393743333 -0.00186494856467 5.26620799271e-10 4.0462089977e-11
BPMW.5L7.B1 19872.9109 0.007479055668 -0.00663713086477 4.28473787378e-10 -2.98215288693e-10
BPMWE.4L7.B1 19907.9959 0.00716699839517 -0.00697294155023 2.48879590739e-10 -4.673494446e-10
BPMW.4L7.B1 19936.1009 0.00917057290374 -0.00398602213744 -1.70252252109e-11 -5.32435861031e-10
BPMW.4R7.B1 20052.1479 0.0079913354341 -0.00601051893539 -4.37627124618e-10 2.89074587892e-10
BPMWE.4R7.B1 20080.2529 0.00499220097736 -0.00866404693233 -2.16941407895e-10 4.82262668619e-10
BPMW.5R7.B1 20115.3379 0.0049778859438 -0.00867227947828 -1.48125650609e-12 5.27782565506e-10
BPMWE.5R7.B1 20138.5429 0.00744900504248 -0.00667083980953 2.25578226899e-10 4.79425278305e-10
BPMR.6R7.B1 20217.7584 0.00973774342842 -0.00227247283066 4.53976095134e-10 -2.67471512025e-10
BPM_A.7R7.B1 20255.7944 0.00908683615844 -0.00417339052525 9.40845117549e-11 -5.15109618629e-10
BPM.8R7.B1 20294.86039 0.00679619507428 -0.00733481508406 -4.39500472565e-10 -2.90570474831e-10
BPM.9R7.B1 20333.92738 0.000775950298413 -0.00996923673021 -3.60794897648e-10 3.84717948816e-10
BPM.10R7.B1 20374.39237 -0.00137156577268 -0.00990487693919 1.87803994596e-10 4.90413508387e-10
BPM.11R7.B1 20427.17506 -0.00276438591022 -0.00960968003597 5.07201514241e-10 -1.4523743774e-10
BPM.12R7.B1 20481.90154 -0.00228742280808 -0.00973424248457 -1.56921681324e-10 -5.01241494401e-10
BPM.13R7.B1 20535.35303 -0.00442623045422 -0.00896639636964 -4.96191403154e-10 1.82937825013e-10
BPM.14R7.B1 20588.80451 -0.00368813219351 -0.00929437791246 1.83988010877e-10 4.92899448123e-10
BPM.15R7.B1 20642.25599 -0.00553693713389 -0.00832647026025 4.84902660021e-10 -2.05207017919e-10
BPM.16R7.B1 20695.70748 -0.00484682403989 -0.0087462035517 -2.03782493062e-10 -4.83664692059e-10
BPM.17R7.B1 20749.15896 -0.00655661587888 -0.00754973960514 -4.79706027994e-10 2.23140609849e-10
BPM.18R7.B1 20802.61045 -0.00592587747911 -0.00805430046419 2.29309753512e-10 4.74462036871e-10
BPM.19R7.B1 20856.06193 -0.00746856374766 -0.00664893489998 4.72377769378e-10 -2.4674584781e-10
BPM.20R7.B1 20909.51341 -0.00690754776409 -0.00723004590039 -2.4728695517e-10 -4.64928549594e-10
BPM.21R7.B1 20962.9649 -0.00825777130223 -0.00563888224361 -4.57493382783e-10 2.56120372624e-10
BPM.22R7.B1 21016.41638 -0.00777570909994 -0.00628698082126 2.67112144692e-10 4.57527408237e-10
BPM.23R7.B1 21069.86787 -0.00891129029004 -0.00453615313242 4.45974662623e-10 -2.78953456313e-10
BPM.24R7.B1 21123.31935 -0.0083749519027 -0.0052316173325 2.15339816495e-06 -0.000141393120842
BPM.25R7.B1 21176.77083 -0.00927844299791 -0.00337936901169 -0.000141394009932 2.09423533924e-06
BPM.26R7.B1 21230.22232 -0.00897540221592 -0.00411725569004 3.67672697932e-06 0.000141361705831
BPM.27R7.B1 21283.6738 -0.00963450808868 -0.00216469240046 0.000141187357369 -7.92347742337e-06
BPM.28R7.B1 21337.12529 -0.00928719825496 -0.00292626983633 -7.35578321537e-06 -0.00028247756141
BPM.29R7.B1 21390.57677 -0.00969231983295 -0.000934902562243 -0.000282129400561 1.58328010888e-05
BPM.30R7.B1 21444.02826 -0.00958523728107 -0.00171415660025 1.89866739918e-05 0.000281934720898
BPM.31R7.B1 21497.47974 -0.00973228311315 0.000312685117266 0.000281236375757 -2.74550441113e-05
BPM.32R7.B1 21550.93122 -0.00972576843741 -0.000473851089629 -3.06101531007e-05 -0.000280910481534
BPM.33R7.B1 21604.38271 -0.00961232685594 0.00155508167377 -0.000279865014124 3.90288798447e-05
BPM.34R7.B1 21657.83419 -0.00970647670533 0.000774219962785 4.21565403617e-05 0.000279410990543
BPM.33L8.B1 21711.28568 -0.00933438048612 0.00277208360714 0.000278017058427 -5.05390500287e-05
BPM.32L8.B1 21764.73716 -0.00952768105684 0.00200957714082 -5.36558243497e-05 -0.000277432389274
BPM.31L8.B1 21818.18864 -0.00890312723641 0.00394327681131 -0.000275696739163 6.19595465161e-05
BPM.30L8.B1 21871.64013 -0.00919231482831 0.00321192382636 6.50400453026e-05 0.0002749863073
BPM.29L8.B1 21925.09161 -0.00832541608947 0.00505000529654 0.000272906313021 -7.32790607205e-05
BPM.28L8.B1 21978.5431 -0.00870590973188 0.00436144956653 -7.63360569303e-05 -0.000272067059312
BPM.27L8.B1 22031.99458 -0.00761113840289 0.00607335811542 -0.000269652895526 8.44689051935e-05
BPM.26L8.B1 22085.44606 -0.00793527915689 0.00544821172983 8.96390581953e-05 0.000127297888272
BPM.25L8.B1 22138.89755 -0.00663161806864 0.00697662584888 0.000124546090195 -9.34247511707e-05
BPM.24L8.B1 22192.34903 -0.00717315632371 0.0064185274673 -9.4814601925e-05 -0.000123491310433
BPM.23L8.B1 22245.80052 -0.00568476183678 0.00776757035995 -0.000120588215112 9.84804299197e-05
BPM.22L8.B1 22299.252 -0.00615196557704 0.00729232530434 0.000101979944189 -2.19116466608e-05
BPM.21L8.B1 22352.70349 -0.00450446268122 0.00841038077626 -2.49659261473e-05 -0.000101275522257
BPM.20L8.B1 22406.15497 -0.0051686269575 0.00801935061274 -0.000100989580839 2.60985411404e-05
BPM.19L8.B1 22459.60645 -0.00339152670772 0.00891752406442 2.91205905729e-05 0.000100159972307
BPM.18L8.B1 22513.05794 -0.00410016088471 0.00861471819047 9.98272974603e-05 -3.0241372311e-05
BPM.17L8.B1 22566.50942 -0.00222289053849 0.00927811653853 -3.32270019056e-05 -9.88736312494e-05
BPM.16L8.B1 22619.96091 -0.00296454174116 0.00906841667915 -9.84952600369e-05 3.43323774234e-05
BPM.15L8.B1 22673.41239 -0.00101767849757 0.00948625423045 3.7275971146e-05 9.7419355126e-05
BPM.14L8.B1 22726.86387 -0.00177995775916 0.00937317658082 9.69955117082e-05 -3.83653348816e-05
BPM.13L8.B1 22780.31536 0.000204193449417 0.00953850060989 -4.12620422416e-05 -9.57991278946e-05
BPM.12L8.B1 22833.76684 -0.0004219140568 0.00953135233696 -9.49125658551e-05 4.326237861e-05
BPM.11L8.B1 22887.21833 0.00106651788834 0.00948088753464 5.11696089443e-05 9.08938910914e-05
BPM.10L8.B1 22939.05902 -0.000286560807156 0.00953638148126 8.81718886553e-05 -5.57292273895e-05
BPM.9L8.B1 22978.126 0.00306451360302 0.00903512286931 -2.80609982052e-05 -0.000100461981482
BPM.8L8.B1 23018.59099 0.00312750918547 0.00901351070026 -9.8787570632e-05 3.34820155156e-05
BPM.7L8.B1 23057.65898 0.00847404971811 0.00438351117736 3.38350160045e-05 9.86672252156e-05
BPMR.6L8.B1 23090.12798 0.00948820032387 -0.000999371531388 0.000101043047639 2.58907665352e-05
BPM.5L8.B1 23150.54698 0.00721704267424 -0.00624011088877 -7.14822680007e-06 -0.000104062155811
BPMYB.4L8.B1 23171.31398 0.00816456408915 -0.0049360492391 -6.55918741722e-05 -8.110323102e-05
BPMWB.4L8.B1 23195.70548 0.00708647414531 -0.00638800227191 -0.000104229952076 4.01819288059e-06
BPMSX.4L8.B1 23245.93848 0.00932515824745 -0.00201646039484 3.42779055793e-05 9.85142351383e-05
BPMS.2L8.B1 23283.84998 0.00932767060215 -0.00200480664645 8.95985507028e-05 5.34052782843e-05
BPMSW.1L8.B1 23293.78398 0.00924580698159 -0.00235366567618 0.000100350490279 2.84571223752e-05
BPMSW.1R8.B1 23336.97398 0.00924580230833 -0.00235368397252 -4.44477117832e-05 9.43632858494e-05
BPMS.2R8.B1 23346.90798 0.00932766829172 -0.00200481751628 -1.85726763338e-05 0.000102640552531
BPMSX.4R8.B1 23384.81948 0.00932515956965 -0.00201645428238 5.17766591127e-05 9.05494653168e-05
BPMWB.4R8.B1 23434.97648 0.00708589622762 -0.00638864332256 7.17268128958e-05 -7.57317188724e-05
BPMYB.4R8.B1 23459.44398 0.00815023360178 -0.00495967550328 -1.80286088766e-05 -0.000102737517449
BPMYB.5R8.B1 23480.02098 0.00675336340423 -0.00673919665117 -7.65766137025e-05 -7.08240868143e-05
BPM.6R8.B1 23564.12898 0.00825072902056 -0.00479063248366 -1.09395834628e-05 0.000103732131872
BPM_A.7R8.B1 23586.36898 0.0089590771149 -0.00328018693926 3.23977698568e-05 9.91484469297e-05
BPM.8R8.B1 23627.80599 0.00944266072979 0.00136412872574 0.000104292306086 -1.77313916965e-06
BPM.9R8.B1 23666.871 0.00858081074932 0.00417065651041 -5.45491686483e-05 -8.89067904537e-05
BPM.10R8.B1 23707.33402 0.00943665159949 -0.00140509624999 -6.32373693888e-05 8.29521753316e-05
BPM.11R8.B1 23759.17273 0.00906339427368 0.00297986125484 9.1084581931e-05 5.08294044517e-05
BPM.12R8.B1 23813.89624 0.00925322694441 0.00232432353965 4.89628723107e-05 -9.21013905383e-05
BPM.13R8.B1 23867.34476 0.0088142482673 0.00365153616167 -9.48948746842e-05 -4.33011721182e-05
BPM.14R8.B1 23920.79327 0.00938014955191 0.00174283768956 -4.04418199913e-05 9.61482669165e-05
BPM.15R8.B1 23974.24179 0.00920892140289 0.0024940840903 9.65907385534e-05 3.93733200849e-05
BPM.16R8.B1 24027.69031 0.00952603085034 0.000528606726638 3.64661355003e-05 -9.7725377808e-05
BPM.17R8.B1 24081.13882 0.00945230262903 0.00129563260384 -9.81238854943e-05 -3.53798268047e-05
BPM.18R8.B1 24134.58734 0.00951538929396 -0.000694302112638 -3.24265027545e-05 9.91390502024e-05
BPM.19R8.B1 24188.03585 0.00954038461026 7.58308038038e-05 9.94924383009e-05 3.13254385057e-05
BPM.20R8.B1 24241.48437 0.00934840319483 -0.00190579288455 2.83350456301e-05 -0.000100385031666
BPM.21R8.B1 24294.93289 0.00947170715084 -0.00114518665049 -0.000100693200052 -2.72196438986e-05
BPM.22R8.B1 24348.3814 0.00902780862842 -0.00308599420119 -2.41931094788e-05 0.00010146291304
BPM.23R8.B1 24401.82992 0.00924740380232 -0.00234738402192 0.000101724865927 2.30668652887e-05
BPM.24R8.B1 24455.27843 0.00837234191007 -0.00417978288576 2.01992167972e-05 8.7506383828e-05
BPM.25R8.B1 24508.72695 0.00868234403153 -0.00349050085224 8.72771793899e-05 -2.11676650134e-05
BPM.26R8.B1 24562.17546 0.00776886845929 -0.00521645252559 -2.37697744415e-05 -8.6604696188e-05
BPM.27R8.B1 24615.62398 0.00816447786308 -0.00457252613672 -8.63355792631e-05 2.47294144589e-05
BPM.28R8.B1 24669.0725 0.00685128094955 -0.00613166350873 2.74920654044e-05 0.000275425386077
BPM.29R8.B1 24722.52101 0.00732381043224 -0.00555870026877 0.00027510411386 -3.05398158122e-05
BPM.30R8.B1 24775.96953 0.00601059837365 -0.00695773348139 -3.87559089289e-05 -0.000274067392323
BPM.31R8.B1 24829.41804 0.00655239413702 -0.00645007590161 -0.000273620057383 4.17973439065e-05
BPM.32R8.B1 24882.86656 0.00507124451882 -0.00766940851969 4.99691908535e-05 0.000272246276874
BPM.33R8.B1 24936.31508 0.0056737019431 -0.00723508495429 0.000271676138147 -5.29814326222e-05
BPM.34R8.B1 24989.76359 0.00404843788076 -0.00825514983091 -6.10863115919e-05 -0.000269969290418
BPM.33L1.B1 25043.21211 0.00470130863846 -0.00790158497282 -0.000269274511743 6.40795816222e-05
BPM.32L1.B1 25096.66062 0.00295928336105 -0.00870517030249 7.21100315877e-05 0.000267236034984
BPM.31L1.B1 25150.10914 0.00365222815178 -0.00843792495758 0.000266420567793 -7.50668893108e-05
BPM.30L1.B1 25203.55766 0.0018212883986 -0.00901222816871 -8.300585338e-05 -0.000264054886852
BPM.29L1.B1 25257.00617 0.00254251119455 -0.00883589184962 -0.00026311766517 8.59305071946e-05
BPM.28L1.B1 25310.45469 0.000653627872209 -0.00917115688517 9.37658133167e-05 0.000260428354011
BPM.27L1.B1 25363.9032 0.00139169366241 -0.00908848374383 0.000259372689462 -9.66476208169e-05
BPM.26L1.B1 25417.35172 -0.000711443646316 -0.00914380237018 -0.000104179665881 -6.64934558892e-05
BPM.25L1.B1 25470.80023 2.8796637445e-05 -0.00917139272927 -6.533405644e-05 0.000104910640915
BPM.24L1.B1 25524.24875 -0.0018751074388 -0.00897770827618 0.000106818768366 6.2165364276e-05
BPM.23L1.B1 25577.69727 -0.00114454503234 -0.00909974123264 6.09767275702e-05 -0.000107501721222
BPM.22L1.B1 25631.14578 -0.00319466856567 -0.00862847589526 -0.000109092374627 0.000132137700633
BPM.21L1.B1 25684.5943 -0.00248778955734 -0.00885818303161 0.000133339501374 0.000107620135341
BPM.20L1.B1 25738.04281 -0.00427203352089 -0.00814900196838 0.000103580746907 -0.000136501087209
BPM.19L1.B1 25791.49133 -0.00360063660136 -0.00846710809937 -0.000137641240643 -0.000102060793185
BPM.18L1.B1 25844.93985 -0.00527946991924 -0.00753549606138 -9.78972745414e-05 0.000140633002668
BPM.17L1.B1 25898.38836 -0.00465402470123 -0.00793703707843 0.000141710185181 9.63314134484e-05
BPM.16L1.B1 25951.83688 -0.00619994070979 -0.0067983261733 9.20459078223e-05 -0.000144530507287
BPM.15L1.B1 26005.28539 -0.00563121451497 -0.00727639516442 -0.000145542185637 -9.04377658558e-05
BPM.14L1.B1 26058.73391 -0.00701871367068 -0.00594929927746 -8.60436480788e-05 0.000148182350441
BPM.13L1.B1 26112.18243 -0.00651564163922 -0.00649637726173 0.00014912769013 8.4394610085e-05
BPM.12L1.B1 26165.63094 -0.00690264162243 -0.00608358793107 6.50196641043e-05 -0.000158536944584
BPM.11L1.B1 26219.07946 -0.00518666671518 -0.00759967051172 -0.000165231594522 -4.53876600894e-05
BPM.10L1.B1 26271.86017 -0.00609965245821 -0.00688845000256 -3.70425245856e-05 0.000167300238152
BPM.9L1.B1 26310.92518 -0.00492723578174 -0.00777038294098 0.000160935836593 5.88317628315e-05
BPM.8L1.B1 26351.38819 -0.00858969335346 -0.00329752506619 -2.46988622986e-05 -0.000169562626132
BPMR.7L1.B1 26390.4542 -0.00529785159214 -0.0075225841306 -0.000171043546235 1.02772990985e-05
BPM.6L1.B1 26433.6382 -0.00514183567611 -0.00763007400875 -0.000100395039726 0.000138860915701
BPMR.5L1.B1 26465.5382 -0.00525692899508 -0.00755123838169 -2.37101475849e-05 0.000169703701314
BPMYA.4L1.B1 26486.6562 -0.00520519047688 -0.00758699516184 2.96795859172e-05 0.000168762081624
BPMWB.4L1.B1 26507.7887 -0.00407665059285 -0.00824848006911 8.94100437217e-05 0.000146175791099
BPMSY.4L1.B1 26600.5687 -0.00338784170737 -0.00855447438878 0.000138741849816 -0.000100559525146
BPMS.2L1.B1 26627.3542 -0.00252729266992 -0.00884699357276 8.1272130742e-05 -0.000150852105112
BPMSW.1L1.B1 26637.4082 -0.00220511767276 -0.00893274647311 3.60013661029e-05 -0.000167527368391
