BPMSW.1R1.B1 21.475 0.010086797299 -0.00236893105824 -0.000109341721952 -2.78059504275e-05
BPMS.2R1.B1 31.529 0.00999434304539 -0.00273284121927 -0.000112758734004 3.77505544476e-06
BPMSY.4R1.B1 58.3145 0.0096759327687 -0.00370562262318 -9.99197316983e-05 5.23911424132e-05
BPMWB.4R1.B1 151.0945 0.00934025356362 -0.00448497238416 6.00385582797e-05 9.55204461254e-05
BPMYA.4R1.B1 172.227 0.00860988659948 -0.00576412757428 9.08433134936e-05 6.69049893266e-05
BPM.5R1.B1 199.635 0.00874907795515 -0.00555058094636 0.000109940848613 2.53336419652e-05
BPMR.6R1.B1 231.535 0.00838027793535 -0.0060931318422 0.0001084554589 -3.1083721426e-05
BPM_A.7R1.B1 259.259 0.00810292265701 -0.00645739563246 7.66510844573e-05 -8.27852353478e-05
BPM.8R1.B1 300.6979894 0.00599861279199 -0.00844819261906 -6.26642375388e-05 -9.38188530855e-05
BPM.9R1.B1 339.7649788 0.00619655663508 -0.00830409536383 -6.93898226766e-05 8.89597458876e-05
BPM.10R1.B1 380.2299682 0.0089737511809 -0.00517948874819 9.97077911221e-05 5.27933726406e-05
BPM.11R1.B1 433.0126576 0.00657715385579 -0.00800602030357 3.73557459461e-05 -0.000106458123987
BPM.12R1.B1 487.7391417 0.00820836847433 -0.00632281590255 -0.000106840269525 -3.62483217752e-05
BPM.13R1.B1 541.1906258 0.00761293994373 -0.00702840375441 -4.24589048601e-05 0.000104527628804
BPM.14R1.B1 594.6421099 0.00815556221295 -0.00639078390407 0.000104997279792 4.12838379254e-05
BPM.15R1.B1 648.093594 0.00665147094967 -0.007944384689 3.8111488974e-05 -0.000106189921806
BPM.16R1.B1 701.5450781 0.00727091001785 -0.00738167877548 -0.000106610309519 -3.6919180962e-05
BPM.17R1.B1 754.9965622 0.00558048032291 -0.00873003741725 -3.36989488503e-05 0.000107671562709
BPM.18R1.B1 808.4480463 0.00626696719117 -0.00825108696633 0.000108042327572 3.24906034128e-05
BPM.19R1.B1 861.8995304 0.00441786518494 -0.00937218123744 2.92304724717e-05 -0.00010896955308
BPM.20R1.B1 915.3510145 0.00515980752639 -0.00898508209326 -0.00010929023356 -2.80076771589e-05
BPM.21R1.B1 968.8024986 0.00318257134014 -0.00986035261141 -2.47112415866e-05 0.000110082421009
BPM.22R1.B1 1022.253983 0.00396813013505 -0.00957127249807 0.000110352380481 2.34763287632e-05
BPM.23R1.B1 1075.705467 0.00189505845907 -0.0101864649103 2.01505750298e-05 -0.000111007832773
BPM.24R1.B1 1129.156951 0.00273008232505 -0.00999910180957 -0.000110934064699 -3.80985141971e-05
BPM.25R1.B1 1182.608435 0.000595288801037 -0.0103479958292 -3.4748386603e-05 0.00011202862326
BPM.26R1.B1 1236.059919 0.00142867053611 -0.0102661719733 0.000112410973251 3.34908364359e-05
BPM.27R1.B1 1289.511403 -0.000733324953986 -0.0103391305727 3.00984466942e-05 -0.000113366423298
BPM.28R1.B1 1342.962887 0.000122577279397 -0.0103633781128 -0.000113403869313 -4.80194761838e-05
BPM.29R1.B1 1396.414371 -0.00203104902091 -0.0101631427722 -4.45910009594e-05 0.000114795254188
BPM.30R1.B1 1449.865855 -0.00120400804537 -0.0102939300428 0.000115287780503 4.33016835227e-05
BPM.31R1.B1 1503.31734 -0.00331442085849 -0.00981983938355 3.98180844445e-05 -0.000116536804018
BPM.32R1.B1 1556.768824 -0.00251115433103 -0.0100552839354 -0.000116975472176 -3.85103428702e-05
BPM.33R1.B1 1610.220308 -0.00454347617487 -0.00931511971736 -3.49792146285e-05 0.000118079473384
BPM.34R1.B1 1663.671792 -0.00377670431254 -0.00965148359778 0.000118464124255 3.36535268231e-05
BPM.33L2.B1 1717.123276 -0.00569774313989 -0.00865738726574 3.00785202757e-05 -0.000119421897124
BPM.32L2.B1 1770.57476 -0.00498049787875 -0.00908896429536 -0.000119751252736 -2.87392573545e-05
BPM.31L2.B1 1824.026244 -0.00675848402632 -0.0078573229985 -2.51294441133e-05 0.000120560431292
BPM.30L2.B1 1877.477728 -0.00610217751848 -0.0083772346651 0.000120834557968 2.37763851574e-05
BPM.29L2.B1 1930.929212 -0.00770808254991 -0.00692821005208 2.01343633929e-05 -0.00012149450008
BPM.28L2.B1 1984.380696 -0.00712381053575 -0.00752767922874 -0.000121712337432 -1.87726981011e-05
BPM.27L2.B1 2037.83218 -0.00853107771994 -0.00588518003726 -1.51086844781e-05 0.000122221254215
BPM.26L2.B1 2091.283665 -0.00800903965427 -0.0065533725073 0.000122675282768 -5.45548411191e-06
BPM.25L2.B1 2144.735149 -0.00919484996313 -0.00474827774177 -9.13961970462e-06 -0.000122455931953
BPM.24L2.B1 2198.186633 -0.00878163840676 -0.00547487298892 -0.000122345946644 1.05098815302e-05
BPM.23L2.B1 2251.638117 -0.00972673940284 -0.00353298004534 1.41797857038e-05 0.000121975080762
BPM.22L2.B1 2305.089601 -0.00939067468561 -0.00430533380583 0.000122100605722 -3.47395970509e-05
BPM.21L2.B1 2358.541085 -0.0100797835533 -0.00226243976831 -3.83930666059e-05 -0.000121001527764
BPM.20L2.B1 2411.992569 -0.00986430075245 -0.00306858939843 -0.000120564255683 3.97448942155e-05
BPM.19L2.B1 2465.444053 -0.0102863921353 -0.000954362148382 4.33483285158e-05 0.000119316053489
BPM.18L2.B1 2518.895537 -0.0101758015529 -0.00178149740547 0.000118822328188 -4.46839082032e-05
BPM.17L2.B1 2572.347021 -0.010323964429 0.000369362554692 -4.82342676909e-05 -0.000117425943419
BPM.16L2.B1 2625.798506 -0.0103200947363 -0.000465096666224 -0.000116878780796 4.95454151818e-05
BPM.15L2.B1 2679.24999 -0.0101918822745 0.00168707022159 5.30338580572e-05 0.000115337799198
BPM.14L2.B1 2732.701474 -0.0102947976903 0.000858959100019 0.000114735692129 -5.43241990196e-05
BPM.13L2.B1 2786.152958 -0.00989233242332 0.00297698327664 -5.77472562613e-05 -0.000113051545652
BPM.12L2.B1 2839.604442 -0.0102943510827 0.000864295094525 -0.000116555890182 5.03003133803e-05
BPM.11L2.B1 2893.055926 -0.0102827025898 0.000993326565029 4.13259298517e-05 0.000120031512837
BPM.10L2.B1 2944.896615 -0.0103010998459 0.00077975136691 0.000117623261484 -4.77510935062e-05
BPM.9L2.B1 2983.963605 -0.00818845200388 0.00629840646872 -1.33890296291e-05 -0.000126238392421
BPM.8L2.B1 3024.428594 -0.00728439767651 0.00732517718209 -0.000117205969 -4.87663663765e-05
BPM.7L2.B1 3063.496584 -0.00264637732174 0.0099858578655 -9.97327180082e-05 7.85415939542e-05
BPMR.6L2.B1 3095.602584 0.0023103453252 0.0100689113005 -1.28554357888e-05 0.000126293849295
BPMYB.5L2.B1 3167.801584 -0.000130222953084 0.0103297488944 0.000116121650656 -5.12948353941e-05
BPMYB.4L2.B1 3188.371584 -0.00358964041387 0.0096868545948 5.27551301312e-05 -0.000115465551391
BPMWI.4L2.B1 3212.839084 -0.00176184963113 0.0101792217839 -6.11806010701e-05 -0.000111230982238
BPMSX.4L2.B1 3262.996084 -0.0065930031348 0.00795317420142 -8.88085123512e-05 9.07107814308e-05
BPMS.2L2.B1 3300.907584 -0.00660288950997 0.00794496824243 -9.68448783737e-06 0.000126576471538
BPMSW.1L2.B1 3310.841584 -0.00629986118314 0.00818733285476 2.33298497855e-05 0.000124784276562
BPMSW.1R2.B1 3354.031584 -0.0062999431208 0.00818726980851 -0.000126918574863 2.65944590851e-06
BPMS.2R2.B1 3363.965584 -0.00660294770551 0.00794491987537 -0.000121927246893 3.53432362293e-05
BPMSX.4R2.B1 3401.877084 -0.00659299739923 0.00795317895975 -7.06511165209e-05 0.000105469511924
BPMWB.4R2.B1 3452.110084 -0.00176340023323 0.0101789532782 0.000121502859916 3.67757068671e-05
BPMYB.4R2.B1 3476.501584 -0.00362037516186 0.00967540975394 0.000102214594162 -7.52832941954e-05
BPMR.5R2.B1 3506.035584 0.00147167666231 0.010225206013 -8.50091701799e-06 -0.000126661486517
BPM.6R2.B1 3579.331584 -0.00415709282818 0.00945723264956 -0.000115349976478 5.30073715777e-05
BPM_A.7R2.B1 3592.206584 -0.00548607756964 0.00875349204261 -9.65638262736e-05 8.24064528535e-05
BPM.8R2.B1 3633.643594 -0.0079817253298 0.00655840918422 2.5617739274e-05 0.000124334746456
BPM.9R2.B1 3672.708605 -0.00587298933406 0.00849874499559 0.000121801078359 -3.57756168317e-05
BPM.10R2.B1 3713.171615 -0.000230495117134 0.0103279979782 -5.39065551826e-05 -0.000114932503672
BPM.11R2.B1 3765.010326 -0.00185683879036 0.0101623235519 -0.000118933861035 4.43861879285e-05
BPM.12R2.B1 3819.733842 -0.00130195876083 0.0102481985547 5.00190621408e-05 0.000116676864304
BPM.13R2.B1 3873.182358 -0.0032532582165 0.00980494677106 0.00011128188681 -6.10879663468e-05
BPM.14R2.B1 3926.630874 -0.00114787762334 0.0102665986186 -6.43892701313e-05 -0.000109404842257
BPM.15R2.B1 3980.07939 -0.00197266826545 0.010140475833 -0.000108684055737 6.55985814854e-05
BPM.16R2.B1 4033.527906 0.000174948462982 0.0103290882108 6.88216999455e-05 0.000106672259157
BPM.17R2.B1 4086.976421 -0.000659122805398 0.0103095211997 0.000105902589819 -7.00002762023e-05
BPM.18R2.B1 4140.424937 0.00149470297157 0.0102218654486 -7.31380833915e-05 -0.00010376039162
BPM.19R2.B1 4193.873453 0.000664910635021 0.0103091495326 -0.000102942683416 7.42846013194e-05
BPM.20R2.B1 4247.321969 0.00279009801341 0.00994665890345 7.73320787916e-05 0.000100673471619
BPM.21R2.B1 4300.770485 0.00197835016727 0.0101393688582 9.98100689931e-05 -7.84432781997e-05
BPM.22R2.B1 4354.219001 0.00403945419013 0.00950807446841 -8.13949482732e-05 -9.74179609799e-05
BPM.23R2.B1 4407.667517 0.0032589736823 0.0098030485456 -9.65087812569e-05 8.24709186678e-05
BPM.24R2.B1 4461.116033 0.00524887384304 0.0089081849555 8.52958219265e-05 6.72539568794e-05
BPM.25R2.B1 4514.564549 0.00451288149482 0.00930270586847 6.63044946912e-05 -8.6035959236e-05
BPM.26R2.B1 4568.013065 0.00634521011673 0.00816362324362 -8.79816857105e-05 -6.37000445675e-05
BPM.27R2.B1 4621.46158 0.0056657285882 0.00864904361282 -6.27197235983e-05 8.86831905826e-05
BPM.28R2.B1 4674.910096 0.00736368632166 0.00727982318403 9.04940945639e-05 3.32943108048e-05
BPM.29R2.B1 4728.358612 0.00675218788637 0.00785032869553 3.22893504215e-05 -9.0857523146e-05
BPM.30R2.B1 4781.807128 0.00823437955112 0.00627811239999 -9.17832182934e-05 -2.95555888793e-05
BPM.31R2.B1 4835.255644 0.00770090325749 0.00692212329054 -2.85351979108e-05 9.21055583214e-05
BPM.32R2.B1 4888.70416 0.00896985072194 0.00517314990202 9.29181474903e-05 2.57664595954e-05
BPM.33R2.B1 4942.152676 0.0085231263702 0.00588013765018 2.47351829045e-05 -9.31979749826e-05
BPM.34R2.B1 4995.601192 0.00955789146838 0.00398326656101 -9.38965620811e-05 -2.19346252748e-05
BPM.33L3.B1 5049.049708 0.00920528038888 0.00474157303603 -2.0891211073e-05 9.41342155716e-05
BPM.32L3.B1 5102.498224 0.00998891207266 0.002727881512 9.47171456927e-05 1.80652961697e-05
BPM.31L3.B1 5155.94674 0.00973619934104 0.00352507081655 1.70145845416e-05 -9.49115091551e-05
BPM.30L3.B1 5209.395255 0.010255797586 0.0014276966681 -9.53782636908e-05 -1.41661021379e-05
BPM.29L3.B1 5262.843771 0.0101071353243 0.00225067044312 -1.31067201161e-05 9.55296083985e-05
BPM.28L3.B1 5316.292287 0.0103541717176 0.000104066815492 9.58789933167e-05 1.02426316495e-05
BPM.27L3.B1 5369.740803 0.0103120059429 0.000939273800634 9.17949620542e-06 -9.59866129485e-05
BPM.26L3.B1 5423.189319 0.0103086966434 -0.00122633818444 -9.62448656041e-05 -3.30463587896e-05
BPM.25L3.B1 5476.637835 0.0103740397764 -0.000390423531011 -3.19760479792e-05 9.66057352798e-05
BPM.24L3.B1 5530.086351 0.0100671463329 -0.00253489576697 9.75192464834e-05 2.90711477901e-05
BPM.23L3.B1 5583.534867 0.0102388695743 -0.00171425835276 2.79888077064e-05 -9.78353827699e-05
BPM.22L3.B1 5636.983383 0.00968643037396 -0.00380694417013 -9.86556840747e-05 -5.17922393937e-05
BPM.21L3.B1 5690.431899 0.00996206064682 -0.0030128234162 -5.06939044541e-05 9.92245370371e-05
BPM.20L3.B1 5743.880414 0.00911991194825 -0.00501467479695 0.000100697029493 4.77020875561e-05
BPM.19L3.B1 5797.32893 0.00949482855037 -0.00426239229128 4.65834659045e-05 -0.000101219369573
BPM.18L3.B1 5850.777446 0.00840345122234 -0.00614017628625 -0.000102568207859 -4.35332318084e-05
BPM.17L3.B1 5904.225962 0.00887156544438 -0.00544197426029 -4.23921431473e-05 0.000103045070914
BPM.16L3.B1 5957.674478 0.00754904795769 -0.00716460970481 0.000104267426607 3.92897466416e-05
BPM.15L3.B1 6011.122994 0.00810256892631 -0.00653208496647 3.81318773773e-05 -0.000104696413566
BPM.14L3.B1 6064.57151 0.00657043101729 -0.00807150503317 -0.000105790751828 -3.49813723594e-05
BPM.13L3.B1 6118.020026 0.0072003941136 -0.00751492394466 -3.38052752872e-05 0.000106172427927
BPM.12L3.B1 6171.468542 0.00504835930828 -0.00910130900477 0.000106224981673 3.36397680139e-05
BPM.11L3.B1 6224.917058 0.00461483986682 -0.00932861245604 3.37766744101e-05 -0.000106181532377
BPM.10L3.B1 6277.697768 -8.60860429501e-05 -0.0104073217723 -0.000103437931441 -4.14243309367e-05
BPM.9L3.B1 6316.762779 0.000330981678524 -0.0104024135872 -9.94200317808e-05 5.03094185029e-05
BPM.8L3.B1 6357.225789 0.00498009567735 -0.00913884042684 3.47431488521e-05 0.000105869231192
BPM.7L3.B1 6396.2898 0.0103971212269 -0.000468644372244 9.55627795618e-05 -5.72986737855e-05
BPM.6L3.B1 6468.9288 0.0103922832052 -0.00056586842687 -4.87351725576e-05 -0.000100201116593
BPMWE.5L3.B1 6512.0583 0.0103128775286 -0.00140154000108 -0.000100869229467 -4.73368680696e-05
BPMW.5L3.B1 6539.6033 0.00890037023911 -0.00539473511106 -0.000110067148169 1.73378986336e-05
BPMWE.4L3.B1 6614.7313 0.00773420438388 -0.00696432623367 -3.33213842325e-05 0.000106325283516
BPMW.4L3.B1 6642.2763 0.00891651778153 -0.0053680041107 8.73889237244e-06 0.000111081107164
BPMW.4R3.B1 6687.2413 0.00753041612856 -0.00718419029659 7.51388858477e-05 8.22771450024e-05
BPMWE.4R3.B1 6714.7863 -0.000497434661599 -0.0103957835717 0.000109857854918 -1.86180397244e-05
BPMW.5R3.B1 6789.9143 -0.00405861061615 -0.00958370685434 1.42216987456e-05 -0.000110513004636
BPMWE.5R3.B1 6817.4593 -0.00095251207587 -0.010363999134 -3.63176025575e-05 -0.000105339510433
BPMWC.6R3.B1 6858.4503 -0.000911703403657 -0.0103676686972 -8.86688625412e-05 -6.74775008637e-05
BPMR.6R3.B1 6870.5288 -0.00299075820664 -0.00996870717181 -0.000104657874313 -3.82375511493e-05
BPM_A.7R3.B1 6926.3528 -0.00888745469828 -0.00541598618342 -3.13958469633e-05 0.000106909689579
BPM.8R3.B1 6965.416811 -0.0101168435218 -0.002443201678 8.06536512329e-05 7.68789228823e-05
BPM.9R3.B1 7004.481821 -0.0103668884514 0.000920533100485 0.000108381105841 -2.58634056561e-05
BPM.10R3.B1 7044.944832 -0.010273368309 0.00166663160637 4.95311344618e-05 -9.98100503966e-05
BPM.11R3.B1 7097.725542 -0.0103410685814 0.00117560958652 -7.78237271023e-05 -7.9742384175e-05
BPM.12R3.B1 7152.449058 -0.0104074448079 6.96406677947e-05 -9.14565630517e-05 6.36480726508e-05
BPM.13R3.B1 7205.897574 -0.0104022189608 0.000337042960158 5.38913114071e-05 9.75249064093e-05
BPM.14R3.B1 7259.34609 -0.0103954742169 -0.000503858182438 9.69194187249e-05 -5.49727966907e-05
BPM.15R3.B1 7312.794606 -0.0102737065639 0.00166454520789 -5.78488923174e-05 -9.52306968888e-05
BPM.16R3.B1 7366.243122 -0.0103745246771 0.000830057246062 -9.45839696003e-05 5.89003721012e-05
BPM.17R3.B1 7419.691638 -0.00997636392106 0.00296511723285 6.17042353315e-05 9.27791361588e-05
BPM.18R3.B1 7473.140154 -0.0101831074314 0.00215036748058 9.20884663047e-05 -6.2730333664e-05
BPM.19R3.B1 7526.58867 -0.00951512888531 0.00421688031082 -6.54582799715e-05 -9.01698072603e-05
BPM.20R3.B1 7580.037186 -0.00982438885762 0.00343527886809 -8.94390333351e-05 6.64532980185e-05
BPM.21R3.B1 7633.485701 -0.00889750255218 0.00539946345577 6.90999206257e-05 8.74104202364e-05
BPM.22R3.B1 7686.934217 -0.00930421197946 0.00466383926909 8.66380628724e-05 -7.00658691134e-05
BPM.23R3.B1 7740.382733 -0.00813375772285 0.00649320741618 -7.26273159889e-05 -8.45023863566e-05
BPM.24R3.B1 7793.831249 -0.00845665506082 0.00582657135088 -8.10060990959e-05 -0.00010133087318
BPM.25R3.B1 7847.279765 -0.00706331408191 0.00745476643997 -9.88623995367e-05 8.40009576638e-05
BPM.26R3.B1 7900.728281 -0.00764179268765 0.00686053591485 8.50918833952e-05 9.79250018379e-05
BPM.27R3.B1 7954.176797 -0.00605157429788 0.00829713185833 9.53336637244e-05 -8.79853834213e-05
BPM.28R3.B1 8007.625313 -0.00652698995916 0.00779256012684 -8.63544560738e-05 -0.000269237314172
BPM.29R3.B1 8061.073829 -0.0047677596813 0.00897741938999 -0.000266534380078 9.43676133418e-05
BPM.30R3.B1 8114.522345 -0.00547644807516 0.0085635336004 9.7315068511e-05 0.000265472408128
BPM.31R3.B1 8167.97086 -0.00357982192578 0.00951369887428 0.000262439474888 -0.000105220457555
BPM.32R3.B1 8221.419376 -0.00433614494312 0.00919366294731 -0.000108126350471 -0.000261255653685
BPM.33R3.B1 8274.867892 -0.00233383850745 0.00989337096763 -0.000257904453118 0.000115892699058
BPM.34R3.B1 8328.316408 -0.00312430871546 0.00967286340156 0.000118744267645 0.000256604021223
BPM.33L4.B1 8381.764924 -0.00104867731567 0.0101106808466 0.000252934315216 -0.000126372686289
BPM.32L4.B1 8435.21344 -0.00186148846498 0.00999302016373 -0.000129170848791 -0.000251516824985
BPM.31L4.B1 8488.661956 0.000252855413272 0.0101617742272 -0.000247539416162 0.00013663842873
BPM.30L4.B1 8542.110472 -0.000567671067593 0.0101490561528 0.000139374635359 0.000246009214827
BPM.29L4.B1 8595.558988 0.00155109124191 0.0100458801158 0.000241727914601 -0.000146674611508
BPM.28L4.B1 8649.007504 0.000735011979725 0.010138310939 -0.000149346565443 -0.00024008629183
BPM.27L4.B1 8702.45602 0.00282301421572 0.00976504900537 -0.000235508970947 0.000156465161408
BPM.26L4.B1 8755.904535 0.00220054734641 0.00997201357492 0.000161752870888 5.88721800448e-05
BPM.25L4.B1 8809.353051 0.00422212974053 0.00929823014228 5.40058617819e-05 -0.000163442010564
BPM.24L4.B1 8862.801567 0.0034578280855 0.00960868816635 -0.000164031100954 -5.21892940207e-05
BPM.23L4.B1 8916.250083 0.00537677439128 0.00868180628932 -4.72561100889e-05 0.000165519744496
BPM.22L4.B1 8969.698599 0.00483326858773 0.00909841522831 0.000168721229575 -0.000129470797624
BPM.21L4.B1 9023.147115 0.00661613951327 0.00789736303805 -0.000134461699343 -0.000164771328586
BPM.20L4.B1 9076.595631 0.0059572140164 0.00840554852975 -0.000163268069463 0.000136283082134
BPM.19L4.B1 9130.044147 0.00757210053907 0.00698605313175 0.000141108192384 0.00015911636728
BPM.18L4.B1 9183.492663 0.0069836805664 0.00757428878652 0.0001575441138 -0.000142861448102
BPM.17L4.B1 9236.941179 0.00840347735398 0.00596013534832 -0.000147511957761 -0.000153198447009
BPM.16L4.B1 9290.389694 0.00789506995366 0.00661887568599 -0.000151550345481 0.000149204675789
BPM.15L4.B1 9343.83821 0.00909690266872 0.00483611484804 0.000153673194767 0.000147017312738
BPM.14L4.B1 9397.286726 0.0086769909504 0.00555441022839 0.000145307250385 -0.000155291154084
BPM.13L4.B1 9450.735242 0.00964077419479 0.0036327837578 -0.000159570088856 -0.000140594913499
BPM.12L4.B1 9504.183758 0.00912084291766 0.00479081093093 -0.000143050494778 0.000157372472996
BPM.11L4.B1 9557.632274 0.0097204387957 0.00341390020121 0.000157602670901 0.00014279684577
BPMC.10L4.B1 9609.470985 0.00958897947845 0.00376737540876 0.000138708799249 -0.000161212306067
BPMC.9L4.B1 9648.535995 0.010208214292 0.00139068537517 -0.000131061294353 -0.00016748874347
BPMC.8L4.B1 9688.999006 0.00890892756567 0.00517422985243 -0.000108187257137 0.000183098501043
BPMC.7L4.B1 9728.063016 0.0102618764111 -0.000914077381426 0.000191268585163 9.29831697581e-05
BPMYB.6L4.B1 9824.667016 0.00987110304547 -0.00295007959667 9.85803428522e-05 -0.000188444844088
BPMYA.5L4.B1 9861.667016 0.00969773179876 -0.00347787891133 4.28912812525e-05 -0.000208302364546
BPMWA.B5L4.B1 9964.133516 0.00989762086165 0.00285985072319 -0.000180295899512 -0.000112795968329
BPMWA.A5L4.B1 9973.018516 0.00972459739807 0.00340203620382 -0.000192979739493 -8.9377639828e-05
BPMWA.A5R4.B1 10021.06752 0.00897057203898 0.00506660460088 -0.000208970496477 3.95079008938e-05
BPMWA.B5R4.B1 10029.95252 0.00892438978277 0.0051475151175 -0.000203824935168 6.07036908319e-05
BPMYB.5R4.B1 10132.34302 0.00983444338131 0.00307007608702 -6.35772205208e-05 0.000202947003889
BPMYA.6R4.B1 10163.90702 0.00976559774693 0.00328249077107 -1.5489425422e-05 0.000212107564772
BPMCA.7R4.B1 10260.42302 0.00819196222501 0.0062476715513 0.000201750653418 6.72771599917e-05
BPMC.8R4.B1 10298.21203 0.00769949114879 0.00684539852582 0.000173265738245 -0.000123322845206
BPMC.9R4.B1 10337.27704 0.00979216971948 0.00320235180858 -0.000122854285247 -0.000173598290582
BPMC.10R4.B1 10377.74005 0.010011590201 -0.00243098880796 -0.000169423704995 0.000128550167743
BPM.11R4.B1 10429.57876 0.0102199598268 -0.00130156290588 0.000104232571285 0.000185378298147
BPM.12R4.B1 10484.30227 0.0100420629335 -0.00230187248844 0.000187216761194 -0.00010089313188
BPM.13R4.B1 10537.75079 0.0102097992903 -0.00137900087062 -0.00010437568302 -0.00018529775515
BPM.14R4.B1 10591.19931 0.00970131240785 -0.00346787867021 -0.000182088954034 0.00010987790793
BPM.15R4.B1 10644.64782 0.00994954326486 -0.00267361809463 0.000111891893732 0.000180858358629
BPM.16R4.B1 10698.09634 0.00917804308096 -0.00468029594361 0.000177431420235 -0.000117250302114
BPM.17R4.B1 10751.54485 0.00952576111293 -0.00392447705015 -0.000119209510776 -0.000176121072247
BPM.18R4.B1 10804.99337 0.0085038719511 -0.00581599576643 -0.000172472182868 0.000124430258976
BPM.19R4.B1 10858.44189 0.00894554161337 -0.005110668276 0.000126336400003 0.00017108084911
BPM.20R4.B1 10911.8904 0.00769012862945 -0.00685591471573 0.000167226031933 -0.000131396328372
BPM.21R4.B1 10965.33892 0.00821821340067 -0.00621310014472 -0.000133241792241 -0.000165759366718
BPM.22R4.B1 11018.78743 0.00674981510262 -0.00778342090906 -0.000161695314611 0.000138145457262
BPM.23R4.B1 11072.23595 0.00735603294149 -0.00721321178036 0.000139930956905 0.000160152639201
BPM.24R4.B1 11125.68447 0.00571366895903 -0.0085856385032 0.000155881190382 -0.000159728967694
BPM.25R4.B1 11179.13298 0.00638771511662 -0.00809668432763 -0.00016144722096 -0.000154100876605
BPM.26R4.B1 11232.5815 0.00456827274997 -0.00924608487771 -0.000149198127882 0.000165988573771
BPM.27R4.B1 11286.03001 0.00529970879556 -0.00884716271801 0.000167633484851 0.00014734755618
BPM.28R4.B1 11339.47853 0.00336298534985 -0.00975725830719 0.000142252327189 -0.000187036776319
BPM.29R4.B1 11392.92705 0.00413917865859 -0.00945415041917 -0.000188602386263 -0.00014016997127
BPM.30R4.B1 11446.37556 0.00208699807588 -0.01010733393 -0.000134461505258 0.000192713737969
BPM.31R4.B1 11499.82408 0.00289608481395 -0.00990587971569 0.000194193481403 0.000132315428902
BPM.32R4.B1 11553.27259 0.000777145342434 -0.0102912489639 0.0001264457605 -0.000198065522073
BPM.33R4.B1 11606.72111 0.00160483097223 -0.0101950123919 -0.000199455135087 -0.000124242218016
BPM.34R4.B1 11660.16962 -0.000545903787101 -0.0103061025196 -0.000118217341737 0.000203084071276
BPM.33L5.B1 11713.61814 0.000287827052155 -0.0103165360331 0.000204383096931 0.000115957027346
BPM.32L5.B1 11767.06666 -0.00185956933571 -0.0101516383882 0.000109788441138 -0.000207761836389
BPM.31L5.B1 11820.51517 -0.00103455021013 -0.0102685668904 -0.00020896604105 -0.000107478719423
BPM.30L5.B1 11873.96369 -0.0031430680196 -0.00983030434867 -0.000101178071887 0.000212088376374
BPM.29L5.B1 11927.4122 -0.00233928029189 -0.0100519414968 0.000213197974887 9.88185354351e-05
BPM.28L5.B1 11980.86072 -0.004374572684 -0.0093475597907 9.23924821797e-05 -0.00021606042811
BPM.27L5.B1 12034.30924 -0.00360620539075 -0.00967000738447 -0.000217071111511 -8.99923000017e-05
BPM.26L5.B1 12087.75775 -0.00551971125374 -0.00871390348965 -8.34727578902e-05 0.000204595674088
BPM.25L5.B1 12141.20627 -0.00479832045015 -0.00913101567214 0.000205509418634 8.11970973947e-05
BPM.24L5.B1 12194.65478 -0.00658893096315 -0.00793632881899 7.50081426628e-05 -0.000207848189681
BPM.23L5.B1 12248.1033 -0.00592716025266 -0.00844204345451 -0.000208666581208 -7.27004044557e-05
BPM.22L5.B1 12301.55182 -0.00753529983346 -0.00703099797478 -6.64407352757e-05 0.00019567730411
BPM.21L5.B1 12355.00033 -0.00694320917854 -0.00761626695346 0.000196402675034 6.42648125326e-05
BPM.20L5.B1 12408.44885 -0.00837273050044 -0.00600941429386 5.83554975642e-05 -0.0001982387788
BPM.19L5.B1 12461.89736 -0.0078605733123 -0.00666536295486 -0.000198873160492 -5.61555397298e-05
BPM.18L5.B1 12515.34588 -0.00907271191931 -0.00488892365891 -5.01822405547e-05 0.000200463765143
BPM.17L5.B1 12568.79439 -0.00864852526172 -0.00560523745162 0.00020100849557 4.79537653909e-05
BPM.16L5.B1 12622.24291 -0.00962353468 -0.00368825925033 4.19133914175e-05 -0.000202354261546
BPM.15L5.B1 12675.69143 -0.0092945586553 -0.0044527357298 -0.000202806137834 -3.96692421556e-05
BPM.14L5.B1 12729.13994 -0.0100162898393 -0.0024268526783 -3.35860236731e-05 0.000203901834678
BPM.13L5.B1 12782.58846 -0.00978775473908 -0.00322731053386 0.000204262170491 3.13200364224e-05
BPM.12L5.B1 12836.03697 -0.00996762104564 -0.00261958140789 5.44679044991e-06 -0.000206577615737
BPM.11L5.B1 12889.48549 -0.00901208299225 -0.00499980361679 -0.000205722465467 1.95510675663e-05
BPM.10L5.B1 12942.2662 -0.00956843650688 -0.00382892922003 2.9844919365e-05 0.000204482912912
BPM.9L5.B1 12981.33121 -0.00883823242134 -0.00530106817146 0.000206633597198 -2.5559596814e-06
BPM.8L5.B1 13021.79422 -0.0102557734423 0.00101724489139 -0.000100427153125 -0.000180605546488
BPMR.7L5.B1 13060.86023 -0.00908462205143 -0.00486675643921 -0.000188449037964 8.47994038343e-05
BPM.6L5.B1 13097.75423 -0.00921030285522 -0.00462449968564 -7.6075897419e-05 0.000192136500076
BPMR.5L5.B1 13129.65423 -0.00889912128778 -0.00519820318908 2.65003086594e-05 0.000204943193656
BPMYA.4L5.B1 13157.06023 -0.00902430913062 -0.00497770236936 0.000105693045713 0.000177575216554
BPMWB.4L5.B1 13178.19473 -0.00822713598033 -0.00620724654183 0.000163376237447 0.000126539258884
BPMSY.4L5.B1 13270.97473 -0.00769150299891 -0.00685977096927 0.000113383447836 -0.00017276623911
BPMS.2L5.B1 13297.76023 -0.0069771669917 -0.00758517085108 2.70603000339e-05 -0.000204870000916
BPMSW.1L5.B1 13307.81423 -0.00669778778377 -0.00783296335761 -3.11189413083e-05 -0.000204292903469
BPMSW.1R5.B1 13350.76423 -0.00669769789561 -0.00783304022045 0.000203615512612 3.52802673473e-05
BPMS.2R5.B1 13360.81823 -0.00697710368594 -0.00758522908307 0.000205379352933 -2.28758651321e-05
BPMSY.4R5.B1 13387.60373 -0.00769148574865 -0.00685979030907 0.000175042531543 -0.00010983665096
BPMWT.A4R5.B1 13478.00823 -0.00813039909305 -0.00633342614217 -0.000115682958605 -0.000171235016322
BPMWT.B4R5.B1 13479.99023 -0.00821111545923 -0.0062284234763 -0.000121956661227 -0.000166824910514
BPMWB.4R5.B1 13480.38373 -0.00822715342287 -0.0062072234235 -0.000123178268152 -0.00016592495992
BPMYA.4R5.B1 13501.51623 -0.00902423679286 -0.00497783349578 -0.00017537639661 -0.000109302768412
BPM.5R5.B1 13522.63423 -0.00905802252658 -0.00491608626331 -0.000200506399396 -5.00116432995e-05
BPMWT.A6R5.B1 13543.69223 -0.00876801709815 -0.00541641507433 -0.000206151386055 1.43382787894e-05
BPMWT.B6R5.B1 13549.51423 -0.00884819778618 -0.00528441785105 -0.00020402957455 3.28010762587e-05
BPMR.6R5.B1 13554.53423 -0.00898238740359 -0.00505295879732 -0.000200591523456 4.9669095553e-05
BPM_A.7R5.B1 13588.54823 -0.00940549706653 -0.00421334795017 -0.000128244410535 0.000162041188793
BPM.8R5.B1 13629.98722 -0.0102042873979 -0.00144505875089 0.000127729985584 0.000162446999148
BPM.9R5.B1 13669.05421 -0.0101672868343 -0.00168580974573 0.000114106089105 -0.00017228981249
BPM.10R5.B1 13709.5192 -0.0086736652534 -0.00556625612162 -0.000189564011407 -8.2276742329e-05
BPM.11R5.B1 13762.30189 -0.0100776153978 -0.00215808803618 -5.31309673649e-05 0.000199702477386
BPM.12R5.B1 13817.02837 -0.00933459852109 -0.00436817428362 0.000200243935031 5.10523650829e-05
BPM.13R5.B1 13870.47986 -0.00968640553776 -0.00351983292955 6.27195910616e-05 -0.000196901575609
BPM.14R5.B1 13923.93134 -0.00937066465137 -0.00429025874318 -0.000197592145815 -6.05088625508e-05
BPM.15R5.B1 13977.38283 -0.0100570683079 -0.00225189988573 -5.45490449578e-05 0.000199319794072
BPM.16R5.B1 14030.83431 -0.00984247941522 -0.0030563499569 0.000199919034799 5.23102011674e-05
BPM.17R5.B1 14084.28579 -0.0102625082448 -0.000946889970585 4.62764057462e-05 -0.000201401269739
BPM.18R5.B1 14137.73728 -0.0101526107506 -0.00177205276819 -0.000201906592192 -4.40193939221e-05
BPM.19R5.B1 14191.18876 -0.0102993183102 0.000373789227583 -3.79375439179e-05 0.000203137199272
BPM.20R5.B1 14244.64025 -0.0102958846333 -0.000458732757858 0.000203549937767 3.56566997686e-05
BPM.21R5.B1 14298.09173 -0.010166884026 0.00168823733312 2.95213547275e-05 -0.000204529871193
BPM.22R5.B1 14351.54322 -0.0102699746107 0.000862147067485 -0.000204847445679 -2.72305402986e-05
BPM.23R5.B1 14404.9947 -0.00986736856009 0.00297501492147 -2.10677365333e-05 0.000205572687308
BPM.24R5.B1 14458.44618 -0.00985196963967 0.00218294802858 0.00020919674417 -0.00020490417592
BPM.25R5.B1 14511.89767 -0.00918438388548 0.00418015077535 -0.00021109657766 -0.000202946388732
BPM.26R5.B1 14565.34915 -0.00949179377108 0.00342526187489 -0.000200574925069 0.000213351119583
BPM.27R5.B1 14618.80064 -0.00857406238979 0.00532090424979 0.000219281094605 0.000194074219713
BPM.28R5.B1 14672.25212 -0.00875230590452 0.00462546328322 0.000194992830232 -0.000445100330964
BPM.29R5.B1 14725.7036 -0.00760185100212 0.00634110640998 -0.000450754193305 -0.000181541107401
BPM.30R5.B1 14779.15509 -0.0080887549315 0.00570699682849 -0.000176497965094 0.000452752670551
BPM.31R5.B1 14832.60657 -0.00672781205551 0.00726183958087 0.000457854030843 0.000162807249586
BPM.32R5.B1 14886.05806 -0.00729211176194 0.00669498881459 0.000157650691082 -0.000459655053335
BPM.33R5.B1 14939.50954 -0.00574402929473 0.00806249940492 -0.000464181232705 -0.000143778626732
BPM.34R5.B1 14992.96102 -0.00637585060468 0.00757273387309 -0.000138583210936 0.000465758745756
BPM.33L6.B1 15046.41251 -0.0046648529337 0.00873137539541 0.000469714173545 0.000124519511835
BPM.32L6.B1 15099.86399 -0.0053545774202 0.0083262398377 0.00011923720467 -0.00047108279649
BPM.31L6.B1 15153.31548 -0.00351019946406 0.00925614762818 -0.000474450830285 -0.000105037740638
BPM.30L6.B1 15206.76696 -0.00424556391991 0.00894275998335 -9.97245718929e-05 0.000475595962421
BPM.29L6.B1 15260.21845 -0.00229653477731 0.00962931447276 0.00047837840795 8.53850608307e-05
BPM.28L6.B1 15313.66993 -0.00306654062042 0.00941244377414 8.00134990025e-05 -0.000479306119904
BPM.27L6.B1 15367.12141 -0.00104657298082 0.00984390441805 -0.000481493036419 -6.55817457002e-05
BPM.26L6.B1 15420.5729 -0.00161427450737 0.00974143860825 -5.67752795091e-05 0.000258541821381
BPM.25L6.B1 15474.02438 0.000443048238201 0.00986434065949 0.000260130957275 4.89815683458e-05
BPM.24L6.B1 15527.47587 -0.000354738694887 0.00986791106723 4.60634376042e-05 -0.000260663512151
BPM.23L6.B1 15580.92735 0.00170090513668 0.009726686488 -0.000261929745988 -3.82114531487e-05
BPM.22L6.B1 15634.37883 0.00113354784089 0.0098463503463 -3.18654130783e-05 3.86870945547e-05
BPM.21L6.B1 15687.83032 0.00315261450602 0.00939662533283 3.96269657806e-05 3.06887523186e-05
BPM.20L6.B1 15741.2818 0.00238389972244 0.00962042452073 3.02428306345e-05 -3.99683272144e-05
BPM.19L6.B1 15794.73329 0.00432871935929 0.00891615021104 -4.08588949218e-05 -2.90283761081e-05
BPM.18L6.B1 15848.18477 0.00359497252277 0.0092364342912 -2.8568756054e-05 4.11815762533e-05
BPM.17L6.B1 15901.63625 0.0054338342515 0.00828908868117 4.20212736396e-05 2.73186564863e-05
BPM.16L6.B1 15955.08774 0.00474706775368 0.00870062604528 2.6846185829e-05 -4.23246768513e-05
BPM.15L6.B1 16008.53922 0.00644952504696 0.00752590010942 -4.31121482432e-05 -2.55624461847e-05
BPM.14L6.B1 16061.99071 0.00582106758785 0.00802188992587 -2.50777261702e-05 4.33958914478e-05
BPM.13L6.B1 16115.44219 0.00735934763299 0.00663894180213 4.41296928168e-05 2.37627086145e-05
BPM.12L6.B1 16168.89367 0.00679957414828 0.00721119527153 2.32665633985e-05 -4.43932768382e-05
BPM.11L6.B1 16222.34516 0.00785269178694 0.00604737774604 -4.57375094395e-05 -2.04981931374e-05
BPM.10L6.B1 16274.18585 0.00734576337609 0.00665396921524 -1.75503053262e-05 4.69476655892e-05
BPM.9L6.B1 16313.25284 0.00953602267742 0.00270181743253 4.00796836043e-05 3.00951026385e-05
BPM.8L6.B1 16353.71783 0.00991125230449 -5.12209687437e-05 3.25681546261e-05 -3.80973900605e-05
BPMYA.5L6.B1 16450.80782 0.00658359318947 -0.00740890319352 -4.97006775295e-05 -6.47598997378e-06
BPMYB.4L6.B1 16487.20782 0.00680302616179 -0.00720793871358 -4.99190354642e-05 4.49314419039e-06
BPMSA.B4L6.B1 16519.19832 0.00595872477573 -0.00792017328892 -4.76491462312e-05 1.55452402651e-05
BPMSA.A4L6.B1 16519.78332 0.00594108143335 -0.00793341649396 -4.75780360483e-05 1.57615386267e-05
BPMSE.4L6.B1 16616.45832 0.00279659965816 -0.00950865795878 -1.62579090054e-05 4.74107210317e-05
BPMSA.4R6.B1 16708.02832 0.00336954947805 -0.00932103439332 3.23768823183e-05 3.82600775928e-05
BPMSB.A4R6.B1 16804.83832 0.00711317905983 -0.00690204531505 4.95834672381e-05 -7.31955545588e-06
BPMSB.B4R6.B1 16805.47332 0.00713123657714 -0.00688338657511 4.95444383111e-05 -7.57921985595e-06
BPMYA.4R6.B1 16830.80782 0.00774919859216 -0.00617943905757 4.72041383016e-05 -1.68483156587e-05
BPMYB.5R6.B1 16867.20782 0.00774964003798 -0.00617888548981 4.22707626835e-05 -2.69310677766e-05
BPM.8R6.B1 16962.93481 0.00985029388906 -0.00109875208108 -4.35227305873e-05 -2.48569442023e-05
BPM.9R6.B1 17002.0018 0.00988820570966 0.000677446422529 -7.09253414132e-06 4.96164408976e-05
BPM.10R6.B1 17042.46678 0.0080718912161 -0.00575153179883 4.93232407773e-05 8.90584241228e-06
BPM.11R6.B1 17094.30747 0.00813038526231 -0.00566854313821 2.0755885036e-05 -4.56211488177e-05
BPM.12R6.B1 17149.03396 0.00775823415985 -0.0061680911649 -4.45372941358e-05 -2.29896815845e-05
BPM.13R6.B1 17202.48544 0.00825782652369 -0.00548122676743 -2.23261732511e-05 4.48735773613e-05
BPM.14R6.B1 17255.93693 0.00694034446226 -0.00707581547504 4.55240111718e-05 2.0968072128e-05
BPM.15R6.B1 17309.38841 0.00748878672375 -0.00649258186162 2.04569773191e-05 -4.57559618901e-05
BPM.16R6.B1 17362.83989 0.00597809121227 -0.00790556584256 -4.63499421547e-05 -1.90729777221e-05
BPM.17R6.B1 17416.29138 0.00659667911238 -0.00739725425505 -1.85522101261e-05 4.65608338833e-05
BPM.18R6.B1 17469.74286 0.00491769350894 -0.00860533766823 4.70971539786e-05 1.71450975498e-05
BPM.19R6.B1 17523.19435 0.00559617500885 -0.00818036496861 1.6616588076e-05 -4.72861996676e-05
BPM.20R6.B1 17576.64583 0.00377636864297 -0.00916376482197 -4.77641088356e-05 -1.5188348817e-05
BPM.21R6.B1 17630.09731 0.00450370133864 -0.00882905544922 -1.4652026544e-05 4.79313445101e-05
BPM.22R6.B1 17683.5488 0.00257312582144 -0.00957154999741 4.8349880269e-05 1.3205486779e-05
BPM.23R6.B1 17737.00028 0.00333723083778 -0.00933265429095 1.26631351474e-05 -4.84947512719e-05
BPM.24R6.B1 17790.45177 0.00126072883017 -0.00980932602201 -4.87784421941e-05 5.67672928621e-05
BPM.25R6.B1 17843.90325 0.00204843345306 -0.00967554828271 5.73103743717e-05 4.81392001489e-05
BPM.26R6.B1 17897.35474 -4.41684209276e-06 -0.00989000984222 4.63957540463e-05 -5.87307038495e-05
BPM.27R6.B1 17950.80622 0.000793742222995 -0.00985810770067 -5.92467143936e-05 -4.57349813216e-05
BPM.28R6.B1 18004.2577 -0.00133637401285 -0.00979543032771 -4.38597250315e-05 0.000128561542315
BPM.29R6.B1 18057.70919 -0.000541261284504 -0.00987134170205 0.000129045022495 4.24161170534e-05
BPM.30R6.B1 18111.16067 -0.00257841052559 -0.00954401120447 3.85197410179e-05 -0.000130261181529
BPM.31R6.B1 18164.61216 -0.00179982687024 -0.00972095540498 -0.000130684419541 -3.70584410687e-05
BPM.32R6.B1 18218.06364 -0.0037782314973 -0.0091357165852 -3.31160250558e-05 0.000131738657262
BPM.33R6.B1 18271.51512 -0.0030284155933 -0.00941090058158 0.000132101582465 3.16372536732e-05
BPM.34R6.B1 18324.96661 -0.00491583048293 -0.0085773516523 2.7653472073e-05 -0.000132992600134
BPM.33L7.B1 18378.41809 -0.00420761725333 -0.00894607778953 -0.000133293918321 -2.61625113265e-05
BPM.32L7.B1 18431.86958 -0.00597276274382 -0.00787797283885 -2.21470268798e-05 0.000134019605378
BPM.31L7.B1 18485.32106 -0.00531733198812 -0.00833440647548 0.000134259477625 2.06431075951e-05
BPM.30L7.B1 18538.77254 -0.0069314530157 -0.00704920632756 1.65990986922e-05 -0.000134819193918
BPM.29L7.B1 18592.22403 -0.00633996883871 -0.00758558803942 -0.000134996589659 -1.50886463204e-05
BPM.28L7.B1 18645.67551 -0.00777631346561 -0.00610453107172 -1.10273033291e-05 0.000135388858778
BPM.27L7.B1 18699.127 -0.00725817170348 -0.00671232405698 0.000135503998591 9.50847963496e-06
BPM.26L7.B1 18752.57848 -0.00856009246647 -0.00504690320966 5.50753291215e-06 -6.77614454403e-05
BPM.25L7.B1 18806.02997 -0.00812485110097 -0.00572129440638 -6.78188731677e-05 -4.74834277272e-06
BPM.24L7.B1 18859.48145 -0.00913540873111 -0.00391033533584 -2.7090597964e-06 6.79309020421e-05
BPM.23L7.B1 18912.93293 -0.00878997388072 -0.00463495137445 6.79569974936e-05 1.94741237983e-06
BPM.22L7.B1 18966.38442 -0.00962735414383 -0.00269685924493 -2.04470501991e-08 -1.69204150526e-08
BPM.21L7.B1 19019.8359 -0.00937828355565 -0.00346508226347 -1.6693637535e-08 2.06400155021e-08
BPM.20L7.B1 19073.28739 -0.00989325775413 -0.00144306915223 2.1128733782e-08 1.6054327147e-08
BPM.19L7.B1 19126.73887 -0.00974450421894 -0.00223688066722 1.58260685964e-08 -2.13067256475e-08
BPM.18L7.B1 19180.19035 -0.00999657755829 -0.000165634144442 -2.17683638235e-08 -1.51776978317e-08
BPM.17L7.B1 19233.64184 -0.00995059684609 -0.000971915632213 -1.49320925058e-08 2.1942026114e-08
BPM.16L7.B1 19287.09332 -0.00993562715717 0.00111458985921 2.2379873867e-08 1.42690712255e-08
BPM.15L7.B1 19340.54481 -0.00999317302875 0.000309015219827 1.40133286457e-08 -2.2534133525e-08
BPM.14L7.B1 19393.99629 -0.00971141372815 0.00237643450615 -2.29469442828e-08 -1.3333695113e-08
BPM.13L7.B1 19447.44777 -0.00987153351682 0.00158487338798 -1.30791013412e-08 2.31015267614e-08
BPM.12L7.B1 19500.89926 -0.00933117412731 0.00359001211714 2.34871132435e-08 1.23604085172e-08
BPM.11L7.B1 19554.35074 -0.00961607456133 0.00273680610237 1.21885562807e-08 -2.35736309623e-08
BPM.10L7.B1 19607.13343 -0.0081225128554 0.00582956108608 -2.24806645139e-08 -1.41099070196e-08
BPM.9L7.B1 19646.20042 -0.00753890984618 0.00656687412691 -2.33094335398e-08 1.26781616406e-08
BPM.8L7.B1 19686.66541 -0.000673333908884 0.00997525032163 1.16965421949e-08 2.38215822716e-08
BPM.7L7.B1 19725.7314 -1.36375242419e-05 0.00999794036681 2.63233458455e-08 3.41074854657e-09
BPM.6L7.B1 19760.5494 -0.00121811723887 0.00992346652904 2.2239666658e-08 -1.44854690855e-08
BPMWC.6L7.B1 19772.6519 -0.00329772833375 0.00943843130159 1.67773013112e-08 -2.05613772429e-08
BPMWE.5L7.B1 19849.7059 0.00186464365344 0.00982253030585 -2.44166563458e-08 -1.03911078909e-08
BPMW.5L7.B1 19872.9109 0.00663614954933 0.00747800219534 -2.55019561313e-08 7.32292006404e-09
BPMWE.4L7.B1 19907.9959 0.00697191050686 0.00716599339379 -1.92610868732e-08 1.82645270376e-08
BPMW.4L7.B1 19936.1009 0.00398540901451 0.00916927001077 -7.42493561934e-09 2.54804581094e-08
BPMW.4R7.B1 20052.1479 0.00600961365836 0.00799021534622 2.55474117492e-08 -7.17498047148e-09
BPMWE.4R7.B1 20080.2529 0.00866277651938 0.00499152287552 1.79533513616e-08 -1.95437959217e-08
BPMW.5R7.B1 20115.3379 0.00867101017116 0.00497720606714 8.60999605555e-09 -2.51059598228e-08
BPMWE.5R7.B1 20138.5429 0.00666985115074 0.00744795832593 -3.17231320131e-09 -2.63475247863e-08
BPMR.6R7.B1 20217.7584 0.00227210924584 0.00973635029907 -2.59313943195e-08 5.65719381852e-09
BPM_A.7R7.B1 20255.7944 0.00417275235301 0.00908554540734 -1.29746626776e-08 2.31533006063e-08
BPM.8R7.B1 20294.86039 0.00733372442149 0.00679525449778 1.63016405539e-08 2.0944163468e-08
BPM.9R7.B1 20333.92738 0.00996779792293 0.000775887992454 2.32763361018e-08 -1.27587303277e-08
BPM.10R7.B1 20374.39237 0.00990345649026 -0.00137133041991 -1.33169423782e-09 -2.65076120142e-08
BPM.11R7.B1 20427.17506 0.00960830622264 -0.00276395533787 -2.65191785657e-08 -1.05279226739e-09
BPM.12R7.B1 20481.90154 0.00973285191882 -0.00228704854275 -3.75202606432e-10 2.65427853713e-08
BPM.13R7.B1 20535.35303 0.00896512779982 -0.0044255486769 2.65280646763e-08 -8.04545849965e-10
BPM.14R7.B1 20588.80451 0.00929305442472 -0.00368756518642 -1.10428495694e-09 -2.65160450377e-08
BPM.15R7.B1 20642.25599 0.00832529201748 -0.00553610968324 -2.64745085511e-08 1.90165829932e-09
BPM.16R7.B1 20695.70748 0.00874496707073 -0.00484608589662 2.19273759879e-09 2.64474450041e-08
BPM.17R7.B1 20749.15896 0.00754868401062 -0.0065556362949 2.63700506591e-08 -2.98613892482e-09
BPM.18R7.B1 20802.61045 0.00805316435777 -0.00592499294481 -3.28156839056e-09 -2.63332396135e-08
BPM.19R7.B1 20856.06193 0.00664800703814 -0.00746746275671 -2.62287952526e-08 4.07430588669e-09
BPM.20R7.B1 20909.51341 0.00722903677725 -0.00690652046488 4.36950996647e-09 2.61753195734e-08
BPM.21R7.B1 20962.9649 0.00563810769404 -0.00825655734557 2.60333359794e-08 -5.14942541061e-09
BPM.22R7.B1 21016.41638 0.00628610705776 -0.00777456465624 -5.44469383573e-09 -2.59750605973e-08
BPM.23R7.B1 21069.86787 0.00453553725841 -0.00890998874045 -2.5799444086e-08 6.22080167953e-09
BPM.24R7.B1 21123.31935 0.00511669215966 -0.00852256752556 -1.87498077032e-06 0.000123510145012
BPM.25R7.B1 21176.77083 0.0032364306206 -0.00939894742845 0.000123510727933 -1.83618277382e-06
BPM.26R7.B1 21230.22232 0.00398438694539 -0.00910710473099 -3.2193039177e-06 -0.000123482415113
BPM.27R7.B1 21283.6738 0.0020072700662 -0.00973578773532 -0.000123329942482 6.92790022414e-06
BPM.28R7.B1 21337.12529 0.00266344472185 -0.00954973614794 6.42858955785e-06 0.000246728109138
BPM.29R7.B1 21390.57677 0.000623513446304 -0.00989457575075 0.000246423643084 -1.38373733214e-05
BPM.30R7.B1 21444.02826 0.00141988449036 -0.00981199909956 -1.65964955624e-05 -0.000246253207506
BPM.31R7.B1 21497.47974 -0.00064778227821 -0.00989301654796 -0.000245643409504 2.39875095852e-05
BPM.32R7.B1 21550.93122 0.000153022482481 -0.00991302085223 2.67385474761e-05 0.000245359195943
BPM.33R7.B1 21604.38271 -0.00190766192884 -0.00972893746865 0.000244445059542 -3.40983501476e-05
BPM.34R7.B1 21657.83419 -0.00111640997304 -0.00985114343974 -3.68351473706e-05 -0.000244047653601
BPM.33L8.B1 21711.28568 -0.00313693563346 -0.0094048409394 -0.000242831049743 4.41493696586e-05
BPM.32L8.B1 21764.73716 -0.00236741768288 -0.00962739486088 4.68666375052e-05 0.000242321282694
BPM.31L8.B1 21818.18864 -0.00431397096823 -0.00892642440874 0.000240803447861 -5.41275091832e-05
BPM.30L8.B1 21871.64013 -0.00357962000677 -0.00924541610212 -5.68231097869e-05 -0.00024018163944
BPM.29L8.B1 21925.09161 -0.00542073344162 -0.0083010268776 -0.000238366754366 6.40107415993e-05
BPM.28L8.B1 21978.5431 -0.00473288900092 -0.00871155324873 6.66760359609e-05 0.000237634997141
BPM.27L8.B1 22031.99458 -0.00643788747981 -0.00753956252725 0.000235523534626 -7.37885527205e-05
BPM.26L8.B1 22085.44606 -0.00593171004519 -0.00804232494362 -7.83052943881e-05 -0.000111199140139
BPM.25L8.B1 22138.89755 -0.00747179835947 -0.00663599305351 -0.000108797248802 8.16095977657e-05
BPM.24L8.B1 22192.34903 -0.00691175127176 -0.00721746969811 8.2823359253e-05 0.00010787612698
BPM.23L8.B1 22245.80052 -0.00825926487976 -0.00562571935068 0.000105338118387 -8.60281872173e-05
BPM.22L8.B1 22299.252 -0.00790155988408 -0.00628177537949 -8.90857282544e-05 1.91170453988e-05
BPM.21L8.B1 22352.70349 -0.00903330290627 -0.00450497381227 2.17844137187e-05 8.84712780415e-05
BPM.20L8.B1 22406.15497 -0.00864021791304 -0.00521938549087 8.82214824438e-05 -2.27749612844e-05
BPM.19L8.B1 22459.60645 -0.00953539011026 -0.00331235352181 -2.54155625768e-05 -8.74973071403e-05
BPM.18L8.B1 22513.05794 -0.00923694049822 -0.00407115226333 -8.72072646734e-05 2.63935777678e-05
BPM.17L8.B1 22566.50942 -0.00988078231581 -0.00206530658619 2.90012825256e-05 8.63750841314e-05
BPM.16L8.B1 22619.96091 -0.00968184996365 -0.00285606928916 8.60444794059e-05 -2.99679418266e-05
BPM.15L8.B1 22673.41239 -0.010063805672 -0.000784325098648 -3.25398130257e-05 -8.51051648051e-05
BPM.14L8.B1 22726.86387 -0.00996766856509 -0.00159403070021 -8.47355330856e-05 3.34905646397e-05
BPM.13L8.B1 22780.31536 -0.0100814531835 0.000509560812476 3.60208944708e-05 8.36912388316e-05
BPM.12L8.B1 22833.76684 -0.0100931667005 -0.000152762654531 8.29169128856e-05 -3.7769208008e-05
BPM.11L8.B1 22887.21833 -0.00999398870249 0.00141969724926 -4.46773245879e-05 -7.94082150099e-05
BPM.10L8.B1 22939.05902 -0.0100943180939 -9.62575789443e-06 -7.70319655373e-05 4.86600790278e-05
BPM.9L8.B1 22978.126 -0.00946104762552 0.00351908060472 2.44887853276e-05 8.77611999534e-05
BPM.8L8.B1 23018.59099 -0.00943622161046 0.00358511816018 8.62996587445e-05 -2.92249500194e-05
BPM.7L8.B1 23057.65898 -0.00437512902123 0.00909690038072 -2.95327653247e-05 -8.61948039757e-05
BPMR.6L8.B1 23090.12798 0.00134888928964 0.0100037916891 -8.82565080258e-05 -2.26388739453e-05
BPM.5L8.B1 23150.54698 0.00682155996644 0.00744054232951 6.22176431653e-06 9.0901142042e-05
BPMYB.4L8.B1 23171.31398 0.00547157874828 0.00848275759914 5.72777998186e-05 7.08588879275e-05
BPMWB.4L8.B1 23195.70548 0.00697393726053 0.0072979140558 9.1047088896e-05 -3.48656569318e-06
BPMSX.4L8.B1 23245.93848 0.0024195657261 0.00980005368234 -2.99192114599e-05 -8.60614239199e-05
BPMS.2L8.B1 23283.84998 0.0024072933635 0.00980307549087 -7.82532575767e-05 -4.66707726659e-05
BPMSW.1L8.B1 23293.78398 0.00277372039074 0.00970576249922 -8.76509484389e-05 -2.48804998214e-05
BPMSW.1R8.B1 23336.97398 0.00277380033269 0.00970573965198 3.88475626927e-05 -8.24172053843e-05
BPMS.2R8.B1 23346.90798 0.00240735482214 0.0098030604033 1.62474119381e-05 -8.96534986025e-05
BPMSX.4R8.B1 23384.81948 0.00241955123341 0.00980005726048 -4.52065097203e-05 -7.910815265e-05
BPMWB.4R8.B1 23434.97648 0.00697461108112 0.00729727008834 -6.2670746762e-05 6.61370260472e-05
BPMYB.4R8.B1 23459.44398 0.00549611993889 0.00846687758827 1.57261948464e-05 8.97463937083e-05
BPMYB.5R8.B1 23480.02098 0.00733510387892 0.00693481085372 6.68752574166e-05 6.18823749864e-05
BPM.6R8.B1 23564.12898 0.00532042472274 0.00857836996573 9.58016885571e-06 -9.06087696536e-05
BPM_A.7R8.B1 23586.36898 0.00374479674447 0.00937399849696 -2.8276672132e-05 -8.66149989224e-05
BPM.8R8.B1 23627.80599 -0.00115212942601 0.010028357207 -9.11010534645e-05 1.52538693858e-06
BPM.9R8.B1 23666.871 -0.00414665466251 0.00920329319133 4.76298140924e-05 7.76732194439e-05
BPM.10R8.B1 23707.33402 0.00177648207759 0.00993677321335 5.52578020295e-05 -7.24451799664e-05
BPM.11R8.B1 23759.17273 -0.00287256804859 0.0096769676733 -7.95519603922e-05 -4.44208827598e-05
BPM.12R8.B1 23813.89624 -0.00217340249732 0.00985756927817 -4.27898954391e-05 8.04409937741e-05
BPM.13R8.B1 23867.34476 -0.00359042022571 0.00943420547906 8.28822879058e-05 3.78451460313e-05
BPM.14R8.B1 23920.79327 -0.00155445147621 0.00997391754016 3.53485724704e-05 -8.3977418592e-05
BPM.15R8.B1 23974.24179 -0.00235434334942 0.00981592674867 -8.4364282986e-05 -3.44150628694e-05
BPM.16R8.B1 24027.69031 -0.000265872484027 0.0100908206958 -3.18748983517e-05 8.53564246574e-05
BPM.17R8.B1 24081.13882 -0.00107922944851 0.0100364642336 8.57046304669e-05 3.09264366263e-05
BPM.18R8.B1 24134.58734 0.00102716864718 0.0100419258643 2.83479659063e-05 -8.65916942479e-05
BPM.19R8.B1 24188.03585 0.000213371945728 0.0100920673255 -8.69007830454e-05 -2.73858072575e-05
BPM.20R8.B1 24241.48437 0.00230325110238 0.00982804074384 -2.47726951627e-05 8.76814815121e-05
BPM.21R8.B1 24294.93289 0.00150271241629 0.00998184381159 8.79507592721e-05 2.37989923828e-05
BPM.22R8.B1 24348.3814 0.00354155653956 0.00945265717985 2.11566717511e-05 -8.86234959367e-05
BPM.23R8.B1 24401.82992 0.00276712571039 0.00970764470941 -8.88527266766e-05 -2.01723070792e-05
BPM.24R8.B1 24455.27843 0.00481454497145 0.00890426753529 -1.75973677077e-05 -5.24943606105e-06
BPM.25R8.B1 24508.72695 0.00408028039118 0.00926375385733 -5.0539611965e-06 1.76545032865e-05
BPM.26R8.B1 24562.17546 0.005914038644 0.00821522796269 1.77978352758e-05 4.5233839057e-06
BPM.27R8.B1 24615.62398 0.00523180285395 0.00866568303621 4.32573970155e-06 -1.7846902951e-05
BPM.28R8.B1 24669.0725 0.00700927848855 0.00737353585865 -1.80610468874e-05 -9.845679677e-05
BPM.29R8.B1 24722.52101 0.00639133565862 0.0079151654777 -9.82503289049e-05 1.915239406e-05
BPM.30R8.B1 24775.96953 0.00789492725422 0.00641631823855 2.20845384929e-05 9.76330626497e-05
BPM.31R8.B1 24829.41804 0.00735143516092 0.00703245455477 9.73823203623e-05 -2.31652018376e-05
BPM.32R8.B1 24882.86656 0.00865082639967 0.00535371073399 -2.6068559396e-05 -9.66456021886e-05
BPM.33R8.B1 24936.31508 0.00819054841912 0.00603439579848 -9.63503338808e-05 2.71395463143e-05
BPM.34R8.B1 24989.76359 0.00926461006804 0.00420309604848 3.00112923304e-05 9.54948370241e-05
BPM.33L1.B1 25043.21211 0.00889523299485 0.00493698754389 9.51564436507e-05 -3.10675625474e-05
BPM.32L1.B1 25096.66062 0.00972614851497 0.00298346294408 -3.390076639e-05 -9.41842920325e-05
BPM.31L1.B1 25150.10914 0.00945365553392 0.00375864511486 -9.38021822137e-05 3.49441421386e-05
BPM.30L1.B1 25203.55766 0.0100278901061 0.00171476995501 3.77360994679e-05 9.27142346542e-05
BPM.29L1.B1 25257.00617 0.00985681276381 0.00251838404345 9.22904791866e-05 -3.8760938722e-05
BPM.28L1.B1 25310.45469 0.0101648585089 0.000417932473299 -4.15049896921e-05 -9.10893965471e-05
BPM.27L1.B1 25363.9032 0.0100979782008 0.00123687199589 -9.06230116413e-05 4.25136600367e-05
BPM.26L1.B1 25417.35172 0.0102278386306 -0.000903540205345 4.5113736174e-05 -5.35673605291e-06
BPM.25L1.B1 25470.80023 0.0102673953372 -7.52391808917e-05 -5.85651235312e-06 -4.50515859357e-05
BPM.24L1.B1 25524.24875 0.010028231157 -0.00220446089409 -4.48561191661e-05 7.20225191323e-06
BPM.23L1.B1 25577.69727 0.0101734230038 -0.00138799578876 7.69944462502e-06 4.47734553842e-05
BPM.22L1.B1 25631.14578 0.00975687801358 -0.00348692491535 4.4431195251e-05 -0.00010370464059
BPM.21L1.B1 25684.5943 0.010006434032 -0.00268823210964 -0.000104191138028 -4.32780662545e-05
BPM.20L1.B1 25738.04281 0.00923066605266 -0.00470639120704 -4.01395953475e-05 0.000105440019693
BPM.19L1.B1 25791.49133 0.00958037859433 -0.00394609425824 0.000105878547541 3.89681534103e-05
BPM.18L1.B1 25844.93985 0.00855280689776 -0.0058484876738 3.5783190233e-05 -0.000106996954855
BPM.17L1.B1 25898.38836 0.00899684166139 -0.00513927564143 -0.000107387302798 -3.45940859829e-05
BPM.16L1.B1 25951.83688 0.00773438747398 -0.00689453148686 -3.13640403629e-05 0.00010837473348
BPM.15L1.B1 26005.28539 0.00826558347011 -0.00624783513412 0.00010871580546 3.01605575798e-05
BPM.14L1.B1 26058.73391 0.00678892315435 -0.00782724960218 2.68944063044e-05 -0.000109569499334
BPM.13L1.B1 26112.18243 0.00739836704135 -0.00725392852675 -0.000109861074628 -2.56773853038e-05
BPM.12L1.B1 26165.63094 0.00693856294145 -0.00769491119229 -1.16930920929e-05 0.000112214332942
BPM.11L1.B1 26219.07946 0.00862392381448 -0.00574310473344 0.000112805037365 -1.95139443177e-06
BPM.10L1.B1 26271.86017 0.00783465923485 -0.00678037083204 -7.6076502852e-06 -0.000112565127509
BPM.9L1.B1 26310.92518 0.00881266157745 -0.00544906505336 -0.00011258299809 -7.33840003846e-06
BPM.8L1.B1 26351.38819 0.00382298246135 -0.00963016713524 4.70335027339e-05 0.000102550641217
BPMR.7L1.B1 26390.4542 0.00853854657936 -0.00586928753751 0.000106159044314 -3.81973990376e-05
BPM.6L1.B1 26433.6382 0.0086575461536 -0.00569229379073 3.76897580788e-05 -0.000106340329658
BPMR.5L1.B1 26465.5382 0.00857020353914 -0.00582296533208 -1.64762493902e-05 -0.000111612349818
BPMYA.4L1.B1 26486.6562 0.00860977664839 -0.00576429180593 -5.00329588971e-05 -0.000101121150961
BPMWB.4L1.B1 26507.7887 0.00934018880056 -0.0044851072539 -8.35835018644e-05 -7.57798332643e-05
BPMSY.4L1.B1 26600.5687 0.00967593786081 -0.00370560932108 -6.90161291959e-05 8.92499734642e-05
BPMS.2L1.B1 26627.3542 0.00999435242542 -0.00273280704416 -2.33847511049e-05 0.000110371840093
BPMSW.1L1.B1 26637.4082 0.0100868073046 -0.00236888841811 8.30791918422e-06 0.000112515616498
