BPMSW.1R1.B1 21.475 0.00999869401367 -1.10792094362e-08 1.50467659607e-09 -2.76826000827e-10
BPMS.2R1.B1 31.529 0.00999212834631 -0.000362288438573 1.35725800071e-09 -6.70247492e-10
BPMSY.4R1.B1 58.3145 0.00990762443957 -0.00134642492686 9.41861004398e-10 -1.20400267626e-09
BPMWB.4R1.B1 151.0945 0.00976420964094 -0.0021526941763 -1.27728172558e-09 -8.49480651021e-10
BPMYA.4R1.B1 172.227 0.00936027956757 -0.00351554385623 -1.49545430081e-09 -3.19390599507e-10
BPM.5R1.B1 199.635 0.00944392943631 -0.00328421666262 -1.49721532206e-09 2.99864671367e-10
BPMR.6R1.B1 231.535 0.00921716383028 -0.00387527716266 -1.16918328326e-09 9.88243205075e-10
BPM_A.7R1.B1 259.259 0.00903697681232 -0.00427866010229 -4.88043212302e-10 1.45250192496e-09
BPM.8R1.B1 300.6979894 0.00749935097948 -0.00661313972949 1.29969762853e-09 8.10609459233e-10
BPM.9R1.B1 339.7649788 0.00765350564928 -0.00643410704215 3.58304204451e-10 -1.48639365833e-09
BPM.10R1.B1 380.2299682 0.00957312617582 -0.0028860245066 -1.52610999534e-09 -1.0019007871e-10
BPM.11R1.B1 433.0126576 0.00794527225321 -0.00607013435092 1.27776824884e-10 1.53050839951e-09
BPM.12R1.B1 487.7391417 0.00910637329716 -0.00412890392692 1.5312955729e-09 -1.48528336767e-10
BPM.13R1.B1 541.1906258 0.00870265422514 -0.00492317901628 -5.65097967732e-11 -1.53133224964e-09
BPM.14R1.B1 594.6421099 0.00907171950239 -0.00420449609025 -1.53473536184e-09 7.52063919509e-11
BPM.15R1.B1 648.093594 0.00800149070546 -0.0059958342771 1.16203057939e-10 1.53053721003e-09
BPM.16R1.B1 701.5450781 0.00845930503891 -0.00533048218629 1.52339296936e-09 -1.35439443266e-10
BPM.17R1.B1 754.9965622 0.00716869785803 -0.00697019749617 -1.7930077409e-10 -1.52285566259e-09
BPM.18R1.B1 808.4480463 0.00770790270559 -0.00636883960677 -1.52144502202e-09 2.07354137644e-10
BPM.19R1.B1 861.8995304 0.00621814252905 -0.00782997992569 2.42718952327e-10 1.5119796634e-09
BPM.20R1.B1 915.3510145 0.00682980821717 -0.00730257502227 1.51094182769e-09 -2.68421403432e-10
BPM.21R1.B1 968.8024986 0.00516536985208 -0.00856112355086 -3.10561074867e-10 -1.50067983548e-09
BPM.22R1.B1 1022.253983 0.00583951857729 -0.00811627407607 -1.49905920773e-09 3.25274814488e-10
BPM.23R1.B1 1075.705467 0.0040277457401 -0.00915156524385 3.65500824779e-10 1.4876322154e-09
BPM.24R1.B1 1129.156951 0.00472260746736 -0.00879855175961 -4.6625933126e-07 3.06917890126e-05
BPM.25R1.B1 1182.608435 0.00279358653021 -0.00958714810049 3.06919413115e-05 -4.55930234066e-07
BPM.26R1.B1 1236.059919 0.00355826011896 -0.00933039759645 -7.99701418319e-07 -3.06849082907e-05
BPM.27R1.B1 1289.511403 0.00154413580172 -0.00986575790459 -3.06470281824e-05 1.7213295065e-06
BPM.28R1.B1 1342.962887 0.00230477960569 -0.00971086553974 1.59690701897e-06 6.13179481663e-05
BPM.29R1.B1 1396.414371 0.000239084889032 -0.00997776312652 6.12423036378e-05 -3.43813473513e-06
BPM.30R1.B1 1449.865855 0.00104358382741 -0.0099259181623 -4.12399228479e-06 -6.11999447515e-05
BPM.31R1.B1 1503.31734 -0.0010394086357 -0.00992635624316 -6.10484037444e-05 5.9609978545e-06
BPM.32R1.B1 1556.768824 -0.000234796226115 -0.00997786496822 6.64464521816e-06 6.09777773895e-05
BPM.33R1.B1 1610.220308 -0.00230060812911 -0.00971185465271 6.0750648899e-05 -8.47344701218e-06
BPM.34R1.B1 1663.671792 -0.00150929600375 -0.00986584736216 -9.15358039924e-06 -6.06518975353e-05
BPM.33L2.B1 1717.123276 -0.0035242164693 -0.00933770940104 -6.03494880828e-05 1.09717690999e-05
BPM.32L2.B1 1770.57476 -0.00275900103786 -0.00959170641106 1.1647172142e-05 6.02227854779e-05
BPM.31L2.B1 1824.026244 -0.00468970535087 -0.00881019762874 5.98457012749e-05 -1.34511319989e-05
BPM.30L2.B1 1877.477728 -0.00396337566722 -0.00915994388263 -1.41208990879e-05 -5.9691212207e-05
BPM.29L2.B1 1930.929212 -0.00577832137461 -0.00813780810198 -5.9240020983e-05 1.59078795808e-05
BPM.28L2.B1 1984.380696 -0.00510259983408 -0.00857766830376 1.65704719656e-05 5.90581085479e-05
BPM.27L2.B1 2037.83218 -0.00677181259441 -0.00733181238248 5.8533605179e-05 -1.83373266048e-05
BPM.26L2.B1 2091.283665 -0.00618863223006 -0.00785636987574 -1.9459853884e-05 -2.76322923081e-05
BPM.25L2.B1 2144.735149 -0.00768452318887 -0.00640076713454 -2.70351775173e-05 2.02812486233e-05
BPM.24L2.B1 2198.186633 -0.00714280388642 -0.00700014779045 2.0582835207e-05 2.68062798983e-05
BPM.23L2.B1 2251.638117 -0.00844018274172 -0.00536516838153 2.61757886756e-05 -2.13789128403e-05
BPM.22L2.B1 2305.089601 -0.00801027745559 -0.00603080102874 -2.21386941446e-05 4.75768750161e-06
BPM.21L2.B1 2358.541085 -0.00908757455342 -0.00423687321546 5.42067375775e-06 2.19857565116e-05
BPM.20L2.B1 2411.992569 -0.00871594494377 -0.00495655219678 2.19236448732e-05 -5.66667196977e-06
BPM.19L2.B1 2465.444053 -0.00955490853255 -0.00303954418503 -6.32277284736e-06 -2.17435050932e-05
BPM.18L2.B1 2518.895537 -0.00927842157076 -0.00380078926617 -2.16713065946e-05 6.56598092106e-06
BPM.17L2.B1 2572.347021 -0.00986524572132 -0.0017922144727 7.21408891549e-06 2.14642559004e-05
BPM.16L2.B1 2625.798506 -0.00968839928144 -0.00258263920955 2.13820819375e-05 -7.45413766188e-06
BPM.15L2.B1 2679.24999 -0.0100134599829 -0.000515485347888 -8.09317335374e-06 -2.11484760201e-05
BPM.14L2.B1 2732.701474 -0.00993918953107 -0.00132197481 -2.10564752554e-05 8.32958885699e-06
BPM.13L2.B1 2786.152958 -0.00999712807689 0.000769763683574 8.95842079424e-06 2.07967304543e-05
BPM.12L2.B1 2839.604442 -0.00993987217594 -0.0013168322033 2.13334217187e-05 -7.59226645296e-06
BPM.11L2.B1 2893.055926 -0.00995560182472 -0.00119209826376 -5.95445319965e-06 -2.18472405951e-05
BPM.10L2.B1 2944.896615 -0.00992872746473 -0.00139838366333 -2.14936843569e-05 7.12591478387e-06
BPM.9L2.B1 2983.963605 -0.0090708667337 0.00427252648901 9.09003977034e-07 2.26258911874e-05
BPM.8L2.B1 3024.428594 -0.00842674340624 0.0054337005276 2.02924025513e-05 1.00486723649e-05
BPM.7L2.B1 3063.496584 -0.00458135909442 0.00891887071154 1.86687937758e-05 -1.28153665576e-05
BPMR.6L2.B1 3095.602584 0.000101039608733 0.0100262104962 3.76283983216e-06 -2.23293181077e-05
BPMYB.5L2.B1 3167.801584 -0.0022672116449 0.00976702909269 -2.12677517014e-05 7.77433307837e-06
BPMYB.4L2.B1 3188.371584 -0.00541375539984 0.00843957098331 -1.0738271067e-05 1.99360735298e-05
BPMWI.4L2.B1 3212.839084 -0.00378285230392 0.00928574899272 9.59092201761e-06 2.05127189882e-05
BPMSX.4L2.B1 3262.996084 -0.00790153692201 0.00617258618703 1.68663937075e-05 -1.51090088528e-05
BPMS.2L2.B1 3300.907584 -0.0079092395722 0.00616271332133 3.20155389722e-06 -2.24166506477e-05
BPMSW.1L2.B1 3310.841584 -0.00767223422065 0.00645537977178 -2.69571698433e-06 -2.24831148463e-05
BPMSW.1R2.B1 3354.031584 -0.00767223074611 0.00645538390445 2.26216725808e-05 1.00859786661e-06
BPMS.2R2.B1 3363.965584 -0.00790923709323 0.00616271648213 2.21148823051e-05 -4.86720980219e-06
BPMSX.4R2.B1 3401.877084 -0.00790154019326 0.00617258199635 1.38067999059e-05 -1.79479710305e-05
BPMWB.4R2.B1 3452.110084 -0.003784398511 0.00928511894555 -2.11972949274e-05 -7.96442583123e-06
BPMYB.4R2.B1 3476.501584 -0.0054405531161 0.00842232079565 -1.90724873655e-05 1.22064419227e-05
BPMR.5R2.B1 3506.035584 -0.000726597784842 0.0100003580724 3.42295214496e-08 2.26441201724e-05
BPM.6R2.B1 3579.331584 -0.00590403323443 0.00810416545662 2.11504060965e-05 -8.08810421379e-06
BPM_A.7R2.B1 3592.206584 -0.00701808275033 0.00716111863759 1.81498646693e-05 -1.35403137399e-05
BPM.8R2.B1 3633.643594 -0.00892884052891 0.00456189792615 -3.10822811019e-06 -2.24298091199e-05
BPM.9R2.B1 3672.708605 -0.00733215889004 0.00683919234158 -2.20974584358e-05 4.94567489354e-06
BPM.10R2.B1 3713.171615 -0.00236179062071 0.00974459085714 8.25300709098e-06 2.10866145147e-05
BPM.11R2.B1 3765.010326 -0.00386936571855 0.00925003323842 2.16876677355e-05 -6.51171366114e-06
BPM.12R2.B1 3819.733842 -0.00336120298029 0.0094465560096 -7.54077728453e-06 -2.1351676783e-05
BPM.13R2.B1 3873.182358 -0.00511936478436 0.00862132299245 -2.05206622121e-05 9.57391817348e-06
BPM.14R2.B1 3926.630874 -0.0032188494272 0.00949600517482 1.01833760462e-05 2.02251400687e-05
BPM.15R2.B1 3980.07939 -0.00397466266757 0.00920527905855 2.01109537485e-05 -1.04070663915e-05
BPM.16R2.B1 4033.527906 -0.00197768424332 0.00982974419501 -1.10043048139e-05 -1.9790470189e-05
BPM.17R2.B1 4086.976421 -0.00276447717132 0.00963808963813 -1.96672305048e-05 1.12230763615e-05
BPM.18R2.B1 4140.424937 -0.000704019339834 0.0100019729399 1.18065532904e-05 1.93225978511e-05
BPM.19R2.B1 4193.873453 -0.00150885788942 0.00991254023166 1.91904582325e-05 -1.20201328604e-05
BPM.20R2.B1 4247.321969 0.000581212209551 0.0100098600512 -1.25890918633e-05 -1.88221135116e-05
BPM.21R2.B1 4300.770485 -0.000228468445051 0.0100241163248 -1.8681361503e-05 1.27970315707e-05
BPM.22R2.B1 4354.219001 0.00185689210127 0.00985327649313 1.33503046061e-05 1.82900688222e-05
BPM.23R2.B1 4407.667517 0.00105570744681 0.00997098729815 1.81408840823e-05 -1.35523400781e-05
BPM.24R2.B1 4461.116033 0.00306209643661 0.00954241941207 -1.40490326376e-05 2.29945325349e-05
BPM.25R2.B1 4514.564549 0.00228207157509 0.0097583990568 2.31488847486e-05 1.37932176858e-05
BPM.26R2.B1 4568.013065 0.00425759788288 0.00907232401998 1.30943738041e-05 -2.35512493112e-05
BPM.27R2.B1 4621.46158 0.00351158162313 0.00938631969048 -2.36950421887e-05 -1.28323310868e-05
BPM.28R2.B1 4674.910096 0.0053431755568 0.00846077369734 -1.20771031899e-05 6.47900603609e-05
BPM.29R2.B1 4728.358612 0.00464301328922 0.00886434680422 6.49199568281e-05 1.1358147266e-05
BPM.30R2.B1 4781.807128 0.00638157017586 0.00770777391075 9.41063361524e-06 -6.5230722228e-05
BPM.31R2.B1 4835.255644 0.00573873165107 0.00819763232307 -6.53311220826e-05 -8.68631980166e-06
BPM.32R2.B1 4888.70416 0.00731512504742 0.00682811556664 -6.72696657639e-06 6.55618493064e-05
BPM.33R2.B1 4942.152676 0.00674026677565 0.00739614902862 6.5632377025e-05 5.99987327227e-06
BPM.34R2.B1 4995.601192 0.00812846992068 0.0058362824976 4.03344182162e-06 -6.57825127395e-05
BPM.33L3.B1 5049.049708 0.00763097471507 0.00647320952506 -6.58232150794e-05 -3.30326149849e-06
BPM.32L3.B1 5102.498224 0.00880827104254 0.00474853429144 -1.33160871277e-06 6.58925966868e-05
BPM.31L3.B1 5155.94674 0.00839634914955 0.00544385319966 6.59033120579e-05 6.01240265114e-07
BPM.30L3.B1 5209.395255 0.00934333357223 0.00358278304944 -1.37091463017e-06 -6.58917937886e-05
BPM.29L3.B1 5262.843771 0.00902373794866 0.00432508613314 -6.58725180606e-05 2.10202234424e-06
BPM.28L3.B1 5316.292287 0.00972488345757 0.00235814724768 4.07268349917e-06 6.57800889002e-05
BPM.27L3.B1 5369.740803 0.00950286656908 0.00313524219676 6.5730921137e-05 -4.80143517375e-06
BPM.26L3.B1 5423.189319 0.00990662832984 0.00110240062882 -6.72626631153e-06 -2.48359826968e-05
BPM.25L3.B1 5476.637835 0.00978536059188 0.00189823341656 -2.47598291136e-05 7.00137811746e-06
BPM.24L3.B1 5530.086351 0.00996625955126 -0.000173904029342 7.73921444897e-06 2.45392135181e-05
BPM.23L3.B1 5583.534867 0.00994778811509 0.000630938744007 2.44519131901e-05 -8.01077533832e-06
BPM.22L3.B1 5636.983383 0.00982212013057 -0.0014397253347 -8.69882010709e-06 1.65202030942e-05
BPM.21L3.B1 5690.431899 0.0099062682918 -0.000642418376638 1.66156599691e-05 8.51508117582e-06
BPM.20L3.B1 5743.880414 0.00955726232987 -0.00268432294705 8.01408780578e-06 -1.68630113841e-05
BPM.19L3.B1 5797.32893 0.00974271368568 -0.001904306408 -1.6950855865e-05 -7.82658308512e-06
BPM.18L3.B1 5850.777446 0.00913535954558 -0.00388484991632 -7.31574516365e-06 1.71775076379e-05
BPM.17L3.B1 5904.225962 0.00941906403315 -0.00313497777575 1.72575780538e-05 7.12481252564e-06
BPM.16L3.B1 5957.674478 0.00856337364116 -0.0050215022441 6.60523412012e-06 -1.74630318076e-05
BPM.15L3.B1 6011.122994 0.00894066989898 -0.00431407865454 -1.75352218365e-05 -6.41115108186e-06
BPM.14L3.B1 6064.57151 0.00785065526569 -0.00607569459303 -5.88345863605e-06 1.77192512362e-05
BPM.13L3.B1 6118.020026 0.00831535156781 -0.0054223409309 1.7783394666e-05 5.68662036654e-06
BPM.12L3.B1 6171.468542 0.00665957578496 -0.00736185460398 5.65891625901e-06 -1.77922326235e-05
BPM.11L3.B1 6224.917058 0.00630608728196 -0.00766681916367 -1.77849605908e-05 -5.68172974791e-06
BPM.10L3.B1 6277.697768 0.00217278411775 -0.00968637507306 -6.96259715791e-06 1.7323656974e-05
BPM.9L3.B1 6316.762779 0.00255916510018 -0.00959153412229 8.40930458088e-06 1.66694476343e-05
BPM.8L3.B1 6357.225789 0.00660431767684 -0.00741146685321 1.77468973844e-05 -5.79953001211e-06
BPM.7L3.B1 6396.2898 0.00975971537696 0.00181516076951 -9.5812264721e-06 -1.60245688365e-05
BPM.6L3.B1 6468.9288 0.00977626329475 0.00172381232938 -1.67999553223e-05 8.14544200411e-06
BPMWE.5L3.B1 6512.0583 0.00988338703519 0.000930329833622 -7.9527405926e-06 1.68920299767e-05
BPMW.5L3.B1 6539.6033 0.00943560703077 -0.00308482946847 2.88232399444e-06 1.84466547229e-05
BPMWE.4L3.B1 6614.7313 0.00869204700614 -0.00479532811662 1.7809111238e-05 5.60557670926e-06
BPMW.4L3.B1 6642.2763 0.00944480543034 -0.00305655088855 1.86147857788e-05 -1.44108986678e-06
BPMW.4R3.B1 6687.2413 0.00855030882004 -0.00504371608954 1.38022167918e-05 -1.25732133714e-05
BPMWE.4R3.B1 6714.7863 0.0017880419062 -0.00976472012014 -3.09677373592e-06 -1.84118681809e-05
BPMW.5R3.B1 6789.9143 -0.00169581249606 -0.00978115907311 -1.85148002998e-05 -2.40605365108e-06
BPMWE.5R3.B1 6817.4593 0.001358495427 -0.00983368410404 -1.76584326805e-05 6.0635437524e-06
BPMWC.6R3.B1 6858.4503 0.00139723907176 -0.00982825395938 -1.13250637952e-05 1.48435050035e-05
BPMR.6R3.B1 6870.5288 -0.000620417398955 -0.00990767051946 -6.42889131297e-06 1.75287234642e-05
BPM_A.7R3.B1 6926.3528 -0.00708355287584 -0.00695486387966 1.79074852228e-05 5.28287839637e-06
BPM.8R3.B1 6965.416811 -0.00886907422787 -0.00445941422869 1.28986733507e-05 -1.34985611365e-05
BPM.9R3.B1 7004.481821 -0.00982944641958 -0.00138882538756 -4.31119126786e-06 -1.81659102097e-05
BPM.10R3.B1 7044.944832 -0.00990406844096 -0.000675485890083 -1.67140133154e-05 -8.32037181634e-06
BPM.11R3.B1 7097.725542 -0.00986067608182 -0.00114626354482 -1.33780565416e-05 1.3023612621e-05
BPM.12R3.B1 7152.449058 -0.00968293828266 -0.0021880491509 1.06460041527e-05 1.53378466608e-05
BPM.13R3.B1 7205.897574 -0.00973596259011 -0.00193852658245 1.6352596497e-05 -9.0099687903e-06
BPM.14R3.B1 7259.34609 -0.00954769202945 -0.00271816662318 -9.19115841909e-06 -1.62514445915e-05
BPM.15R3.B1 7312.794606 -0.00990393164669 -0.000677488618949 -1.5969135182e-05 9.67334823975e-06
BPM.16R3.B1 7366.243122 -0.00981695429331 -0.00147453764752 9.84980806707e-06 1.58609017606e-05
BPM.17R3.B1 7419.691638 -0.00990923154423 0.000594964818228 1.55590022112e-05 -1.03200958084e-05
BPM.18R3.B1 7473.140154 -0.00992492657945 -0.00020660424338 -1.04920351319e-05 -1.54435773246e-05
BPM.19R3.B1 7526.58867 -0.00975171317322 0.00185767140769 -1.51227109849e-05 1.09494507524e-05
BPM.20R3.B1 7580.037186 -0.00986982181373 0.00106464558884 1.11164615076e-05 1.50003735569e-05
BPM.21R3.B1 7633.485701 -0.0094339669883 0.00308984137775 1.46609393344e-05 -1.1560428814e-05
BPM.22R3.B1 7686.934217 -0.00965253898823 0.00231847880476 -1.1722328976e-05 -1.45318166833e-05
BPM.23R3.B1 7740.382733 -0.00896121383359 0.00427124097647 -1.41745621734e-05 1.21519013125e-05
BPM.24R3.B1 7793.831249 -0.00906543629293 0.00354739389627 1.55542937797e-05 -0.000197546919146
BPM.25R3.B1 7847.279765 -0.00813187418022 0.00535151950004 -0.000197923809763 -9.637871073e-06
BPM.26R3.B1 7900.728281 -0.00853716325568 0.00467792499024 -7.44513606121e-06 0.000198018413693
BPM.27R3.B1 7954.176797 -0.00738038916572 0.00634791260219 0.000198152543438 1.51370359971e-06
BPM.28R3.B1 8007.625313 -0.00765747445566 0.00574475712364 2.5542296353e-06 -0.000409734485126
BPM.29R3.B1 8061.073829 -0.00629865178769 0.00720875406036 -0.000409627643407 9.69866761419e-06
BPM.30R3.B1 8114.522345 -0.00685967050777 0.00667713037092 1.4231102667e-05 0.000409495235476
BPM.31R3.B1 8167.97086 -0.00532437706159 0.00795551119557 0.000408885368631 -2.64882897467e-05
BPM.32R3.B1 8221.419376 -0.00594922345884 0.00749972597526 -3.10293759365e-05 -0.000408565843835
BPM.33R3.B1 8274.867892 -0.00426342488094 0.00857101847776 -0.000407455115495 4.32342551736e-05
BPM.34R3.B1 8328.316408 -0.00494092328155 0.00819917231253 4.77433662665e-05 0.000406951403808
BPM.33L4.B1 8381.764924 -0.00313148821704 0.0090461555928 0.000405339406515 -5.99068951834e-05
BPM.32L4.B1 8435.21344 -0.00385158431627 0.00876381467573 -6.44037541835e-05 -0.000404649264823
BPM.31L4.B1 8488.661956 -0.00194913231267 0.00937230135515 -0.00040254163315 7.64794689659e-05
BPM.30L4.B1 8542.110472 -0.00269876657562 0.00918454181991 8.09348166561e-05 0.00040166955009
BPM.29L4.B1 8595.558988 -0.000733646623884 0.00954467977895 0.000399066867714 -9.2922044453e-05
BPM.28L4.B1 8649.007504 -0.00150185076327 0.0094542896986 -9.73446936035e-05 -0.000398011162875
BPM.27L4.B1 8702.45602 0.000492755904139 0.00956014336243 -0.00039492012163 0.000109210671481
BPM.26L4.B1 8755.904535 -6.89299445869e-05 0.00958207207979 0.000116831719682 0.000182104181392
BPM.25L4.B1 8809.353051 0.00192124977326 0.00938773966351 0.00017852649614 -0.000122228771812
BPM.24L4.B1 8862.801567 0.00115719300767 0.00951219012697 -0.00012420173604 -0.000177159563013
BPM.23L4.B1 8916.250083 0.00310610142977 0.00906493191503 -0.000173362815108 0.000129448507173
BPM.22L4.B1 8969.698599 0.00257571025503 0.00929936599568 0.000134612645016 -3.96644699885e-05
BPM.21L4.B1 9023.147115 0.0044494917967 0.00856238950105 -4.36747741829e-05 -0.000133365469808
BPM.20L4.B1 9076.595631 0.00374395125442 0.0088935549847 -0.000132872512016 4.51523038709e-05
BPM.19L4.B1 9130.044147 0.00550826943328 0.00792284412793 4.91087840892e-05 0.00013146163482
BPM.18L4.B1 9183.492663 0.00485099825998 0.00834148111137 0.00013090948167 -5.05622579339e-05
BPM.17L4.B1 9236.941179 0.00647647393321 0.00715316549799 -5.44567948705e-05 -0.000129337899734
BPM.16L4.B1 9290.389694 0.00587806212709 0.00765250788068 -0.000128725362367 5.58893193477e-05
BPM.15L4.B1 9343.83821 0.00733831729904 0.00626590699753 5.97169064872e-05 0.000126994984583
BPM.14L4.B1 9397.286726 0.00680877162119 0.00683762533816 0.000126325732833 -6.11199226435e-05
BPM.13L4.B1 9450.735242 0.00807954836946 0.0052757359106 -6.48725800741e-05 -0.000124440280585
BPM.12L4.B1 9504.183758 0.0073694174954 0.00622929988597 -0.000125430992917 6.29356986887e-05
BPM.11L4.B1 9557.632274 0.00819673455972 0.00509176135934 6.31380592692e-05 0.000125329247928
BPMC.10L4.B1 9609.470985 0.00800489100139 0.00538834031367 0.000123668582207 -6.6331866979e-05
BPMC.9L4.B1 9648.535995 0.00905281457241 0.00334051486164 -4.09363457492e-05 -0.000134231327579
BPMC.8L4.B1 9688.999006 0.00709792804187 0.00653696479656 -0.000110072836551 8.70505894009e-05
BPMC.7L4.B1 9728.063016 0.00956897668944 0.00124385546128 9.56904263259e-05 0.000102650757206
BPMYB.6L4.B1 9824.667016 0.0096242680244 -0.000697105631221 0.000105425948149 -9.2623995628e-05
BPMYA.5L4.B1 9861.667016 0.00957269984833 -0.00121486980278 7.58522588495e-05 -0.000118068909565
BPMWA.B5L4.B1 9964.133516 0.00847105877374 0.00462100146386 -8.42318269784e-05 -0.000112244526619
BPMWA.A5L4.B1 9973.018516 0.00820296302339 0.00508172105656 -9.75999085311e-05 -0.00010083695858
BPMWA.A5R4.B1 10021.06752 0.0071761224943 0.00645102760839 -0.000138039021736 -2.52796737108e-05
BPMWA.B5R4.B1 10029.95252 0.00711749399256 0.00651565580303 -0.00013990229215 -1.10082949805e-05
BPMYB.5R4.B1 10132.34302 0.0083706758179 0.00480044550637 -8.7318576079e-05 0.000109860392179
BPMYA.6R4.B1 10163.90702 0.00826467010733 0.00498073481599 -5.98859461727e-05 0.000126915356143
BPMCA.7R4.B1 10260.42302 0.00622473112432 0.00737327699966 0.000108246139568 8.93118610852e-05
BPMC.8R4.B1 10298.21203 0.00565327338961 0.00782003780028 0.000135951261701 -3.48006978912e-05
BPMC.9R4.B1 10337.27704 0.00830521792934 0.00491282468625 -3.44331519302e-05 -0.000136044818202
BPMC.10R4.B1 10377.74005 0.0096475318037 -0.000193962434091 -0.000134826947706 3.89297841354e-05
BPM.11R4.B1 10429.57876 0.00960917669547 0.000881030374718 2.01706442061e-05 0.000138877568897
BPM.12R4.B1 10484.30227 0.0096492294589 -6.97287208133e-05 0.000139216635763 -1.76794546651e-05
BPM.13R4.B1 10537.75079 0.00961557798664 0.000808177736928 -2.0279067516e-05 -0.000138861782371
BPM.14R4.B1 10591.19931 0.00957394751954 -0.00120499797839 -0.000138192436492 2.44271405841e-05
BPM.15R4.B1 10644.64782 0.00963996602577 -0.00042842298246 2.59593564722e-05 0.00013791282588
BPM.16R4.B1 10698.09634 0.00934116579139 -0.00241973405426 0.000137074578536 -3.00731410684e-05
BPM.17R4.B1 10751.54485 0.00950595772551 -0.00165808897082 -3.15902979039e-05 -0.000136732911843
BPM.18R4.B1 10804.99337 0.00895486166486 -0.00359484962436 -0.000135725852633 3.56696886247e-05
BPM.19R4.B1 10858.44189 0.00921577642926 -0.00286041187982 3.71737094041e-05 0.000135321650569
BPM.20R4.B1 10911.8904 0.00842149294999 -0.00471072688461 0.000134149070567 -4.12050852886e-05
BPM.21R4.B1 10965.33892 0.00877413546247 -0.00401584837362 -4.26893103185e-05 -0.000133684172096
BPM.22R4.B1 11018.78743 0.00774963978052 -0.00574939775707 -0.000132346272812 4.66722573687e-05
BPM.23R4.B1 11072.23595 0.00818838607983 -0.00510517625503 4.81379126085e-05 0.000131820247358
BPM.24R4.B1 11125.68447 0.00684832047643 -0.00667381030629 0.0001304223874 5.20816521493e-05
BPM.25R4.B1 11179.13298 0.00736450525747 -0.0060994507692 5.06336175956e-05 -0.000130991351218
BPM.26R4.B1 11232.5815 0.00593822813726 -0.00749511066852 -0.000132448114042 -4.66904108224e-05
BPM.27R4.B1 11286.03001 0.00652375677584 -0.0069914115041 -4.52173303791e-05 0.00013295822838
BPM.28R4.B1 11339.47853 0.00482855852434 -0.00817348223426 0.000134353986568 0.000145358635731
BPM.29R4.B1 11392.92705 0.0054723792569 -0.00775718083655 0.000143861564758 -0.000135955794904
BPM.30R4.B1 11446.37556 0.00374317330332 -0.00872407260852 -0.000140200031514 -0.00013972858809
BPM.31R4.B1 11499.82408 0.00443500093395 -0.00839354251263 -0.000138163600675 0.000141742541548
BPM.32R4.B1 11553.27259 0.00259663492818 -0.00913117058804 0.000145813723388 0.000133859946372
BPM.33R4.B1 11606.72111 0.00332500921117 -0.00889185599494 0.000132235997483 -0.000147288048269
BPM.34R4.B1 11660.16962 0.00140703575387 -0.00938834594732 -0.000151179379771 -0.000127769023976
BPM.33L5.B1 11713.61814 0.00216009843834 -0.00924417459597 -0.000126083616678 0.00015258784162
BPM.32L5.B1 11767.06666 0.000194749049025 -0.00949119918956 0.000156292651533 0.000121460834347
BPM.31L5.B1 11820.51517 0.0009599998741 -0.00944453225353 0.000119720749393 -0.000157629534635
BPM.30L5.B1 11873.96369 -0.00102119200896 -0.0094381118951 -0.000161141665569 -0.000114949949162
BPM.29L5.B1 11927.4122 -0.000256184113376 -0.00948973966785 -0.000113155609301 0.00016240669728
BPM.28L5.B1 11980.86072 -0.00221989077111 -0.00922999860542 0.000165720308454 0.000108244661695
BPM.27L5.B1 12034.30924 -0.00146785100158 -0.00937902994363 0.000106400015342 -0.000166910644888
BPM.26L5.B1 12087.75775 -0.00348479850148 -0.00885061828526 -0.000169917778513 2.78318622238e-06
BPM.25L5.B1 12141.20627 -0.00275909146539 -0.00910300384211 4.66728945423e-06 0.000169876463683
BPM.24L5.B1 12194.65478 -0.00458813414572 -0.0083322439774 0.000169660648915 -9.74989887216e-06
BPM.23L5.B1 12248.1033 -0.003900878993 -0.00867527565837 -1.16311054918e-05 -0.000169542070602
BPM.22L5.B1 12301.55182 -0.00571872136981 -0.00765727185857 -0.000169017442922 0.000120839668837
BPM.21L5.B1 12355.00033 -0.0050819964535 -0.00809388031043 0.000122706926756 0.000167666728039
BPM.20L5.B1 12408.44885 -0.00665111072862 -0.0068629667473 0.000163917659401 -0.000127671927204
BPM.19L5.B1 12461.89736 -0.00607571159167 -0.00737721594434 -0.000129481587977 -0.000162491971315
BPM.18L5.B1 12515.34588 -0.00747448581909 -0.00595564002831 -0.000158546578994 0.000134283668806
BPM.17L5.B1 12568.79439 -0.00696940573749 -0.00653949310553 0.00013603398136 0.000157047375131
BPM.16L5.B1 12622.24291 -0.00817484380591 -0.00495070854902 0.000152903502172 -0.000140675664648
BPM.15L5.B1 12675.69143 -0.00774873759735 -0.00559416231806 -0.00014236233571 -0.000151334354077
BPM.14L5.B1 12729.13994 -0.00874102679727 -0.00386419939391 -0.000147009190303 0.000146824450808
BPM.13L5.B1 12782.58846 -0.00840064116739 -0.00455706203264 0.000148446097698 0.000145371517267
BPM.12L5.B1 12836.03697 -0.00866485038348 -0.00403211534963 0.00012559903413 -0.000165511348459
BPM.11L5.B1 12889.48549 -0.00740086808553 -0.00604687836757 -0.000179474380508 -0.000104680797958
BPM.10L5.B1 12942.2662 -0.00810143371273 -0.00506994656066 -9.55479702832e-05 0.000184498520465
BPM.9L5.B1 12981.33121 -0.00719261198645 -0.00629316448654 0.000170250043071 0.000119096783764
BPM.8L5.B1 13021.79422 -0.00952675229057 -0.000760642645941 2.39023340015e-05 -0.00020639234619
BPMR.7L5.B1 13060.86023 -0.00748898599361 -0.00593739633311 -0.000203633042961 -4.12638569787e-05
BPM.6L5.B1 13097.75423 -0.00764359163452 -0.0057369934083 -0.000174809568694 0.000112297535306
BPMR.5L5.B1 13129.65423 -0.00726514222093 -0.00620929101789 -9.85493596128e-05 0.00018291294668
BPMYA.4L5.B1 13157.06023 -0.00741569605096 -0.00602868464737 -1.78250952386e-05 0.000207005772217
BPMWB.4L5.B1 13178.19473 -0.00648572844574 -0.0070194667149 5.92134881253e-05 0.000199155429565
BPMSY.4L5.B1 13270.97473 -0.00588939701163 -0.00752679143135 0.000193918539028 -7.45970683411e-05
BPMS.2L5.B1 13297.76023 -0.00511802683661 -0.00807114537746 0.000142248638339 -0.000151441235086
BPMSW.1L5.B1 13307.81423 -0.00482225649307 -0.00825126831161 9.43967100588e-05 -0.000185090201579
BPMSW.1R5.B1 13350.76423 -0.00482224274033 -0.00825127634895 0.000145595860285 0.000148226068546
BPMS.2R5.B1 13360.81823 -0.0051180179552 -0.00807115101498 0.000181142863673 0.000101766323547
BPMSY.4R5.B1 13387.60373 -0.00588939533827 -0.00752679274384 0.00020736741486 1.29567785977e-05
BPMWT.A4R5.B1 13478.00823 -0.00637659809996 -0.00711874870307 5.94793488861e-06 -0.000207686648236
BPMWT.B4R5.B1 13479.99023 -0.00646755214159 -0.00703621743206 -1.76203504694e-06 -0.000207764331573
BPMWB.4R5.B1 13480.38373 -0.00648567970752 -0.00701951174751 -3.28748610454e-06 -0.000207745793928
BPMYA.4R5.B1 13501.51623 -0.00741556089115 -0.00602885089192 -7.91235607443e-05 -0.000192116072453
BPM.5R5.B1 13522.63423 -0.00745656952712 -0.00597805631066 -0.000134418725754 -0.000158432091232
BPMWT.A6R5.B1 13543.69223 -0.0071095271754 -0.00638687793429 -0.000176767540093 -0.000109189547299
BPMWT.B6R5.B1 13549.51423 -0.00720443953954 -0.00627962079692 -0.000185862408731 -9.28670417577e-05
BPMR.6R5.B1 13554.53423 -0.00736501887984 -0.00609049121955 -0.000192947042745 -7.70750191827e-05
BPM_A.7R5.B1 13588.54823 -0.00788942552986 -0.00539393651883 -0.000199764494466 5.71250032763e-05
BPM.8R5.B1 13629.98722 -0.00907426994612 -0.00299920178936 9.04368867028e-06 0.000207574886296
BPM.9R5.B1 13669.05421 -0.00900084491401 -0.00321284566852 0.000194229416445 -7.37838362266e-05
BPM.10R5.B1 13709.5192 -0.00699873181487 -0.00650809798857 -0.000106560013814 -0.000178365034288
BPM.11R5.B1 13762.30189 -0.00884125103793 -0.00362903107707 -0.000160508197255 0.000131932720546
BPM.12R5.B1 13817.02837 -0.00779922282527 -0.00552355952142 0.000133592280054 0.000159129583244
BPM.13R5.B1 13870.47986 -0.00825995748412 -0.00480735776954 0.000166697547098 -0.000124020367854
BPM.14R5.B1 13923.93134 -0.00784494628805 -0.00545842506754 -0.000125882550359 -0.000165295813686
BPM.15R5.B1 13977.38283 -0.00880705123689 -0.00371125787279 -0.000161441875363 0.000130788547373
BPM.16R5.B1 14030.83431 -0.00847873736348 -0.00441005659626 0.000132589186771 0.000159966340791
BPM.17R5.B1 14084.28579 -0.00920943210711 -0.00255420176174 0.00015590779994 -0.000137338566277
BPM.18R5.B1 14137.73728 -0.00897325313534 -0.00328912064212 -0.000139076634172 -0.000154359360669
BPM.19R5.B1 14191.18876 -0.00946052476782 -0.00135501200321 -0.000150114506859 0.000143648029222
BPM.20R5.B1 14244.64025 -0.00932028689883 -0.00211419926589 0.000145321051709 0.000148495503182
BPM.21R5.B1 14298.09173 -0.00955613515532 -0.000133668692233 0.000144059183359 -0.000149719986561
BPM.22R5.B1 14351.54322 -0.00951417035817 -0.000904515815822 -0.000151324424855 -0.000142372889836
BPM.23R5.B1 14404.9947 -0.00949471580877 0.00108993493821 -0.000137765822444 0.000155530390635
BPM.24R5.B1 14458.44618 -0.00950459358985 0.000323033835964 0.000157783581924 8.88265945891e-05
BPM.25R5.B1 14511.89767 -0.00923056682198 0.00228873028568 8.40431686336e-05 -0.000160382563065
BPM.26R5.B1 14565.34915 -0.0093851849123 0.00153621428054 -0.000161313654125 -8.22418884806e-05
BPM.27R5.B1 14618.80064 -0.00886193601884 0.00345075936368 -7.73612432635e-05 0.000163710296099
BPM.28R5.B1 14672.25212 -0.00906441438972 0.00272725165543 0.000165285985976 2.83340746291e-05
BPM.29R5.B1 14725.7036 -0.00830098193747 0.00454919868646 2.33533430043e-05 -0.000166062929265
BPM.30R5.B1 14779.15509 -0.00864109643082 0.00386431911569 -0.000166313969978 -2.14927662881e-05
BPM.31R5.B1 14832.60657 -0.00765080355534 0.00557375230381 -1.64884085901e-05 0.000166884423744
BPM.32R5.B1 14886.05806 -0.00807567345879 0.00493811785862 0.000167058800382 1.46162530603e-05
BPM.33R5.B1 14939.50954 -0.00687492244111 0.00650668512184 9.58891301782e-06 -0.000167422609799
BPM.34R5.B1 14992.96102 -0.00737770772656 0.00593050912976 -0.000167519479164 -7.71369602419e-06
BPM.33L6.B1 15046.41251 -0.00598603832567 0.00733272493532 -2.67884572608e-06 0.000167675580968
BPM.32L6.B1 15099.86399 -0.00655828236767 0.00682571916929 0.000167695074151 7.99029853347e-07
BPM.31L6.B1 15153.31548 -0.0049988263483 0.00803823643315 -4.24066080736e-06 -0.000167643351141
BPM.30L6.B1 15206.76696 -0.00563137143671 0.00760849298752 -0.00016758534231 6.11789381384e-06
BPM.29L6.B1 15260.21845 -0.00392941765699 0.00861168895644 1.1149021993e-05 0.000167325955913
BPM.28L6.B1 15313.66993 -0.00461157730792 0.00826649045783 0.000167190501842 -1.30235706889e-05
BPM.27L6.B1 15367.12141 -0.00279550428891 0.00904359804474 -1.80413260267e-05 -0.000166723685025
BPM.26L6.B1 15420.5729 -0.00346932806337 0.0087913859352 -0.000165791743888 -2.7277938884e-05
BPM.25L6.B1 15474.02438 -0.00156894545641 0.00932003830358 -2.22853373818e-05 0.000166536336614
BPM.24L6.B1 15527.47587 -0.0023159348595 0.00916303168071 0.000166775542897 2.04182639042e-05
BPM.23L6.B1 15580.92735 -0.000363756549398 0.00944417201198 1.53981926264e-05 -0.000167313729702
BPM.22L6.B1 15634.37883 -0.001077889764 0.00938695598868 -0.000166756665329 -6.07081500184e-05
BPM.21L6.B1 15687.83032 0.000894006983077 0.00940625008282 -5.56709616171e-05 0.000168505221665
BPM.20L6.B1 15741.2818 0.00013205974926 0.00944771661822 0.000169118162295 5.37802344667e-05
BPM.19L6.B1 15794.73329 0.00209004334433 0.00921458126742 4.86752814963e-05 -0.000170657503684
BPM.18L6.B1 15848.18477 0.00133934237764 0.00935323211947 -0.000171192396598 -4.6759266842e-05
BPM.17L6.B1 15901.63625 0.00325160065211 0.00887152085258 -4.15944182068e-05 0.000172520057403
BPM.16L6.B1 15955.08774 0.00252510562337 0.00910497834516 0.000172974987199 3.96600391321e-05
BPM.15L6.B1 16008.53922 0.00435984213719 0.008382634767 3.44462510159e-05 -0.000174088258275
BPM.14L6.B1 16061.99071 0.00366890744961 0.00870723303932 -0.000174463525892 -3.24922103911e-05
BPM.13L6.B1 16115.44219 0.00539634022511 0.00775604933366 -2.72349132144e-05 0.000175361127747
BPM.12L6.B1 16168.89367 0.00475294715549 0.00816616693538 0.00017565521553 2.52687495196e-05
BPM.11L6.B1 16222.34516 0.00598245191866 0.00731348467557 1.44424020013e-05 -0.000176874768816
BPM.10L6.B1 16274.18585 0.00538045043108 0.00776708067637 -0.000177435073156 -3.17203024637e-06
BPM.9L6.B1 16313.25284 0.00826905411831 0.00457160070617 -5.31536319887e-05 0.000169316152726
BPM.8L6.B1 16353.71783 0.00921306862267 0.00209670112898 0.000165617906137 6.37493170671e-05
BPMYA.5L6.B1 16450.80782 0.00771534181872 -0.00545438261886 -3.7043779743e-05 -0.000173554094131
BPMYB.4L6.B1 16487.20782 0.00787558556612 -0.00522033914685 -7.3918463499e-05 -0.000161336074742
BPMSA.B4L6.B1 16519.19832 0.00724578053052 -0.00606427684011 -0.00010813352193 -0.000140713918842
BPMSA.A4L6.B1 16519.78332 0.00723226460142 -0.00608038961445 -0.000108771625905 -0.000140221253272
BPMSE.4L6.B1 16616.45832 0.00465354138696 -0.00822321966417 -0.0001774553905 1.68810763266e-06
BPMSA.4R6.B1 16708.02832 0.00514493242706 -0.00792505264397 -8.95029033656e-05 0.000153239992954
BPMSB.A4R6.B1 16804.83832 0.00809739565038 -0.00486918605062 8.29610440287e-05 0.000156878080664
BPMSB.B4R6.B1 16805.47332 0.00811012427192 -0.00484795559069 8.37817928085e-05 0.000156441287773
BPMYA.4R6.B1 16830.80782 0.00853156814639 -0.00406068148136 0.000111961157521 0.000137687926331
BPMYB.5R6.B1 16867.20782 0.00853186173905 -0.00406006466201 0.000139795715896 0.000109318043389
BPM.8R6.B1 16962.93481 0.00938310395065 0.00111092274007 3.16074363717e-05 -0.000174625989624
BPM.9R6.B1 17002.0018 0.00903401533334 0.00276827672736 -0.000174000287794 3.48878797423e-05
BPM.10R6.B1 17042.46678 0.00873858103245 -0.00359360412793 2.84908703339e-05 0.000175161455038
BPM.11R6.B1 17094.30747 0.00877494779605 -0.00350386647484 0.000176790693797 1.54374925197e-05
BPM.12R6.B1 17149.03396 0.00853748656894 -0.0040482233311 2.41764315136e-05 -0.000175808890357
BPM.13R6.B1 17202.48544 0.00885270846567 -0.00330247512149 -0.000176148418382 -2.15638519832e-05
BPM.14R6.B1 17255.93693 0.00797450397824 -0.00506794587176 -1.62597623001e-05 0.000176716965215
BPM.15R6.B1 17309.38841 0.00835755063145 -0.00440773598938 0.000176887904074 1.4280575225e-05
BPM.16R6.B1 17362.83989 0.00726063575092 -0.00604648307121 8.96198846698e-06 -0.000177236986261
BPM.17R6.B1 17416.29138 0.007724935991 -0.00544078606722 -0.0001773263328 -6.9740176177e-06
BPM.18R6.B1 17469.74286 0.00642749801044 -0.0069256088847 -1.64146437578e-06 0.000177455830345
BPM.19R6.B1 17523.19435 0.00696555183941 -0.00638418958274 0.000177463085605 -3.45375270226e-07
BPM.20R6.B1 17576.64583 0.0054886842868 -0.00769097743354 -5.67515040202e-06 -0.000177372654184
BPM.21R6.B1 17630.09731 0.00609146998794 -0.00722293447376 -0.000177297880711 7.66334951172e-06
BPM.22R6.B1 17683.5488 0.0044597443395 -0.00832991413501 1.29878917176e-05 0.000176987515864
BPM.23R6.B1 17737.00028 0.00511758542264 -0.00794273936302 0.000176830977729 -1.49690375782e-05
BPM.24R6.B1 17790.45177 0.00332587173315 -0.00882596808712 -2.02387429232e-05 -0.000144151545804
BPM.25R6.B1 17843.90325 0.00402731910803 -0.00852876522881 -0.000143915671558 2.18530156913e-05
BPM.26R6.B1 17897.35474 0.00216952159998 -0.00917890578958 2.61674815984e-05 0.000143194058212
BPM.27R6.B1 17950.80622 0.00290335353346 -0.00897383272203 0.000142891936834 -2.77699299503e-05
BPM.28R6.B1 18004.2577 0.000945850460364 -0.00937499854547 -3.2014687484e-05 -0.000109843443232
BPM.29R6.B1 18057.70919 0.00169938986433 -0.00926807989464 -0.000109477863202 3.32433507447e-05
BPM.30R6.B1 18111.16067 -0.00026117179216 -0.00941897128676 3.65176789277e-05 0.00010842961635
BPM.31R6.B1 18164.61216 0.000499947945017 -0.0094093189379 0.000108013613609 -3.77303841598e-05
BPM.32R6.B1 18218.06364 -0.00146402762283 -0.00930816061224 -4.09582694792e-05 -0.000106831369436
BPM.33R6.B1 18271.51512 -0.000708020636586 -0.00939595325666 -0.000106365887932 4.21523351692e-05
BPM.34R6.B1 18324.96661 -0.00264270084424 -0.00904441059588 4.53290180783e-05 0.000105051422863
BPM.33L7.B1 18378.41809 -0.00190404547118 -0.00922820901726 0.000104536768665 -4.65036172746e-05
BPM.32L7.B1 18431.86958 -0.00377806659591 -0.00863200113676 -4.96231827388e-05 -0.000103092493173
BPM.31L7.B1 18485.32106 -0.00306907893384 -0.00890875890965 -0.000102530326916 5.0774534949e-05
BPM.30L7.B1 18538.77254 -0.00485123825018 -0.00807779166745 5.38320251459e-05 0.000100958584934
BPM.29L7.B1 18592.22403 -0.0041834017516 -0.00844300779241 0.00010034872972 -5.49604826796e-05
BPM.28L7.B1 18645.67551 -0.0058447872411 -0.00739078432809 -5.7950459744e-05 -9.86522464676e-05
BPM.27L7.B1 18699.127 -0.00522922949125 -0.00783839203839 -9.79972718254e-05 5.90513145831e-05
BPM.26L7.B1 18752.57848 -0.00677378078556 -0.00657637631828 6.20040110652e-05 0.00012832886432
BPM.25L7.B1 18806.02997 -0.00622084945144 -0.00710168034759 0.00012762541772 -6.34393316178e-05
BPM.24L7.B1 18859.48145 -0.00755944408232 -0.00565576138525 -6.72452051705e-05 -0.000125661764532
BPM.23L7.B1 18912.93293 -0.00707832947949 -0.00624740613498 -0.000124901315362 6.86473489359e-05
BPM.22L7.B1 18966.38442 -0.00825241998452 -0.00463625141419 7.24036351171e-05 0.000154932881766
BPM.21L7.B1 19019.8359 -0.00785126324774 -0.00528724201675 0.000154110787873 -7.41373670314e-05
BPM.20L7.B1 19073.28739 -0.00877772405319 -0.00354243180375 -7.87344730773e-05 -0.000151813594249
BPM.19L7.B1 19126.73887 -0.00846319539091 -0.00423929079872 -0.000150923270783 8.04279216826e-05
BPM.18L7.B1 19180.19035 -0.00915877220719 -0.00239042974356 8.49253414216e-05 0.0001484391145
BPM.17L7.B1 19233.64184 -0.00893594017596 -0.00312189619933 0.000147476756866 -8.65857281328e-05
BPM.16L7.B1 19287.09332 -0.00938931972567 -0.00119914046946 -9.0977804269e-05 -0.00014480856942
BPM.15L7.B1 19340.54481 -0.00926191143306 -0.00195301288398 -0.000143781871454 9.25918845468e-05
BPM.14L7.B1 19393.99629 -0.00946557561178 1.18777494899e-05 9.68694064715e-05 0.000140935452904
BPM.13L7.B1 19447.44777 -0.00943564960009 -0.000752183063167 0.000139839441287 -9.84449917238e-05
BPM.12L7.B1 19500.89926 -0.00938749890616 0.00121331241269 -0.000102684076563 -0.000136756957866
BPM.11L7.B1 19554.35074 -0.00945855407845 0.000364715628249 -0.00013601757583 0.000103661486654
BPM.10L7.B1 19607.13343 -0.00877702747634 0.00354415736491 9.19707361355e-05 0.00014417998465
BPM.9L7.B1 19646.20042 -0.00840523678899 0.00435307446312 0.000170751001695 -9.51733737892e-06
BPM.8L7.B1 19686.66541 -0.00285270918734 0.00902548131839 -2.44349340591e-06 -0.000170998577479
BPM.7L7.B1 19725.7314 -0.00225102861085 0.0091940270243 -0.000143872539394 -9.2450936893e-05
BPM.6L7.B1 19760.5494 -0.00334236222807 0.0088558386093 -0.000169458871125 2.30255535986e-05
BPMWC.6L7.B1 19772.6519 -0.00514677141702 0.00794405480078 -0.000154432086232 7.3465733769e-05
BPMWE.5L7.B1 19849.7059 -0.000483743370949 0.00945321400828 0.000113555368443 0.000127873618674
BPMW.5L7.B1 19872.9109 0.00443047995646 0.008364694269 0.000168754873102 2.77178650971e-05
BPMWE.4L7.B1 19907.9959 0.00480920049474 0.00815284327208 0.000162522721241 -5.32245436687e-05
BPMW.4L7.B1 19936.1009 0.00161341013302 0.00932706655305 0.000113513384897 -0.000127910889892
BPMW.4R7.B1 20052.1479 0.00373925865848 0.00869570051313 -0.000168597184516 -2.86613474615e-05
BPMWE.4R7.B1 20080.2529 0.00685130252349 0.00653122623545 -0.000158456619784 6.43272093707e-05
BPMW.5R7.B1 20115.3379 0.00686208919224 0.00651989221002 -0.00011936379581 0.000122469475053
BPMWE.5R7.B1 20138.5429 0.00446806794068 0.00834467684284 -5.41689767785e-05 0.000162210376247
BPMR.6R7.B1 20217.7584 -8.95814157249e-05 0.0094651591595 0.000166611814607 3.85614756981e-05
BPM_A.7R7.B1 20255.7944 0.00180450823709 0.00929198648182 0.000139420751976 -9.90370595045e-05
BPM.8R7.B1 20294.86039 0.00522494152682 0.00789286062136 -3.71422202185e-05 -0.000166933937593
BPM.9R7.B1 20333.92738 0.00899565558175 0.00294541055288 -0.000170718625431 1.0081512919e-05
BPM.10R7.B1 20374.39237 0.00941720513775 0.000955777242635 -6.53494192852e-05 0.000158037768352
BPM.11R7.B1 20427.17506 0.00945748775451 -0.000391392563466 0.000151548752789 7.92430484967e-05
BPM.12R7.B1 20481.90154 0.00946528476856 7.5146260764e-05 7.53661687785e-05 -0.000153513604162
BPM.13R7.B1 20535.35303 0.00923782322696 -0.00206394883135 -0.00015670542967 -6.84827816906e-05
BPM.14R7.B1 20588.80451 0.00937427170164 -0.00131159933574 -6.67203330005e-05 0.00015746391036
BPM.15R7.B1 20642.25599 0.00889790159562 -0.00322871645048 0.000159396866758 6.19606614784e-05
BPM.16R7.B1 20695.70748 0.00912945288504 -0.00250007054626 6.0173592364e-05 -0.000160080049893
BPM.17R7.B1 20749.15896 0.00841170871354 -0.00434055517845 -0.000161816038712 -5.53358321333e-05
BPM.18R7.B1 20802.61045 0.00873462346213 -0.003647412192 -5.35167572172e-05 0.000162426718455
BPM.19R7.B1 20856.06193 0.00778739252165 -0.00538087171643 0.000163960851899 4.8614028988e-05
BPM.20R7.B1 20909.51341 0.0081962477852 -0.0047348479395 4.67764506626e-05 -0.000164494524574
BPM.21R7.B1 20962.9649 0.00703495006411 -0.00633298826778 -0.000165825910322 -4.18120965554e-05
BPM.22R7.B1 21016.41638 0.00752319611097 -0.00574445671808 -3.99492436029e-05 0.00016628452389
BPM.23R7.B1 21069.86787 0.00616712111101 -0.00718079939309 0.0001674094134 3.49366730013e-05
BPM.24R7.B1 21123.31935 0.00670820558411 -0.00666082779582 3.27810128307e-05 -0.000149449863338
BPM.25R7.B1 21176.77083 0.00517953825099 -0.0079081624014 -0.000150367416509 -2.82753839124e-05
BPM.26R7.B1 21230.22232 0.00580099538492 -0.00746425492644 -2.65873295658e-05 0.00015067504998
BPM.27R7.B1 21283.6738 0.00412548613898 -0.00850570474256 0.000151405696434 2.20492885507e-05
BPM.28R7.B1 21337.12529 0.00478015058278 -0.00814617983492 2.00731177759e-05 -0.00013330307581
BPM.29R7.B1 21390.57677 0.00298516426794 -0.00896096422116 -0.000133846020641 -1.6058738634e-05
BPM.30R7.B1 21444.02826 0.00369876828704 -0.00869075362879 -1.45571697661e-05 0.000134017644075
BPM.31R7.B1 21497.47974 0.00181447416505 -0.00926918383663 0.000134394470245 1.05245724114e-05
BPM.32R7.B1 21550.93122 0.00255658765294 -0.00909252138306 9.01894042366e-06 -0.000134503900275
BPM.33R7.B1 21604.38271 0.00061359482408 -0.00942515712781 -0.000134714150726 -4.97375301549e-06
BPM.34R7.B1 21657.83419 0.00137241695674 -0.00934486795865 -3.46348507517e-06 0.00013476143547
BPM.33L8.B1 21711.28568 -0.000596979724273 -0.00942622409398 0.000134804657123 -5.8677014371e-07
BPM.32L8.B1 21764.73716 0.000165666583782 -0.00944365607604 -2.09662542155e-06 -0.000134789628751
BPM.31L8.B1 21818.18864 -0.00179813531534 -0.00927236727481 -0.000134665801264 6.14503755045e-06
BPM.30L8.B1 21871.64013 -0.00104377365747 -0.0093872584947 7.6537446439e-06 0.00013458848447
BPM.29L8.B1 21925.09161 -0.00296936071107 -0.00896621338724 0.000134297749077 -1.16941519355e-05
BPM.28L8.B1 21978.5431 -0.00223609906007 -0.00917659776173 -1.31979341916e-05 -0.000134158319497
BPM.27L8.B1 22031.99458 -0.00409215207379 -0.00851260106185 -0.000133701316526 1.72219813431e-05
BPM.26L8.B1 22085.44606 -0.00340993422255 -0.00881631330047 1.84393085865e-05 0.000151839930214
BPM.25L8.B1 22138.89755 -0.00516549791406 -0.00791660677693 0.000151217269481 -2.29936994456e-05
BPM.24L8.B1 22192.34903 -0.0045097800323 -0.0083076420037 -2.46866926453e-05 -0.000150950122615
BPM.23L8.B1 22245.80052 -0.00613594609974 -0.00719063259055 -0.000150140540703 2.92094231052e-05
BPM.22L8.B1 22299.252 -0.00555377631414 -0.0076636412287 3.06097401907e-05 0.000168143999171
BPM.21L8.B1 22352.70349 -0.00702342672652 -0.0063440763953 0.000167148112887 -3.56492395243e-05
BPM.20L8.B1 22406.15497 -0.00648854677332 -0.00689018062263 -3.75203604601e-05 -0.000166738067443
BPM.19L8.B1 22459.60645 -0.00777739421021 -0.00539332621101 -0.000165536075127 4.25108261513e-05
BPM.18L8.B1 22513.05794 -0.00731665883319 -0.00600352660963 4.43621059976e-05 0.000165049579619
BPM.17L8.B1 22566.50942 -0.00840337524959 -0.0043542063182 0.000163641625377 -4.93029284011e-05
BPM.16L8.B1 22619.96091 -0.0080245643492 -0.00501818644787 -5.11340536838e-05 -0.000163078723596
BPM.15L8.B1 22673.41239 -0.0088913914328 -0.00324329872146 -0.000161469698784 5.60080137809e-05
BPM.14L8.B1 22726.86387 -0.00860058632297 -0.00395041050006 5.78127879728e-05 0.000160832346398
BPM.13L8.B1 22780.31536 -0.00923322004907 -0.00207929693427 0.000159021849689 -6.26211801565e-05
BPM.12L8.B1 22833.76684 -0.00907697190255 -0.00268037484357 -6.59439180378e-05 -0.000157672950136
BPM.11L8.B1 22887.21833 -0.00938350161253 -0.001235202708 -0.000151501848514 7.9098359669e-05
BPM.10L8.B1 22939.05902 -0.00911407084486 -0.0025513801929 8.67058123651e-05 0.000147280215354
BPM.9L8.B1 22978.126 -0.00943100193085 0.000795003675741 0.000165975601293 -4.07610225817e-05
BPM.8L8.B1 23018.59099 -0.00942521879917 0.000860859333749 -4.97266343245e-05 -0.000163513372198
BPM.7L8.B1 23057.65898 -0.00624280758512 0.00711359133351 -0.000163335561097 5.03076144482e-05
BPMR.6L8.B1 23090.12798 -0.0013016317907 0.00937451774321 -4.76265917848e-05 0.00016413734698
BPM.5L8.B1 23150.54698 0.00428664322932 0.00843803994146 0.000170790346659 -6.32611598051e-06
BPMYB.4L8.B1 23171.31398 0.0028048707828 0.00903927697001 0.000136212845452 -0.000103225097816
BPMWB.4L8.B1 23195.70548 0.00446005673175 0.00834767765078 -1.18995406442e-06 -0.000170903320907
BPMSX.4L8.B1 23245.93848 -0.000283480500073 0.00946020438853 -0.000163107807778 5.1041206459e-05
BPMS.2L8.B1 23283.84998 -0.000295239305524 0.00945984471306 -9.209472129e-05 0.000143971960838
BPMSW.1L8.B1 23293.78398 6.0239070701e-05 0.00946425905583 -5.17933633381e-05 0.000162870527332
BPMSW.1R8.B1 23336.97398 6.01570279976e-05 0.00946425957769 -0.000152238379509 -7.76713327461e-05
BPMS.2R8.B1 23346.90798 -0.000295301193822 0.00945984278071 -0.000167132039534 -3.57245006647e-05
BPMSX.4R8.B1 23384.81948 -0.000283474881374 0.0094602045569 -0.000150969077632 8.01105343329e-05
BPMWB.4R8.B1 23434.97648 0.00446094702266 0.00834720192202 0.000120316244895 0.000121381062491
BPMYB.4R8.B1 23459.44398 0.00283107682115 0.00903110360167 0.000169183560923 -2.42132818275e-05
BPMYB.5R8.B1 23480.02098 0.00487777964178 0.00811067777649 0.000119947295585 -0.000121745667311
BPM.6R8.B1 23564.12898 0.00264408644601 0.00908760887719 -0.000169314453895 -2.32803795328e-05
BPM_A.7R8.B1 23586.36898 0.00102069336391 0.00940925147402 -0.00016404917266 4.79294486952e-05
BPM.8R8.B1 23627.80599 -0.00356653053439 0.00876673760199 -2.4902712937e-06 0.000170889318435
BPM.9R8.B1 23666.871 -0.00606319305263 0.00726729098939 0.000148420978309 -8.47382555658e-05
BPM.10R8.B1 23707.33402 -0.000898745874066 0.00942168159443 -0.000132579044326 -0.000107852480868
BPM.11R8.B1 23759.17273 -0.00503185460616 0.00801600071287 -8.79538959805e-05 0.000146538298692
BPM.12R8.B1 23813.89624 -0.00444580934025 0.00835527423557 0.00014830101155 8.4948051716e-05
BPM.13R8.B1 23867.34476 -0.00561905798424 0.00761590543724 7.5818892707e-05 -0.00015316937043
BPM.14R8.B1 23920.79327 -0.00391635494176 0.0086161471783 -0.000155368896553 -7.12029898594e-05
BPM.15R8.B1 23974.24179 -0.00459882069436 0.00827204185259 -6.94772002134e-05 0.000156148257225
BPM.16R8.B1 24027.69031 -0.00278179924353 0.00904640377192 0.000158157646958 6.47728323328e-05
BPM.17R8.B1 24081.13882 -0.00350283165926 0.00879238298428 6.30135833869e-05 -0.000158866768091
BPM.18R8.B1 24134.58734 -0.00160195989988 0.00932789111801 -0.000160681248773 -5.82314036554e-05
BPM.19R8.B1 24188.03585 -0.0023493918775 0.009168216075 -5.64469337556e-05 0.00016131678037
BPM.20R8.B1 24241.48437 -0.000395342699726 0.00945619016196 0.000162933793258 5.15939760263e-05
BPM.21R8.B1 24294.93289 -0.00115724219435 0.00939343487583 4.97831692498e-05 -0.000163496163904
BPM.22R8.B1 24348.3814 0.000817295370853 0.0094290962748 -0.000164912753109 -4.48680624767e-05
BPM.23R8.B1 24401.82992 5.38163859338e-05 0.00946429775691 -4.30368695737e-05 0.000165400086112
BPM.24R8.B1 24455.27843 0.00224566921468 0.0092033753709 0.000166385929066 -0.000194912613703
BPM.25R8.B1 24508.72695 0.00149538996893 0.00935462224325 -0.000196746611791 -0.000164213207873
BPM.26R8.B1 24562.17546 0.00340429284146 0.00884058475313 -0.000158250126068 0.000201574059896
BPM.27R8.B1 24615.62398 0.00268001485594 0.00908640021419 0.000203315785594 0.000156006080175
BPM.28R8.B1 24669.0725 0.00473612051889 0.00828878264094 0.000149631738203 -0.000440875027412
BPM.29R8.B1 24722.52101 0.00405142744623 0.00864411307729 -0.000442509410904 -0.000144726881064
BPM.30R8.B1 24775.96953 0.00575735568921 0.00761495966455 -0.000131408676007 0.000446645505955
BPM.31R8.B1 24829.41804 0.00512437130481 0.00805453747812 0.000448073087989 0.000126455336859
BPM.32R8.B1 24882.86656 0.00668427179006 0.00681580999906 0.000113002579162 -0.000451653481238
BPM.33R8.B1 24936.31508 0.00611220046852 0.00733319580297 -0.000452881156832 -0.00010797735287
BPM.34R8.B1 24989.76359 0.00750115302254 0.00590486736464 -9.43616235853e-05 0.000455912637713
BPM.33L1.B1 25043.21211 0.00700036868943 0.00649073135097 0.000456928884045 8.9310938929e-05
BPM.32L1.B1 25096.66062 0.00819492727748 0.00489672566314 7.56127193996e-05 -0.000459394344905
BPM.31L1.B1 25150.10914 0.00777290651733 0.00554226303108 -0.000460206558531 -7.05008581856e-05
BPM.30L1.B1 25203.55766 0.00875395798592 0.00380827714641 -5.66805215877e-05 0.000462112287567
BPM.29L1.B1 25257.00617 0.00841817702166 0.00450211626963 0.000462710881345 5.15663299451e-05
BPM.28L1.B1 25310.45469 0.00916920974494 0.00265713152675 3.77133559815e-05 -0.000464045421463
BPM.27L1.B1 25363.9032 0.00892482875295 0.00338853758749 -0.000464436187687 -3.2549600908e-05
BPM.26L1.B1 25417.35172 0.0096626940251 0.00141880036426 -1.88610502791e-05 0.000232225935104
BPM.25L1.B1 25470.80023 0.0095166992674 0.00219387450398 0.000232420549285 1.6288359604e-05
BPM.24L1.B1 25524.24875 0.00976480363662 0.000171056142492 9.32984858021e-06 -0.000232803732982
BPM.23L1.B1 25577.69727 0.00971914893151 0.000958537608418 -0.00023289299913 -6.74355962487e-06
BPM.22L1.B1 25631.14578 0.00993541650688 -0.00112311219597 2.96188801083e-11 1.52853762059e-09
BPM.21L1.B1 25684.5943 0.00999364528403 -0.00031770434871 1.52666803253e-09 -4.05746467625e-11
BPM.20L1.B1 25738.04281 0.00971011531699 -0.00238485694876 -8.97764451261e-11 -1.53101519743e-09
BPM.19L1.B1 25791.49133 0.00987090413491 -0.00159346595035 -1.52582978104e-09 1.0125354013e-10
BPM.18L1.B1 25844.93985 0.00932528617493 -0.00360734250202 1.53361667653e-10 1.52303762452e-09
BPM.17L1.B1 25898.38836 0.00958597051471 -0.00284307078865 1.52608508776e-09 -1.73443371301e-10
BPM.16L1.B1 25951.83688 0.00878720874648 -0.00477062308601 -2.23565774601e-10 -1.50909847045e-09
BPM.15L1.B1 26005.28539 0.00914354127281 -0.00404592822385 -1.5122420567e-09 2.31750627654e-10
BPM.14L1.B1 26058.73391 0.00810478045694 -0.00585546034726 2.8110816873e-10 1.50394240885e-09
BPM.13L1.B1 26112.18243 0.0085508576351 -0.00518234655608 1.50094239625e-09 -2.95338831193e-10
BPM.12L1.B1 26165.63094 0.00821615639508 -0.00569812743119 -4.77650839093e-10 -1.45826155501e-09
BPM.11L1.B1 26219.07946 0.00936883006344 -0.00349269314115 -1.38821957288e-09 6.49624561957e-10
BPM.10L1.B1 26271.86017 0.00885623233928 -0.00464123162047 7.22018140726e-10 1.35217355066e-09
BPM.9L1.B1 26310.92518 0.00948129264959 -0.003174739654 1.436016598e-09 -5.31134422372e-10
BPM.8L1.B1 26351.38819 0.00571618075075 -0.00820360651114 -1.15156196715e-09 -1.00764311722e-09
BPMR.7L1.B1 26390.4542 0.0093164645507 -0.00363006479262 -1.10338662765e-09 1.06558420603e-09
BPM.6L1.B1 26433.6382 0.00938922211485 -0.00343749766797 1.24492023424e-10 1.52850409993e-09
BPMR.5L1.B1 26465.5382 0.00933600566877 -0.00357950838489 8.23828056058e-10 1.28471068613e-09
BPMYA.4L1.B1 26486.6562 0.0093602409814 -0.0035156465855 1.18476901912e-09 9.68482958992e-10
BPMWB.4L1.B1 26507.7887 0.00976419474929 -0.00215276172863 1.45901150545e-09 4.74149801649e-10
BPMSY.4L1.B1 26600.5687 0.00990762425794 -0.00134642628604 3.57475941156e-10 -1.49152571261e-09
BPMS.2L1.B1 26627.3542 0.00999212815312 -0.000362293849733 -3.38909496606e-10 -1.49865428303e-09
BPMSW.1L1.B1 26637.4082 0.00999869402237 -1.88707439545e-08 -7.33163186807e-10 -1.35092672072e-09
