*	NAME	s	MX	dMX	MY	dMY
$	%s	%le	%le	%le	%le	%le
BR3.DHZ2L4-BR3.UES1L3	5.467	1.0716356	0.14041325	0.15623519	0.037823282
BR3.DHZ2L4-BR3.UES2L3	15.285	3.5233198	0.15181685	-0.15273484	0.063227656
BR3.DHZ2L4-BR3.UES3L3	25.103	3.4574801	0.11141486	0.04530606	0.040900707
BR3.DHZ2L4-BR3.UES4L3	34.92	-2.587921	0.12068816	-0.030595951	0.05720026
BR3.DHZ2L4-BR3.UES5L3	44.738	-2.9034121	0.16724639	0.012379837	0.031218913
BR3.DHZ2L4-BR3.UES6L3	54.555	3.0739038	0.16428356	0.085762599	0.061691701
BR3.DHZ2L4-BR3.UES7L3	64.373	2.278676	0.11678731	-0.070937584	0.052472204
BR3.DHZ2L4-BR3.UES8L3	74.19	-3.422938	0.094086272	-0.14379046	0.023879281
BR3.DHZ2L4-BR3.UES9L3	84.008	-1.663719	0.13954179	0.11117931	0.024999985
BR3.DHZ2L4-BR3.UES10L3	93.825	2.4967417	0.	0.12415267	0.090242023
BR3.DHZ2L4-BR3.UES11L3	103.643	1.0161212	0.18608704	-0.21366863	0.045753503
BR3.DHZ2L4-BR3.UES12L3	113.46	-3.964824	0.11756803	-0.060651647	0.034534752
BR3.DHZ2L4-BR3.UES13L3	123.278	-0.29197943	0.15601119	0.27742664	0.019466057
BR3.DHZ2L4-BR3.UES14L3	133.095	3.8231965	0.17407994	-0.0069706558	0.058798489
BR3.DHZ2L4-BR3.UES15L3	142.913	-0.40742421	0.1162464	-0.11813435	0.02670863
BR3.DHZ2L4-BR3.UES16L3	152.73	-3.8134613	0.085043763	0.096531986	0.039940032
BR3.DHZ3L4-BR3.UES1L3	5.467	-3.5219875	0.038317058	0.37621207	0.03308146
BR3.DHZ3L4-BR3.UES2L3	15.285	0.9990216	0.046456104	-0.024490228	0.0053876876
BR3.DHZ3L4-BR3.UES3L3	25.103	3.538803	0.058041731	-0.369662	0.013873824
BR3.DHZ3L4-BR3.UES4L3	34.92	3.0823675	0.03730268	-0.097113949	0.019286489
BR3.DHZ3L4-BR3.UES5L3	44.738	-2.302534	0.040296192	0.34118604	0.013719433
BR3.DHZ3L4-BR3.UES6L3	54.555	-2.5776162	0.046087102	0.034910898	0.019552527
BR3.DHZ3L4-BR3.UES7L3	64.373	2.7302847	0.	-0.31819357	0.013234196
BR3.DHZ3L4-BR3.UES8L3	74.19	2.0472662	0.030008894	-0.046181153	0.016792691
BR3.DHZ3L4-BR3.UES9L3	84.008	-3.1717639	0.044559828	0.3431605	0.017792453
BR3.DHZ3L4-BR3.UES10L3	93.825	-1.7648926	0.	-0.012442614	0.
BR3.DHZ3L4-BR3.UES11L3	103.643	3.243406	0.	-0.30812497	0.01361048
BR3.DHZ3L4-BR3.UES12L3	113.46	0.83096404	0.076383084	-0.043829722	0.0069350738
BR3.DHZ3L4-BR3.UES13L3	123.278	-3.5630069	0.039312337	0.3213262	0.010225673
BR3.DHZ3L4-BR3.UES14L3	133.095	-0.22205111	0.069836964	0.017458436	0.0090344132
BR3.DHZ3L4-BR3.UES15L3	142.913	3.6025135	0.06398086	-0.33385522	0.0061263103
BR3.DHZ3L4-BR3.UES16L3	152.73	-0.40609104	0.028337464	-0.022175669	0.011143157
BR3.DHZ4L4-BR3.UES1L3	5.467	-0.37855222	0.039944981	-0.11246693	0.0075475683
BR3.DHZ4L4-BR3.UES2L3	15.285	-3.4394451	0.058064978	0.054254565	0.0097141681
BR3.DHZ4L4-BR3.UES3L3	25.103	1.0985262	0.031801161	-0.041609469	0.0066438011
BR3.DHZ4L4-BR3.UES4L3	34.92	3.5842947	0.029617156	-0.097533388	0.012556281
BR3.DHZ4L4-BR3.UES5L3	44.738	3.1442246	0.052902652	-0.013849297	0.017504686
BR3.DHZ4L4-BR3.UES6L3	54.555	-2.3829942	0.05758707	0.00053524468	0.0045774906
BR3.DHZ4L4-BR3.UES7L3	64.373	-2.5860225	0.041315268	0.043284376	0.01098986
BR3.DHZ4L4-BR3.UES8L3	74.19	2.8611509	0.027689435	0.07152243	0.021753258
BR3.DHZ4L4-BR3.UES9L3	84.008	2.1432643	0.044430447	-0.072908125	0.012401415
BR3.DHZ4L4-BR3.UES10L3	93.825	-2.7792989	0.	-0.070066845	0.02393023
BR3.DHZ4L4-BR3.UES11L3	103.643	-1.4983175	0.	0.13361113	0.013663638
BR3.DHZ4L4-BR3.UES12L3	113.46	3.5736119	0.038544564	0.066845396	0.016000648
BR3.DHZ4L4-BR3.UES13L3	123.278	0.91506859	0.050094258	-0.19718961	0.01074262
BR3.DHZ4L4-BR3.UES14L3	133.095	-3.486213	0.	-0.025886824	0.011212007
BR3.DHZ4L4-BR3.UES15L3	142.913	-0.22848277	0.039665462	0.062562167	0.010678133
BR3.DHZ4L4-BR3.UES16L3	152.73	3.6506355	0.032193643	-0.0077448326	0.018616326
BR3.DHZ5L4-BR3.UES1L3	5.467	3.6208185	0.030349747	-0.37608134	0.012601831
BR3.DHZ5L4-BR3.UES2L3	15.285	-0.39618409	0.036780281	0.031555828	0.0095643658
BR3.DHZ5L4-BR3.UES3L3	25.103	-3.6824826	0.055880267	0.38568973	0.0073226259
BR3.DHZ5L4-BR3.UES4L3	34.92	1.1409335	0.041072761	-0.000059918157	0.011957803
BR3.DHZ5L4-BR3.UES5L3	44.738	3.4140845	0.030851185	-0.39072288	0.011178546
BR3.DHZ5L4-BR3.UES6L3	54.555	2.9966778	0.047038625	-0.047139675	0.016126251
BR3.DHZ5L4-BR3.UES7L3	64.373	-2.2655183	0.044887351	0.31918651	0.016714525
BR3.DHZ5L4-BR3.UES8L3	74.19	-2.4853928	0.02917115	0.044964397	0.0067085481
BR3.DHZ5L4-BR3.UES9L3	84.008	2.8507607	0.042621896	-0.34507396	0.018577425
BR3.DHZ5L4-BR3.UES10L3	93.825	2.1296135	0.16333989	0.0049200141	0.023997099
BR3.DHZ5L4-BR3.UES11L3	103.643	-2.9958617	0.	0.30679351	0.014829164
BR3.DHZ5L4-BR3.UES12L3	113.46	-1.3799406	0.08971759	0.032377847	0.0095397414
BR3.DHZ5L4-BR3.UES13L3	123.278	3.4431607	0.035094851	-0.30073839	0.0075195361
BR3.DHZ5L4-BR3.UES14L3	133.095	0.82671893	0.055408407	-0.010295675	0.0088669065
BR3.DHZ5L4-BR3.UES15L3	142.913	-3.5228569	0.06794465	0.32895851	0.010078751
BR3.DHZ5L4-BR3.UES16L3	152.73	-0.1658771	0.029111968	0.012325039	0.0091333663
BR3.DHZ6L4-BR3.UES1L3	5.467	-0.30266258	0.14006905	0.16249538	0.02501309
BR3.DHZ6L4-BR3.UES2L3	15.285	3.7688311	0.14216167	-0.052409501	0.052290256
BR3.DHZ6L4-BR3.UES3L3	25.103	-0.4110896	0.11734174	-0.007285255	0.021102954
BR3.DHZ6L4-BR3.UES4L3	34.92	-4.0428238	0.12297651	0.068022233	0.058914465
BR3.DHZ6L4-BR3.UES5L3	44.738	1.0276767	0.18001897	0.0070926827	0.025274287
BR3.DHZ6L4-BR3.UES6L3	54.555	3.7305103	0.17083349	-0.068898465	0.048508864
BR3.DHZ6L4-BR3.UES7L3	64.373	3.2677761	0.16278567	-0.12641026	0.050534688
BR3.DHZ6L4-BR3.UES8L3	74.19	-2.5376864	0.11750627	-0.059060454	0.033557171
BR3.DHZ6L4-BR3.UES9L3	84.008	-2.8379293	0.13977332	0.10348497	0.0300431
BR3.DHZ6L4-BR3.UES10L3	93.825	1.6327816	0.	0.030963018	0.0394557
BR3.DHZ6L4-BR3.UES11L3	103.643	2.3141189	0.18926429	-0.20090913	0.048674199
BR3.DHZ6L4-BR3.UES12L3	113.46	-3.5085635	0.13644686	-0.072015382	0.04063276
BR3.DHZ6L4-BR3.UES13L3	123.278	-1.6567807	0.14785802	0.23095316	0.037679334
BR3.DHZ6L4-BR3.UES14L3	133.095	3.5751983	0.21161986	0.035211614	0.038835955
BR3.DHZ6L4-BR3.UES15L3	142.913	0.97772307	0.13911072	-0.092367591	0.035673533
BR3.DHZ6L4-BR3.UES16L3	152.73	-3.8456661	0.10100816	-0.0028530282	0.046123164
BR3.DHZ8L1-BR3.UES1L3	5.467	-2.720433	0.040177662	0.24555256	0.014156394
BR3.DHZ8L1-BR3.UES2L3	15.285	-2.1548052	0.038756741	-0.035937215	0.0079657156
BR3.DHZ8L1-BR3.UES3L3	25.103	3.3318881	0.038585376	-0.35300989	0.0099033831
BR3.DHZ8L1-BR3.UES4L3	34.92	1.7933736	0.041600178	-0.00060805038	0.01158859
BR3.DHZ8L1-BR3.UES5L3	44.738	-3.4589166	0.05012957	0.34207516	0.0060593744
BR3.DHZ8L1-BR3.UES6L3	54.555	-1.0781716	0.046877615	-0.03656986	0.011030586
BR3.DHZ8L1-BR3.UES7L3	64.373	3.5942657	0.039686376	-0.31121615	0.027054734
BR3.DHZ8L1-BR3.UES8L3	74.19	3.7532986	0.03164793	-0.038444063	0.0077581845
BR3.DHZ8L1-BR3.UES9L3	84.008	-0.40752532	0.042440455	0.25058289	0.0065384571
BR3.DHZ8L1-BR3.UES10L3	93.825	-3.1022444	0.	-0.013012686	0.013690315
BR3.DHZ8L1-BR3.UES11L3	103.643	1.1170098	0.075301933	-0.18746271	0.021746655
BR3.DHZ8L1-BR3.UES12L3	113.46	3.4814686	0.09559973	0.0089188631	0.011239094
BR3.DHZ8L1-BR3.UES13L3	123.278	-1.6792509	0.04720444	0.15207078	0.013809818
BR3.DHZ8L1-BR3.UES14L3	133.095	-3.0377906	0.051849501	-0.015668762	0.0088001944
BR3.DHZ8L1-BR3.UES15L3	142.913	2.2963409	0.040967379	-0.26571859	0.01553467
BR3.DHZ8L1-BR3.UES16L3	152.73	2.7264311	0.035475181	0.015480823	0.011724079
BR3.DHZ9L1-BR3.UES1L3	5.467	2.5611934	0.04044522	-0.27097746	0.007973784
BR3.DHZ9L1-BR3.UES2L3	15.285	-2.838751	0.056189217	0.0084157852	0.0043782512
BR3.DHZ9L1-BR3.UES3L3	25.103	-2.1204008	0.040283216	0.17011019	0.009257848
BR3.DHZ9L1-BR3.UES4L3	34.92	3.5036904	0.	0.027354018	0.013312906
BR3.DHZ9L1-BR3.UES5L3	44.738	1.4998917	0.041828007	-0.19956549	0.0081446714
BR3.DHZ9L1-BR3.UES6L3	54.555	-3.6356596	0.075334719	0.0041140826	0.0073811441
BR3.DHZ9L1-BR3.UES7L3	64.373	-0.76590412	0.043952515	0.23919144	0.010245617
BR3.DHZ9L1-BR3.UES8L3	74.19	3.7710236	0.027774498	-0.068396536	0.021214342
BR3.DHZ9L1-BR3.UES9L3	84.008	3.7938643	0.033547234	-0.24302853	0.0068079728
BR3.DHZ9L1-BR3.UES10L3	93.825	-0.43121355	0.	0.02773123	0.016911063
BR3.DHZ9L1-BR3.UES11L3	103.643	-3.4651751	0.	0.23367082	0.0065482988
BR3.DHZ9L1-BR3.UES12L3	113.46	1.4861277	0.045277591	0.024973605	0.011835529
BR3.DHZ9L1-BR3.UES13L3	123.278	3.3602177	0.04212376	-0.2702754	0.0042227832
BR3.DHZ9L1-BR3.UES14L3	133.095	-1.901022	0.	-0.013581643	0.013132834
BR3.DHZ9L1-BR3.UES15L3	142.913	-2.9710181	0.044926434	0.18688036	0.0083337878
BR3.DHZ9L1-BR3.UES16L3	152.73	2.532008	0.026747273	0.019633008	0.015923728
BR3.DHZ11L4-BR3.UES1L3	5.467	-3.4169409	0.14446313	0.33680433	0.033880223
BR3.DHZ11L4-BR3.UES2L3	15.285	-1.600787	0.16207704	-0.073968468	0.046978989
BR3.DHZ11L4-BR3.UES3L3	25.103	3.9219054	0.11607986	-0.39916529	0.040751778
BR3.DHZ11L4-BR3.UES4L3	34.92	1.0569147	0.12766521	0.039635654	0.062973363
BR3.DHZ11L4-BR3.UES5L3	44.738	-3.9280312	0.16452035	0.3848933	0.038437303
BR3.DHZ11L4-BR3.UES6L3	54.555	-0.30693741	0.16801737	-0.080128592	0.057824142
BR3.DHZ11L4-BR3.UES7L3	64.373	3.919186	0.12743871	-0.36954051	0.043154985
BR3.DHZ11L4-BR3.UES8L3	74.19	-0.38916307	0.10926352	0.03967924	0.030076243
BR3.DHZ11L4-BR3.UES9L3	84.008	-3.9076748	0.13513316	0.35792668	0.023433261
BR3.DHZ11L4-BR3.UES10L3	93.825	0.011444441	0.	-0.099062452	0.047046914
BR3.DHZ11L4-BR3.UES11L3	103.643	3.7651835	0.13636759	-0.35473904	0.04680224
BR3.DHZ11L4-BR3.UES12L3	113.46	3.3314315	0.13393193	0.0010438744	0.046625333
BR3.DHZ11L4-BR3.UES13L3	123.278	-2.5627299	0.18694694	0.25914208	0.040647128
BR3.DHZ11L4-BR3.UES14L3	133.095	-2.7419717	0.15014892	-0.032539081	0.041791905
BR3.DHZ11L4-BR3.UES15L3	142.913	3.0620446	0.12136698	-0.35814753	0.029392241
BR3.DHZ11L4-BR3.UES16L3	152.73	2.2663131	0.10292881	0.034520058	0.039910846
BR3.DHZ12L4-BR3.UES1L3	5.467	2.300186	0.14495797	-0.12709868	0.021923243
BR3.DHZ12L4-BR3.UES2L3	15.285	-3.210346	0.16691595	0.042603622	0.043090788
BR3.DHZ12L4-BR3.UES3L3	25.103	-1.7562263	0.14154337	-0.0078819794	0.029516188
BR3.DHZ12L4-BR3.UES4L3	34.92	3.8764456	0.11885949	0.033909877	0.053646077
BR3.DHZ12L4-BR3.UES5L3	44.738	1.1414092	0.14406351	-0.041879064	0.046536782
BR3.DHZ12L4-BR3.UES6L3	54.555	-3.9054584	0.18905962	-0.050229493	0.030960338
BR3.DHZ12L4-BR3.UES7L3	64.373	-0.30570467	0.14036601	0.092382042	0.058477298
BR3.DHZ12L4-BR3.UES8L3	74.19	3.9836021	0.11756752	0.015575455	0.018069902
BR3.DHZ12L4-BR3.UES9L3	84.008	-0.39240008	0.13392731	-0.081600805	0.047657726
BR3.DHZ12L4-BR3.UES10L3	93.825	-2.9429624	0.	0.033368298	0.048902372
BR3.DHZ12L4-BR3.UES11L3	103.643	1.1743085	0.12240461	0.11545247	0.071143002
BR3.DHZ12L4-BR3.UES12L3	113.46	3.7602651	0.1344445	-0.15234948	0.051617334
BR3.DHZ12L4-BR3.UES13L3	123.278	3.1790145	0.20333087	-0.18289365	0.021243487
BR3.DHZ12L4-BR3.UES14L3	133.095	-2.4215021	0.1507167	0.096101255	0.053662581
BR3.DHZ12L4-BR3.UES15L3	142.913	-2.7824337	0.11858489	0.065586737	0.035698174
BR3.DHZ12L4-BR3.UES16L3	152.73	2.9895778	0.085713774	-0.061110636	0.031579078
BR3.DHZ13L4-BR3.UES1L3	5.467	2.7767331	0.037746179	-0.32626093	0.0070854494
BR3.DHZ13L4-BR3.UES2L3	15.285	2.0362043	0.037433637	0.072946345	0.0070209527
BR3.DHZ13L4-BR3.UES3L3	25.103	-3.2381117	0.060870716	0.41266375	0.0096586795
BR3.DHZ13L4-BR3.UES4L3	34.92	-1.5799131	0.	-0.058327429	0.0108911
BR3.DHZ13L4-BR3.UES5L3	44.738	3.471522	0.036133042	-0.38973408	0.015504669
BR3.DHZ13L4-BR3.UES6L3	54.555	0.96178575	0.046154703	0.11194861	0.01690195
BR3.DHZ13L4-BR3.UES7L3	64.373	-3.4767361	0.	0.33376723	0.
BR3.DHZ13L4-BR3.UES8L3	74.19	-0.25913145	0.037981874	-0.081799838	0.015303689
BR3.DHZ13L4-BR3.UES9L3	84.008	3.6693064	0.029977832	-0.31331085	0.0091244273
BR3.DHZ13L4-BR3.UES10L3	93.825	0.012905513	0.	0.12153486	0.016727656
BR3.DHZ13L4-BR3.UES11L3	103.643	-3.389121	0.	0.27034775	0.015409221
BR3.DHZ13L4-BR3.UES12L3	113.46	1.0650221	0.050858236	-0.076417111	0.018821791
BR3.DHZ13L4-BR3.UES13L3	123.278	3.3942052	0.03871929	-0.27155853	0.011324916
BR3.DHZ13L4-BR3.UES14L3	133.095	2.9393774	0.043508264	0.0078797345	0.012971852
BR3.DHZ13L4-BR3.UES15L3	142.913	-2.2567902	0.069224892	0.34372826	0.0081738066
BR3.DHZ13L4-BR3.UES16L3	152.73	-2.5168869	0.045396312	-0.024779096	0.0091467223
BR3.DHZ14L1-BR3.UES1L3	5.467	1.2593359	0.042823956	-0.21259602	0.0058036711
BR3.DHZ14L1-BR3.UES2L3	15.285	2.736683	0.046594427	0.032630635	0.009135015
BR3.DHZ14L1-BR3.UES3L3	25.103	-1.8053583	0.039746566	0.33253216	0.012516967
BR3.DHZ14L1-BR3.UES4L3	34.92	-2.6051665	0.03600015	-0.053806305	0.010283695
BR3.DHZ14L1-BR3.UES5L3	44.738	2.2012271	0.046683505	-0.28945569	0.015525418
BR3.DHZ14L1-BR3.UES6L3	54.555	2.1894937	0.050539556	0.10151508	0.013828633
BR3.DHZ14L1-BR3.UES7L3	64.373	-2.4937807	0.04706731	0.2282057	0.00697462
BR3.DHZ14L1-BR3.UES8L3	74.19	-1.6522333	0.034074105	-0.071127071	0.0082015269
BR3.DHZ14L1-BR3.UES9L3	84.008	2.9161377	0.04319947	-0.20883365	0.010192691
BR3.DHZ14L1-BR3.UES10L3	93.825	1.4816768	0.	0.088011081	0.016135598
BR3.DHZ14L1-BR3.UES11L3	103.643	-2.8958189	0.	0.15613102	0.022142881
BR3.DHZ14L1-BR3.UES12L3	113.46	-0.55069191	0.074714682	-0.010432904	0.0090538762
BR3.DHZ14L1-BR3.UES13L3	123.278	3.2061696	0.036303175	-0.15657208	0.011963689
BR3.DHZ14L1-BR3.UES14L3	133.095	3.1137139	0.04450279	-0.033522265	0.0059330298
BR3.DHZ14L1-BR3.UES15L3	142.913	-0.68522721	0.041757813	0.24349387	0.0055470665
BR3.DHZ14L1-BR3.UES16L3	152.73	-2.9540879	0.052297029	0.0018919097	0.0068668723
BR3.DHZ15L1-BR3.UES1L3	5.467	-3.7740374	0.050860197	0.20296624	0.013629961
BR3.DHZ15L1-BR3.UES2L3	15.285	0.43860319	0.065497471	-0.033463316	0.0113139
BR3.DHZ15L1-BR3.UES3L3	25.103	3.9325095	0.066712813	-0.193948	0.014012985
BR3.DHZ15L1-BR3.UES4L3	34.92	-1.1428683	0.045634443	-0.068919279	0.013170672
BR3.DHZ15L1-BR3.UES5L3	44.738	-3.5653836	0.050675258	0.24365343	0.014021998
BR3.DHZ15L1-BR3.UES6L3	54.555	1.803097	0.084712174	0.059478071	0.017864394
BR3.DHZ15L1-BR3.UES7L3	64.373	3.2074182	0.059214934	-0.30832885	0.025384865
BR3.DHZ15L1-BR3.UES8L3	74.19	-2.3291451	0.040720571	-0.075027592	0.01118332
BR3.DHZ15L1-BR3.UES9L3	84.008	-2.7818252	0.046387063	0.31901889	0.0064395007
BR3.DHZ15L1-BR3.UES10L3	93.825	2.2608823	0.	0.0080131704	0.
BR3.DHZ15L1-BR3.UES11L3	103.643	2.2615579	0.	-0.34949533	0.
BR3.DHZ15L1-BR3.UES12L3	113.46	-3.2871063	0.056221774	0.029051703	0.022498804
BR3.DHZ15L1-BR3.UES13L3	123.278	-1.6717732	0.067536477	0.39108361	0.0065352182
BR3.DHZ15L1-BR3.UES14L3	133.095	3.4001456	0.	-0.10258368	0.025103787
BR3.DHZ15L1-BR3.UES15L3	142.913	3.7928591	0.063325048	-0.18849794	0.01935758
BR3.DHZ15L1-BR3.UES16L3	152.73	0.2359147	0.041156471	0.041452699	0.0081895585
BR3.DHZ16L1-BR3.UES1L3	5.467	0.37844375	0.045581358	0.1124578	0.012000655
BR3.DHZ16L1-BR3.UES2L3	15.285	-3.5374229	0.026515888	0.062920893	0.0055961706
BR3.DHZ16L1-BR3.UES3L3	25.103	0.31250579	0.040483178	-0.28600632	0.0086634084
BR3.DHZ16L1-BR3.UES4L3	34.92	3.827286	0.04497079	-0.0025220486	0.0066102354
BR3.DHZ16L1-BR3.UES5L3	44.738	-0.87978561	0.042340489	0.25135199	0.012402228
BR3.DHZ16L1-BR3.UES6L3	54.555	-3.549447	0.037110423	-0.060632141	0.010114371
BR3.DHZ16L1-BR3.UES7L3	64.373	1.5356523	0.042209794	-0.17538558	0.018847076
BR3.DHZ16L1-BR3.UES8L3	74.19	3.2401772	0.043400238	0.043249081	0.014876786
BR3.DHZ16L1-BR3.UES9L3	84.008	-2.1661612	0.029237204	0.17680519	0.0072218874
BR3.DHZ16L1-BR3.UES10L3	93.825	-2.5904708	0.11174619	-0.05331443	0.013155057
BR3.DHZ16L1-BR3.UES11L3	103.643	2.5778959	0.	-0.11640122	0.015747102
BR3.DHZ16L1-BR3.UES12L3	113.46	2.3285225	0.	-0.027831755	0.0085079789
BR3.DHZ16L1-BR3.UES13L3	123.278	-3.0805361	0.040570877	0.10640728	0.013125549
BR3.DHZ16L1-BR3.UES14L3	133.095	-1.7311522	0.03964083	0.059506253	0.012679299
BR3.DHZ16L1-BR3.UES15L3	142.913	3.4206833	0.068241569	-0.18997949	0.013847335
BR3.DHZ16L1-BR3.UES16L3	152.73	3.603878	0.049162778	-0.10857879	0.01407286
BR3.DVT2L4-BR3.UES1L3	5.467	0.054283779	0.1530078	4.7828848	0.016138114
BR3.DVT2L4-BR3.UES2L3	15.285	-0.050341603	0.16816835	2.3331428	0.06064404
BR3.DVT2L4-BR3.UES3L3	25.103	-0.076201908	0.13612408	5.6228394	0.029445973
BR3.DVT2L4-BR3.UES4L3	34.92	0.053942854	0.13007151	-3.0266072	0.060335009
BR3.DVT2L4-BR3.UES5L3	44.738	0.096952193	0.18476894	-4.3228358	0.02673874
BR3.DVT2L4-BR3.UES6L3	54.555	0.029632766	0.19511862	4.1292424	0.060132598
BR3.DVT2L4-BR3.UES7L3	64.373	-0.10552795	0.11105586	2.9721162	0.084856019
BR3.DVT2L4-BR3.UES8L3	74.19	-0.029129795	0.10578435	-5.1922989	0.030158562
BR3.DVT2L4-BR3.UES9L3	84.008	0.10764828	0.14858983	-1.4877595	0.02922091
BR3.DVT2L4-BR3.UES10L3	93.825	0.084426716	0.175939	5.468091	0.044711706
BR3.DVT2L4-BR3.UES11L3	103.643	-0.10737291	0.13065145	-0.25568898	0.058572233
BR3.DVT2L4-BR3.UES12L3	113.46	0.0074451017	0.12371727	-5.6471947	0.032131812
BR3.DVT2L4-BR3.UES13L3	123.278	0.1520596	0.16449877	1.9967	0.017087551
BR3.DVT2L4-BR3.UES14L3	133.095	-0.010851108	0.19152507	4.6369933	0.041250986
BR3.DVT2L4-BR3.UES15L3	142.913	-0.012637317	0.11600524	-3.6043508	0.040863776
BR3.DVT2L4-BR3.UES16L3	152.73	0.084721987	0.10026905	-3.8574841	0.047518179
BR3.DVT3L4-BR3.UES1L3	5.467	0.34350797	0.12269806	-3.5738037	0.02356069
BR3.DVT3L4-BR3.UES2L3	15.285	0.048396128	0.15567056	4.2831307	0.041930176
BR3.DVT3L4-BR3.UES3L3	25.103	-0.3419205	0.089938049	2.3180673	0.032779134
BR3.DVT3L4-BR3.UES4L3	34.92	-0.25132466	0.10155763	5.1086464	0.
BR3.DVT3L4-BR3.UES5L3	44.738	0.28009964	0.17270262	-2.8912848	0.028657857
BR3.DVT3L4-BR3.UES6L3	54.555	0.12214198	0.14887777	-3.9320758	0.041382521
BR3.DVT3L4-BR3.UES7L3	64.373	-0.35402015	0.070568428	4.1411236	0.
BR3.DVT3L4-BR3.UES8L3	74.19	-0.17509407	0.09523336	2.8528089	0.019685324
BR3.DVT3L4-BR3.UES9L3	84.008	0.33597912	0.091232693	-5.0320269	0.031153876
BR3.DVT3L4-BR3.UES10L3	93.825	0.12390142	0.1613868	-1.2534187	0.028465512
BR3.DVT3L4-BR3.UES11L3	103.643	-0.40109681	0.12096606	5.4228172	0.021252492
BR3.DVT3L4-BR3.UES12L3	113.46	-0.16129488	0.097841741	-0.30521249	0.037104141
BR3.DVT3L4-BR3.UES13L3	123.278	0.34856693	0.1209284	-5.2416043	0.012528992
BR3.DVT3L4-BR3.UES14L3	133.095	0.08121737	0.11148586	1.7998361	0.040780687
BR3.DVT3L4-BR3.UES15L3	142.913	-0.35638256	0.031366427	4.6307002	0.071439254
BR3.DVT3L4-BR3.UES16L3	152.73	-0.11264762	0.042261997	-3.293218	0.013681193
BR3.DVT5L4-BR3.UES1L3	5.467	-0.41454615	0.058067667	4.73469	0.0089561026
BR3.DVT5L4-BR3.UES2L3	15.285	-0.087447308	0.046841954	-3.1403763	0.0061974302
BR3.DVT5L4-BR3.UES3L3	25.103	0.33870333	0.016398805	-3.9605935	0.023896416
BR3.DVT5L4-BR3.UES4L3	34.92	0.053283494	0.02018067	4.4927993	0.
BR3.DVT5L4-BR3.UES5L3	44.738	-0.36347521	0.055553464	2.2516859	0.0092507781
BR3.DVT5L4-BR3.UES6L3	54.555	-0.20122537	0.054586819	4.8239223	0.015296222
BR3.DVT5L4-BR3.UES7L3	64.373	0.3347883	0.023977442	-2.8303598	0.031147766
BR3.DVT5L4-BR3.UES8L3	74.19	0.12581512	0.020569371	-4.2091299	0.0090485789
BR3.DVT5L4-BR3.UES9L3	84.008	-0.38863335	0.042380894	4.0512797	0.
BR3.DVT5L4-BR3.UES10L3	93.825	-0.17695291	0.067868804	2.8502966	0.
BR3.DVT5L4-BR3.UES11L3	103.643	0.37105189	0.041645631	-4.9872505	0.030007933
BR3.DVT5L4-BR3.UES12L3	113.46	0.10124204	0.023782525	-1.497995	0.012724283
BR3.DVT5L4-BR3.UES13L3	123.278	-0.39775633	0.057887861	5.3577483	0.0095476547
BR3.DVT5L4-BR3.UES14L3	133.095	-0.11662849	0.	-0.16593845	0.
BR3.DVT5L4-BR3.UES15L3	142.913	0.37009742	0.022561833	-5.3414874	0.026164454
BR3.DVT5L4-BR3.UES16L3	152.73	0.072037265	0.013363233	1.7519409	0.0087076876
BR3.DVT6L4-BR3.UES1L3	5.467	0.0016500338	0.	2.0892929	0.
BR3.DVT6L4-BR3.UES2L3	15.285	0.086100144	0.16895018	4.8803904	0.051345357
BR3.DVT6L4-BR3.UES3L3	25.103	0.0086969603	0.1359422	-3.8291011	0.037659184
BR3.DVT6L4-BR3.UES4L3	34.92	-0.027758457	0.15287184	-3.9577014	0.077487569
BR3.DVT6L4-BR3.UES5L3	44.738	0.018559706	0.18507933	4.9403198	0.057140359
BR3.DVT6L4-BR3.UES6L3	54.555	0.01452891	0.20165347	2.2289328	0.062732323
BR3.DVT6L4-BR3.UES7L3	64.373	-0.065640349	0.14996063	5.2654361	0.
BR3.DVT6L4-BR3.UES8L3	74.19	-0.048098756	0.12303372	-2.8426623	0.019904736
BR3.DVT6L4-BR3.UES9L3	84.008	0.088108069	0.14548901	-4.5895158	0.018563114
BR3.DVT6L4-BR3.UES10L3	93.825	0.069645405	0.15940442	4.1006579	0.068399719
BR3.DVT6L4-BR3.UES11L3	103.643	-0.11264412	0.18536371	3.2422175	0.060439688
BR3.DVT6L4-BR3.UES12L3	113.46	-0.090232494	0.11645205	-5.2908409	0.038851423
BR3.DVT6L4-BR3.UES13L3	123.278	0.11325923	0.18923876	-1.5568177	0.059497312
BR3.DVT6L4-BR3.UES14L3	133.095	0.10278865	0.	5.3223194	0.
BR3.DVT6L4-BR3.UES15L3	142.913	-0.012637641	0.11393674	-0.27771011	0.0445539
BR3.DVT6L4-BR3.UES16L3	152.73	-0.088743108	0.11767938	-5.6079236	0.043453887
BR3.DVT8L1-BR3.UES1L3	5.467	0.19144807	0.051565127	-2.8511923	0.019613927
BR3.DVT8L1-BR3.UES2L3	15.285	0.00028911367	0.04782275	-1.0858683	0.0092277602
BR3.DVT8L1-BR3.UES3L3	25.103	-0.22422018	0.032549789	3.4269399	0.022230526
BR3.DVT8L1-BR3.UES4L3	34.92	-0.011575823	0.036128739	0.10492438	0.017120873
BR3.DVT8L1-BR3.UES5L3	44.738	0.20938823	0.052040924	-3.2817045	0.016088387
BR3.DVT8L1-BR3.UES6L3	54.555	0.0034646881	0.050914178	0.87398715	0.01322784
BR3.DVT8L1-BR3.UES7L3	64.373	-0.21042777	0.031239057	2.9637112	0.024777823
BR3.DVT8L1-BR3.UES8L3	74.19	-0.098075744	0.024499443	3.039492	0.013681961
BR3.DVT8L1-BR3.UES9L3	84.008	0.14850693	0.046721778	0.56898286	0.013932188
BR3.DVT8L1-BR3.UES10L3	93.825	0.081133271	0.056595368	-3.0997983	0.
BR3.DVT8L1-BR3.UES11L3	103.643	-0.14926032	0.042256925	0.43812553	0.01821802
BR3.DVT8L1-BR3.UES12L3	113.46	-0.048541451	0.023010673	3.1321662	0.012188967
BR3.DVT8L1-BR3.UES13L3	123.278	0.15033353	0.046695969	-1.3904756	0.0084677306
BR3.DVT8L1-BR3.UES14L3	133.095	0.035545964	0.050009879	-2.4886751	0.011873749
BR3.DVT8L1-BR3.UES15L3	142.913	-0.2017229	0.031833148	2.2615868	0.009475656
BR3.DVT8L1-BR3.UES16L3	152.73	-0.018375483	0.020294824	1.9885395	0.007988899
BR3.DVT9L1-BR3.UES1L3	5.467	-0.14954383	0.045220617	1.6548254	0.012215254
BR3.DVT9L1-BR3.UES2L3	15.285	-0.025108771	0.048459991	-2.9332778	0.018726984
BR3.DVT9L1-BR3.UES3L3	25.103	0.10131346	0.024372635	-0.7366393	0.017370299
BR3.DVT9L1-BR3.UES4L3	34.92	0.021801968	0.032386926	3.3093896	0.022992591
BR3.DVT9L1-BR3.UES5L3	44.738	-0.096046937	0.057049555	-0.3990301	0.010430492
BR3.DVT9L1-BR3.UES6L3	54.555	-0.0036666109	0.053801716	-2.9777379	0.022237316
BR3.DVT9L1-BR3.UES7L3	64.373	0.11537804	0.031924059	1.389161	0.021127043
BR3.DVT9L1-BR3.UES8L3	74.19	-0.014981863	0.027175946	2.6877207	0.0099760267
BR3.DVT9L1-BR3.UES9L3	84.008	-0.17540272	0.042341589	3.2783642	0.011636494
BR3.DVT9L1-BR3.UES10L3	93.825	-0.035662318	0.054629836	0.13945499	0.012650425
BR3.DVT9L1-BR3.UES11L3	103.643	0.18875182	0.036632324	-3.328369	0.015726517
BR3.DVT9L1-BR3.UES12L3	113.46	0.026955486	0.029920697	0.85648869	0.012758266
BR3.DVT9L1-BR3.UES13L3	123.278	-0.17512799	0.048108623	3.0168996	0.016017657
BR3.DVT9L1-BR3.UES14L3	133.095	-0.013712871	0.039897847	-1.663894	0.021839614
BR3.DVT9L1-BR3.UES15L3	142.913	0.14333903	0.023602831	-2.4513242	0.011802097
BR3.DVT9L1-BR3.UES16L3	152.73	0.024535261	0.019941861	2.494782	0.010068572
BR3.DVT10L4-BR3.UES1L3	5.467	0.11214402	0.05082964	-1.4246136	0.0054527965
BR3.DVT10L4-BR3.UES2L3	15.285	0.055824815	0.048026695	5.1099596	0.027465898
BR3.DVT10L4-BR3.UES3L3	25.103	-0.013051189	0.02082499	-0.25416361	0.021489007
BR3.DVT10L4-BR3.UES4L3	34.92	-0.04457117	0.032027932	-5.2897563	0.
BR3.DVT10L4-BR3.UES5L3	44.738	0.026871609	0.061250384	2.0089568	0.011309522
BR3.DVT10L4-BR3.UES6L3	54.555	0.041744654	0.049869113	4.3609776	0.034707636
BR3.DVT10L4-BR3.UES7L3	64.373	-0.051836559	0.02680184	-3.4368476	0.02754231
BR3.DVT10L4-BR3.UES8L3	74.19	0.010531051	0.031046992	-3.5209465	0.022576151
BR3.DVT10L4-BR3.UES9L3	84.008	0.064781651	0.040695164	4.4754273	0.020210975
BR3.DVT10L4-BR3.UES10L3	93.825	-0.010436462	0.050155358	2.0483842	0.030209684
BR3.DVT10L4-BR3.UES11L3	103.643	-0.18178379	0.023570275	5.0931294	0.
BR3.DVT10L4-BR3.UES12L3	113.46	0.00018642645	0.025604557	-2.659732	0.021464301
BR3.DVT10L4-BR3.UES13L3	123.278	0.17985356	0.0659874	-4.2066681	0.022089469
BR3.DVT10L4-BR3.UES14L3	133.095	0.0044772452	0.047819392	3.6780073	0.025879453
BR3.DVT10L4-BR3.UES15L3	142.913	-0.093425762	0.017048518	2.947762	0.017520804
BR3.DVT10L4-BR3.UES16L3	152.73	-0.034971075	0.024115218	-4.7801487	0.014210152
BR3.DVT11L4-BR3.UES1L3	5.467	0.34798668	0.	-5.3610051	0.
BR3.DVT11L4-BR3.UES2L3	15.285	-0.10075239	0.18245682	-1.4128357	0.06291317
BR3.DVT11L4-BR3.UES3L3	25.103	-0.37529684	0.	6.2258797	0.
BR3.DVT11L4-BR3.UES4L3	34.92	0.089663308	0.	-0.41361654	0.
BR3.DVT11L4-BR3.UES5L3	44.738	0.29228334	0.	-5.7409656	0.
BR3.DVT11L4-BR3.UES6L3	54.555	-0.077290815	0.20662866	2.0776022	0.060730645
BR3.DVT11L4-BR3.UES7L3	64.373	-0.28593669	0.	4.9942103	0.
BR3.DVT11L4-BR3.UES8L3	74.19	0.028040821	0.15776292	-3.6736586	0.064069205
BR3.DVT11L4-BR3.UES9L3	84.008	0.26726547	0.	-4.0239769	0.
BR3.DVT11L4-BR3.UES10L3	93.825	-0.0070985275	0.2042821	4.7854527	0.
BR3.DVT11L4-BR3.UES11L3	103.643	-0.32402175	0.	2.5118242	0.
BR3.DVT11L4-BR3.UES12L3	113.46	0.022976492	0.13386728	5.389152	0.038525029
BR3.DVT11L4-BR3.UES13L3	123.278	0.25693192	0.1596884	-2.9602188	0.049297553
BR3.DVT11L4-BR3.UES14L3	133.095	-0.026919205	0.	-4.137735	0.
BR3.DVT11L4-BR3.UES15L3	142.913	-0.36914822	0.15341787	4.4328201	0.072745306
BR3.DVT11L4-BR3.UES16L3	152.73	0.057585451	0.12328338	3.0862507	0.048501865
BR3.DVT12L4-BR3.UES1L3	5.467	-0.067667919	0.16335825	3.1570991	0.033518289
BR3.DVT12L4-BR3.UES2L3	15.285	-0.006889307	0.18032458	-5.1423664	0.053068138
BR3.DVT12L4-BR3.UES3L3	25.103	-0.041938067	0.13140997	-1.5965743	0.042267587
BR3.DVT12L4-BR3.UES4L3	34.92	0.053956671	0.13634324	5.8771043	0.062813408
BR3.DVT12L4-BR3.UES5L3	44.738	0.015234477	0.17482869	-0.42735045	0.062371366
BR3.DVT12L4-BR3.UES6L3	54.555	-0.050782896	0.2009296	-5.3925409	0.056486394
BR3.DVT12L4-BR3.UES7L3	64.373	0.028729634	0.16789157	2.2218095	0.055974456
BR3.DVT12L4-BR3.UES8L3	74.19	0.051827635	0.12659122	4.9599638	0.034833517
BR3.DVT12L4-BR3.UES9L3	84.008	-0.0073900313	0.15016005	-3.6753068	0.023476334
BR3.DVT12L4-BR3.UES10L3	93.825	-0.011399305	0.176203	-3.6967976	0.058438226
BR3.DVT12L4-BR3.UES11L3	103.643	0.060452975	0.15422613	4.8594268	0.047520499
BR3.DVT12L4-BR3.UES12L3	113.46	-0.043109905	0.14402821	2.3828407	0.05556332
BR3.DVT12L4-BR3.UES13L3	123.278	-0.12456447	0.16953704	5.4686225	0.054948023
BR3.DVT12L4-BR3.UES14L3	133.095	0.082451096	0.16325697	-2.7619425	0.056974749
BR3.DVT12L4-BR3.UES15L3	142.913	0.067452442	0.12045168	-4.5443706	0.029916198
BR3.DVT12L4-BR3.UES16L3	152.73	-0.010547176	0.095568161	4.2754787	0.035343109
BR3.DVT13L4-BR3.UES1L3	5.467	-0.32399651	0.046038932	4.0407142	0.014915239
BR3.DVT13L4-BR3.UES2L3	15.285	0.10878065	0.041310968	2.7735572	0.011976311
BR3.DVT13L4-BR3.UES3L3	25.103	0.42073197	0.029450748	-5.2667084	0.031053664
BR3.DVT13L4-BR3.UES4L3	34.92	-0.055205635	0.021247366	-1.3290377	0.011311391
BR3.DVT13L4-BR3.UES5L3	44.738	-0.33601683	0.049189437	5.4427642	0.017863268
BR3.DVT13L4-BR3.UES6L3	54.555	0.12990079	0.04016499	-0.37656033	0.011647454
BR3.DVT13L4-BR3.UES7L3	64.373	0.34900807	0.034430331	-5.2406162	0.036139621
BR3.DVT13L4-BR3.UES8L3	74.19	-0.070881816	0.024039086	2.0022995	0.011719836
BR3.DVT13L4-BR3.UES9L3	84.008	-0.28374433	0.042121662	4.7612703	0.028375259
BR3.DVT13L4-BR3.UES10L3	93.825	0.05280266	0.077139182	-3.3422989	0.
BR3.DVT13L4-BR3.UES11L3	103.643	0.3223302	0.031173203	-3.6775007	0.031741831
BR3.DVT13L4-BR3.UES12L3	113.46	-0.092116698	0.017841371	4.6238901	0.014420897
BR3.DVT13L4-BR3.UES13L3	123.278	-0.26438596	0.035986731	2.2156112	0.018717826
BR3.DVT13L4-BR3.UES14L3	133.095	0.0088074738	0.	4.6054505	0.
BR3.DVT13L4-BR3.UES15L3	142.913	0.39370693	0.026179565	-2.7952258	0.020797611
BR3.DVT13L4-BR3.UES16L3	152.73	-0.021876764	0.019198224	-4.0780621	0.016624641
BR3.DVT14L1-BR3.UES1L3	5.467	-0.15521652	0.052487102	0.83316773	0.020064078
BR3.DVT14L1-BR3.UES2L3	15.285	0.00079542936	0.040849659	2.4288693	0.01540044
BR3.DVT14L1-BR3.UES3L3	25.103	0.20088815	0.030260809	-1.7291065	0.01521047
BR3.DVT14L1-BR3.UES4L3	34.92	-0.0087380864	0.030853348	-2.0411314	0.015412622
BR3.DVT14L1-BR3.UES5L3	44.738	-0.19263685	0.049906444	2.320146	0.011585737
BR3.DVT14L1-BR3.UES6L3	54.555	0.027075763	0.048279606	1.2250289	0.017244054
BR3.DVT14L1-BR3.UES7L3	64.373	0.17142499	0.046423101	-2.7014922	0.029049573
BR3.DVT14L1-BR3.UES8L3	74.19	-0.028021247	0.027414633	-0.467792	0.009383678
BR3.DVT14L1-BR3.UES9L3	84.008	-0.17165431	0.046785364	2.8759252	0.012444586
BR3.DVT14L1-BR3.UES10L3	93.825	-0.020896148	0.051248972	-0.39788588	0.026614291
BR3.DVT14L1-BR3.UES11L3	103.643	0.15357501	0.029768604	-2.7365406	0.023083796
BR3.DVT14L1-BR3.UES12L3	113.46	-0.02025649	0.034554185	1.2447989	0.013139258
BR3.DVT14L1-BR3.UES13L3	123.278	-0.15247518	0.04654661	2.3155702	0.011398788
BR3.DVT14L1-BR3.UES14L3	133.095	-0.063057983	0.046591561	2.5546902	0.021232826
BR3.DVT14L1-BR3.UES15L3	142.913	0.14484634	0.027300513	0.034747388	0.011041751
BR3.DVT14L1-BR3.UES16L3	152.73	0.034733224	0.025410759	-2.738406	0.014594349
BR3.DVT15L1-BR3.UES1L3	5.467	0.17209557	0.070927574	-3.1534963	0.017825325
BR3.DVT15L1-BR3.UES2L3	15.285	0.0026380525	0.061280752	-0.28315989	0.022245554
BR3.DVT15L1-BR3.UES3L3	25.103	-0.18463567	0.040988156	3.4715894	0.013425045
BR3.DVT15L1-BR3.UES4L3	34.92	-0.024457672	0.049186284	-0.74968212	0.015721739
BR3.DVT15L1-BR3.UES5L3	44.738	0.16948283	0.072742379	-3.039555	0.019527453
BR3.DVT15L1-BR3.UES6L3	54.555	0.020864882	0.066297609	1.6008092	0.021743398
BR3.DVT15L1-BR3.UES7L3	64.373	-0.17558157	0.047598502	2.4715065	0.018323191
BR3.DVT15L1-BR3.UES8L3	74.19	-0.029984004	0.046963646	-2.429661	0.015164842
BR3.DVT15L1-BR3.UES9L3	84.008	0.16888656	0.064414889	-1.8228106	0.0087121024
BR3.DVT15L1-BR3.UES10L3	93.825	0.054266713	0.076145364	2.8800833	0.028106908
BR3.DVT15L1-BR3.UES11L3	103.643	-0.18839369	0.064997897	0.88953498	0.014936135
BR3.DVT15L1-BR3.UES12L3	113.46	0.011367279	0.051268169	-3.2945274	0.020831931
BR3.DVT15L1-BR3.UES13L3	123.278	0.19276947	0.067020478	0.12789312	0.022665032
BR3.DVT15L1-BR3.UES14L3	133.095	-0.041738974	0.056477542	2.9935986	0.025348338
BR3.DVT15L1-BR3.UES15L3	142.913	-0.18502253	0.044271705	2.7966239	0.017570574
BR3.DVT15L1-BR3.UES16L3	152.73	-0.019001983	0.03809504	1.2671499	0.019418475
BR3.DVT16L1-BR3.UES1L3	5.467	0.033121499	0.045505267	1.4784527	0.01127741
BR3.DVT16L1-BR3.UES2L3	15.285	0.094180241	0.037986618	-2.9834751	0.020487337
BR3.DVT16L1-BR3.UES3L3	25.103	-0.1197366	0.031595145	-0.53434715	0.013645209
BR3.DVT16L1-BR3.UES4L3	34.92	-0.085497375	0.039797469	3.3189698	0.020327941
BR3.DVT16L1-BR3.UES5L3	44.738	0.12660913	0.054401959	-0.59809402	0.01014581
BR3.DVT16L1-BR3.UES6L3	54.555	0.047388147	0.048688415	-2.9272467	0.019251628
BR3.DVT16L1-BR3.UES7L3	64.373	-0.12362608	0.026166754	1.5696481	0.029336474
BR3.DVT16L1-BR3.UES8L3	74.19	-0.03538776	0.037868741	2.5932371	0.015013468
BR3.DVT16L1-BR3.UES9L3	84.008	0.12567089	0.042001199	-2.3174631	0.0096753062
BR3.DVT16L1-BR3.UES10L3	93.825	0.049450252	0.040044107	-1.8181126	0.02519675
BR3.DVT16L1-BR3.UES11L3	103.643	-0.12762842	0.034546625	2.9088176	0.024609394
BR3.DVT16L1-BR3.UES12L3	113.46	-0.055564977	0.032345466	1.0284346	0.011463936
BR3.DVT16L1-BR3.UES13L3	123.278	0.12278698	0.047268477	-3.1748505	0.016540694
BR3.DVT16L1-BR3.UES14L3	133.095	0.051338617	0.042821535	-0.01462022	0.017784188
BR3.DVT16L1-BR3.UES15L3	142.913	-0.12369289	0.032928651	3.1957296	0.010545275
BR3.DVT16L1-BR3.UES16L3	152.73	-0.13456332	0.029255706	2.5954035	0.011461201
BR.dMom-BR3.UES1L3	5.467	-1.3790833	0.012879719	-0.054427947	0.0098117615
BR.dMom-BR3.UES2L3	15.285	-1.3764254	0.01491505	0.12503407	0.0099732316
BR.dMom-BR3.UES3L3	25.103	-1.3855004	0.014767773	-0.02330565	0.018398096
BR.dMom-BR3.UES4L3	34.92	-1.3531045	0.012043303	-0.021835397	0.0080884199
BR.dMom-BR3.UES5L3	44.738	-1.4263701	0.012560712	0.04577785	0.016099966
BR.dMom-BR3.UES6L3	54.555	-1.4264902	0.012399575	0.027557911	0.011790727
BR.dMom-BR3.UES7L3	64.373	-1.2710178	0.016278114	0.014511812	0.016309434
BR.dMom-BR3.UES8L3	74.19	-1.3044626	0.013656889	0.057201426	0.0089494848
BR.dMom-BR3.UES9L3	84.008	-1.4018118	0.010069902	-0.044041575	0.010479268
BR.dMom-BR3.UES10L3	93.825	-1.3699127	0.010324962	-0.022872227	0.012203994
BR.dMom-BR3.UES11L3	103.643	-1.34447	0.018068669	0.13925193	0.0098349012
BR.dMom-BR3.UES12L3	113.46	-1.3204551	0.016345288	0.055731576	0.011690079
BR.dMom-BR3.UES13L3	123.278	-1.3875609	0.018273278	-0.16304739	0.014540178
BR.dMom-BR3.UES14L3	133.095	-1.3860095	0.011080006	0.064223267	0.0086782586
BR.dMom-BR3.UES15L3	142.913	-1.3206207	0.017203726	0.11336396	0.015559825
BR.dMom-BR3.UES16L3	152.73	-1.275387	0.010098977	-0.055875983	0.014612141
