BPMSW.1R1.B2 21.475 0.00996091395395 0.0299676990782 0.000147849488909 8.53130271921e-05
BPMS.2R1.B2 31.529 0.009792226104 0.0300232431626 0.000151576405817 7.850319046e-05
BPMSY.4R1.B2 58.3145 0.00939258345666 0.0301506579131 0.000156395161762 6.83984907482e-05
BPMWB.4R1.B2 151.1705 0.00836137693728 0.0304527531193 0.000170067227482 1.4660773174e-05
BPMYA.4R1.B2 172.227 0.00459083705671 0.0312443116659 0.000169648403502 -1.89003683375e-05
BPMR.5R1.B2 199.635 -0.00486635644846 0.0312025859743 0.000142556803433 -9.3890160254e-05
BPM.6R1.B2 231.535 -0.0299109479068 0.0101300539154 -7.10777884588e-05 -0.000155195853823
BPMRA.7R1.B2 259.259 -0.031514036775 0.00203673325304 -0.000166108923478 -3.93144797335e-05
BPM.8R1.B2 300.6960106 -0.0315374251599 0.00163511792912 -6.86684365573e-05 0.000156276811719
BPM.9R1.B2 339.7610212 -0.0304223414973 0.00847135964467 0.000166210111135 3.88844178817e-05
BPM.10R1.B2 380.2240318 -0.0250143690512 0.0192759990003 -5.00864213709e-06 -0.000170624501252
BPM.11R1.B2 433.0047424 -0.0314546389106 0.00280864499622 -0.000160562205494 5.79446024739e-05
BPM.12R1.B2 487.7282583 -0.0289872687215 0.012530803981 4.95607625763e-05 0.000163344835115
BPM.13R1.B2 541.1767742 -0.028338454649 0.0139360964511 0.000166805401741 -3.62458287261e-05
BPM.14R1.B2 594.6252901 -0.0248291847535 0.0195139534961 -4.12282705382e-05 -0.000165644291725
BPM.15R1.B2 648.073806 -0.0263231980274 0.0174462615641 -0.000165178602785 4.30561696824e-05
BPM.16R1.B2 701.5223219 -0.0221285459703 0.0225302074795 4.79770968014e-05 0.000163816978186
BPM.17R1.B2 754.9708378 -0.0238741909592 0.0206713764044 0.00016327306946 -4.97966482607e-05
BPM.18R1.B2 808.4193537 -0.0190652994712 0.0251753282586 -5.46626533582e-05 -0.000161708989899
BPM.19R1.B2 861.8678696 -0.0210351126277 0.0235543378882 -0.000161094614555 5.64475794453e-05
BPM.20R1.B2 915.3163855 -0.0156874764778 0.0274077704027 6.12416896017e-05 0.000159333785744
BPM.21R1.B2 968.7649014 -0.0178476299286 0.0260527330967 0.000158643214959 -6.30090004563e-05
BPM.22R1.B2 1022.213417 -0.0120535637604 0.0291889430631 -6.77291933645e-05 -0.000156686178336
BPM.23R1.B2 1075.661933 -0.0143702028688 0.0281208119709 -0.00015592681606 6.94595585761e-05
BPM.24R1.B2 1129.110449 -0.00816742579278 0.0304811179721 7.40420696945e-05 0.000100330551737
BPM.25R1.B2 1182.558965 -0.0106004729682 0.0297226406862 9.95025385197e-05 -7.51511292035e-05
BPM.26R1.B2 1236.007481 -0.00420244590978 0.0312753072761 -7.80949397122e-05 -9.72091905797e-05
BPM.27R1.B2 1289.455997 -0.00671264335091 0.0308341663694 -9.63375112161e-05 7.91677420288e-05
BPM.28R1.B2 1342.904513 -0.000113793862465 0.0315458807713 8.19627334457e-05 4.0478414026e-05
BPM.29R1.B2 1396.353029 -0.00265952833487 0.0314337788383 3.95670751639e-05 -8.24065734001e-05
BPM.30R1.B2 1449.801545 0.00392114213719 0.0313014406552 -8.35536943617e-05 -3.70833427431e-05
BPM.31R1.B2 1503.25006 0.00138282889282 0.0315157631497 -3.6154077728e-05 8.39599800032e-05
BPM.32R1.B2 1556.698576 0.00789427315895 0.0305423639239 8.50042924959e-05 3.36254027906e-05
BPM.33R1.B2 1610.147092 0.00540336596941 0.0310798838366 3.26813296498e-05 -8.53716934558e-05
BPM.34R1.B2 1663.595608 0.0117351970869 0.029282088234 -8.63115964567e-05 -3.01115762811e-05
BPM.33L2.B2 1717.044124 0.00933435829526 0.030133458118 -2.91515986821e-05 8.66405305157e-05
BPM.32L2.B2 1770.49264 0.0153855906743 0.0275397738203 8.7473934349e-05 2.65462582073e-05
BPM.31L2.B2 1823.941156 0.0131125903714 0.0286917325492 2.55757959776e-05 -8.77626106957e-05
BPM.30L2.B2 1877.389672 0.018781171334 0.0253460676673 -8.84888706636e-05 -2.29371629125e-05
BPM.29L2.B2 1930.838188 0.0166749103986 0.0267787771607 -2.19529768029e-05 8.87381653129e-05
BPM.28L2.B2 1984.286704 0.0218698506636 0.022734669024 8.93551625243e-05 1.92886234087e-05
BPM.27L2.B2 2037.73522 0.0199635676018 0.0244256322559 1.82981378641e-05 -8.95632313091e-05
BPM.26L2.B2 2091.183735 0.0246502521009 0.0197412992049 -9.01239611324e-05 -6.90563891019e-05
BPM.25L2.B2 2144.632251 0.0229768196191 0.0216660929459 -6.80499518029e-05 9.08862922342e-05
BPM.24L2.B2 2198.080767 0.0269734114618 0.0164252518468 9.28816581034e-05 6.53001813318e-05
BPM.23L2.B2 2251.529283 0.0255599189264 0.018548433041 6.42691666156e-05 -9.35980027086e-05
BPM.22L2.B2 2304.977799 0.0289052517339 0.0128306744259 -9.55320286556e-05 -0.000114888512906
BPM.21L2.B2 2358.426315 0.0277754914377 0.01512156933 -0.000113817467748 9.68055628273e-05
BPM.20L2.B2 2411.874831 0.0303091915942 0.00902733014034 0.000100168568888 0.000110869280523
BPM.19L2.B2 2465.323347 0.0294819038002 0.0114436502979 0.000109756584414 -0.000101386533927
BPM.18L2.B2 2518.771863 0.0312149232771 0.00507625338462 -0.000104625696486 -0.000106673338872
BPM.17L2.B2 2572.220379 0.0307034431237 0.00757881021674 -0.000105501167954 0.000105807579911
BPM.16L2.B2 2625.668894 0.0316078314338 0.00104152571671 0.000108917148297 0.000102287791369
BPM.15L2.B2 2679.11741 0.0314207120164 0.00358868224598 0.000101079257075 -0.000110039636373
BPM.14L2.B2 2732.565926 0.0314813723718 -0.00301047793841 -0.000113015720188 -9.77403806384e-05
BPM.13L2.B2 2786.014442 0.0316216408541 -0.000460014744455 -9.647526511e-05 0.000114097587215
BPM.12L2.B2 2839.462958 0.0306717847221 -0.0077059331578 0.00011567588548 9.45770959026e-05
BPM.11L2.B2 2892.911474 0.0315793491817 -0.0016983783016 0.000105295597338 -0.000106012145499
BPM.10L2.B2 2944.750185 0.0313373418021 -0.00425567767914 -8.45680346497e-05 -0.000123182725496
BPM.9L2.B2 2983.815195 0.029850283717 -0.0104451111271 -0.000137803965243 5.77564101138e-05
BPM.8L2.B2 3024.278206 0.0234654693481 -0.0212016870176 0.000138347206782 5.64427588215e-05
BPM.7L2.B2 3063.344216 0.0294746513054 0.0114623171402 3.70546270255e-05 -0.000144750435553
BPM.6L2.B2 3095.450216 0.0282360100675 0.0142431569265 -3.4089081727e-05 -0.000145477389661
BPMYB.5L2.B2 3167.649216 0.0309149208223 0.00666389183674 -0.0001472307944 2.54721556247e-05
BPMYB.4L2.B2 3188.219216 0.0316198546385 0.00056971565372 -0.000104757135131 0.000106544259925
BPMWB.4L2.B2 3212.610716 0.0309522572535 0.00648826286752 2.26445510874e-05 0.000147692119805
BPMSX.4L2.B2 3262.843716 0.0300789886524 -0.00976699676475 0.000134647094374 -6.47757645654e-05
BPMS.2L2.B2 3300.755216 0.0300667034616 -0.00980475004464 6.1468440654e-05 -0.000136188719427
BPMSW.1L2.B2 3310.689216 0.0304136595885 -0.00866885771393 2.42161253025e-05 -0.000147442602945
BPMSW.1R2.B2 3353.879216 0.0304137583891 -0.00866851116818 0.000141518316088 4.79406989266e-05
BPMS.2R2.B2 3363.813216 0.0300667944862 -0.00980447081658 0.00014909802679 9.77171800709e-06
BPMSX.4R2.B2 3401.724716 0.0300789785577 -0.00976702784461 0.000120471468035 -8.83875781174e-05
BPMWB.4R2.B2 3451.881716 0.0309511571832 0.00649350853615 -0.000119427669091 -8.97929189908e-05
BPMYB.4R2.B2 3476.349216 0.0316170391493 0.000708956272624 -0.000143310875967 4.22815854292e-05
BPM.5R2.B2 3505.883216 0.0248643148789 0.0195424059288 -2.44321062369e-05 0.000147406952147
BPMR.6R2.B2 3579.179216 0.0216401427401 0.0230617433806 0.000145687449065 3.31799917135e-05
BPM_A.7R2.B2 3592.054216 0.0226017972841 0.0221200936733 0.000149266539692 6.72655077402e-06
BPM.8R2.B2 3633.493206 0.0293187461115 0.0118554169339 7.65709435453e-05 -0.000128306787092
BPM.9R2.B2 3672.560195 0.0246565369006 -0.0198039130435 -0.000148034005349 -2.02896205414e-05
BPM.10R2.B2 3713.025185 0.0231327035036 -0.0215642716769 -7.14420299959e-05 0.000131231752707
BPM.11R2.B2 3764.865874 0.0214387900853 -0.0232490443615 0.000123692037486 8.38213710525e-05
BPM.12R2.B2 3819.592358 0.0228650633799 -0.0218478525247 7.25818721592e-05 -0.000130604774436
BPM.13R2.B2 3873.043842 0.0151425297496 -0.0277640698873 -0.000137653033384 -5.81152204911e-05
BPM.14R2.B2 3926.495326 0.0173341519369 -0.0264512185001 -5.65673731411e-05 0.000138296314046
BPM.15R2.B2 3979.94681 0.0114677451052 -0.0294725398636 0.000139932741411 5.23885914062e-05
BPM.16R2.B2 4033.398294 0.0138084511145 -0.0284511240905 5.08201281799e-05 -0.000140509980007
BPM.17R2.B2 4086.849779 0.00760115448598 -0.0306979190576 -0.000141973803471 -4.65744154593e-05
BPM.18R2.B2 4140.301263 0.0100547941373 -0.0299840107329 -4.49789144775e-05 0.000142487316172
BPM.19R2.B2 4193.752747 0.00361377889654 -0.0314178354711 0.000143774035118 4.06788542425e-05
BPM.20R2.B2 4247.204231 0.00613693014278 -0.0310238274943 3.90665643881e-05 -0.000144220459164
BPM.21R2.B2 4300.655715 -0.000437315622431 -0.0316219629244 -0.000145329197482 -3.47154918774e-05
BPM.22R2.B2 4354.107199 0.00211727633146 -0.0315540318277 -3.30847274152e-05 0.000145709086708
BPM.23R2.B2 4407.558683 -0.0044768203078 -0.0313065147264 0.000146637276914 2.86922032267e-05
BPM.24R2.B2 4461.010167 -0.00196800543874 -0.0315676968339 2.65600234959e-05 -0.000114988404082
BPM.25R2.B2 4514.461651 -0.00847823369662 -0.0304714962255 -0.000115734376343 -2.30938351756e-05
BPM.26R2.B2 4567.913135 -0.00599048194622 -0.0310565074537 -2.17964317707e-05 0.00011598569389
BPM.27R2.B2 4621.36462 -0.0123051941371 -0.0291371708696 0.000116588323247 1.83011563743e-05
BPM.28R2.B2 4674.816104 -0.00994569504985 -0.030037197975 1.650597848e-05 -8.48250839243e-05
BPM.29R2.B2 4728.267588 -0.0159641009753 -0.0273184478411 -8.52825720284e-05 -1.39507807126e-05
BPM.30R2.B2 4781.719072 -0.0137066975498 -0.0285180040399 -1.29952081932e-05 8.54334060783e-05
BPM.31R2.B2 4835.170556 -0.0193269002478 -0.0250523659484 8.57853551916e-05 1.04217371701e-05
BPM.32R2.B2 4888.62204 -0.0172421809852 -0.0265303092156 9.4589748376e-06 -8.58968532579e-05
BPM.33R2.B2 4942.073524 -0.022373610421 -0.0223734590176 -8.61421629927e-05 -6.87517351001e-06
BPM.34R2.B2 4995.525008 -0.0204945272938 -0.0241065232482 -5.91073168692e-06 8.62137238865e-05
BPM.33L3.B2 5048.976492 -0.0250514648151 -0.019328068291 8.63524117158e-05 3.31658631799e-06
BPM.32L3.B2 5102.427976 -0.0234099569314 -0.0212867101373 2.34765912386e-06 -8.63841966543e-05
BPM.31L3.B2 5155.87946 -0.0273185410863 -0.0159639413828 -8.64157298418e-05 2.4717041462e-07
BPM.30L3.B2 5209.330945 -0.0259407835434 -0.0181170047452 1.21404568852e-06 8.64075760802e-05
BPM.29L3.B2 5262.782429 -0.0291360964215 -0.0123384762935 8.63320139131e-05 -3.81117400901e-06
BPM.28L3.B2 5316.233913 -0.0280452734272 -0.0146496672434 -4.77951846049e-06 -8.62838261386e-05
BPM.27L3.B2 5369.685397 -0.0304752232022 -0.00850945837865 -8.61014260554e-05 7.36776852614e-06
BPM.26L3.B2 5423.136881 -0.0297209358037 -0.0109436381601 7.84213727162e-06 0.00011797660288
BPM.25L3.B2 5476.588365 -0.0313451149751 -0.00453662961949 0.000117687402232 -1.13865799379e-05
BPM.24L3.B2 5530.039849 -0.0308767083647 -0.0070516751027 -1.27071554402e-05 -0.000117552155764
BPM.23L3.B2 5583.491333 -0.0316679293979 -0.000489376078301 -0.000117117837643 1.62293168748e-05
BPM.22L3.B2 5636.942817 -0.031557148231 -0.0030457317317 1.7048859685e-05 0.000148892897202
BPM.21L3.B2 5690.394301 -0.0315020748991 0.00357062504032 0.000148312590939 -2.15205263938e-05
BPM.20L3.B2 5743.845786 -0.0316874970491 0.00101617761425 -2.31852146155e-05 -0.000148061499732
BPM.19L3.B2 5797.29727 -0.030786563563 0.00757083814309 -0.00014729925992 2.76168278983e-05
BPM.18L3.B2 5850.748754 -0.0312971156534 0.00506168331415 2.92613745945e-05 0.000146981392938
BPM.17L3.B2 5904.200238 -0.0295648485065 0.0114476992871 0.000146034524693 -3.36701323063e-05
BPM.16L3.B2 5957.651722 -0.030392513887 0.00902359048505 -3.53078760802e-05 -0.00014564722841
BPM.15L3.B2 6011.103206 -0.0278579104832 0.0151349565439 -0.000144522328731 3.96617126693e-05
BPM.14L3.B2 6064.55469 -0.0289882968143 0.0128377854192 4.12751402222e-05 0.000144069854802
BPM.13L3.B2 6118.006174 -0.0256921735569 0.0185753143821 0.000142762960752 -4.55905146156e-05
BPM.12L3.B2 6171.457658 -0.0292394978348 0.0122548705662 -3.46457816547e-05 -0.000145806152556
BPM.11L3.B2 6224.909142 -0.0303344451555 0.00921691505528 -0.000147191953019 2.81831323263e-05
BPM.10L3.B2 6277.691832 -0.0314582942145 -0.00393774192342 1.63059695804e-05 0.000148976087254
BPM.9L3.B2 6316.758821 -0.031672816011 0.00140100399268 0.000124338171409 8.36646655566e-05
BPM.8L3.B2 6357.223811 -0.0308332006232 0.00737860591471 0.000140225894697 -5.28815466673e-05
BPM.7L3.B2 6396.2898 -0.024885215531 0.0196432210752 1.68751454961e-05 -0.000148912690026
BPMR.6L3.B2 6468.9288 9.18325886949e-05 0.0317036536163 -0.00013921616766 5.54853112011e-05
BPMWE.5L3.B2 6511.9823 0.000761100246834 0.031694649586 -7.97216958542e-05 0.000126902377656
BPMW.5L3.B2 6539.5273 -0.00891110813223 0.0304256838673 -1.51006056854e-05 0.000149103081285
BPMWE.4L3.B2 6614.6553 0.00215114757362 0.0316307231982 0.000138222049066 5.79173878997e-05
BPMW.4L3.B2 6642.2003 0.0253120482583 0.0190900576327 0.000123538988257 -8.48403401224e-05
BPMW.4R3.B2 6687.1653 0.0288673390667 0.0131075102005 4.53550410826e-05 -0.000142837927172
BPMWE.4R3.B2 6714.7103 0.0258510097769 0.0183536203423 -1.11923256606e-05 -0.000149447282787
BPMW.5R3.B2 6789.8383 0.0288276018143 0.0131946754351 -0.000138886739517 -5.63048133975e-05
BPMWE.5R3.B2 6817.3833 0.0316978222631 0.000614939989582 -0.000146576978976 3.12240539716e-05
BPMWC.6R3.B2 6858.3743 0.0316113191655 -0.00241962548157 -9.85782063163e-05 0.00011288087359
BPM.6R3.B2 6870.5288 0.0316883225813 0.000990100077953 -7.13519351057e-05 0.000131790208932
BPM_A.7R3.B2 6926.3528 0.0317025411275 0.000281019861095 8.83483475249e-05 0.000121055071091
BPM.8R3.B2 6965.418789 0.0265104822966 0.0173874786838 0.000126645408869 -8.012927941e-05
BPM.9R3.B2 7004.485779 -0.00042809698146 0.0317008961944 -0.000100367565827 -0.000111292926594
BPM.10R3.B2 7044.950768 0.00322806475658 0.0315390184484 -0.000149828666644 -3.33517892001e-06
BPM.11R3.B2 7097.733458 0.0130669509173 0.0288857210364 -3.33137417608e-05 0.000146116232248
BPM.12R3.B2 7152.459942 0.0215653106842 0.0232393515588 0.000149864135462 7.06032993614e-07
BPM.13R3.B2 7205.911426 0.0178190069917 0.0262223773928 -8.89123524766e-06 -0.000149601821477
BPM.14R3.B2 7259.36291 0.0228728333333 0.0219536689602 -0.000149266959104 1.338415931e-05
BPM.15R3.B2 7312.814394 0.0210269186352 0.0237275952999 1.50586187314e-05 0.000149107330644
BPM.16R3.B2 7366.265878 0.0254942084036 0.0188460983753 0.000148588187929 -1.9527092876e-05
BPM.17R3.B2 7419.717362 0.0238894530233 0.0208428433953 -2.11874876691e-05 -0.000148360535151
BPM.18R3.B2 7473.168846 0.0276950833629 0.015430892511 -0.000147656145966 2.56402356069e-05
BPM.19R3.B2 7526.62033 0.0263596130947 0.0176153593029 2.72962103236e-05 0.000147359007152
BPM.20R3.B2 7580.071814 0.0294418986978 0.0117603012823 0.000146473604887 -3.17054785954e-05
BPM.21R3.B2 7633.523299 0.0283964439265 0.0140986544957 -3.33412940855e-05 -0.000146109944161
BPM.22R3.B2 7686.974783 0.0307042855332 0.00789790707357 -0.000145040738822 3.77218988949e-05
BPM.23R3.B2 7740.426267 0.0299667601118 0.0103500422485 3.93477823694e-05 0.000144608137186
BPM.24R3.B2 7793.877751 0.0313750241821 0.00392109989377 0.000143455618396 4.49805224889e-05
BPM.25R3.B2 7847.329235 0.0309561859922 0.00644063006544 4.33767560216e-05 -0.000143948661653
BPM.26R3.B2 7900.780719 0.0316188490452 -0.000124707890049 -0.000145187817122 -3.90289638952e-05
BPM.27R3.B2 7954.232203 0.03152575017 0.00242780627475 -3.73934263945e-05 0.000145617614817
BPM.28R3.B2 8007.683687 0.0312556963165 -0.00415178990833 0.000146770540563 0.000121648745509
BPM.29R3.B2 8061.135171 0.0314888136394 -0.0016157126154 0.000120006392749 -0.000148116413346
BPM.30R3.B2 8114.586655 0.0304676482773 -0.00811654607762 -0.000151655745861 -0.000115501264829
BPM.31R3.B2 8168.03814 0.0310233828686 -0.00563077499373 -0.000113785015986 0.000152947641595
BPM.32R3.B2 8221.489624 0.0291792704785 -0.0119468023345 0.000156295989938 0.000109140139961
BPM.33R3.B2 8274.941108 0.0300482427832 -0.00955295854184 0.000107391902614 -0.000157502336921
BPM.34R3.B2 8328.392592 0.0274106924521 -0.0155823570445 -0.000160658950577 -0.000102609505411
BPM.33L4.B2 8381.844076 0.0285790770774 -0.0133188687374 -0.000100793582785 0.000161804388615
BPM.32L4.B2 8435.29556 0.025192879082 -0.0189598194843 0.000164758124449 9.588934123e-05
BPM.31L4.B2 8488.747044 0.0266407515515 -0.016864941976 9.40463624377e-05 -0.000165817029293
BPM.30L4.B2 8542.198528 0.0225592793856 -0.0220280463351 -0.000168569084714 -8.90194844641e-05
BPM.29L4.B2 8595.650012 0.0242639131875 -0.0201350050669 -8.71169140449e-05 0.000169560171647
BPM.28L4.B2 8649.101496 0.0195574353516 -0.0247318142059 0.000172099501005 8.19863747898e-05
BPM.27L4.B2 8702.55298 0.0214893421907 -0.0230730163643 8.00605031915e-05 -0.000173003828907
BPM.26L4.B2 8756.004465 0.0161442961282 -0.0270145355632 -0.000175231946562 1.38255853288e-05
BPM.25L4.B2 8809.455949 0.0182730383637 -0.0256226364415 1.57924324844e-05 0.00017506562349
BPM.24L4.B2 8862.907433 0.0125579057598 -0.0288569303926 0.000174512675629 -2.10404801794e-05
BPM.23L4.B2 8916.358917 0.0148448067519 -0.0277498674009 -2.29908421057e-05 -0.000174266460671
BPM.22L4.B2 8969.810401 0.00867426796737 -0.0302100557085 -0.000173395735215 0.000116864545291
BPM.21L4.B2 9023.261885 0.0110862696871 -0.0294106275858 0.000118801566683 0.000172074349724
BPM.20L4.B2 9076.713369 0.00474080528765 -0.0310711305928 0.000168429771753 -0.000123914561876
BPM.19L4.B2 9130.164853 0.00723098385008 -0.0305876325245 -0.000125792580354 -0.000167031828508
BPM.18L4.B2 9183.616337 0.000724530397982 -0.0314223717513 -0.000163175992366 0.000130755514651
BPM.17L4.B2 9237.067821 0.00326056419165 -0.031261143812 0.00013257657501 0.000161699911911
BPM.16L4.B2 9290.519306 -0.00329877169146 -0.0312571351207 0.000157643872405 -0.00013737473631
BPM.15L4.B2 9343.97079 -0.000767456478886 -0.0314213526395 -0.000139131449575 -0.000156095606
BPM.14L4.B2 9397.422274 -0.00727255024444 -0.0305777763057 -0.000151846538615 0.000143756858334
BPM.13L4.B2 9450.873758 -0.00477863978472 -0.0310653342639 0.0001454499924 0.000150225510567
BPM.12L4.B2 9504.325242 -0.0140062154287 -0.0281374540458 0.000154006206201 -0.000141440769141
BPM.11L4.B2 9557.776726 -0.0129929765562 -0.0286194505678 -0.000114214174765 -0.000175152863382
BPMC.10L4.B2 9609.617415 -0.0164417522811 -0.0267872949869 -0.000189373106332 8.86635833284e-05
BPMC.9L4.B2 9648.684405 -0.0188664614532 -0.0251385565111 5.22774309349e-05 0.000202461046588
BPMC.8L4.B2 9689.149394 -0.0257076298162 -0.0180833669522 0.000106118989407 -0.000180172590734
BPMC.7L4.B2 9728.215384 -0.00278058922647 -0.0313074865582 -0.000190019804448 -8.72689775903e-05
BPMYA.6L4.B2 9824.819384 -0.00736003223982 -0.0305568374755 -0.00013731936275 0.0001576920965
BPMYB.5L4.B2 9861.819384 -0.00730463569912 -0.0305701273858 -8.98214776105e-05 0.000188826665072
BPMWA.B5L4.B2 9964.209884 -0.0217558517321 -0.0226842083027 0.000118093477146 0.000172561107296
BPMWA.A5L4.B2 9973.094884 -0.0225487141077 -0.0218962527197 0.000133724718907 0.000160751685123
BPMWA.A5R4.B2 10021.14388 -0.0248770517191 -0.0192099632649 0.00019220072052 8.23546420855e-05
BPMWA.B5R4.B2 10030.02888 -0.0249955235398 -0.0190555554658 0.000198221441767 6.6570739452e-05
BPMYA.5R4.B2 10132.49538 -0.0215773857135 -0.0228540327617 0.000183644112986 -9.99914157328e-05
BPMYB.6R4.B2 10164.05938 -0.0221460678506 -0.0223034093873 0.000157765378284 -0.00013723515323
BPMCA.7R4.B2 10260.57538 -0.0130527795209 -0.0285922251257 -0.000153878487572 -0.000141579721406
BPMC.8R4.B2 10298.36637 -0.00497342545921 -0.0310347455304 -0.000131502818739 0.000162574322177
BPMC.9R4.B2 10337.43336 -0.0239195888591 -0.020389793029 0.000200917157175 5.79284308224e-05
BPMC.10R4.B2 10377.89835 -0.0246995815784 -0.0194376197389 0.000109714915534 -0.000178005737812
BPM.11R4.B2 10429.73904 -0.02974557179 -0.010153391077 -0.000167320584721 -0.000125408239909
BPM.12R4.B2 10484.46553 -0.0300829675671 -0.00910524317594 -0.000133251324499 0.000161144305182
BPM.13R4.B2 10537.91701 -0.0313224368392 -0.00260678758005 0.000165252634274 0.000128120916961
BPM.14R4.B2 10591.36849 -0.0310098264415 -0.00512650514966 0.000126249594394 -0.000166686661247
BPM.15R4.B2 10644.81998 -0.0313985592179 0.00142157304523 -0.000170403010318 -0.000121186713518
BPM.16R4.B2 10698.27146 -0.0314108654463 -0.00111710474049 -0.000119282116564 0.000171741617493
BPM.17R4.B2 10751.72295 -0.0309586538674 0.00542698274211 0.000175249407563 0.000114065989101
BPM.18R4.B2 10805.17443 -0.0312956949982 0.00291030335017 0.000112082969891 -0.00017652424777
BPM.19R4.B2 10858.62591 -0.030010243996 0.00934214355829 -0.000179810017422 -0.00010673220241
BPM.20R4.B2 10912.0774 -0.0306662824366 0.0068898121779 -0.000104723163702 0.000180987448354
BPM.21R4.B2 10965.52888 -0.0285681108531 0.0131054734062 0.000184054039819 9.92346533213e-05
BPM.22R4.B2 11018.98037 -0.0295328180768 0.0107565351002 9.715437108e-05 -0.000185160554542
BPM.23R4.B2 11072.43185 -0.026657593555 0.016651219067 -0.000187993757032 -9.15518960028e-05
BPM.24R4.B2 11125.88333 -0.0278350280056 0.0144503946383 -8.82343053616e-05 0.000109649549238
BPM.25R4.B2 11179.33482 -0.0242290484108 0.0199137114398 0.000112251417954 8.4899564716e-05
BPM.26R4.B2 11232.7863 -0.0257574150779 0.017892966711 8.36321943582e-05 -0.000113198840405
BPM.27R4.B2 11286.23779 -0.0214833615896 0.0228488044413 -0.000115659754563 -8.01943978317e-05
BPM.28R4.B2 11339.68927 -0.0231781640225 0.021045063795 -7.76842797667e-05 3.71990170549e-05
BPM.29R4.B2 11393.14075 -0.0183048663311 0.0253979106425 3.95156207593e-05 7.65318804517e-05
BPM.30R4.B2 11446.59224 -0.0202949384387 0.0238377320907 7.60836125638e-05 -4.0371958078e-05
BPM.31R4.B2 11500.04372 -0.0149058449001 0.0275306698905 -4.26399144615e-05 -7.48361566512e-05
BPM.32R4.B2 11553.49521 -0.0170793902563 0.0262376909275 -7.43543837764e-05 4.34745667511e-05
BPM.33R4.B2 11606.94669 -0.0112609177414 0.0292115341725 4.56885442084e-05 7.30148608096e-05
BPM.34R4.B2 11660.39818 -0.0135817531173 0.0282074099915 7.24978119824e-05 -4.65046334762e-05
BPM.33L5.B2 11713.84966 -0.00743208642662 0.0304119398915 -4.86618828436e-05 -7.10678253707e-05
BPM.32L5.B2 11767.30114 -0.00986257059339 0.0297128204285 -7.05186046796e-05 4.94544105393e-05
BPM.31L5.B2 11820.75263 -0.00347981603434 0.0311129053168 5.15506347768e-05 6.90010504714e-05
BPM.30L5.B2 11874.20411 -0.00597951427945 0.0307305614365 6.84188071478e-05 -5.23209036777e-05
BPM.29L5.B2 11927.6556 0.000528192824685 0.0313024441434 -5.43528149366e-05 -6.68160534035e-05
BPM.28L5.B2 11981.10708 -0.00200010608682 0.0312429443601 -6.62030179844e-05 5.50978451502e-05
BPM.27L5.B2 12034.55856 0.00452906047332 0.0309775662071 5.70619705546e-05 6.45177906169e-05
BPM.26L5.B2 12088.01005 0.00209271577261 0.0312471254977 6.5084234784e-05 -0.000137129672658
BPM.25L5.B2 12141.46153 0.00853128367614 0.0301326983597 -0.000139023127903 -6.09349418103e-05
BPM.24L5.B2 12194.91302 0.00607193398331 0.0307228567861 -5.93723788503e-05 0.000139697629758
BPM.23L5.B2 12248.3645 0.0123177958616 0.0287929542876 0.00014141813447 5.51490523414e-05
BPM.22L5.B2 12301.81598 0.0100318420644 0.0296986826199 5.47752015073e-05 -0.000221376814115
BPM.21L5.B2 12355.26747 0.0159759499546 0.0269706994334 -0.000222923144455 -4.80966664309e-05
BPM.20L5.B2 12408.71895 0.0137479925023 0.0281716578676 -4.55899110503e-05 0.000223449274449
BPM.19L5.B2 12462.17044 0.0192971911414 0.0247036033586 0.000224717311727 3.88605509458e-05
BPM.18L5.B2 12515.62192 0.017239453749 0.0261811160812 3.63479343883e-05 -0.000225137391798
BPM.17L5.B2 12569.07341 0.0222970726253 0.0220338411674 -0.00022612856158 -2.95616999049e-05
BPM.16L5.B2 12622.52489 0.0204467177821 0.023760920378 -2.70175135825e-05 0.000226446622872
BPM.15L5.B2 12675.97637 0.0249339801897 0.0189985851266 0.000227155427683 2.02095865264e-05
BPM.14L5.B2 12729.42786 0.0233186066727 0.0209497538901 1.76730679062e-05 -0.000227366839935
BPM.13L5.B2 12782.87934 0.0271585636717 0.0156544570127 -0.00022779559351 -1.08252008361e-05
BPM.12L5.B2 12836.33083 0.0231651204642 0.0211193465609 -2.65098572486e-05 0.000226506611474
BPM.11L5.B2 12889.78231 0.0212290605111 0.0230646178176 0.000225729969863 3.24653535869e-05
BPM.10L5.B2 12942.565 0.0196991394704 0.0243842881545 -5.33319885629e-06 -0.000227990302249
BPM.9L5.B2 12981.63199 0.0245225831671 0.0195267129927 -0.000227970913776 -6.10549608481e-06
BPM.8L5.B2 13022.09698 0.00337189085725 0.0311653647056 0.00011055027105 0.000199465905193
BPM.7L5.B2 13061.16497 0.0162517380603 0.0268054213882 0.000208036243618 -9.34288286722e-05
BPMR.6L5.B2 13098.05897 0.0192303752094 0.0247556513549 -1.43011956599e-05 -0.000227603804888
BPMWT.B6L5.B2 13109.36897 0.0287531481731 0.0124862354394 -0.000145041151144 -0.000175986023579
BPMWT.A6L5.B2 13115.19097 0.0308631826542 0.00548758251887 -0.000189811860463 -0.000126409940813
BPM.5L5.B2 13129.95897 0.0308458779007 -0.00558403279974 -0.000227125108934 -2.05474238359e-05
BPMYA.4L5.B2 13157.36497 0.0278098715477 -0.0144658441726 -0.000211682565132 8.48441130485e-05
BPMWB.4L5.B2 13178.42347 0.0258411036893 -0.0177450546883 -0.000190985096521 0.000124630285356
BPMWT.B4L5.B2 13178.89297 0.0258141969027 -0.0177841739617 -0.000190592760658 0.00012522947203
BPMWT.A4L5.B2 13180.87497 0.0257067356218 -0.017939156873 -0.000188966170093 0.000127670684689
BPMSY.4L5.B2 13271.27947 0.0252225352908 -0.0186137937091 -0.000140958757575 0.000179272680898
BPMS.2L5.B2 13298.06497 0.024973079448 -0.0189471601919 -0.000128904257103 0.000188127174487
BPMSW.1L5.B2 13308.11897 0.0248661357309 -0.0190872966405 -0.000120217256321 0.000193793288533
BPMSW.1R5.B2 13351.06897 0.0248659944657 -0.0190874802623 -0.000168930894694 0.000153200800906
BPMS.2R5.B2 13361.12297 0.0249729862324 -0.0189472835179 -0.00016179066975 0.00016072284754
BPMSY.4R5.B2 13387.90847 0.0252225080481 -0.0186138307441 -0.00015090635286 0.00017098325909
BPMWB.4R5.B2 13480.76447 0.0258414086233 -0.0177446105712 -8.8136711886e-05 0.000210332940553
BPMYA.4R5.B2 13501.82097 0.027810023481 -0.014465552153 -4.52744626649e-05 0.000223513435154
BPMR.5R5.B2 13522.93897 0.0302984804443 -0.00804062734657 3.11039943135e-05 0.000225921588881
BPM.6R5.B2 13554.83897 0.0251372434167 0.0187288173211 0.000222382214725 5.05387827167e-05
BPMRA.7R5.B2 13588.85297 0.0121598754216 0.028892681335 0.000117892183847 -0.000195216421864
BPM.8R5.B2 13630.28998 0.011788792001 0.0290460666631 -0.000170722075103 -0.000151201817004
BPM.9R5.B2 13669.35499 0.017837654428 0.0257772707885 -0.000117374384385 0.000195528205327
BPM.10R5.B2 13709.818 0.0262135734655 0.017190060246 0.000219074539716 6.33590079785e-05
BPM.11R5.B2 13762.59871 0.0128636738524 0.0285862816773 -8.08875953166e-06 -0.000227909172016
BPM.12R5.B2 13817.32223 0.0211779479212 0.0231115583066 -0.000228022596585 -3.70248563686e-06
BPM.13R5.B2 13870.77074 0.0222854856076 0.0220455604647 -2.20543417058e-05 0.000226983757014
BPM.14R5.B2 13924.21926 0.0263766219795 0.0169388139598 0.000227541824663 1.52557580771e-05
BPM.15R5.B2 13977.66777 0.0249231553624 0.0190127833692 1.27417426115e-05 -0.000227696435956
BPM.16R5.B2 14031.11629 0.0283259912597 0.0134271301528 -0.000227976016325 -5.91215039741e-06
BPM.17R5.B2 14084.56481 0.0271504136256 0.0156685878323 -3.37268216162e-06 0.000228027729706
BPM.18R5.B2 14138.01332 0.0298112852315 0.00969210389492 0.00022802669863 -3.44153744838e-06
BPM.19R5.B2 14191.46184 0.0289317237894 0.0120666881753 -5.9589018178e-06 -0.000227974797787
BPM.20R5.B2 14244.91035 0.0308060112106 0.00579993780161 -0.000227693670933 1.27909498549e-05
BPM.21R5.B2 14298.35887 0.0302375808395 0.00826669885018 1.53265037348e-05 0.000227537072131
BPM.22R5.B2 14351.80738 0.031294879492 0.00181111086786 0.000226977792522 -2.21155724354e-05
BPM.23R5.B2 14405.2559 0.0310466476744 0.0043307358619 -2.4620278245e-05 -0.000226719786227
BPM.24R5.B2 14458.70442 0.0311871401968 -0.00219134056574 -0.000225787535139 0.000114883096167
BPM.25R5.B2 14512.15293 0.0312622617007 0.000332686884617 0.000117385907103 0.000224496517244
BPM.26R5.B2 14565.60145 0.0306506828701 -0.0061624124185 0.000220893584848 -0.000124032931174
BPM.27R5.B2 14619.04996 0.0310479580542 -0.00366933069348 -0.000126469809327 -0.000219507454746
BPM.28R5.B2 14672.49848 0.0295280691346 -0.0100175020643 -0.00021551779078 0.000216469137461
BPM.29R5.B2 14725.947 0.030240392584 -0.00760104406752 0.000218845994113 0.000213103818108
BPM.30R5.B2 14779.39551 0.028004548406 -0.0137113997409 0.000206481763057 -0.000225104615411
BPM.31R5.B2 14832.84403 0.0290192045746 -0.0114080226366 -0.000227381116193 -0.000203972119308
BPM.32R5.B2 14886.29254 0.0260197323868 -0.0171822798395 -0.000197054232383 0.000233401885947
BPM.33R5.B2 14939.74106 0.0273222734858 -0.0150249986796 0.000235571844842 0.000194454894806
BPM.34R5.B2 14993.18958 0.0236091152361 -0.0203682815195 0.000187338970628 -0.000241269386854
BPM.33L6.B2 15046.63809 0.0251745907097 -0.0183982933054 -0.000243333378662 -0.000184650164143
BPM.32L6.B2 15100.08661 0.0208082716183 -0.0232222532662 -0.000177266290174 0.000248763881
BPM.31L6.B2 15153.53512 0.0226160077898 -0.021465633123 0.000250713047619 0.000174498623404
BPM.30L6.B2 15206.98364 0.0176683734122 -0.0256921348868 0.000166934686106 -0.000255811689773
BPM.29L6.B2 15260.43215 0.0196820496395 -0.0241841711891 -0.000257648533869 -0.000164085440572
BPM.28L6.B2 15313.88067 0.0142348810497 -0.0277421227651 -0.000156287221825 0.00026245211598
BPM.27L6.B2 15367.32919 0.0164295577826 -0.0265014498623 0.000264168083343 0.000153368939951
BPM.26L6.B2 15420.7777 0.010489575672 -0.0293184403038 0.00014548283758 -0.000185162731739
BPM.25L6.B2 15474.22622 0.0128191714041 -0.0283772969903 -0.000186764433634 -0.000143420803603
BPM.24L6.B2 15527.67473 0.00665102886766 -0.0304198283025 -0.000137762668698 0.000190976275542
BPM.23L6.B2 15581.12325 0.00908648494804 -0.0297831820205 0.000192492675479 0.000135635810608
BPM.22L6.B2 15634.57177 0.00262568540979 -0.0310047478345 0.00012989782052 -0.000112995418706
BPM.21L6.B2 15688.02028 0.00511732493637 -0.0306920445322 -0.000114428253259 -0.000128637412701
BPM.20L6.B2 15741.4688 -0.00136391113418 -0.0310858224668 -0.000125154798704 0.00011822726752
BPM.19L6.B2 15794.91731 0.00115096937118 -0.0310944348887 0.000119608606996 0.00012383532487
BPM.18L6.B2 15848.36583 -0.00532736694729 -0.030656284399 0.000120200171734 -0.000123261220489
BPM.17L6.B2 15901.81435 -0.00283793958607 -0.0309860405767 -0.000124585963281 -0.000118826542101
BPM.16L6.B2 15955.26286 -0.00920681095379 -0.0297224367128 -0.00011504628325 0.000128084981344
BPM.15L6.B2 16008.71138 -0.00677646769 -0.0303688672442 0.000129353659693 0.000113617943004
BPM.14L6.B2 16062.15989 -0.0129317704971 -0.0283012000369 0.000109693703231 -0.000132697774208
BPM.13L6.B2 16115.60841 -0.0106073822704 -0.0292518726458 -0.000133905287983 -0.000108216347465
BPM.12L6.B2 16169.05693 -0.0168410361301 -0.0261642526144 -0.000105386599432 0.000136143581974
BPM.11L6.B2 16222.50544 -0.0121415061811 -0.0286491263309 0.00012832868544 0.000114774370322
BPM.10L6.B2 16274.34415 -0.0168999885627 -0.0261262128685 0.000135802831122 -0.000105825336537
BPM.9L6.B2 16313.40916 -0.0203256953945 -0.0235595992866 -5.1681415495e-05 -0.000164226795186
BPM.8L6.B2 16353.87217 -0.0299006997708 -0.00861027093925 -0.000132406853832 0.000110044697926
BPMYB.5L6.B2 16450.96018 -0.0108126012094 -0.0291766390665 0.000172101704336 -4.73409713238e-06
BPMYA.4L6.B2 16487.36018 -0.0119490402148 -0.0287299330646 0.000166322404015 -4.44773357503e-05
BPMSB.B4L6.B2 16518.13068 -0.00861964924241 -0.0298979975736 0.000151943320644 -8.09606846517e-05
BPMSB.A4L6.B2 16518.76568 -0.00854128532919 -0.0299204788856 0.000151518886175 -8.17522791997e-05
BPMSA.4L6.B2 16615.57568 0.00453793598953 -0.0307830432058 1.61937745545e-05 -0.000171403532244
BPMSE.4R6.B2 16707.14568 0.00546931120547 -0.0306312788953 -0.000135524055798 -0.00010618211112
BPMSA.A4R6.B2 16803.82068 -0.00588291250148 -0.0305545406183 -0.000166630422228 4.33094370118e-05
BPMSA.B4R6.B2 16804.40568 -0.00595193028893 -0.0305411711874 -0.000166430769514 4.40704949591e-05
BPMYB.4R6.B2 16830.96018 -0.00884915069682 -0.0298308756785 -0.000154965988821 7.50130154033e-05
BPMYA.5R6.B2 16867.36018 -0.00914525617382 -0.0297414341241 -0.000135353437265 0.000106399626545
BPM.8R6.B2 16963.08519 -0.0212351813115 -0.022743255845 0.000125468773767 0.000117894007007
BPM.9R6.B2 17002.1502 -0.0310337083704 -0.00225777698476 0.000103538398237 -0.000137554386786
BPM.10R6.B2 17042.61322 -0.0308569333488 0.0040047816759 -0.000103717955164 -0.000137419034361
BPM.11R6.B2 17094.45193 -0.0287707485774 0.0118504277673 -0.00012298703485 0.000120480677339
BPM.12R6.B2 17149.17544 -0.0306328104307 0.00546072685047 0.000136051411931 0.000105505541272
BPM.13R6.B2 17202.62396 -0.0288159055803 0.01174019581 0.000101227883098 -0.000139263498483
BPM.14R6.B2 17256.07247 -0.029669499582 0.00937600160192 -0.000140376705966 -9.96784224509e-05
BPM.15R6.B2 17309.52099 -0.0270776134777 0.015329431176 -9.54406589121e-05 0.000143291630014
BPM.16R6.B2 17362.96951 -0.0282260392961 0.0130950111973 0.000144342082972 9.38443750864e-05
BPM.17R6.B2 17416.41802 -0.0248938503992 0.0186677482312 8.94753651399e-05 -0.00014709032956
BPM.18R6.B2 17469.86654 -0.0263196182325 0.0165971777223 -0.000148072694848 -8.78401127184e-05
BPM.19R6.B2 17523.31505 -0.0223018683114 0.0216982783103 -8.3376470435e-05 0.000150631255981
BPM.20R6.B2 17576.76357 -0.02397942916 0.0198286557531 0.000151547434795 8.16993629057e-05
BPM.21R6.B2 17630.21209 -0.0193424040879 0.0243733464348 7.71213643489e-05 -0.000153927587066
BPM.22R6.B2 17683.6606 -0.0212471272637 0.0227320961532 -0.000154772674089 -7.54110838477e-05
BPM.23R6.B2 17737.10912 -0.0160663667167 0.0266469599105 -7.07509623399e-05 0.00015695766478
BPM.24R6.B2 17790.55763 -0.0180573020533 0.0252704752578 0.000159366253537 -3.75236168667e-05
BPM.25R6.B2 17844.00615 -0.0124207911941 0.0284672974232 -4.22779299279e-05 -0.00015817144524
BPM.26R6.B2 17897.45466 -0.0146781646565 0.0273717840073 -0.000157693730337 4.40263806073e-05
BPM.27R6.B2 17950.90318 -0.00867651453621 0.0298224944018 4.87245403248e-05 0.000156305953803
BPM.28R6.B2 18004.3517 -0.0109485225696 0.0290316331818 0.000157387363992 -0.000156981124846
BPM.29R6.B2 18057.80021 -0.00468733219019 0.0306714001651 -0.000161620003277 -0.000152619907957
BPM.30R6.B2 18111.24873 -0.00714703424133 0.0301931411535 -0.00015082045371 0.000163300487373
BPM.31R6.B2 18164.69724 -0.000722799140371 0.0310190817439 0.000167741555658 0.000145865090114
BPM.32R6.B2 18218.14576 -0.00322383393687 0.0308595652261 0.000143995196647 -0.000169349460339
BPM.33R6.B2 18271.59428 0.00324846312694 0.0308569823276 -0.000173582129693 -0.000138863584154
BPM.34R6.B2 18325.04279 0.000748056761907 0.0310184829174 -0.000136929077173 0.000175112204543
BPM.33L7.B2 18378.49131 0.00717158211248 0.0301873198858 0.000179131942601 0.000131626815249
BPM.32L7.B2 18431.93982 0.00471178448355 0.0306676532856 0.000129634929153 -0.000180578644174
BPM.31L7.B2 18485.38834 0.0109717317403 0.0290228698515 -0.000184377115315 -0.000124172995772
BPM.30L7.B2 18538.83686 0.00859425224375 0.0298134986068 -0.000122116136212 0.000185745810265
BPM.29L7.B2 18592.28537 0.0145964615643 0.0273797220779 0.000189316754448 0.000116503319454
BPM.28L7.B2 18645.73389 0.0123389535895 0.0284685105971 0.00011440295113 -0.000190593342938
BPM.27L7.B2 18699.1824 0.0179769449126 0.0252890356204 -0.000193932309146 -0.000108646783424
BPM.26L7.B2 18752.63092 0.0159838171825 0.0266642745017 -0.000104852007528 8.86073471954e-05
BPM.25L7.B2 18806.07943 0.0211705162497 0.0227656581063 9.1705746481e-05 0.000102153143133
BPM.24L7.B2 18859.52795 0.0192644388448 0.0243997406247 0.000101132793432 -9.28297686943e-05
BPM.23L7.B2 18912.97647 0.0239081665649 0.0198712233738 -9.58145220339e-05 -9.83096157577e-05
BPM.22L7.B2 18966.42498 0.0223327266385 0.0217431481377 -9.56063100085e-05 -9.62495765896e-06
BPM.21L7.B2 19019.8735 0.026359254692 0.0166344480678 -6.75771861578e-06 9.58516625408e-05
BPM.20L7.B2 19073.32201 0.0249312449728 0.0187069023101 9.59205941302e-05 5.69612928536e-06
BPM.19L7.B2 19126.77053 0.028270615272 0.0131258326238 2.8250115479e-06 -9.60480347239e-05
BPM.18L7.B2 19180.21905 0.0271189593045 0.0153648044623 -9.60734987557e-05 -1.75767934462e-06
BPM.17L7.B2 19233.66756 0.0297173866763 0.00940170727106 1.12022108222e-06 9.60830509924e-05
BPM.16L7.B2 19287.11608 0.0288619048191 0.0117688410805 9.60647546494e-05 -2.1834662285e-06
BPM.15L7.B2 19340.56459 0.0306759176144 0.00552297460197 -5.05530032754e-06 -9.59565061432e-05
BPM.14L7.B2 19394.01311 0.0301301065075 0.00798071750101 -9.58943886258e-05 6.12148212708e-06
BPM.13L7.B2 19447.46163 0.0311303944528 0.00155361238411 8.99047643043e-06 9.56680542086e-05
BPM.12L7.B2 19500.91014 0.0308103879075 0.00471541801636 9.56891179548e-05 -8.76356471729e-06
BPM.11L7.B2 19554.35866 0.0310696042366 -0.0024889480848 -7.33286030647e-06 -9.5809369359e-05
BPM.10L7.B2 19607.13937 0.0310563283014 -0.00264946078669 -9.60413120797e-05 3.04532663375e-06
BPM.9L7.B2 19646.20438 0.027671077941 -0.0143466586914 -3.29262687364e-05 9.02721776238e-05
BPM.8L7.B2 19686.66739 0.0209485980499 -0.0230796752438 8.58779418406e-05 4.31066750728e-05
BPM.7L7.B2 19725.7314 0.00176157752338 -0.0311193189965 5.00813598505e-05 -8.20065010547e-05
BPMR.6L7.B2 19760.5494 0.00214434714767 -0.0310952881573 -2.2745979058e-05 -9.33585965378e-05
BPMWC.6L7.B2 19772.7279 -0.00227232052365 -0.0310861983852 -4.79998666001e-05 -8.32419433276e-05
BPMWE.5L7.B2 19849.7819 0.0135713733202 -0.0280594546736 -8.09278281364e-05 5.18063005054e-05
BPMW.5L7.B2 19872.9869 0.0216951524374 -0.0223793550431 -5.03152763073e-05 8.18631779231e-05
BPMWE.4L7.B2 19908.0719 0.0216583060602 -0.0224150160641 -1.32659620268e-05 9.51694540898e-05
BPMW.4L7.B2 19936.1769 0.0111269929079 -0.0291153773546 3.87874075491e-05 8.79132758826e-05
BPMW.4R7.B2 20052.2239 0.0040468076201 -0.0309053153656 5.40862160533e-05 -7.94222136263e-05
BPMWE.4R7.B2 20080.3289 0.0147197259381 -0.0274744397337 6.6620145175e-06 -9.58583624556e-05
BPMW.5R7.B2 20115.4139 0.013444757792 -0.0281203424302 -3.82929367991e-05 -8.81297668263e-05
BPMWE.5R7.B2 20138.6189 -0.00287118209765 -0.0310366152045 -8.52729622143e-05 -4.42914242123e-05
BPM.6R7.B2 20217.7584 -0.0171185639116 -0.0260474555248 -1.39129339535e-05 9.5077001964e-05
BPM_A.7R7.B2 20255.7944 -0.00743389728682 -0.0302696604083 5.99861688052e-05 7.50657542154e-05
BPM.8R7.B2 20294.85841 -0.00716998470851 -0.0303332571522 9.59859802465e-05 -4.46075747165e-06
BPM.9R7.B2 20333.92342 -0.0219220856499 -0.0221571056475 -1.12832995185e-06 -9.60829560631e-05
BPM.10R7.B2 20374.38643 -0.029745085894 -0.00931370156541 -9.56621813797e-05 -9.05304986109e-06
BPM.11R7.B2 20427.16714 -0.0294481929791 -0.0102136722326 -2.19417856025e-05 9.3550873696e-05
BPM.12R7.B2 20481.89066 -0.0305440348196 -0.00621104717914 9.3707225479e-05 2.1264131141e-05
BPM.13R7.B2 20535.33917 -0.0298533055814 -0.00896076536365 1.95112312029e-05 -9.40878288877e-05
BPM.14R7.B2 20588.78769 -0.0310630177964 -0.00256984345225 -9.46292620844e-05 -1.66886353837e-05
BPM.15R7.B2 20642.23621 -0.0307543196824 -0.00506823350588 -1.56406600841e-05 9.48080973232e-05
BPM.16R7.B2 20695.68472 -0.031136560672 0.00142469637572 9.52339511718e-05 1.27945658914e-05
BPM.17R7.B2 20749.13324 -0.0311499809539 -0.00109263752266 1.17351957859e-05 -9.53702999803e-05
BPM.18R7.B2 20802.58175 -0.0306985208487 0.00539592325478 -9.56785702473e-05 -8.87791295595e-06
BPM.19R7.B2 20856.03027 -0.0310338309269 0.00290112185704 -7.81873293445e-06 9.57709539249e-05
BPM.20R7.B2 20909.47879 -0.0297560081214 0.00927874726856 9.59621495976e-05 4.94707352471e-06
BPM.21R7.B2 20962.9273 -0.0304077818129 0.00684704137599 3.88022565358e-06 -9.60111905524e-05
BPM.22R7.B2 21016.37582 -0.0283247849117 0.0130085252689 -9.60842991703e-05 -1.00745243135e-06
BPM.23R7.B2 21069.82433 -0.0292820701133 0.0106806151585 5.59388481107e-08 9.60895654643e-05
BPM.24R7.B2 21123.27285 -0.0262965002826 0.016499848102 9.59053055332e-05 -0.000136327958901
BPM.25R7.B2 21176.72137 -0.0275426362473 0.0143232015626 -0.000137382496586 -9.43884806559e-05
BPM.26R7.B2 21230.16988 -0.023970260536 0.0197275828239 -9.02416042657e-05 0.000140141313852
BPM.27R7.B2 21283.6184 -0.0254834716127 0.0177297374146 0.000141134124713 8.86808967101e-05
BPM.28R7.B2 21337.06691 -0.0211183481398 0.0226065945303 8.42673118561e-05 -0.000277110915474
BPM.29R7.B2 21390.51543 -0.0228750403129 0.0208272723678 -0.000278025913583 -8.11974472576e-05
BPM.30R7.B2 21443.96394 -0.0180536885417 0.0251218445614 -7.28566927816e-05 0.000280327209679
BPM.31R7.B2 21497.41246 -0.0200205209548 0.0235843483093 0.000281119845926 6.9735752458e-05
BPM.32R7.B2 21550.86098 -0.0146911198643 0.0272252408915 6.1278837794e-05 -0.000283083644805
BPM.33R7.B2 21604.30949 -0.0168420808751 0.0259497024165 -0.000283744440755 -5.81423289288e-05
BPM.34R7.B2 21657.75801 -0.0110884245946 0.0288806091353 -4.96348767231e-05 0.000285355610449
BPM.33L8.B2 21711.20652 -0.0133807934419 0.0278925995841 0.000285889325998 4.64621181099e-05
BPM.32L8.B2 21764.65504 -0.00730238302625 0.0300619019055 3.78790722309e-05 -0.00028715260294
BPM.31L8.B2 21818.10356 -0.00970673840355 0.0293738314454 -0.000287554618632 -3.46956354161e-05
BPM.30L8.B2 21871.55207 -0.00339731342743 0.0307490000769 -2.60783486853e-05 0.000288463799818
BPM.29L8.B2 21925.00059 -0.0058653048308 0.030375005243 0.000288735351273 2.28765443521e-05
BPM.28L8.B2 21978.4491 0.000564267972757 0.0309309609624 1.4225091396e-05 -0.000289290661539
BPM.27L8.B2 22031.89762 -0.00193595210423 0.0308754730058 -0.000289430665404 -1.10148484154e-05
BPM.26L8.B2 22085.34614 0.004646208085 0.0305797947472 -2.47915294194e-06 0.000156243991173
BPM.25L8.B2 22138.79465 0.00216454638675 0.0308549159129 0.000156261869479 7.47532410515e-07
BPM.24L8.B2 22192.24317 0.00851978431614 0.0297342289711 -3.92786087451e-06 -0.000156214295376
BPM.23L8.B2 22245.69168 0.00609135925188 0.0303250134243 -0.000156161063981 5.6620415778e-06
BPM.22L8.B2 22299.1402 0.0123836060495 0.0283755490488 1.02016882239e-05 2.25357128311e-05
BPM.21L8.B2 22352.58871 0.0100534923097 0.0292822945586 2.24212474885e-05 -1.04508460215e-05
BPM.20L8.B2 22406.03723 0.0159115651874 0.0265583805029 -1.11171666288e-05 -2.20984272967e-05
BPM.19L8.B2 22459.48575 0.0137163433097 0.0277558535782 -2.19737289991e-05 1.13616769961e-05
BPM.18L8.B2 22512.93426 0.0191782500609 0.0243047363007 1.2014162054e-05 2.16238864986e-05
BPM.17L8.B2 22566.38278 0.0171544640066 0.0257730449644 2.1489400644e-05 -1.22530725343e-05
BPM.16L8.B2 22619.83129 0.0221296919063 0.0216518409751 -1.28906917102e-05 -2.11130825915e-05
BPM.15L8.B2 22673.27981 0.0203101609489 0.0233671317122 -2.09687339623e-05 1.31241973351e-05
BPM.14L8.B2 22726.72833 0.024717609336 0.018643102504 1.37458212747e-05 2.0566585153e-05
BPM.13L8.B2 22780.17684 0.0231326150914 0.0205768705248 2.04129958531e-05 -1.39728827739e-05
BPM.12L8.B2 22833.62536 0.0281973137605 0.0127842473052 -1.35130968323e-05 -2.07202364968e-05
BPM.11L8.B2 22887.07387 0.0276695585006 0.0138896009406 -2.25104615555e-05 1.02572511873e-05
BPM.10L8.B2 22938.91258 0.0286176723861 0.0118133106889 8.20955950342e-06 2.3335287605e-05
BPM.9L8.B2 22977.9776 0.0275811020883 0.0140644334968 2.44501066917e-05 -3.75825601361e-06
BPM.8L8.B2 23018.44061 0.0255701688938 -0.0174554273687 -1.03986561708e-05 -2.24454923728e-05
BPM.7L8.B2 23057.50662 0.0252373256246 -0.0179332896312 -2.26787951882e-05 -9.87951750249e-06
BPM.6L8.B2 23089.97562 0.0309600190119 -5.20059785488e-05 -2.14010529863e-05 1.24067289172e-05
BPMR.5L8.B2 23150.39462 0.0251209447587 -0.0180959557991 -1.22516484103e-06 -2.470688948e-05
BPMYB.4L8.B2 23171.16162 0.0216267880044 -0.0221541762119 -9.92508887353e-06 -2.26588791014e-05
BPMWB.4L8.B2 23195.62912 0.0227256453655 -0.0210254732304 -1.46821178747e-05 -1.99089979305e-05
BPMSX.4L8.B2 23245.78612 0.022297450281 -0.0214790407712 -1.98385845228e-05 -1.47770889929e-05
BPMS.2L8.B2 23283.69762 0.0225610453016 -0.0212019983172 -2.21787525397e-05 -1.09554183144e-05
BPMSW.1L8.B2 23293.63162 0.0227971918365 -0.0209478763499 -2.30607843582e-05 -8.95185966807e-06
BPMSW.1R8.B2 23336.82162 0.0227972074206 -0.0209478594618 -1.49384179936e-05 -1.97173632926e-05
BPMS.2R8.B2 23346.75562 0.0225610563661 -0.0212019865795 -1.66228029019e-05 -1.83197138321e-05
BPMSX.4R8.B2 23384.66712 0.0222974526225 -0.0214790383469 -1.965535035e-05 -1.50199728876e-05
BPMWI.4R8.B2 23434.90012 0.0227242368295 -0.0210269955712 -2.3179564384e-05 -8.63941980125e-06
BPMYB.4R8.B2 23459.29162 0.0216261581777 -0.0221547910163 -2.45129151252e-05 -3.32358123153e-06
BPMYB.5R8.B2 23479.86862 0.0249405690475 -0.0183437590884 -2.41513448553e-05 5.35201427427e-06
BPMR.6R8.B2 23563.97662 0.030958091352 -0.000349365474817 1.9859331264e-06 -2.46573893835e-05
BPM_A.7R8.B2 23586.21662 0.0297876310837 -0.00843934347924 -7.76472408428e-06 -2.34870481082e-05
BPM.8R8.B2 23627.65561 0.0212646297977 -0.0225020221714 -2.44216900325e-05 -3.93865735598e-06
BPM.9R8.B2 23666.7226 0.00316011126564 -0.0307983632413 1.34338000237e-05 2.07717548148e-05
BPM.10R8.B2 23707.18758 0.0255334734378 -0.0175090610156 1.30703352005e-05 -2.10023767214e-05
BPM.11R8.B2 23759.02827 0.0201752051309 -0.0234837513962 -1.93114334029e-05 -1.54596558503e-05
BPM.12R8.B2 23813.75476 0.0193481572775 -0.0241696977962 -1.57982014904e-05 1.90354676159e-05
BPM.13R8.B2 23867.20624 0.0127390478572 -0.0282177628787 1.99827453792e-05 1.45815485363e-05
BPM.14R8.B2 23920.65773 0.014974715455 -0.0270976637102 1.43569118768e-05 -2.01447626302e-05
BPM.15R8.B2 23974.10921 0.00902401972936 -0.0296157483398 -2.05669535214e-05 -1.37452655252e-05
BPM.16R8.B2 24027.56069 0.0113850129747 -0.0287907443741 -1.35138941293e-05 2.07197258581e-05
BPM.17R8.B2 24081.01218 0.0051616007736 -0.0305267646377 2.11164110952e-05 1.2885263588e-05
BPM.18R8.B2 24134.46366 0.0076085243457 -0.0300105954525 1.26479361037e-05 -2.12593997502e-05
BPM.19R8.B2 24187.91515 0.00121361760305 -0.0309362669737 -2.16297579859e-05 -1.20035571327e-05
BPM.20R8.B2 24241.36663 0.00370667753273 -0.0307373717698 -1.17604376851e-05 2.17629083253e-05
BPM.21R8.B2 24294.81811 -0.0027535521493 -0.0308373707133 2.21064347687e-05 1.11012292257e-05
BPM.22R8.B2 24348.2696 -0.000255733861801 -0.030959006481 1.085288464e-05 -2.22294278134e-05
BPM.23R8.B2 24401.72108 -0.00667621859907 -0.0302316653011 -2.2545418261e-05 -1.01801863401e-05
BPM.24R8.B2 24455.17257 -0.00444683014797 -0.030687112497 -1.35058630345e-05 0.000257315511079
BPM.25R8.B2 24508.62405 -0.010717489495 -0.0290965391472 0.000257605187841 5.76619778991e-06
BPM.26R8.B2 24562.07554 -0.00833584357038 -0.0298661494622 2.87545123113e-06 -0.000257653667115
BPM.27R8.B2 24615.52702 -0.0143548616687 -0.0274847433584 -0.000257623838724 4.86139203464e-06
BPM.28R8.B2 24668.9785 -0.0123209841404 -0.0285701693634 4.14864847933e-06 0.000492229285862
BPM.29R8.B2 24722.42999 -0.0179800997109 -0.0253924642635 0.000491881474882 -1.89605769382e-05
BPM.30R8.B2 24775.88147 -0.0158747467906 -0.0267591786473 -2.44983752531e-05 -0.000491636760514
BPM.31R8.B2 24829.33296 -0.0210850806039 -0.0228796984883 -0.000490681530947 3.9223653487e-05
BPM.32R8.B2 24882.78444 -0.0191672530427 -0.0245087257573 4.46865250465e-05 0.000490214232998
BPM.33R8.B2 24936.23592 -0.0238354010693 -0.0199983720085 0.000488645274633 -5.94363359598e-05
BPM.34R8.B2 24989.68741 -0.0221454610878 -0.0218549715477 -6.49428253693e-05 -0.000487943957638
BPM.33L1.B2 25043.13889 -0.0262003051639 -0.0167810976356 -0.000485780792895 7.95230115634e-05
BPM.32L1.B2 25096.59038 -0.0247589525519 -0.01884291635 8.49233239753e-05 0.000484865863384
BPM.31L1.B2 25150.04186 -0.0281302220684 -0.0132948047834 0.000482083879861 -9.95088079735e-05
BPM.30L1.B2 25203.49334 -0.0269663800232 -0.0155201667487 -0.000104942031801 -0.000480930385543
BPM.29L1.B2 25256.94483 -0.0296007126631 -0.00958431207617 -0.000477576140784 0.000119280807831
BPM.28L1.B2 25310.39631 -0.0287300079577 -0.0119435283966 0.000124586158774 0.000476219660995
BPM.27L1.B2 25363.8478 -0.0305832474204 -0.00572068225417 0.0004722419303 -0.000138904379745
BPM.26L1.B2 25417.29928 -0.030256983043 -0.00818490512522 -0.000147773339307 -0.000236006916803
BPM.25L1.B2 25470.75077 -0.0312969054071 -0.0017266750669 -0.000231475197088 0.000154775512698
BPM.24L1.B2 25524.20225 -0.0310554015944 -0.00424731992075 0.000157355271754 0.000229729288358
BPM.23L1.B2 25577.65373 -0.0312606514697 0.00229114918732 0.000224882461825 -0.000164207514395
BPM.22L1.B2 25631.10522 -0.0315787611655 -0.000254243185599 -0.000170299865894 1.16514841289e-05
BPM.21L1.B2 25684.5567 -0.0309438051839 0.00630584785069 1.67565480962e-05 0.000169873550003
BPM.20L1.B2 25738.00819 -0.0313517918002 0.00378786841956 0.000169674281543 -1.86665481089e-05
BPM.19L1.B2 25791.45967 -0.0298829428658 0.0102123710286 -2.37611876642e-05 -0.00016903612192
BPM.18L1.B2 25844.91115 -0.0306097653422 0.00776692101186 -0.000168760449165 2.56459347898e-05
BPM.17L1.B2 25898.36264 -0.0283308407205 0.0139515683894 3.06996723582e-05 0.000167914658021
BPM.16L1.B2 25951.81412 -0.0293643410795 0.0116197361963 0.000167558725082 -3.25864219194e-05
BPM.15L1.B2 26005.26561 -0.0263135150088 0.0174608626409 -3.76098387202e-05 -0.000166503155792
BPM.14L1.B2 26058.71709 -0.0276371628873 0.0152797258963 -0.000166072957328 3.94660741772e-05
BPM.13L1.B2 26112.16857 -0.0238632460895 0.0206840103059 4.44343114838e-05 0.000164813206332
BPM.12L1.B2 26165.62006 -0.0277471373053 0.0150790970473 0.000167485443338 -3.29610025553e-05
BPM.11L1.B2 26219.07154 -0.0289606491583 0.0125922038015 -2.85502165182e-05 -0.000168293462567
BPM.10L1.B2 26271.85423 -0.0297113504958 0.0107013292036 -0.000161250111642 5.60017523733e-05
BPM.9L1.B2 26310.92122 -0.026678941748 0.0168972442632 4.78370639723e-05 0.000163857915106
BPM.8L1.B2 26351.38621 -0.0307763842882 -0.00707792106001 0.000116831333078 -0.000124451782783
BPM.7L1.B2 26390.4542 -0.030878178242 0.00661973602162 -0.000114214796823 -0.000126857334998
BPMR.6L1.B2 26433.6382 -0.02612221519 0.0177457789377 -0.000128815622218 0.000112001511345
BPM.5L1.B2 26465.5382 -0.00234548368767 0.0314925626472 5.93998884054e-05 0.000160029564053
BPMYA.4L1.B2 26486.6562 0.00459069469865 0.0312443325869 0.00010892823895 0.000131424661183
BPMWB.4L1.B2 26507.7127 0.00836121091571 0.0304527986961 0.000132538743791 0.000107569894457
BPMSY.4L1.B2 26600.5687 0.0093926069952 0.0301506505681 0.000160025070123 5.94121503686e-05
BPMS.2L1.B2 26627.3542 0.00979230214519 0.0300232182986 0.00016357559363 4.87948042445e-05
BPMSW.1L1.B2 26637.4082 0.00996102793011 0.0299676613015 0.000165624818064 4.13075073938e-05
