BPMSW.1R1.B2 21.475 -0.0295600989982 0.000848447368099 4.23406427786e-05 -1.59564946754e-05
BPMS.2R1.B2 31.529 -0.0295644019183 0.000682165644876 4.15731792663e-05 -1.78647530405e-05
BPMSY.4R1.B2 58.3145 -0.0295708560284 0.000289381287226 4.03117165648e-05 -2.05516742487e-05
BPMWB.4R1.B2 151.1705 -0.0295635800759 -0.000716938628353 3.15972170733e-05 -3.23885952031e-05
BPMYA.4R1.B2 172.227 -0.0292562576821 -0.00431168825045 2.46486784523e-05 -3.79452925362e-05
BPMR.5R1.B2 199.635 -0.0266677665015 -0.0127808254024 4.72568018202e-06 -4.5000814589e-05
BPM.6R1.B2 231.535 -0.00101697659607 -0.029554780105 -4.37551823995e-05 -1.15276720563e-05
BPMRA.7R1.B2 259.259 0.00667322453279 -0.0288095009184 -3.59846444784e-05 2.74319139099e-05
BPM.8R1.B2 300.6960106 0.00704017282732 -0.0287220339588 2.0483681766e-05 4.03463099091e-05
BPM.9R1.B2 339.7610212 0.000609544454925 -0.0295659893056 3.59130924036e-05 -2.75255150832e-05
BPM.10R1.B2 380.2240318 -0.0105390298267 -0.0276305649207 -3.58086718991e-05 -2.76612423891e-05
BPM.11R1.B2 433.0047424 0.00596513033131 -0.0289644003722 -1.51190855278e-05 4.26475987969e-05
BPM.12R1.B2 487.7282583 -0.00341795383523 -0.0293740848301 4.18086870105e-05 1.73043403142e-05
BPM.13R1.B2 541.1767742 -0.00485293192273 -0.0291713612977 2.06166453877e-05 -4.02785142327e-05
BPM.14R1.B2 594.6252901 -0.0108025496339 -0.0275286067484 -4.08778151216e-05 -1.94012989192e-05
BPM.15R1.B2 648.073806 -0.00854569604931 -0.0283106048605 -1.89469103183e-05 4.10903740621e-05
BPM.16R1.B2 701.5223219 -0.014234813981 -0.025920828274 4.16390150859e-05 1.77087115436e-05
BPM.17R1.B2 754.9708378 -0.012096741996 -0.0269849606504 1.72456392829e-05 -4.18329177204e-05
BPM.18R1.B2 808.4193537 -0.017434027246 -0.0238866900769 -4.23302548372e-05 -1.59861284212e-05
BPM.19R1.B2 861.8678696 -0.0154494517149 -0.0252157432999 -1.55159870615e-05 4.25048087181e-05
BPM.20R1.B2 915.3163855 -0.0203460570171 -0.0214605972023 4.29501479867e-05 1.42369023695e-05
BPM.21R1.B2 968.7649014 -0.0185479648432 -0.0230324177797 1.37593632423e-05 -4.31055018872e-05
BPM.22R1.B2 1022.213417 -0.022924381015 -0.0186813281866 -4.34978915848e-05 -1.24634303251e-05
BPM.23R1.B2 1075.661933 -0.0213419918311 -0.0204704336246 -1.19806734357e-05 4.36333412251e-05
BPM.24R1.B2 1129.110449 -0.0251077096759 -0.0155989802121 4.39542969083e-05 -7.52400918608e-06
BPM.25R1.B2 1182.558965 -0.0237671173158 -0.017574111739 -8.01126423856e-06 -4.38681012486e-05
BPM.26R1.B2 1236.007481 -0.0268969675692 -0.0122588092237 -4.36088046494e-05 9.32002835092e-06
BPM.27R1.B2 1289.455997 -0.0258199171441 -0.0143894804345 9.8027654904e-06 4.35028396741e-05
BPM.28R1.B2 1342.904513 -0.0282261699737 -0.00872098998869 4.3171593263e-05 -2.92938254825e-05
BPM.29R1.B2 1396.353029 -0.027430399196 -0.0109702114064 -2.97708858038e-05 -4.28439953415e-05
BPM.30R1.B2 1449.801545 -0.029109887618 -0.00503852968291 -4.19343914408e-05 3.10390104919e-05
BPM.31R1.B2 1503.25006 -0.0286083277882 -0.00737129021922 3.1502075737e-05 4.15876527311e-05
BPM.32R1.B2 1556.698576 -0.0295152602518 -0.00127347972266 4.06257502085e-05 -3.27331817396e-05
BPM.33R1.B2 1610.147092 -0.0293162344319 -0.0036511281992 -3.3181764904e-05 -4.02602063684e-05
BPM.34R1.B2 1663.595608 -0.0294356822789 0.00251255789776 -3.92497549707e-05 3.43710574134e-05
BPM.33L2.B2 1717.044124 -0.0295424389218 0.00012900016316 3.48041911407e-05 3.88662146313e-05
BPM.32L2.B2 1770.49264 -0.0288724359946 0.00625737789773 3.78066490264e-05 -3.59523364459e-05
BPM.31L2.B2 1823.941156 -0.0292832429024 0.0039069199421 -3.6369418326e-05 -3.74055961072e-05
BPM.30L2.B2 1877.389672 -0.027834836494 0.00989920278426 -3.63010802017e-05 3.74719191757e-05
BPM.29L2.B2 1930.838188 -0.0285428606679 0.00762085576965 3.7872203639e-05 3.58832926687e-05
BPM.28L2.B2 1984.286704 -0.0263397815037 0.0133786489889 3.47332617294e-05 -3.89296175899e-05
BPM.27L2.B2 2037.73522 -0.027333590743 0.011209244182 -3.93123874383e-05 -3.42994143278e-05
BPM.26L2.B2 2091.183735 -0.0243942297356 0.016634445302 -3.31256695849e-05 2.21277408281e-05
BPM.25L2.B2 2144.632251 -0.0256569343388 0.0146118080847 2.24936389207e-05 3.28782941368e-05
BPM.24L2.B2 2198.080767 -0.0220657827307 0.019618472087 3.21902078805e-05 -2.3467816411e-05
BPM.23L2.B2 2251.529283 -0.0235771387034 0.0177736249822 -2.38234198032e-05 -3.19279102767e-05
BPM.22L2.B2 2304.977799 -0.0193572883934 0.0222762542057 -3.12185499593e-05 6.57511408814e-06
BPM.21L2.B2 2358.426315 -0.0210916719813 0.0206416445131 6.92076619382e-06 3.11437351252e-05
BPM.20L2.B2 2411.874831 -0.0163484304844 0.0245695937242 3.09226438686e-05 -7.84984483329e-06
BPM.19L2.B2 2465.323347 -0.0182780003107 0.0231700414439 -8.19243019486e-06 -3.08336559574e-05
BPM.18L2.B2 2518.771863 -0.0130714968632 0.026458875361 -3.05747329029e-05 9.11132729669e-06
BPM.17L2.B2 2572.220379 -0.0151638419818 0.0253178595486 9.44971400255e-06 3.04718222138e-05
BPM.16L2.B2 2625.668894 -0.00957915977603 0.0279137208815 3.01753722711e-05 -1.03575082445e-05
BPM.15L2.B2 2679.11741 -0.0118007350963 0.0270495613034 -1.06915953314e-05 -3.00585966753e-05
BPM.14L2.B2 2732.565926 -0.00593012207383 0.0289096829374 -2.97252091705e-05 1.15862551498e-05
BPM.13L2.B2 2786.014442 -0.00824347917861 0.0283369223328 1.19150998366e-05 2.95949280474e-05
BPM.12L2.B2 2839.462958 -0.00151876153475 0.0294725207435 2.93939308993e-05 -1.2402680549e-05
BPM.11L2.B2 2892.911474 -0.00712722544826 0.0286380650925 -9.51060503876e-06 -3.04528738552e-05
BPM.10L2.B2 2944.750185 -0.00477983450373 0.0291219727645 -3.16907135415e-05 3.67809176464e-06
BPM.9L2.B2 2983.815195 0.00114898450798 0.0294892514329 -2.84337238346e-06 3.17764914139e-05
BPM.8L2.B2 3024.278206 0.0124938622704 0.0267364829532 2.44563037915e-05 -2.04870330251e-05
BPM.7L2.B2 3063.344216 -0.0182926023482 0.0231585149803 -2.36309951352e-05 -2.14337640497e-05
BPM.6L2.B2 3095.450216 -0.0204343842466 0.0212925351995 -3.08645012181e-05 -8.07537753908e-06
BPMYB.5L2.B2 3167.649216 -0.01440556473 0.0257568596735 -9.8783716647e-06 3.03355813055e-05
BPMYB.4L2.B2 3188.219216 -0.00916165382176 0.0280535241037 9.66303288208e-06 3.04048594776e-05
BPMWB.4L2.B2 3212.610716 -0.014259055829 0.0258382554055 3.01403319332e-05 1.045896909e-05
BPMSX.4L2.B2 3262.843716 0.00048208316005 0.0295076890202 1.20240708603e-06 -3.18807817553e-05
BPMS.2L2.B2 3300.755216 0.000518781794591 0.0295070666265 -1.95793850657e-05 -2.51889047226e-05
BPMSW.1L2.B2 3310.689216 -0.000589688105269 0.0295057347544 -2.54197705973e-05 -1.9278619663e-05
BPMSW.1R2.B2 3353.879216 -0.000589367156463 0.0295057411671 2.31675706263e-05 -2.19338447663e-05
BPMS.2R2.B2 3363.813216 0.000519021956767 0.0295070624017 1.67178326558e-05 -2.71724790047e-05
BPMSX.4R2.B2 3401.724716 0.000482030606998 0.0295076898773 -4.66934346223e-06 -3.1559894182e-05
BPMWB.4R2.B2 3451.881716 -0.0142636378703 0.0258357262359 -2.88644837351e-05 1.35893923003e-05
BPMYB.4R2.B2 3476.349216 -0.00928522139566 0.0280128681011 -6.31409459569e-06 3.12723789188e-05
BPM.5R2.B2 3505.883216 -0.0242391501265 0.0168344799905 2.53901904394e-05 1.9317546859e-05
BPMR.6R2.B2 3579.179216 -0.0264969620755 0.0129941184512 2.07966663523e-05 -2.41935900736e-05
BPM_A.7R2.B2 3592.054216 -0.0259200788642 0.0141097707302 1.61594846739e-05 -2.7508142377e-05
BPM.8R2.B2 3633.493206 -0.0186006813348 0.0229118041467 -1.65849377279e-05 -2.72537972764e-05
BPM.9R2.B2 3672.560195 0.0109193433298 0.0274172219061 -1.8597077383e-05 2.59225486012e-05
BPM.10R2.B2 3713.025185 0.012907441028 0.0265392931683 1.76472761455e-05 2.65782537384e-05
BPM.11R2.B2 3764.865874 0.0148750121863 0.0254886274401 2.81630592921e-05 -1.49891037813e-05
BPM.12R2.B2 3819.592358 0.0132340603348 0.026377940831 -1.74162628018e-05 -2.67301948264e-05
BPM.13R2.B2 3873.043842 0.0206246804074 0.0211082607858 -2.47023356535e-05 2.01897136383e-05
BPM.14R2.B2 3926.495326 0.0188542312909 0.0227036137655 2.04649484541e-05 2.44748023102e-05
BPM.15R2.B2 3979.94681 0.0231559637295 0.0182958317447 2.38490611258e-05 -2.11908445047e-05
BPM.16R2.B2 4033.398294 0.0216035945181 0.0201052435847 -2.14567206257e-05 -2.36101394046e-05
BPM.17R2.B2 4086.849779 0.0253061255633 0.0151834160782 -2.29546766906e-05 2.21565522241e-05
BPM.18R2.B2 4140.301263 0.0239981854555 0.0171762396969 2.24123401729e-05 2.27049942066e-05
BPM.19R2.B2 4193.752747 0.0270406350163 0.0118211748096 2.20216161315e-05 -2.30841567527e-05
BPM.20R2.B2 4247.204231 0.0259982421848 0.013965225334 -2.33294595824e-05 -2.17615738696e-05
BPM.21R2.B2 4300.655715 0.028330666058 0.00826495473293 -2.10506198713e-05 2.39729282483e-05
BPM.22R2.B2 4354.107199 0.0275711968345 0.0105245057154 2.42072464021e-05 2.07807381197e-05
BPM.23R2.B2 4407.558683 0.0291552147369 0.00457269823017 2.00443374126e-05 -2.48204328266e-05
BPM.24R2.B2 4461.010167 0.0285790885552 0.00690375018519 -2.67446211862e-05 9.20259877725e-05
BPM.25R2.B2 4514.461651 0.0293896429218 0.000821558484875 9.27875672076e-05 2.39692572958e-05
BPM.26R2.B2 4567.913135 0.0292274508778 0.00319095353788 2.29306969163e-05 -9.30496692748e-05
BPM.27R2.B2 4621.36462 0.0292532568047 -0.00294500181223 -9.36969349115e-05 -2.01231698758e-05
BPM.28R2.B2 4674.816104 0.0292835591168 -0.00058121601721 -2.07649588393e-05 0.000205699065846
BPM.29R2.B2 4728.267588 0.0285252867483 -0.00664625177349 0.000206229399593 1.45850388314e-05
BPM.30R2.B2 4781.719072 0.0289686048047 -0.00432256665733 1.22840109279e-05 -0.000206379252487
BPM.31R2.B2 4835.170556 0.0274403785322 -0.0102415952284 -0.000206655433607 -6.06844722492e-06
BPM.32R2.B2 4888.62204 0.0281776083112 -0.00799293667687 -3.74289332042e-06 0.000206710634776
BPM.33R2.B2 4942.073524 0.0259053018726 -0.0136667472973 0.000206729871981 -2.45928498304e-06
BPM.34R2.B2 4995.525008 0.0269235780797 -0.0115319378534 -4.76634595137e-06 -0.000206689547391
BPM.33L3.B2 5048.976492 0.023943238054 -0.0168696768956 -0.000206452530439 1.09835028665e-05
BPM.32L3.B2 5102.427976 0.0252271506188 -0.0148813816067 1.33039416271e-05 0.000206316020026
BPM.31L3.B2 5155.87946 0.0215896471458 -0.0197927204412 0.000205824060669 -1.94871082081e-05
BPM.30L3.B2 5209.330945 0.0231160588335 -0.0179864524038 -2.17849600285e-05 -0.000205593546402
BPM.29L3.B2 5262.782429 0.018878664022 -0.0223933180089 -0.000204845067583 2.79604575848e-05
BPM.28L3.B2 5316.233913 0.0206253555275 -0.0207956571424 3.02596759856e-05 0.000204518078936
BPM.27L3.B2 5369.685397 0.0158607570342 -0.0246231808029 0.00020351802627 -3.63826790825e-05
BPM.26L3.B2 5423.136881 0.0176840652608 -0.0232700517136 -4.03634163516e-05 -9.1310859439e-05
BPM.25L3.B2 5476.588365 0.0124687587943 -0.02643390861 -9.00562418208e-05 4.30900369435e-05
BPM.24L3.B2 5530.039849 0.0145623329614 -0.0253408746691 4.40968141066e-05 8.9567542727e-05
BPM.23L3.B2 5583.491333 0.00898580802693 -0.0278114495252 8.82029515616e-05 -4.67666303834e-05
BPM.22L3.B2 5636.942817 0.0110894033333 -0.0270024621802 -4.94553867887e-05 2.41092693084e-05
BPM.21L3.B2 5690.394301 0.00524380006381 -0.0287160302184 2.55841847789e-05 4.87087314936e-05
BPM.20L3.B2 5743.845786 0.00754457928047 -0.0281990630015 4.84191457173e-05 -2.61281156808e-05
BPM.19L3.B2 5797.29727 0.00152683798062 -0.0291509278835 -2.75710726722e-05 -4.76122697124e-05
BPM.18L3.B2 5850.748754 0.00387451813843 -0.0289326103167 -4.73003129296e-05 2.81028655104e-05
BPM.17L3.B2 5904.200238 -0.00221453196337 -0.0291067634588 2.95111378609e-05 4.64347214366e-05
BPM.16L3.B2 5957.651722 0.000142087288508 -0.029190540278 4.61011736479e-05 -3.00295541846e-05
BPM.15L3.B2 6011.103206 -0.00592025108133 -0.0285842344288 -3.14011765112e-05 -4.517807396e-05
BPM.14L3.B2 6064.55469 -0.00359397260801 -0.0289687968551 -4.48235072301e-05 3.19052486285e-05
BPM.13L3.B2 6118.006174 -0.00952791333599 -0.0275921491942 3.32373942129e-05 4.38448350389e-05
BPM.12L3.B2 6171.457658 -0.00301300362186 -0.0290349726958 4.62370472662e-05 -2.98198823561e-05
BPM.11L3.B2 6224.909142 -4.44449960214e-05 -0.0291908522567 -2.77540226593e-05 -4.75058642947e-05
BPM.10L3.B2 6277.691832 0.0118492690464 -0.0266777557805 -4.95750092589e-05 2.38622915014e-05
BPM.9L3.B2 6316.758821 0.00720121879505 -0.0282886952421 -1.37568843434e-05 5.32713729475e-05
BPM.8L3.B2 6357.223811 0.00170957183192 -0.0291407823223 3.54510208337e-05 4.20751142343e-05
BPM.7L3.B2 6396.2898 -0.0106844788857 -0.0271652303714 5.36115088401e-05 -1.23652128164e-05
BPMR.6L3.B2 6468.9288 -0.0279674704057 -0.00836232192859 -3.62296838418e-05 -4.14065316901e-05
BPMWE.5L3.B2 6511.9823 -0.0281376657501 -0.00777043098196 -5.36765874538e-05 -1.20796075654e-05
BPMW.5L3.B2 6539.5273 -0.0244430203507 -0.0159576497803 -5.34599932596e-05 1.30046089064e-05
BPMWE.4L3.B2 6614.6553 -0.0284511738157 -0.0065298192094 -3.14840098369e-06 5.49288506494e-05
BPMW.4L3.B2 6642.2003 -0.0235675082443 0.0172244124909 4.44744177128e-05 3.23900826237e-05
BPMW.4R3.B2 6687.1653 -0.0192413106976 0.0219517605961 5.49906148223e-05 -1.7670248552e-06
BPMWE.4R3.B2 6714.7103 -0.023061635035 0.0178960560145 5.03635373523e-05 -2.21495668952e-05
BPMW.5R3.B2 6789.8383 -0.0193073383793 0.0218937094758 2.50720240002e-06 -5.49618507236e-05
BPMWE.5R3.B2 6817.3833 -0.00898484854922 0.0277737344866 -2.87308932168e-05 -4.69214869958e-05
BPMWC.6R3.B2 6858.3743 -0.00628742435606 0.0285057209228 -5.11279931258e-05 -2.03228731851e-05
BPM.6R3.B2 6870.5288 -0.00931310087161 0.027665393241 -5.43448661181e-05 -8.58641970936e-06
BPM_A.7R3.B2 6926.3528 -0.00869180329669 0.0278668330748 -3.11032552479e-05 4.53836718806e-05
BPM.8R3.B2 6965.418789 -0.0223860953591 0.0187342084287 4.32234908405e-05 3.40414592255e-05
BPM.9R3.B2 7004.485779 -0.0278264607882 -0.00882019893897 2.62524870305e-05 -4.8351848886e-05
BPM.10R3.B2 7044.950768 -0.0286576053825 -0.00555423121209 -1.71662138791e-05 -5.22724759162e-05
BPM.11R3.B2 7097.733458 -0.0289394224927 0.00382330437749 -5.46532564069e-05 6.33341327449e-06
BPM.12R3.B2 7152.459942 -0.026226741488 0.0128166244202 1.80796351349e-05 5.19636184191e-05
BPM.13R3.B2 7205.911426 -0.0278577124875 0.00872099107713 5.06986155058e-05 -2.1371513471e-05
BPM.14R3.B2 7259.36291 -0.0254412029314 0.014312687515 -2.28848621972e-05 -5.00337339402e-05
BPM.15R3.B2 7312.814394 -0.0265134371738 0.0122125132716 -4.97745463981e-05 2.34432700053e-05
BPM.16R3.B2 7366.265878 -0.0234011082542 0.017449812706 2.4927833679e-05 4.90478718237e-05
BPM.17R3.B2 7419.717362 -0.0247331129211 0.0155042237995 4.8765143999e-05 -2.54765093381e-05
BPM.18R3.B2 7473.168846 -0.0209766695433 0.0202999301942 -2.69302417203e-05 -4.79776363123e-05
BPM.19R3.B2 7526.62033 -0.0225467398629 0.01854055964 -4.76732494649e-05 2.74654736214e-05
BPM.20R3.B2 7580.071814 -0.0182072220946 0.0228167678299 2.88852091953e-05 4.68266531058e-05
BPM.21R3.B2 7633.523299 -0.0199893235917 0.0212728647091 4.64997303798e-05 -2.94086020449e-05
BPM.22R3.B2 7686.974783 -0.0151390016755 0.0249583344551 -3.07923924255e-05 -4.55951720952e-05
BPM.23R3.B2 7740.426267 -0.0171041189497 0.023654956058 -4.52476390745e-05 3.13008467051e-05
BPM.24R3.B2 7793.877751 -0.0116544991578 0.0266573875293 3.24561057194e-05 -0.000126436808062
BPM.25R3.B2 7847.329235 -0.0137688505731 0.0256293272384 -0.000126792266725 -3.10384560291e-05
BPM.26R3.B2 7900.780719 -0.00814888084382 0.0279291854884 -2.72167016189e-05 0.000127667203505
BPM.27R3.B2 7954.232203 -0.0103756159787 0.0271806963381 0.000127964280192 2.57838768112e-05
BPM.28R3.B2 8007.683687 -0.00434209067532 0.0287098424327 2.1736050848e-05 -0.000299396970347
BPM.29R3.B2 8061.135171 -0.00664716200474 0.0282652443992 -0.000299621531897 -1.83830698172e-05
BPM.30R3.B2 8114.586655 -0.000633844609617 0.0290294168882 -9.37420547406e-06 0.00030003855169
BPM.31R3.B2 8168.03814 -0.00297275616352 0.0288837588369 0.000300124751001 6.01154653693e-06
BPM.32R3.B2 8221.489624 0.00308503269799 0.0288719825632 -3.00611753178e-06 -0.000300169897675
BPM.33R3.B2 8274.941108 0.000742688583398 0.0290268361602 -0.000300117316277 6.37120386552e-06
BPM.34R3.B2 8328.392592 0.00675331057315 0.0282400708303 1.53892993435e-05 0.000299790225006
BPM.33L4.B2 8381.844076 0.00445382601296 0.0286927209818 0.000299599305549 -1.87422240411e-05
BPM.32L4.B2 8435.29556 0.0103102243852 0.0271442088991 -2.77280136191e-05 -0.000298901592278
BPM.31L4.B2 8488.747044 0.00808406051897 0.0278882909009 -0.000298571333959 3.10829875369e-05
BPM.30L4.B2 8542.198528 0.0136983451915 0.0256020339491 4.00476704358e-05 0.000297501568667
BPM.29L4.B2 8595.650012 0.0115887277138 0.0266234895108 0.000297035782748 -4.33676858793e-05
BPM.28L4.B2 8649.101496 0.0168605584172 0.0236395933407 -5.22619286937e-05 -0.000295600564727
BPM.27L4.B2 8702.55298 0.0148963453797 0.0249240385555 -0.000294993937545 5.55840604325e-05
BPM.26L4.B2 8756.004465 0.0199137856253 0.0212568986631 6.42362246158e-05 0.000122475667832
BPM.25L4.B2 8809.455949 0.0181334004617 0.0227946130969 0.000121750085512 -6.56010493848e-05
BPM.24L4.B2 8862.907433 0.0224691068201 0.0185352053679 -6.92279629302e-05 -0.00011972495844
BPM.23L4.B2 8916.358917 0.0208996017135 0.0202884510787 -0.000118939580454 7.05688275114e-05
BPM.22L4.B2 8969.810401 0.0248235769097 0.0154769069367 7.3925192335e-05 -5.39586312604e-05
BPM.21L4.B2 9023.261885 0.0234931440028 0.0174303414651 -5.47833914074e-05 -7.33160931651e-05
BPM.20L4.B2 9076.713369 0.0265993335898 0.0121745665961 -7.16355802603e-05 5.69632514542e-05
BPM.19L4.B2 9130.164853 0.0255301052826 0.0142813985019 5.77623504612e-05 7.09928186678e-05
BPM.18L4.B2 9183.616337 0.0279383383912 0.00867143971832 6.92271094199e-05 -5.98671521268e-05
BPM.17L4.B2 9237.067821 0.0271472035859 0.0108983464974 -6.06390049299e-05 -6.85520246406e-05
BPM.16L4.B2 9290.519306 0.0288180573417 0.00502634956784 -6.669740379e-05 6.26731514565e-05
BPM.15L4.B2 9343.97079 0.0283183930858 0.00733575026586 6.34164538394e-05 6.59910785522e-05
BPM.14L4.B2 9397.422274 0.0292242865957 0.00129834193271 6.40580324578e-05 -6.53684608823e-05
BPM.13L4.B2 9450.873758 0.0290241450093 0.00365289274603 -6.6082172402e-05 -6.33215249502e-05
BPM.12L4.B2 9504.325242 0.0287590820086 -0.00535348680532 -6.50403759853e-05 6.43911396902e-05
BPM.11L4.B2 9557.776726 0.028932117525 -0.00432171197019 5.2829592278e-05 7.47362202206e-05
BPMC.10L4.B2 9609.617415 0.0281729941721 -0.00787572335084 8.13750622421e-05 -4.18875767772e-05
BPMC.9L4.B2 9648.684405 0.0273158751682 -0.0104684087881 -2.61879791887e-05 -8.76963858784e-05
BPMC.8L4.B2 9689.149394 0.0227476074527 -0.0183926880528 -4.34612904105e-05 8.05455522372e-05
BPMC.7L4.B2 9728.215384 0.0287304177623 0.0055052442781 8.45446187302e-05 3.50524956411e-05
BPMYA.6L4.B2 9824.819384 0.0292278868885 0.00121459742259 5.7475482553e-05 -7.12252708158e-05
BPMYB.5L4.B2 9861.819384 0.0292256516918 0.00126724055933 3.61897726331e-05 -8.40640530628e-05
BPMWA.B5L4.B2 9964.209884 0.025856601491 -0.0136814026504 -5.44847728193e-05 -7.35382881163e-05
BPMWA.A5L4.B2 9973.094884 0.0253537116196 -0.0145922556725 -6.11278974216e-05 -6.81164279272e-05
BPMWA.A5R4.B2 10021.14388 0.023543579358 -0.0173621568394 -8.54179028188e-05 -3.28671814929e-05
BPMWA.B5R4.B2 10030.02888 0.0234356014831 -0.0175076326769 -8.77922562783e-05 -2.58648217964e-05
BPMYA.5R4.B2 10132.49538 0.0259628484603 -0.0134786913164 -7.86838973642e-05 4.67472973362e-05
BPMYB.6R4.B2 10164.05938 0.0256152740951 -0.0141280698706 -6.67541262294e-05 6.26125976495e-05
BPMCA.7R4.B2 10260.57538 0.0289230604487 -0.00438191659753 6.96275516581e-05 5.94009482795e-05
BPMC.8R4.B2 10298.36637 0.0290462677688 0.00347259954969 5.48515338229e-05 -7.32651129602e-05
BPMC.9R4.B2 10337.43336 0.0243551133337 -0.0162041066775 -8.88294937834e-05 -2.20406785722e-05
BPMC.10R4.B2 10377.89835 0.0237023416796 -0.0171447840009 -4.5069442837e-05 7.96568425382e-05
BPM.11R4.B2 10429.73904 0.0166820611592 -0.024030261223 7.52405471799e-05 5.21088129309e-05
BPM.12R4.B2 10484.46553 0.015829946151 -0.0245999476558 5.56369017527e-05 -7.26705294559e-05
BPM.13R4.B2 10537.91701 0.0103290952211 -0.0273688584203 -7.4383012206e-05 -5.33257332415e-05
BPM.14R4.B2 10591.36849 0.0125045528793 -0.0264458082963 -5.24881653e-05 7.49764005695e-05
BPM.15R4.B2 10644.81998 0.00674401962909 -0.0284651158176 7.65192994581e-05 5.02122095029e-05
BPM.16R4.B2 10698.27146 0.00901926462353 -0.0278279982187 4.93523170738e-05 -7.70767023223e-05
BPM.17R4.B2 10751.72295 0.0030460753221 -0.0290940894991 -7.85247433245e-05 -4.70141561381e-05
BPM.18R4.B2 10805.17443 0.00538462533463 -0.0287532681392 -4.6131125766e-05 7.90467503192e-05
BPM.19R4.B2 10858.62591 -0.000699748033959 -0.0292447426302 8.03969162994e-05 4.37356139061e-05
BPM.20R4.B2 10912.0774 0.00166263875535 -0.0292058256365 4.28321329175e-05 -8.08818684607e-05
BPM.21R4.B2 10965.52888 -0.00443630109813 -0.0289147687409 -8.21322171989e-05 -4.03827730555e-05
BPM.22R4.B2 11018.98037 -0.00208776023782 -0.0291785173705 -3.94603115587e-05 8.25793758592e-05
BPM.23R4.B2 11072.43185 -0.00809774849513 -0.0281099820136 8.3727643087e-05 3.6961447496e-05
BPM.24R4.B2 11125.88333 -0.00588987552423 -0.0286775121376 3.46838218485e-05 3.59771350154e-06
BPM.25R4.B2 11179.33482 -0.011714045368 -0.0268304207361 2.55403361265e-06 -3.47762527513e-05
BPM.26R4.B2 11232.7863 -0.00951051802538 -0.0276882715787 -3.48026928454e-05 -2.16434857228e-06
BPM.27R4.B2 11286.23779 -0.015050145968 -0.0251114205603 -1.11784407437e-06 3.48520147899e-05
BPM.28R4.B2 11339.68927 -0.0130612478054 -0.0262502052131 3.35247566199e-05 8.84638036845e-05
BPM.29R4.B2 11393.14075 -0.0182250335468 -0.0229677517463 8.74162321337e-05 -3.61684474102e-05
BPM.30R4.B2 11446.59224 -0.0163123779853 -0.0243634109294 -3.71460912441e-05 -8.70052937625e-05
BPM.31R4.B2 11500.04372 -0.0210141030511 -0.0204469298512 -8.58506385221e-05 3.97419216937e-05
BPM.32R4.B2 11553.49521 -0.0192947629468 -0.0220767205575 4.07007412356e-05 8.54002544458e-05
BPM.33R4.B2 11606.94669 -0.0234566869058 -0.0175912849759 8.41380985879e-05 -4.32496756645e-05
BPM.34R4.B2 11660.39818 -0.0219607136014 -0.0194266962234 -4.41901810979e-05 -8.3647964716e-05
BPM.33L5.B2 11713.84966 -0.0255146754803 -0.0144454422822 -8.2283588156e-05 4.66815076026e-05
BPM.32L5.B2 11767.30114 -0.0242652436142 -0.0164580503347 4.75999544591e-05 8.1755718e-05
BPM.31L5.B2 11820.75263 -0.0271528003375 -0.0110632229139 8.028752868e-05 -5.00366635424e-05
BPM.30L5.B2 11874.20411 -0.0261714640361 -0.0132183182832 -5.09335426031e-05 -7.97215679292e-05
BPM.29L5.B2 11927.6556 -0.0283450829197 -0.0074983826523 -7.81567986717e-05 5.3303553357e-05
BPM.28L5.B2 11981.10708 -0.0276472991708 -0.00976198322208 5.41754705622e-05 7.75549590312e-05
BPM.27L5.B2 12034.55856 -0.0290714008904 -0.00381092089987 7.58907287661e-05 -5.64831893474e-05
BPM.26L5.B2 12088.01005 -0.0287568571819 -0.00615037203096 -5.86680768489e-05 1.24828331351e-05
BPM.25L5.B2 12141.46153 -0.0294071696268 -4.7810602999e-05 1.4239243743e-05 5.82666944568e-05
BPM.24L5.B2 12194.91302 -0.0293073625353 -0.0024212419016 5.81032516224e-05 -1.48921355252e-05
BPM.23L5.B2 12248.3645 -0.0291716724977 0.00371448986676 -1.6631547399e-05 -5.76294641376e-05
BPM.22L5.B2 12301.81598 -0.0294641741369 0.00134247941058 -5.87814337668e-05 0.000105016330787
BPM.21L5.B2 12355.26747 -0.0285438351361 0.00742894907567 0.000106735635228 5.55984891932e-05
BPM.20L5.B2 12408.71895 -0.0290503447071 0.00510071376673 5.4395170419e-05 -0.00010735386086
BPM.19L5.B2 12462.17044 -0.0273591355187 0.0110189614875 -0.000108938891715 -5.11468924451e-05
BPM.18L5.B2 12515.62192 -0.0281591630616 0.00877504103258 -4.99270019277e-05 0.000109503348987
BPM.17L5.B2 12569.07341 -0.0257243833244 0.0144289955038 0.000110954599926 4.66129141723e-05
BPM.16L5.B2 12622.52489 -0.0268051731066 0.0123053850865 4.53631887165e-05 -0.000111471391868
BPM.15L5.B2 12675.97637 -0.0236676865645 0.0176005801404 -0.000112783270449 -4.19954945393e-05
BPM.14L5.B2 12729.42786 -0.0250108424286 0.0156332200744 -4.0732671508e-05 0.0001132454623
BPM.13L5.B2 12782.87934 -0.0212209156217 0.0204844465018 0.000114418690169 3.73101881985e-05
BPM.12L5.B2 12836.33083 -0.0251239716216 0.0154507558831 4.51139302001e-05 -0.000111572496099
BPM.11L5.B2 12889.78231 -0.0263799614697 0.0131923250824 -0.000110346965229 -4.8033655082e-05
BPM.10L5.B2 12942.565 -0.0271744261091 0.0114669252473 -2.91123441031e-05 0.000116773964663
BPM.9L5.B2 12981.63199 -0.0240364105572 0.0170935887309 0.000115166763811 3.4932872111e-05
BPM.8L5.B2 13022.09698 -0.0290571952155 -0.00506154272609 -2.84186080115e-05 -0.000116944722764
BPM.7L5.B2 13061.16497 -0.0284669485846 0.00771833186649 -0.00011891668044 1.85070006031e-05
BPMR.6L5.B2 13098.05897 -0.0273882100654 0.0109464952699 -2.4494542517e-05 0.000117829156216
BPMWT.B6L5.B2 13109.36897 -0.01877156186 0.0227501268998 4.9249249504e-05 0.000109809834688
BPMWT.A6L5.B2 13115.19097 -0.0129922589702 0.0264790674918 7.89542753233e-05 9.08290101402e-05
BPM.5L5.B2 13129.95897 -0.00297689117336 0.0293441293575 0.000112720579216 4.2163463326e-05
BPMYA.4L5.B2 13157.36497 0.00584374292268 0.0289100411202 0.000119574383829 -1.36256736656e-05
BPMWB.4L5.B2 13178.42347 0.00932099768627 0.0279831880039 0.000114595941743 -3.6762158055e-05
BPMWT.B4L5.B2 13178.89297 0.00936336993273 0.027969038456 0.000114479933492 -3.71218513563e-05
BPMWT.A4L5.B2 13180.87497 0.00953146498103 0.0279122013396 0.000113992990939 -3.85912552959e-05
BPMSY.4L5.B2 13271.27947 0.0102675289705 0.0276499124355 9.67664932484e-05 -7.15537489738e-05
BPMS.2L5.B2 13298.06497 0.0106338782924 0.0275110964307 9.18671977729e-05 -7.77429887114e-05
BPMSW.1L5.B2 13308.11897 0.0107884285584 0.0274508582612 8.82385861651e-05 -8.18392116424e-05
BPMSW.1R5.B2 13351.06897 0.0107885448297 0.0274508126915 0.000107361653321 -5.43807025629e-05
BPMS.2R5.B2 13361.12297 0.0106339568301 0.0275110660211 0.000104777082097 -5.92054796319e-05
BPMSY.4R5.B2 13387.90847 0.0102675529572 0.0276499035333 0.00010067148054 -6.59464405736e-05
BPMWB.4R5.B2 13480.76447 0.00932066783823 0.0279832978734 7.42219897333e-05 -9.47353062708e-05
BPMYA.4R5.B2 13501.82097 0.00584355241086 0.0289100796204 5.42495705531e-05 -0.000107427520593
BPMR.5R5.B2 13522.93897 -0.000613494468884 0.0294883609716 1.5715634389e-05 -0.000119317677476
BPM.6R5.B2 13554.83897 -0.0234766311984 0.0178546239361 -0.000106120000472 -5.6764716467e-05
BPMRA.7R5.B2 13588.85297 -0.0292892085447 0.00347592735502 -8.72502612e-05 8.28919514322e-05
BPM.8R5.B2 13630.28998 -0.0293311124822 0.00310252302118 6.5775181434e-05 0.000100783484959
BPM.9R5.B2 13669.35499 -0.0279492866386 0.00942216454619 8.70309122709e-05 -8.31222392732e-05
BPM.10R5.B2 13709.818 -0.0223653716372 0.0192283634398 -0.000102646799247 -6.28277226639e-05
BPM.11R5.B2 13762.59871 -0.0291951919845 0.00419291955898 -2.77003301594e-05 0.000117116957952
BPM.12R5.B2 13817.32223 -0.0264076979128 0.0131367156988 0.000115528495961 3.37172618758e-05
BPM.13R5.B2 13870.77074 -0.02573259581 0.0144143442864 4.29127638971e-05 -0.000112437458071
BPM.14R5.B2 13924.21926 -0.0221806817515 0.0194411204976 -0.000113671444683 -3.95283447112e-05
BPM.15R5.B2 13977.66777 -0.023676951799 0.0175881142225 -3.82685490986e-05 0.000114101735019
BPM.16R5.B2 14031.11629 -0.0195107061004 0.0221194971816 0.000115196398371 3.48350242496e-05
BPM.17R5.B2 14084.56481 -0.0212324168629 0.0204725250796 3.3552482051e-05 -0.00011557645427
BPM.18R5.B2 14138.01332 -0.0165219629375 0.0244328579825 -0.000116528330224 -3.00804508826e-05
BPM.19R5.B2 14191.46184 -0.0184393213397 0.0230202353858 -2.87888251171e-05 0.000116854138645
BPM.20R5.B2 14244.91035 -0.0132595341441 0.0263462438101 0.000117663673688 2.52773826534e-05
BPM.21R5.B2 14298.35887 -0.0153429214854 0.0251899696023 2.39689005817e-05 -0.000117937181548
BPM.22R5.B2 14351.80738 -0.00978182247675 0.0278254516151 -0.000118601407386 -2.04301581427e-05
BPM.23R5.B2 14405.2559 -0.0119947444388 0.0269456103024 -1.91152634049e-05 0.000118820422024
BPM.24R5.B2 14458.70442 -0.00599419418607 0.0288199684777 0.000119188922526 -0.000134304721719
BPM.25R5.B2 14512.15293 -0.0083020281923 0.0282417647395 -0.000135618550708 -0.000117691866861
BPM.26R5.B2 14565.60145 -0.00225989105101 0.029349852464 -0.000113581950709 0.000139078778864
BPM.27R5.B2 14619.04996 -0.00461925072873 0.029072039305 0.000140329508223 0.00011203299587
BPM.28R5.B2 14672.49848 0.00166077945294 0.0293696179437 0.000107635881674 -0.000293470496167
BPM.29R5.B2 14725.947 -0.000717503951635 0.0294077852837 -0.000294646695781 -0.000104373104463
BPM.30R5.B2 14779.39551 0.00540272144966 0.028916141648 -9.55050286156e-05 0.000297639386541
BPM.31R5.B2 14832.84403 0.00305432739849 0.0292575414378 0.000298679120265 9.2201936463e-05
BPM.32R5.B2 14886.29254 0.00905840741971 0.0279871024333 8.32297801353e-05 -0.000301302539782
BPM.33R5.B2 14939.74106 0.00676783488014 0.0286274179384 -0.000302208516857 -7.98775703234e-05
BPM.34R5.B2 14993.18958 0.0125631919602 0.0265988506164 -7.07872208849e-05 0.00030446606151
BPM.33L6.B2 15046.63809 0.0103780149821 0.0275250695225 0.000305230588609 6.7414444939e-05
BPM.32L6.B2 15100.08661 0.0158631504785 0.0247728299534 5.82637328368e-05 -0.000307108699588
BPM.31L6.B2 15153.53512 0.0138103277681 0.025973207225 -0.00030773783262 -5.48437988321e-05
BPM.30L6.B2 15206.98364 0.0189013071635 0.0225404799186 -4.55934901056e-05 0.000309243681085
BPM.29L6.B2 15260.43215 0.01702231782 0.0239911096677 0.000309728473345 4.21744147936e-05
BPM.28L6.B2 15313.88067 0.0216296657197 0.0199371564395 3.29051512031e-05 -0.000310849924055
BPM.27L6.B2 15367.32919 0.0199489513468 0.0216187878162 -0.000311197185743 -2.94401601585e-05
BPM.26L6.B2 15420.7777 0.0241492326071 0.0169794185347 -2.02556938716e-05 0.000162093549982
BPM.25L6.B2 15474.22622 0.0227007881589 0.0188722098767 0.000162307673265 1.84615735327e-05
BPM.24L6.B2 15527.67473 0.0261229018791 0.0137506394701 1.36021316425e-05 -0.000162786965555
BPM.23L6.B2 15581.12325 0.0249276974506 0.0158144234298 -0.000162928178289 -1.17907013708e-05
BPM.22L6.B2 15634.57177 0.0278146674644 0.0102686766681 -7.05687517298e-06 1.33511518772e-05
BPM.21L6.B2 15688.02028 0.0268953221306 0.012479707277 1.34285686923e-05 6.90842092511e-06
BPM.20L6.B2 15741.4688 0.0288997340786 0.00662622181484 6.50351132691e-06 -1.36292620009e-05
BPM.19L6.B2 15794.91731 0.0282707389939 0.0089368206351 -1.37005704036e-05 -6.35193683589e-06
BPM.18L6.B2 15848.36583 0.0295099283075 0.00287499173341 -5.93903682833e-06 1.38845526306e-05
BPM.17L6.B2 15901.81435 0.029181685764 0.00524696694815 1.39495369274e-05 5.78473449769e-06
BPM.16L6.B2 15955.26286 0.0296352573546 -0.000923562517331 5.3647547346e-06 -1.41163799695e-05
BPM.15L6.B2 16008.71138 0.0296131330929 0.00147098424283 -1.41750148199e-05 -5.20784004557e-06
BPM.14L6.B2 16062.15989 0.0292736541622 -0.00470686926499 -4.78123093009e-06 1.43245391804e-05
BPM.13L6.B2 16115.60841 0.0295580152609 -0.00232920160892 1.43766660529e-05 4.6221262495e-06
BPM.12L6.B2 16169.05693 0.0283017878214 -0.00883800047901 4.31954087415e-06 -1.44704428138e-05
BPM.11L6.B2 16222.50544 0.0293929674496 -0.00389293087201 -1.412773323e-05 -5.33477843966e-06
BPM.10L6.B2 16274.34415 0.0282813343908 -0.00890323376413 -7.76687659444e-06 1.29509881669e-05
BPM.9L6.B2 16313.40916 0.0267923159717 -0.0126993405614 9.41908918188e-06 1.18039503815e-05
BPM.8L6.B2 16353.87217 0.0154872271072 -0.0252833392409 7.35518730602e-06 -1.31891618701e-05
BPMYB.5L6.B2 16450.96018 0.0295407447032 -0.00253886758629 -1.39319541542e-05 5.82697027162e-06
BPMYA.4L6.B2 16487.36018 0.0294183904764 -0.00369591001358 -1.22028953911e-05 8.89611523985e-06
BPMSB.B4L6.B2 16518.13068 0.0296476774581 -0.00034156684466 -9.87330355187e-06 1.14267320763e-05
BPMSB.A4L6.B2 16518.76568 0.029648470638 -0.000263884702919 -9.81355615663e-06 1.14780969801e-05
BPMSA.4L6.B2 16615.57568 0.0271261187963 0.0119697587831 4.09271342894e-06 1.453624395e-05
BPMSE.4R6.B2 16707.14568 0.0267502315813 0.0127877502704 1.44448786742e-05 4.40433766518e-06
BPMSA.A4R6.B2 16803.82068 0.0295570906427 0.00234090565343 1.22650094136e-05 -8.81033123917e-06
BPMSA.B4R6.B2 16804.40568 0.0295623042029 0.0022741187716 1.22246200429e-05 -8.86631131935e-06
BPMYB.4R6.B2 16830.96018 0.0296442179212 -0.000567265258952 1.03085297748e-05 -1.10357199044e-05
BPMYA.5R6.B2 16867.36018 0.0296371098945 -0.00086206388414 7.71156991317e-06 -1.29839071779e-05
BPM.8R6.B2 16963.08519 0.0262724896655 -0.0137425519087 -1.39923934524e-05 -5.68030397728e-06
BPM.9R6.B2 17002.1502 0.0099387833962 -0.0279342447635 -4.12441971413e-06 1.45272805787e-05
BPM.10R6.B2 17042.61322 0.00414153087987 -0.0293589708367 1.28294866957e-05 7.96599348622e-06
BPM.11R6.B2 17094.45193 -0.00359410744227 -0.0294310013034 6.25453264848e-06 -1.37453055757e-05
BPM.12R6.B2 17149.17544 0.00274745476454 -0.0295220754456 -1.44667087179e-05 -4.33205098671e-06
BPM.13R6.B2 17202.62396 -0.00348097969924 -0.0294445958742 -3.88133096148e-06 1.45940984916e-05
BPM.14R6.B2 17256.07247 -0.00109338637342 -0.0296294777625 1.46362490623e-05 3.719255238e-06
BPM.15R6.B2 17309.52099 -0.00721890263281 -0.0287574145406 3.27958911217e-06 -1.47409924149e-05
BPM.16R6.B2 17362.96951 -0.00487481208802 -0.0292461562131 -1.4776468522e-05 -3.11592379106e-06
BPM.17R6.B2 17416.41802 -0.0108382488828 -0.0275977138149 -2.67235595607e-06 1.4863077822e-05
BPM.18R6.B2 17469.86654 -0.00857570571255 -0.0283823663149 1.48918319445e-05 2.50732951003e-06
BPM.19R6.B2 17523.31505 -0.0142794802294 -0.0259845702379 2.06054151759e-06 -1.49601754318e-05
BPM.20R6.B2 17576.76357 -0.0121361064805 -0.0270521046417 -1.49821009288e-05 -1.89453742623e-06
BPM.21R6.B2 17630.21209 -0.0174861103589 -0.0239444647298 -1.44537171635e-06 1.50320814358e-05
BPM.22R6.B2 17683.6606 -0.0154967200304 -0.0252775219218 1.50472172769e-05 1.278516016e-06
BPM.23R6.B2 17737.10912 -0.0204054122249 -0.0215109413373 8.27648064806e-07 -1.5078702805e-05
BPM.24R6.B2 17790.55763 -0.0186115822498 -0.0230879861351 -1.521867046e-05 7.9139840833e-06
BPM.25R6.B2 17844.00615 -0.0229978936827 -0.0187227931797 8.36585090844e-06 1.49750312246e-05
BPM.26R6.B2 17897.45466 -0.0214119621125 -0.0205176503589 1.48812879644e-05 -8.53148843205e-06
BPM.27R6.B2 17950.90318 -0.0252039995832 -0.0156270439545 -8.97301371039e-06 -1.4619317657e-05
BPM.28R6.B2 18004.3517 -0.0238693118528 -0.0176105386596 -1.46507128771e-05 1.77089383807e-05
BPM.29R6.B2 18057.80021 -0.0270044042944 -0.0122734375198 1.81394549121e-05 1.41141625394e-05
BPM.30R6.B2 18111.24873 -0.0259258828596 -0.0144126235685 1.39119966972e-05 -1.82949662341e-05
BPM.31R6.B2 18164.69724 -0.028352584958 -0.00871814461147 -1.87030670065e-05 -1.33583076967e-05
BPM.32R6.B2 18218.14576 -0.0275565844259 -0.0109776944257 -1.31502184112e-05 1.8849967515e-05
BPM.33R6.B2 18271.59428 -0.0292348697602 -0.00501971215364 1.92350817775e-05 1.2580171223e-05
BPM.34R6.B2 18325.04279 -0.0287344362583 -0.00736256021884 1.23659462037e-05 -1.93735166517e-05
BPM.33L7.B2 18378.49131 -0.0296368114767 -0.00123875972785 -1.97348701059e-05 -1.17806612303e-05
BPM.32L7.B2 18431.93982 -0.0294401919699 -0.00362632276796 -1.1561255369e-05 1.98641995048e-05
BPM.31L7.B2 18485.38834 -0.0295517903048 0.00256257877735 2.02013179396e-05 1.09615653888e-05
BPM.30L7.B2 18538.83686 -0.0296622052608 0.000169408421413 1.07367052464e-05 -2.03217190968e-05
BPM.29L7.B2 18592.28537 -0.0289812213877 0.00632170285643 -2.06339029877e-05 -1.01238121438e-05
BPM.28L7.B2 18645.73389 -0.0293968440667 0.00396240822737 -9.89452947442e-06 2.07448298082e-05
BPM.27L7.B2 18699.1824 -0.0279344198694 0.00997713920422 2.10316549828e-05 9.26923519191e-06
BPM.26L7.B2 18752.63092 -0.0286570480271 0.00768976822565 8.9036811394e-06 -1.25588312563e-05
BPM.25L7.B2 18806.07943 -0.0264372141249 0.0134696936046 -1.2819649361e-05 -8.52388585237e-06
BPM.24L7.B2 18859.52795 -0.0274379501618 0.0112923791821 -8.38126071924e-06 1.2913350795e-05
BPM.23L7.B2 18912.97647 -0.0244969099085 0.0167409779188 1.31583755911e-05 7.99104955933e-06
BPM.22L7.B2 18966.42498 -0.0257765733124 0.0147089745819 7.71295571623e-06 -4.67181207615e-06
BPM.21L7.B2 19019.8735 -0.0221627165684 0.0197382790186 -4.90050769356e-06 -7.56969686342e-06
BPM.20L7.B2 19073.32201 -0.0236832604992 0.017885436441 -7.51489153539e-06 4.98415293237e-06
BPM.19L7.B2 19126.77053 -0.0194556606093 0.0224112234097 5.20681926837e-06 7.36237541554e-06
BPM.18L7.B2 19180.21905 -0.0212007684319 0.0207680784441 7.30417903136e-06 -5.28814226666e-06
BPM.17L7.B2 19233.66756 -0.0164290743376 0.0247158083279 -5.50435965622e-06 -7.14264870952e-06
BPM.16L7.B2 19287.11608 -0.0183699892696 0.0233094221111 -7.0811701585e-06 5.58322563192e-06
BPM.15L7.B2 19340.56459 -0.013132371217 0.0266144038214 5.79264072614e-06 6.91092698193e-06
BPM.14L7.B2 19394.01311 -0.0152372961661 0.0254678320816 6.84623363441e-06 -5.86893009412e-06
BPM.13L7.B2 19447.46163 -0.00962009065723 0.0280756036517 -6.07117835158e-06 -6.66754290573e-06
BPM.12L7.B2 19500.91014 -0.0124290640401 0.0269500284252 -6.68178190294e-06 6.05552059813e-06
BPM.11L7.B2 19554.35866 -0.00590503084508 0.0290846398578 5.95513012616e-06 6.77139313149e-06
BPM.10L7.B2 19607.13937 -0.00575464011631 0.0291147691433 7.03079173302e-06 -5.64653062744e-06
BPM.9L7.B2 19646.20438 0.00583988038535 0.0290977913623 -2.62319260451e-06 -8.62751900725e-06
BPM.8L7.B2 19686.66739 0.0156015516868 0.0252463314174 -8.87226937236e-06 1.6119408566e-06
BPM.7L7.B2 19725.7314 0.0280108212242 0.00980711777457 8.70573185186e-07 8.97537356666e-06
BPMR.6L7.B2 19760.5494 0.0278878604846 0.0101514975405 6.97265189639e-06 5.71817853116e-06
BPMWC.6L7.B2 19772.7279 0.029042698962 0.00610797034365 8.29582088924e-06 3.53480404395e-06
BPMWE.5L7.B2 19849.7819 0.0221003548306 0.0198080786833 3.14659434799e-06 -8.45070592889e-06
BPMW.5L7.B2 19872.9869 0.0147636268389 0.0257453100053 -8.44762357989e-07 -8.97785134388e-06
BPMWE.4L7.B2 19908.0719 0.0148060958719 0.0257209095834 -4.37393288333e-06 -7.88568579234e-06
BPMW.4L7.B2 19936.1769 0.0237107432721 0.0178489864577 -7.8684246129e-06 -4.40493870993e-06
BPMW.4R7.B2 20052.2239 0.0272131996238 0.011841766376 4.24446629911e-07 9.00750840755e-06
BPMWE.4R7.B2 20080.3289 0.0212629680101 0.0207043921948 4.90831142379e-06 7.56464272294e-06
BPMW.5R7.B2 20115.4139 0.0221895799569 0.019708074642 7.84364624161e-06 4.44890412202e-06
BPMWE.5R7.B2 20138.6189 0.0291550037716 0.00554719927445 8.89371574916e-06 -1.48902760524e-06
BPM.6R7.B2 20217.7584 0.0283421656004 -0.0088038238138 -4.3204156307e-06 -7.91514601855e-06
BPM_A.7R7.B2 20255.7944 0.0296549913722 0.00116925218284 -8.73348804852e-06 -2.24543091217e-06
BPM.8R7.B2 20294.85841 0.0296436948483 0.00142724224602 -6.94679098764e-06 5.74955895883e-06
BPM.9R7.B2 20333.92342 0.0260474792286 -0.0142237298471 5.50501549929e-06 7.14213395449e-06
BPM.10R7.B2 20374.38643 0.0163560706885 -0.0247641801183 7.68490323507e-06 -4.71779946406e-06
BPM.11R7.B2 20427.16714 0.017101166196 -0.0242556339621 -3.63229782458e-06 -8.25359696047e-06
BPM.12R7.B2 20481.89066 0.0137270583271 -0.0263126117012 -8.22713993528e-06 3.69180885916e-06
BPM.13R7.B2 20535.33917 0.0160613494861 -0.0249563362119 3.84453913483e-06 8.15689616612e-06
BPM.14R7.B2 20588.78769 0.0105323302723 -0.0277462733358 8.03820203854e-06 -4.08689097383e-06
BPM.15R7.B2 20642.23621 0.0127369650604 -0.0268058834158 -4.1757708874e-06 -7.99238402213e-06
BPM.16R7.B2 20695.68472 0.00689642032715 -0.0288656379008 -7.86385323747e-06 4.41308802235e-06
BPM.17R7.B2 20749.13324 0.00920342390935 -0.0282149367014 4.5000267569e-06 7.81440400584e-06
BPM.18R7.B2 20802.58175 0.00314738258728 -0.0295106700638 7.6762548475e-06 -4.7318669187e-06
BPM.19R7.B2 20856.03027 0.00551847111877 -0.0291604550832 -4.81672790264e-06 -7.62331253375e-06
BPM.20R7.B2 20909.47879 -0.000653563900705 -0.0296708361712 -7.47576763214e-06 5.04267520055e-06
BPM.21R7.B2 20962.9273 0.00174305049364 -0.0296268027181 5.12527821279e-06 7.41936225794e-06
BPM.22R7.B2 21016.37582 -0.00444357576001 -0.0293434881979 7.26264880507e-06 -5.34502276104e-06
BPM.23R7.B2 21069.82433 -0.00206122422307 -0.0296063678882 -5.42521643938e-06 -7.2029401705e-06
BPM.24R7.B2 21123.27285 -0.00825642310498 -0.0285158035414 -6.94169612012e-06 0.000103682400313
BPM.25R7.B2 21176.72137 -0.00592756642723 -0.0290892339184 0.00010375304915 5.79065255444e-06
BPM.26R7.B2 21230.16988 -0.0118362595702 -0.0272254023437 2.68214802565e-06 -0.000103879884814
BPM.27R7.B2 21283.6184 -0.00960130247813 -0.0280915390141 -0.000103903228678 -1.53106340857e-06
BPM.28R7.B2 21337.06691 -0.0153175039363 -0.0254696849411 1.67054191686e-06 0.000201949037731
BPM.29R7.B2 21390.51543 -0.0132110494549 -0.0266232783546 0.000201917985089 -3.91521763687e-06
BPM.30R7.B2 21443.96394 -0.0184497767891 -0.0233009981327 -9.96183880867e-06 -0.000201710090384
BPM.31R7.B2 21497.41246 -0.0165102070358 -0.0247132321223 -0.000201587616961 1.21916986973e-05
BPM.32R7.B2 21550.86098 -0.0212787641406 -0.0207495777107 1.82124772819e-05 0.000201133057935
BPM.33R7.B2 21604.30949 -0.0195341661806 -0.0223997127068 0.000200917948298 -2.04495319649e-05
BPM.34R7.B2 21657.75801 -0.0237583361158 -0.0178569942103 -2.64598757955e-05 -0.000200215064041
BPM.33L8.B2 21711.20652 -0.0222403826686 -0.0197153786959 -0.000199910594426 2.86698686869e-05
BPM.32L8.B2 21764.65504 -0.0258473040151 -0.0146713208019 3.46324382503e-05 0.000198964287375
BPM.31L8.B2 21818.10356 -0.0245786730183 -0.0167098656659 0.00019856620938 -3.68465224616e-05
BPM.30L8.B2 21871.55207 -0.0275117846821 -0.0112442199387 -4.27793431226e-05 -0.000197373069377
BPM.29L8.B2 21925.00059 -0.0265149115582 -0.0134272202281 -0.000196888935861 4.4955014838e-05
BPM.28L8.B2 21978.4491 -0.0287240720046 -0.00763272327839 5.08201229397e-05 0.000195457211956
BPM.27L8.B2 22031.89762 -0.0280143154455 -0.00992617287879 0.000194878560695 -5.29957131068e-05
BPM.26L8.B2 22085.34614 -0.0295610826564 -0.00387740037218 -5.87092713196e-05 -9.51626897116e-05
BPM.25L8.B2 22138.79465 -0.0291517962362 -0.00625016940175 -9.45079571225e-05 5.97575116359e-05
BPM.24L8.B2 22192.24317 -0.0298142202387 -6.41321936817e-05 6.25582565697e-05 9.26778430769e-05
BPM.23L8.B2 22245.69168 -0.029711802156 -0.00246995019188 9.19759983418e-05 -6.3585637237e-05
BPM.22L8.B2 22299.1402 -0.0296741574974 0.00376851695717 -6.62141878879e-05 8.01565056663e-06
BPM.21L8.B2 22352.58871 -0.0298814860586 0.00136166592644 8.74852843985e-06 6.61213481894e-05
BPM.20L8.B2 22406.03723 -0.0289482520551 0.00753366087505 6.58297341923e-05 -1.07245433477e-05
BPM.19L8.B2 22459.48575 -0.0294618189676 0.0051728682716 -1.14547874754e-05 -6.57066093179e-05
BPM.18L8.B2 22512.93426 -0.0277468469693 0.0111745168315 -6.53346132711e-05 1.34147913501e-05
BPM.17L8.B2 22566.38278 -0.0285580474019 0.00889917255942 1.41377251824e-05 6.51819903587e-05
BPM.16L8.B2 22619.83129 -0.0260892465885 0.0146324487241 6.47294366023e-05 -1.6083180372e-05
BPM.15L8.B2 22673.27981 -0.0271850937188 0.0124791034247 -1.68007310553e-05 -6.45469307371e-05
BPM.14L8.B2 22726.72833 -0.0240034489557 0.0178491395178 -6.40155555848e-05 1.87237294789e-05
BPM.13L8.B2 22780.17684 -0.0253653604813 0.015854205489 1.94318788042e-05 6.38041468168e-05
BPM.12L8.B2 22833.62536 -0.0195168278203 0.022668276837 6.42223060647e-05 -1.80018474249e-05
BPM.11L8.B2 22887.07387 -0.0203984187906 0.0218783420972 -8.17967926018e-06 -6.61941195349e-05
BPM.10L8.B2 22938.91258 -0.0187314174905 0.0233214781211 -6.66597800863e-05 2.24495350779e-06
BPM.9L8.B2 22977.9776 -0.0205366197696 0.0217486687217 -1.01059600018e-05 6.59275348524e-05
BPM.8L8.B2 23018.44061 0.00923379049833 0.0284516160533 6.61413631446e-05 -8.59581091832e-06
BPM.7L8.B2 23057.50662 0.00976713450618 0.0282729628166 4.37509211309e-05 -5.03430788792e-05
BPM.6L8.B2 23089.97562 -0.00836705101462 0.0287184574817 -1.4605150237e-05 -6.50788529197e-05
BPMR.5L8.B2 23150.39462 0.00994977359679 0.0282092068062 6.45397987836e-05 1.68280513343e-05
BPMYB.4L8.B2 23171.16162 0.0146619808264 0.026072661196 6.63072578484e-05 -7.20525774168e-06
BPMWB.4L8.B2 23195.62912 0.013316815772 0.0267846926593 6.30810867785e-05 -2.1664385043e-05
BPMSX.4L8.B2 23245.78612 0.0138536521383 0.0265110102715 5.40512560842e-05 -3.90772497167e-05
BPMS.2L8.B2 23283.69762 0.0135251030069 0.02668012238 4.61143658551e-05 -4.81874832149e-05
BPMSW.1L8.B2 23293.63162 0.0132252872018 0.0268300041046 4.16738010654e-05 -5.20755641052e-05
BPMSW.1R8.B2 23336.82162 0.0132254043674 0.0268299464322 6.27956323475e-05 -2.24785432729e-05
BPMS.2R8.B2 23346.75562 0.0135251822048 0.0266800822563 6.05625792661e-05 -2.79419608216e-05
BPMSX.4R8.B2 23384.66712 0.0138536523152 0.026511010186 5.45277180542e-05 -3.84095964678e-05
BPMWI.4R8.B2 23434.90012 0.0133184669195 0.0267838716771 4.09663619316e-05 -5.26338929919e-05
BPMYB.4R8.B2 23459.29162 0.0146624837799 0.0260723783347 2.83719117331e-05 -6.03622482457e-05
BPMYB.5R8.B2 23479.86862 0.010228148011 0.0281094705079 5.7649249165e-06 -6.64479964068e-05
BPMR.6R8.B2 23563.97662 -0.00809042316946 0.0287976109463 6.18156717385e-05 2.50476729432e-05
BPM_A.7R8.B2 23586.21662 -0.000271676023972 0.0299112610111 6.66903766093e-05 -9.78972738021e-07
BPM.8R8.B2 23627.65561 0.0150826866971 0.0258315680013 2.98800950082e-05 -5.96300993947e-05
BPM.9R8.B2 23666.7226 0.0276955028902 0.0113011708803 -6.42907383914e-05 1.77558160955e-05
BPM.10R8.B2 23707.18758 0.00929345437203 0.0284321833341 4.34512407113e-05 5.06019582688e-05
BPM.11R8.B2 23759.02827 0.0162891254121 0.0250882788699 5.53806094104e-05 -3.71693207511e-05
BPM.12R8.B2 23813.75476 0.0171495313685 0.024508180606 -3.61853000615e-05 -5.60285134035e-05
BPM.13R8.B2 23867.20624 0.0226992505757 0.0194807947909 -5.36646982766e-05 3.96064506579e-05
BPM.14R8.B2 23920.65773 0.0210533196318 0.0212488841067 4.02050901178e-05 5.321766836e-05
BPM.15R8.B2 23974.10921 0.0250052145971 0.0164163511825 5.19864957831e-05 -4.17848381632e-05
BPM.16R8.B2 24027.56069 0.0235984155731 0.0183812982632 -4.23646010997e-05 -5.15151381548e-05
BPM.17R8.B2 24081.01218 0.0268996989299 0.0130829484397 -5.02182502287e-05 4.3894158526e-05
BPM.18R8.B2 24134.46366 0.025756144539 0.0152111262545 4.4454100464e-05 4.97232607249e-05
BPM.19R8.B2 24187.91515 0.0283524227448 0.00953401635955 4.83662354326e-05 -4.59268698602e-05
BPM.20R8.B2 24241.36663 0.0274903295823 0.0117914851778 -4.64658827757e-05 -4.78486293986e-05
BPM.21R8.B2 24294.81811 0.0293390920199 0.00582880970707 -4.64299921769e-05 4.78834440571e-05
BPM.22R8.B2 24348.2696 0.0287729580875 0.00817766629407 4.84006209334e-05 4.58906191935e-05
BPM.23R8.B2 24401.72108 0.0298436968988 0.00202758442001 4.44169125941e-05 -4.97564960737e-05
BPM.24R8.B2 24455.17257 0.0294568215522 0.00442169498087 -5.21630528449e-05 8.18046368665e-05
BPM.25R8.B2 24508.62405 0.0297330898155 -0.00178860075614 8.33345154091e-05 4.96824145766e-05
BPM.26R8.B2 24562.07554 0.0297804467569 0.000617019826377 4.87482541425e-05 -8.38843780049e-05
BPM.27R8.B2 24615.52702 0.0292599550271 -0.00557770152172 -8.53114990887e-05 -4.62053131298e-05
BPM.28R8.B2 24668.9785 0.0294888519433 -0.00320555574724 -4.71484065219e-05 0.000211475089302
BPM.29R8.B2 24722.42999 0.0281814875524 -0.00925590276595 0.000212794450889 4.07823337766e-05
BPM.30R8.B2 24775.88147 0.0288365150998 -0.00695150154226 3.84080237031e-05 -0.000213235791669
BPM.31R8.B2 24829.33296 0.0267653824566 -0.0127860188726 -0.000214294799681 -3.19752985356e-05
BPM.32R8.B2 24882.78444 0.0277102380572 -0.0105835099992 -2.95606952495e-05 0.000214641210354
BPM.33R8.B2 24936.23592 0.0249105876899 -0.0161037448303 0.000215431403521 2.31080888515e-05
BPM.34R8.B2 24989.68741 0.0261287300876 -0.014041276325 2.0703587728e-05 -0.000215675790022
BPM.33L1.B2 25043.13889 0.0226446518627 -0.0191595333759 -0.000216201037826 -1.42053935442e-05
BPM.32L1.B2 25096.59038 0.0241177022802 -0.0172685961902 -1.17726677648e-05 0.000216347137391
BPM.31L1.B2 25150.04186 0.0200091267716 -0.0218975528962 0.000216602959128 5.27647231046e-06
BPM.30L1.B2 25203.49334 0.0217104909746 -0.0202119409834 2.85755926359e-06 -0.000216648379283
BPM.29L1.B2 25256.94483 0.0170415045391 -0.0242786964211 -0.00021663627948 3.6608944117e-06
BPM.28L1.B2 25310.39631 0.0189464504502 -0.0228232335856 6.09474286586e-06 0.000216581469531
BPM.27L1.B2 25363.8478 0.0137978799617 -0.0262580746659 0.000216301043109 -1.25913715806e-05
BPM.26L1.B2 25417.29928 0.0157461100466 -0.0250668541844 -1.69281987149e-05 -9.04924108139e-05
BPM.25L1.B2 25470.75077 0.010199900702 -0.0277893718279 -8.99427182203e-05 1.96404865413e-05
BPM.24L1.B2 25524.20225 0.0124101974427 -0.0268751587979 2.06475933201e-05 8.97168669487e-05
BPM.23L1.B2 25577.65373 0.00656226782694 -0.0288656162566 8.90563176171e-05 -2.33327016369e-05
BPM.22L1.B2 25631.10522 0.00874527263309 -0.028249592469 -2.62439673912e-05 3.68599880496e-05
BPM.21L1.B2 25684.5567 0.00269181087095 -0.029449506318 3.76317949806e-05 2.51247620057e-05
BPM.20L1.B2 25738.00819 0.00505986046414 -0.0291361816334 2.47016446845e-05 -3.791086345e-05
BPM.19L1.B2 25791.45967 -0.00109819356152 -0.0295518736996 -3.86358963531e-05 -2.35514949632e-05
BPM.18L1.B2 25844.91115 0.00129066954898 -0.02954409315 -2.31171178629e-05 3.88973500056e-05
BPM.17L1.B2 25898.36264 -0.00486913779115 -0.0291686606695 3.95742968127e-05 2.19380793432e-05
BPM.16L1.B2 25951.81412 -0.00249911237886 -0.0294664844483 2.14932918601e-05 -3.98176323969e-05
BPM.15L1.B2 26005.26561 -0.00856107840773 -0.0283059570574 -4.04453786622e-05 -2.02873111394e-05
BPM.14L1.B2 26058.71709 -0.00624841067847 -0.0289046126507 -1.98330115229e-05 4.06700961628e-05
BPM.13L1.B2 26112.16857 -0.0121113655117 -0.0269784005065 4.12475864535e-05 1.86021380805e-05
BPM.12L1.B2 26165.62006 -0.00603735890753 -0.0289494311751 2.14041201848e-05 -3.98656373441e-05
BPM.11L1.B2 26219.07154 -0.00348108969316 -0.0293666695823 -3.92889301266e-05 -2.24451308139e-05
BPM.10L1.B2 26271.85423 -0.0015831009309 -0.0295298672475 -1.56331008479e-05 4.24618741791e-05
BPM.9L1.B2 26310.92122 -0.0079561267131 -0.0284819120828 4.16239835788e-05 1.7744006332e-05
BPM.8L1.B2 26351.38621 0.0146479638223 -0.0256896170501 -5.86070935609e-06 -4.48670954472e-05
BPM.7L1.B2 26390.4542 0.00239174964608 -0.0294753931599 -4.52005495681e-05 2.07742672238e-06
BPMR.6L1.B2 26433.6382 -0.00886820557126 -0.0282112424111 1.29681598966e-06 4.52296666828e-05
BPM.5L1.B2 26465.5382 -0.0276079734332 -0.0105980692923 4.27827995762e-05 1.47320906969e-05
BPMYA.4L1.B2 26486.6562 -0.029256294972 -0.00431143549205 4.52476425816e-05 -2.2725316182e-07
BPMWB.4L1.B2 26507.7127 -0.0295635821651 -0.000716853031189 4.43285467181e-05 -9.07658873006e-06
BPMSY.4L1.B2 26600.5687 -0.0295708560217 0.000289380335428 3.908032806e-05 -2.28064609205e-05
BPMS.2L1.B2 26627.3542 -0.0295644034162 0.000682162364578 3.75007759474e-05 -2.53191496444e-05
BPMSW.1L1.B2 26637.4082 -0.0295600989129 0.000848441961295 3.63107876557e-05 -2.69978956571e-05
