BPMSW.1R1.B2 21.475 -0.0249655957642 0.0153643359756 0.000133480383311 2.70716683744e-05
BPMS.2R1.B2 31.529 -0.0250516219698 0.0152236686499 0.000134571971453 2.09750054291e-05
BPMSY.4R1.B2 58.3145 -0.025251638806 0.0148895447121 0.000135658452999 1.21081620858e-05
BPMWB.4R1.B2 151.1705 -0.0257436529205 0.0140217024636 0.000132381534309 -3.20147465154e-05
BPMYA.4R1.B2 172.227 -0.0272595871342 0.0107823334914 0.000123557538323 -5.73004682399e-05
BPMR.5R1.B2 199.635 -0.0292298310656 0.00222728088635 8.40524304441e-05 -0.0001071681256
BPM.6R1.B2 231.535 -0.0155062007332 -0.0248777318759 -9.31085196395e-05 -9.94013166284e-05
BPMRA.7R1.B2 259.259 -0.00853337434067 -0.0280450588675 -0.000135635940275 1.23572835021e-05
BPM.8R1.B2 300.6960106 -0.00817452938406 -0.0281517472549 -1.23374548669e-05 0.000135637773603
BPM.9R1.B2 339.7610212 -0.0141142138269 -0.0256930491176 0.000135603277446 -1.27110630153e-05
BPM.10R1.B2 380.2240318 -0.022730740797 -0.0185110028748 -4.70351376005e-05 -0.00012781827844
BPM.11R1.B2 433.0047424 -0.00921811624405 -0.0278275068555 -0.000106787230493 8.45357936803e-05
BPM.12R1.B2 487.7282583 -0.0174783707713 -0.023534025586 7.88995921088e-05 0.000111016534208
BPM.13R1.B2 541.1767742 -0.0186100807875 -0.0226496953149 0.000117010898563 -6.97012806647e-05
BPM.14R1.B2 594.6252901 -0.0229066179895 -0.0182929127477 -7.31750801353e-05 -0.00011487048689
BPM.15R1.B2 648.073806 -0.0213558866268 -0.020081581386 -0.000114054475314 7.44405281707e-05
BPM.16R1.B2 701.5223219 -0.0250581778429 -0.0152128737723 7.7819355485e-05 0.000111776394078
BPM.17R1.B2 754.9708378 -0.0237486797985 -0.0171855756987 0.000110903527899 -7.90583776356e-05
BPM.18R1.B2 808.4193537 -0.026798514264 -0.0118820637042 -8.23426906127e-05 -0.000108487331683
BPM.19R1.B2 861.8678696 -0.0257523340332 -0.014005752262 -0.000107570904349 8.35363291639e-05
BPM.20R1.B2 915.3163855 -0.0280982066837 -0.00835670898344 8.6717444137e-05 0.000105023358876
BPM.21R1.B2 968.7649014 -0.0273321480754 -0.010597050829 0.000104051419823 -8.78812843197e-05
BPM.22R1.B2 1022.213417 -0.0289363851708 -0.0046935506605 -9.09561602264e-05 -0.000101374526556
BPM.23R1.B2 1075.661933 -0.0284632781764 -0.00701324461951 -0.000100363703981 9.20703016441e-05
BPM.24R1.B2 1129.110449 -0.0292185508282 -0.000968701871584 9.49515653717e-05 1.58747270946e-05
BPM.25R1.B2 1182.558965 -0.029045080506 -0.00332346116528 1.48182518912e-05 -9.51221645235e-05
BPM.26R1.B2 1236.007481 -0.0291024338249 0.00277676811644 -9.5522777078e-05 -1.1966827128e-05
BPM.27R1.B2 1289.455997 -0.029231597195 0.000419310338019 -1.09091906055e-05 9.56493345902e-05
BPM.28R1.B2 1342.904513 -0.0284275813217 0.00646159400977 9.58489062274e-05 -7.36441207061e-05
BPM.29R1.B2 1396.353029 -0.0288563429561 0.00414620886473 -7.47030738866e-05 -9.50258867549e-05
BPM.30R1.B2 1449.801545 -0.0273676200003 0.0100445483919 -9.27507445155e-05 7.75098084587e-05
BPM.31R1.B2 1503.25006 -0.028088830358 0.0078036648809 7.8533254322e-05 9.18858036448e-05
BPM.32R1.B2 1556.698576 -0.025857629287 0.0134633793811 8.94914801656e-05 -8.1251108422e-05
BPM.33R1.B2 1610.147092 -0.0268599757028 0.0113323114292 -8.22387918817e-05 -8.8584704137e-05
BPM.34R1.B2 1663.595608 -0.0239233549283 0.016659911944 -8.60868628638e-05 8.48499734431e-05
BPM.33L2.B2 1717.044124 -0.0251894182127 0.0146755847272 8.57993450144e-05 8.51406982744e-05
BPM.32L2.B2 1770.49264 -0.0215951705135 0.0195838756877 8.25322022554e-05 -8.83114021181e-05
BPM.31L2.B2 1823.941156 -0.0231055973841 0.0177766967395 -8.92212611741e-05 -8.15477714203e-05
BPM.30L2.B2 1877.389672 -0.0189132332421 0.0221848864165 -7.8843733042e-05 9.16194956227e-05
BPM.29L2.B2 1930.838188 -0.0206412039211 0.0205868957756 9.24882894691e-05 7.78227860661e-05
BPM.28L2.B2 1984.286704 -0.0159192348155 0.0244224802139 7.50178992038e-05 -9.47775393466e-05
BPM.27L2.B2 2037.73522 -0.017838927317 0.0230575855069 -9.56035654293e-05 -7.39623631993e-05
BPM.26L2.B2 2091.183735 -0.0125852486503 0.0262421687965 -7.11483366502e-05 1.60910696281e-05
BPM.25L2.B2 2144.632251 -0.0146614137458 0.0251412579888 1.68786192203e-05 7.09656345261e-05
BPM.24L2.B2 2198.080767 -0.00912409332065 0.0276367658789 7.04285978688e-05 -1.89953516504e-05
BPM.23L2.B2 2251.529283 -0.0113251182646 0.0268101026312 -1.97755846342e-05 -7.02135147785e-05
BPM.22L2.B2 2304.977799 -0.00543503386819 0.0285611744487 -6.96702246338e-05 -5.98122498617e-05
BPM.21L2.B2 2358.426315 -0.00772204730979 0.0280294535168 -5.90364262971e-05 7.03288218301e-05
BPM.20L2.B2 2411.874831 -0.00173587880817 0.0290218366743 7.20641594972e-05 5.69052033986e-05
BPM.19L2.B2 2465.323347 -0.00407234561543 0.0287870853033 5.61022826044e-05 -7.26909681801e-05
BPM.18L2.B2 2518.771863 0.00198983580965 0.0290055310682 -7.43372353403e-05 -5.39019352721e-05
BPM.17L2.B2 2572.220379 -0.000357194477416 0.0290715099575 -5.30741795494e-05 7.49304558203e-05
BPM.16L2.B2 2625.668894 0.00568486511187 0.0285124987976 7.64852270698e-05 5.08079978425e-05
BPM.15L2.B2 2679.11741 0.00336524886816 0.0288782856054 4.99569961236e-05 -7.70437700983e-05
BPM.14L2.B2 2732.565926 0.00928449948655 0.0275513765298 -7.85042669142e-05 -4.76289998911e-05
BPM.13L2.B2 2786.014442 0.00703106273286 0.0282107149199 -4.67548511678e-05 7.90280118978e-05
BPM.12L2.B2 2839.462958 0.0133195543104 0.0258431761335 7.97899330243e-05 4.54423968533e-05
BPM.11L2.B2 2892.911474 0.0081314246401 0.0279134414375 5.29251866788e-05 -7.50357685982e-05
BPM.10L2.B2 2944.750185 0.0103691192946 0.0271617680724 -6.38775734169e-05 -6.59628548922e-05
BPM.9L2.B2 2983.815195 0.0155983110575 0.0245351374855 -7.75739971395e-05 4.91295794433e-05
BPM.8L2.B2 3024.278206 0.0238920192908 0.0165665836286 8.96160806209e-05 2.00099875715e-05
BPM.7L2.B2 3063.344216 -0.00409074613496 0.0287844762849 7.60171006051e-06 -9.15076886722e-05
BPM.6L2.B2 3095.450216 -0.00683947664712 0.0282577748368 -3.55798025341e-05 -8.46494010585e-05
BPMYB.5L2.B2 3167.649216 0.000505864159744 0.0290693030655 -8.65971462406e-05 3.05348620874e-05
BPMYB.4L2.B2 3188.219216 0.00610887426028 0.0284246712327 -5.25475628687e-05 7.53007088044e-05
BPMWB.4L2.B2 3212.610716 0.000671518814498 0.029065948148 2.88664297163e-05 8.71674991659e-05
BPMSX.4L2.B2 3262.843716 0.0150404505479 0.0248810194071 7.49404806289e-05 -5.30600242319e-05
BPMS.2L2.B2 3300.755216 0.0150712452262 0.0248623781307 2.32740853319e-05 -8.88243449938e-05
BPMSW.1L2.B2 3310.689216 0.0141268478844 0.0254108726384 -4.523081988e-07 -9.1821779244e-05
BPMSW.1R2.B2 3353.879216 0.0141273124594 0.0254106143597 9.0665431782e-05 1.45334573515e-05
BPMS.2R2.B2 3363.813216 0.0150715764921 0.0248621773225 9.13433853634e-05 -9.3717337057e-06
BPMSX.4R2.B2 3401.724716 0.0150403853162 0.0248810588405 6.39290213847e-05 -6.59129828411e-05
BPMWB.4R2.B2 3451.881716 0.000665932034689 0.0290660766844 -8.15741386785e-05 -4.21556905775e-05
BPMYB.4R2.B2 3476.349216 0.00598342200751 0.0284513433826 -8.24980010032e-05 4.03177731449e-05
BPM.5R2.B2 3505.883216 -0.0122887593389 0.0263489406535 3.12161074532e-07 9.18223620149e-05
BPMR.6R2.B2 3579.179216 -0.0161144088221 0.0241992997342 9.16776813776e-05 5.1616522451e-06
BPM_A.7R2.B2 3592.054216 -0.0150701438636 0.0248630457355 9.11330202403e-05 -1.12346018541e-05
BPM.8R2.B2 3633.493206 -0.00447519694109 0.0287272151747 3.32324364805e-05 -8.55981812399e-05
BPM.9R2.B2 3672.560195 0.0228888442329 0.0179271048343 -9.17773959244e-05 2.89048709656e-06
BPM.10R2.B2 3713.025185 0.0241461007783 0.0161940142301 -2.98279509431e-05 8.68431674203e-05
BPM.11R2.B2 3764.865874 0.0253003870952 0.0143237806823 8.35443809661e-05 3.81022659914e-05
BPM.12R2.B2 3819.592358 0.0243444144641 0.0158943311731 3.0582106997e-05 -8.6580476137e-05
BPM.13R2.B2 3873.043842 0.0280233418588 0.0077441972586 -8.9367200992e-05 -2.10937097002e-05
BPM.14R2.B2 3926.495326 0.0273070489298 0.00998024839219 -2.00898439996e-05 8.95982153381e-05
BPM.15R2.B2 3979.94681 0.0287838774174 0.00409495787247 9.01610594321e-05 1.73903963218e-05
BPM.16R2.B2 4033.398294 0.028359453708 0.00640481575021 1.63813755033e-05 -9.03498279566e-05
BPM.17R2.B2 4086.849779 0.0290712317204 0.000379164149039 -9.08014481587e-05 -1.36579536995e-05
BPM.18R2.B2 4140.301263 0.0289457800862 0.00272435211794 -1.26375280065e-05 9.09490915553e-05
BPM.19R2.B2 4193.752747 0.0288808851637 -0.00334286575835 9.12875099558e-05 9.90115480969e-06
BPM.20R2.B2 4247.204231 0.0290564655572 -0.0010010437981 8.87992196967e-06 -9.13924991217e-05
BPM.21R2.B2 4300.655715 0.028215890481 -0.00701026416878 -9.16181563266e-05 -6.12834353314e-06
BPM.22R2.B2 4354.107199 0.028689675483 -0.00470986199614 -5.09936944586e-06 9.16811961142e-05
BPM.23R2.B2 4407.558683 0.0270873975549 -0.0105618735553 9.17929435898e-05 2.34455070551e-06
BPM.24R2.B2 4461.010167 0.0277136455161 -0.00834965161821 -7.82551616888e-07 4.5892483122e-05
BPM.25R2.B2 4514.461651 0.0253771651942 -0.0139198533385 4.58952716765e-05 -5.96099523537e-07
BPM.26R2.B2 4567.913135 0.0264178210315 -0.0118263080316 -1.10988514939e-06 -4.58857173204e-05
BPM.27R2.B2 4621.36462 0.0233877508733 -0.0170521535195 -4.58316454503e-05 2.48841540837e-06
BPM.28R2.B2 4674.816104 0.0245503476868 -0.0151167721298 9.09214605595e-07 0.000183495554883
BPM.29R2.B2 4728.267588 0.0208786926895 -0.0198825693378 0.000183385627376 -6.41478494588e-06
BPM.30R2.B2 4781.719072 0.0224148057397 -0.0181331975898 -8.46340686348e-06 -0.000183302520904
BPM.31R2.B2 4835.170556 0.0181622646453 -0.0223912597838 -0.000182965012487 1.39730607319e-05
BPM.32R2.B2 4888.62204 0.0199109554565 -0.0208516240005 1.60268498292e-05 0.000182796558658
BPM.33R2.B2 4942.073524 0.0151502536156 -0.0245297000942 0.000182233226156 -2.15055905717e-05
BPM.34R2.B2 4995.525008 0.0170797567387 -0.0232275328348 -2.35421515146e-05 -0.000181981344875
BPM.33L3.B2 5048.976492 0.0118858517321 -0.0262671448758 -0.000181191090262 2.900395842e-05
BPM.32L3.B2 5102.427976 0.0139682251995 -0.0252215197043 3.10351283516e-05 0.000180854250684
BPM.31L3.B2 5155.87946 0.00843003937129 -0.0275711952542 0.00017984107265 -3.64503960456e-05
BPM.30L3.B2 5209.330945 0.0106265995633 -0.0268013386342 -3.84609979698e-05 -0.00017942182986
BPM.29L3.B2 5262.782429 0.00483142788039 -0.0284234705162 -0.000178184567998 4.38372207913e-05
BPM.28L3.B2 5316.233913 0.00711115892579 -0.0279404328931 4.58321021607e-05 0.000177681905101
BPM.27L3.B2 5369.685397 0.00115791692954 -0.0288079086328 0.000176225343423 -5.11475632669e-05
BPM.26L3.B2 5423.136881 0.0033412358662 -0.0286291922261 -5.52175731578e-05 -3.79446829584e-05
BPM.25L3.B2 5476.588365 -0.0026736248476 -0.028699237525 -3.6268563432e-05 5.63326666812e-05
BPM.24L3.B2 5530.039849 -0.00034793982828 -0.0288214059798 5.67354686637e-05 3.56351530235e-05
BPM.23L3.B2 5583.491333 -0.00632262478312 -0.0281215028177 3.39144099123e-05 -5.77805378526e-05
BPM.22L3.B2 5636.942817 -0.00416943282227 -0.0285488795432 -6.02564022265e-05 0.000104431832063
BPM.21L3.B2 5690.394301 -0.0100031884735 -0.0270621306197 0.000106195009645 5.70916983785e-05
BPM.20L3.B2 5743.845786 -0.00778662035487 -0.0277811309503 5.58972622999e-05 -0.000106828535859
BPM.19L3.B2 5797.29727 -0.0133841294753 -0.0255594947321 -0.000108459518915 -5.26627821925e-05
BPM.18L3.B2 5850.748754 -0.0112772173639 -0.0265564881365 -5.14458123803e-05 0.000109042052668
BPM.17L3.B2 5904.200238 -0.0165428796513 -0.0236380165367 0.000110538658151 4.81460966743e-05
BPM.16L3.B2 5957.651722 -0.0145813290668 -0.0248959341282 4.69026299671e-05 -0.000111071975228
BPM.15L3.B2 6011.103206 -0.0194317558264 -0.0213267334474 -0.000112430661216 -4.35452954853e-05
BPM.14L3.B2 6064.55469 -0.0176467883845 -0.0228257213019 -4.22852550467e-05 0.000112910567631
BPM.13L3.B2 6118.006174 -0.0219996718667 -0.0186664707766 0.000114130377655 3.88728347891e-05
BPM.12L3.B2 6171.457658 -0.0171861532293 -0.0231745297748 4.74064141925e-05 -0.000110857895018
BPM.11L3.B2 6224.909142 -0.0147404683741 -0.0248020419518 -0.000108661292945 -5.22451997988e-05
BPM.10L3.B2 6277.691832 -0.00335968876032 -0.0286554564584 -6.07764611278e-05 0.000104130014609
BPM.9L3.B2 6316.758821 -0.00812344366613 -0.0276845147374 4.0338531538e-05 0.000113620613637
BPM.8L3.B2 6357.223811 -0.0132227864292 -0.0256433346666 0.00011598067316 3.29442573272e-05
BPM.7L3.B2 6396.2898 -0.0227684054153 -0.0177206774134 8.22040065121e-05 -8.82005858236e-05
BPMR.6L3.B2 6468.9288 -0.0279960956874 0.00697433285436 -0.000116574995392 -3.07750861815e-05
BPMWE.5L3.B2 6511.9823 -0.0278427313995 0.0075633988203 -0.000112299919574 4.38812992896e-05
BPMW.5L3.B2 6539.5273 -0.0288242120528 -0.00125995737039 -8.1147850306e-05 8.91732311677e-05
BPMWE.4L3.B2 6614.6553 -0.0274843863881 0.00877674189036 6.16380311107e-05 0.000103622360683
BPMW.4L3.B2 6642.2003 -0.0113666460531 0.0265183342361 0.00012049253578 4.28841010219e-06
BPMW.4R3.B2 6687.1653 -0.00530673291092 0.0283595006827 9.77061432941e-05 -7.0642429152e-05
BPMWE.4R3.B2 6714.7103 -0.010598524332 0.026834566798 6.43078519462e-05 -0.000101986967291
BPMW.5R3.B2 6789.8383 -0.0053929074344 0.0283432398103 -6.28437938914e-05 -0.000102895567006
BPMWE.5R3.B2 6817.3833 0.00634705381445 0.0281449391853 -0.000109718427532 -4.99870019085e-05
BPMWC.6R3.B2 6858.3743 0.0090098236772 0.0274088629848 -0.000117779028207 2.57864640299e-05
BPM.6R3.B2 6870.5288 0.00601350870936 0.0282180865116 -0.000109229414417 5.10468088257e-05
BPM_A.7R3.B2 6926.3528 0.00664389976872 0.0280763475053 -8.35901968329e-07 0.000120565923562
BPM.8R3.B2 6965.418789 -0.00960149436555 0.0272072416693 0.000120245664479 8.82167913439e-06
BPM.9R3.B2 7004.485779 -0.0281067296782 0.00651417235593 -1.16147310467e-05 -0.000120008076893
BPM.10R3.B2 7044.950768 -0.0271687014556 0.00971001310244 -9.52770746366e-05 -7.38858454686e-05
BPM.11R3.B2 7097.733458 -0.0226853724298 0.0178268497312 -9.14950338614e-05 7.85206934574e-05
BPM.12R3.B2 7152.459942 -0.0158482523532 0.0241092428439 9.65570912416e-05 7.22050526888e-05
BPM.13R3.B2 7205.911426 -0.0192983608619 0.0214475164329 6.58698369369e-05 -0.000100985174964
BPM.14R3.B2 7259.36291 -0.014427585946 0.0249853448512 -0.000102917488333 -6.28078766077e-05
BPM.15R3.B2 7312.814394 -0.0163968887057 0.0237395184124 -6.16531122041e-05 0.00010361339066
BPM.16R3.B2 7366.265878 -0.0111116056314 0.026626207265 0.000105419315182 5.85116112603e-05
BPM.17R3.B2 7419.717362 -0.0132246962943 0.0256423497558 5.73249355245e-05 -0.000106069289318
BPM.18R3.B2 7473.168846 -0.00761539157279 0.0278285555642 -0.000107743266733 -5.41131389389e-05
BPM.19R3.B2 7526.62033 -0.00983627488191 0.0271232444448 -5.29039993259e-05 0.000108342082006
BPM.20R3.B2 7580.071814 -0.0039914034208 0.0285743134969 0.000109882877659 4.96245173885e-05
BPM.21R3.B2 7633.523299 -0.00628507870962 0.0281588437014 4.83893198455e-05 -0.000110432401205
BPM.22R3.B2 7686.974783 -0.000304654399098 0.0288501278862 -0.000111836143985 -4.50502107474e-05
BPM.23R3.B2 7740.426267 -0.00263173569093 0.0287314576781 -4.37948205262e-05 0.000112333675981
BPM.24R3.B2 7793.877751 0.00359046306276 0.0286134662693 0.00011337337115 -0.000165022002668
BPM.25R3.B2 7847.329235 0.00126745415772 0.0288099884858 -0.000166282490078 -0.000111516417805
BPM.26R3.B2 7900.780719 0.00721999643983 0.0279194113162 -0.000106468488206 0.00016955896744
BPM.27R3.B2 7954.232203 0.00494480030256 0.0284107519558 0.000170740375653 0.000104563359271
BPM.28R3.B2 8007.683687 0.0109341267744 0.0267279896521 9.91750690477e-05 -0.000379228454869
BPM.29R3.B2 8061.135171 0.00873830743089 0.0275242173804 -0.000380318451119 -9.49094254727e-05
BPM.30R3.B2 8114.586655 0.0142625391531 0.0251101679882 -8.34217302334e-05 0.000383002261904
BPM.31R3.B2 8168.03814 0.0121918712428 0.026178212975 0.000383909958056 7.91395471676e-05
BPM.32R3.B2 8221.489624 0.0173583174922 0.0230787645592 6.75930615344e-05 -0.00038611021666
BPM.33R3.B2 8274.941108 0.0154368057038 0.0244058515212 -0.000386846247925 -6.32447762812e-05
BPM.34R3.B2 8328.392592 0.0201676231497 0.0206689993808 -5.15671891099e-05 0.000388575277232
BPM.33L4.B2 8381.844076 0.0184353360384 0.0222278866325 0.000389125984376 4.72322944149e-05
BPM.32L4.B2 8435.29556 0.0226463115569 0.0179188484965 3.55501243879e-05 -0.000390366644863
BPM.31L4.B2 8488.747044 0.0211248426331 0.0196896313565 -0.000390742485509 -3.11484651817e-05
BPM.30L4.B2 8542.198528 0.0247524029805 0.0148747808317 -1.93632791109e-05 0.000391503474221
BPM.29L4.B2 8595.650012 0.0234720204172 0.016822747003 0.000391694736427 1.50050248069e-05
BPM.28L4.B2 8649.101496 0.0264519651343 0.011585944037 3.26358383921e-06 -0.000391968440978
BPM.27L4.B2 8702.55298 0.0254299394172 0.0136842515394 -0.000391980308806 1.16088103824e-06
BPM.26L4.B2 8756.004465 0.0279189562992 0.00806911507877 1.27191955283e-05 0.00018635491798
BPM.25L4.B2 8809.455949 0.0271767628292 0.0102957419122 0.000186201368465 -1.47981009922e-05
BPM.24L4.B2 8862.907433 0.0287218225626 0.004431212931 -2.03784761385e-05 -0.000185673505696
BPM.23L4.B2 8916.358917 0.0282703938564 0.00673524836942 -0.000185432477887 2.246617828e-05
BPM.22L4.B2 8969.810401 0.0292551719352 0.00068232746687 2.78024234366e-05 -2.07654375236e-05
BPM.21L4.B2 9023.261885 0.0291046583986 0.00304130160398 -2.10756003504e-05 -2.75680446565e-05
BPM.20L4.B2 9076.713369 0.0291020800424 -0.00306587558217 -2.69221358861e-05 2.18946463151e-05
BPM.19L4.B2 9130.164853 0.0292545880481 -0.000706918598795 2.21949168231e-05 2.6675146956e-05
BPM.18L4.B2 9183.616337 0.0284707856468 -0.00676350652529 2.59965579175e-05 -2.29860075958e-05
BPM.17L4.B2 9237.067821 0.0289237747586 -0.00444363698144 -2.32758387449e-05 -2.57373805536e-05
BPM.16L4.B2 9290.519306 0.0273715709054 -0.0103502542018 -2.5026210847e-05 2.40388484053e-05
BPM.15L4.B2 9343.97079 0.0281177021648 -0.00810712533054 2.43177182394e-05 2.47553377854e-05
BPM.14L4.B2 9397.422274 0.0258226860365 -0.0137666096708 2.4013830853e-05 -2.50502228279e-05
BPM.13L4.B2 9450.873758 0.0268494849323 -0.0116376893936 -2.53177309482e-05 -2.37316505662e-05
BPM.12L4.B2 9504.325242 0.0220341462194 -0.0192568703584 -2.43908604274e-05 2.46832547777e-05
BPM.11L4.B2 9557.776726 0.022708680916 -0.0184566103984 2.03402284079e-05 2.8115002023e-05
BPMC.10L4.B2 9609.617415 0.0202449587816 -0.0211298911491 3.06771962329e-05 -1.62199949095e-05
BPMC.9L4.B2 9648.684405 0.0181864949205 -0.0229255765038 -1.02944134896e-05 -3.31391300166e-05
BPMC.8L4.B2 9689.149394 0.0102173756112 -0.0274214494778 -1.61424298904e-05 3.07180673729e-05
BPMC.7L4.B2 9728.215384 0.0275401513135 -0.00989296331991 3.21993719994e-05 1.29374912251e-05
BPMYA.6L4.B2 9824.819384 0.0257831280637 -0.0138405550259 2.14937355065e-05 -2.72432825045e-05
BPMYB.5L4.B2 9861.819384 0.0258079999605 -0.0137941215105 1.33700167483e-05 -3.20221278253e-05
BPMWA.B5L4.B2 9964.209884 0.0152936855073 -0.0249486240008 -2.09634589952e-05 -2.76534051571e-05
BPMWA.A5L4.B2 9973.094884 0.0143968080517 -0.0254767064947 -2.34594462591e-05 -2.55701324224e-05
BPMWA.A5R4.B2 10021.14388 0.0114276266315 -0.026939562088 -3.25214820462e-05 -1.2104998956e-05
BPMWA.B5R4.B2 10030.02888 0.0112605718951 -0.0270098162975 -3.33924793867e-05 -9.44033599515e-06
BPMYA.5R4.B2 10132.49538 0.0154884061775 -0.0248282084208 -2.96368191302e-05 1.80508194999e-05
BPMYB.6R4.B2 10164.05938 0.0148584079456 -0.0252102830075 -2.50480199337e-05 2.40160938881e-05
BPMCA.7R4.B2 10260.57538 0.0226702291964 -0.0185038202642 2.66451065881e-05 2.22309777855e-05
BPMC.8R4.B2 10298.36637 0.026776806292 -0.0118039528019 2.04904373597e-05 -2.80057298473e-05
BPMC.9R4.B2 10337.43336 0.0127161385702 -0.0263558432877 -3.37698016906e-05 -7.98618298333e-06
BPMC.10R4.B2 10377.89835 0.0116749518085 -0.0268333031156 -1.67558191018e-05 3.03878238746e-05
BPM.11R4.B2 10429.73904 0.00212345876136 -0.0291859825695 2.87428726762e-05 1.94428799766e-05
BPM.12R4.B2 10484.46553 0.00109971915628 -0.0292424566965 2.07907142782e-05 -2.77835265005e-05
BPM.13R4.B2 10537.91701 -0.00504617131661 -0.0288247603842 -2.84230804911e-05 -1.99074237585e-05
BPM.14R4.B2 10591.36849 -0.0027031326921 -0.0291380117703 -1.95878049232e-05 2.8644280967e-05
BPM.15R4.B2 10644.81998 -0.0086917851861 -0.0279425039239 2.92198451589e-05 1.87184180215e-05
BPM.16R4.B2 10698.27146 -0.00640823883765 -0.0285528480312 1.83897089703e-05 -2.94278070432e-05
BPM.17R4.B2 10751.72295 -0.012195323452 -0.0266008409868 -2.99669745481e-05 -1.74973208365e-05
BPM.18R4.B2 10805.17443 -0.0100084419143 -0.0274983953407 -1.71606615649e-05 3.01610512746e-05
BPM.19R4.B2 10858.62591 -0.015497768951 -0.024822365191 3.06630237092e-05 1.62467321352e-05
BPM.20R4.B2 10912.0774 -0.013443845807 -0.0259921847027 1.59019368414e-05 -3.08432374405e-05
BPM.21R4.B2 10965.52888 -0.0185461392501 -0.0226356218082 -3.13070172145e-05 -1.49681908991e-05
BPM.22R4.B2 11018.98037 -0.0166585913732 -0.0240587196087 -1.46167376594e-05 3.14726492763e-05
BPM.23R4.B2 11072.43185 -0.0212892563185 -0.0200773061099 3.1897642217e-05 1.36645106641e-05
BPM.24R4.B2 11125.88333 -0.0196450911724 -0.0217331504117 1.26072582887e-05 1.38155592994e-05
BPM.25R4.B2 11179.33482 -0.0237281439059 -0.0171823927416 1.34305300069e-05 -1.30166614754e-05
BPM.26R4.B2 11232.7863 -0.0222639811628 -0.0190413911568 -1.31663080364e-05 -1.32838539621e-05
BPM.27R4.B2 11286.23779 -0.0257313380006 -0.014005630244 -1.28823412457e-05 1.35594036252e-05
BPM.28R4.B2 11339.68927 -0.0245627301866 -0.016039928302 1.30033744486e-05 5.85952318685e-05
BPM.29R4.B2 11393.14075 -0.0273569829506 -0.0105925680331 5.81779184524e-05 -1.47586711206e-05
BPM.30R4.B2 11446.59224 -0.0264128737025 -0.0127658574668 -1.54100496441e-05 -5.80087737223e-05
BPM.31R4.B2 11500.04372 -0.0284873519368 -0.00700555442971 -5.75198525745e-05 1.7145062354e-05
BPM.32R4.B2 11553.49521 -0.027828934695 -0.00928210148194 1.7787939766e-05 5.7324321358e-05
BPM.33R4.B2 11606.94669 -0.0291494637128 -0.00330390363882 5.67637271539e-05 -1.95030204089e-05
BPM.34R4.B2 11660.39818 -0.0287877181222 -0.00564573284021 -2.01382302592e-05 -5.65414920532e-05
BPM.33L5.B2 11713.84966 -0.0293326165007 0.000452353001127 -5.59113001129e-05 2.18269329378e-05
BPM.32L5.B2 11767.30114 -0.0292734264887 -0.00191664177512 2.24515433125e-05 5.56634158551e-05
BPM.31L5.B2 11820.75263 -0.02903374317 0.00420104410596 5.49633696608e-05 -2.41146672555e-05
BPM.30L5.B2 11874.20411 -0.0292780952439 0.00184395035725 -2.47293718409e-05 -5.46895384186e-05
BPM.29L5.B2 11927.6556 -0.0282577835358 0.00788065248829 -5.39223663999e-05 2.63603263835e-05
BPM.28L5.B2 11981.10708 -0.0288016354455 0.00557429902728 2.69624466782e-05 5.36238211317e-05
BPM.27L5.B2 12034.55856 -0.0270173989662 0.0114309740271 5.27890726632e-05 -2.85622288787e-05
BPM.26L5.B2 12088.01005 -0.0278977979139 0.00921017804568 -2.98511184288e-05 -6.6005904761e-06
BPM.25L5.B2 12141.46153 -0.0253785751397 0.0148000821814 -5.7009902322e-06 3.00359189839e-05
BPM.24L5.B2 12194.91302 -0.0264902913876 0.0127035023286 3.00979212185e-05 5.36398393595e-06
BPM.23L5.B2 12248.3645 -0.0232767524453 0.0179250468508 4.45712385939e-06 -3.02455246296e-05
BPM.22L5.B2 12301.81598 -0.0246934004787 0.0159851283889 -3.09933526298e-05 4.17481987195e-05
BPM.21L5.B2 12355.26747 -0.0208375638634 0.0207625694246 4.26606071966e-05 2.97249533839e-05
BPM.20L5.B2 12408.71895 -0.0224454474778 0.0190128967804 2.924463947e-05 -4.29912953557e-05
BPM.19L5.B2 12462.17044 -0.0180106702799 0.023257345366 -4.38503973339e-05 -2.79399852292e-05
BPM.18L5.B2 12515.62192 -0.0198289353826 0.0217279009045 -2.74473413994e-05 4.41604296127e-05
BPM.17L5.B2 12569.07341 -0.0148869641741 0.0253705864103 4.49651966909e-05 2.61080816687e-05
BPM.16L5.B2 12622.52489 -0.016886240724 0.0240861626479 2.56022941547e-05 -4.52550931521e-05
BPM.15L5.B2 12675.97637 -0.0115196271066 0.0270663360654 -4.60037645961e-05 -2.42312611214e-05
BPM.14L5.B2 12729.42786 -0.0136664384582 0.0260483553619 -2.37145960413e-05 4.62722247638e-05
BPM.13L5.B2 12782.87934 -0.00796185195673 0.0283177907059 4.69638485309e-05 2.2313589688e-05
BPM.12L5.B2 12836.33083 -0.013855656597 0.0259482010432 2.55010617716e-05 -4.53122071887e-05
BPM.11L5.B2 12889.78231 -0.016073697483 0.0246358398643 -4.46259153689e-05 -2.6683843663e-05
BPM.10L5.B2 12942.565 -0.0176262308842 0.0235500391121 -1.89304835273e-05 4.84266233015e-05
BPM.9L5.B2 12981.63199 -0.0120925641414 0.0268152615066 4.74158456239e-05 2.13363336738e-05
BPM.8L5.B2 13022.09698 -0.0275660877024 0.0102664095614 -5.70954216452e-06 -5.16807644981e-05
BPM.7L5.B2 13061.16497 -0.0206257885999 0.020972963585 -5.19775312836e-05 1.35456957514e-06
BPMR.6L5.B2 13098.05897 -0.0180722357839 0.0232095379244 -1.70101280236e-05 4.91340723472e-05
BPMWT.B6L5.B2 13109.36897 -0.00471255619582 0.0290358428722 1.50313238149e-05 4.97750924791e-05
BPMWT.A6L5.B2 13115.19097 0.00214013777217 0.0293378282621 2.88087987982e-05 4.32845571184e-05
BPM.5L5.B2 13129.95897 0.0122053236518 0.026764125833 4.59678441171e-05 2.42993193775e-05
BPMYA.4L5.B2 13157.36497 0.0195815570807 0.0219511042529 5.19894380577e-05 7.73526664627e-07
BPMWB.4L5.B2 13178.42347 0.022109093269 0.019402998523 5.11356023559e-05 -9.41542608725e-06
BPMWT.B4L5.B2 13178.89297 0.0221384558432 0.0193694896647 5.11057942668e-05 -9.5759338667e-06
BPMWT.A4L5.B2 13180.87497 0.0222545856445 0.0192359500641 5.09783856219e-05 -1.02325062148e-05
BPMSY.4L5.B2 13271.27947 0.0227564044727 0.0186395926026 4.54197176628e-05 -2.53090731668e-05
BPMS.2L5.B2 13298.06497 0.0230019902819 0.0183356706549 4.36631053404e-05 -2.82315402831e-05
BPMSW.1L5.B2 13308.11897 0.0231047552849 0.0182060065579 4.23351420345e-05 -3.01880007305e-05
BPMSW.1R5.B2 13351.06897 0.0231047694144 0.0182059875027 4.90097367438e-05 -1.73647202435e-05
BPMS.2R5.B2 13361.12297 0.0230020000661 0.018335657546 4.81692581739e-05 -1.95752258824e-05
BPMSY.4R5.B2 13387.90847 0.0227564077889 0.0186395885572 4.67829698995e-05 -2.26905074199e-05
BPMWB.4R5.B2 13480.76447 0.022109004427 0.0194030997594 3.70416263733e-05 -3.64886102077e-05
BPMYA.4R5.B2 13501.82097 0.0195816685532 0.0219510048769 2.91856481863e-05 -4.30313952336e-05
BPMR.5R5.B2 13522.93897 0.014313269099 0.0256986125072 1.33321395821e-05 -5.02568899787e-05
BPM.6R5.B2 13554.83897 -0.0112272616313 0.0271889123217 -4.23318523503e-05 -3.01912995844e-05
BPMRA.7R5.B2 13588.85297 -0.0234690004686 0.0177339892436 -4.19687484376e-05 3.06940460067e-05
BPM.8R5.B2 13630.28998 -0.0236929079552 0.0174337164496 2.26115159697e-05 4.68211431485e-05
BPM.9R5.B2 13669.35499 -0.0193224526494 0.0221795216506 4.1888354807e-05 -3.0803669762e-05
BPM.10R5.B2 13709.818 -0.00957902096312 0.0278124201494 -4.0508314459e-05 -3.25971823874e-05
BPM.11R5.B2 13762.59871 -0.0230271528998 0.0183040593081 -1.83444358352e-05 4.8651637037e-05
BPM.12R5.B2 13817.32223 -0.016125683681 0.0246018430794 4.76380478937e-05 2.08354722646e-05
BPM.13R5.B2 13870.77074 -0.0149013079361 0.0253621643093 2.46057563459e-05 -4.5804555501e-05
BPM.14R5.B2 13924.21926 -0.00931290856453 0.0279026538325 -4.65207975893e-05 -2.32232158227e-05
BPM.15R5.B2 13977.66777 -0.0115340348473 0.0270601995065 -2.27061165346e-05 4.67753503716e-05
BPM.16R5.B2 14031.11629 -0.00566646310384 0.0288648497825 4.74339391521e-05 2.12960484031e-05
BPM.17R5.B2 14084.56481 -0.00797753680062 0.0283133760474 2.07685764305e-05 -4.76672561197e-05
BPM.18R5.B2 14138.01332 -0.00192820230635 0.0293525193568 -4.82674011144e-05 -1.93328361249e-05
BPM.19R5.B2 14191.46184 -0.00429036793395 0.0291012216154 -1.87964025072e-05 4.84788168598e-05
BPM.20R5.B2 14244.91035 0.00184307190567 0.029357987716 4.90195844796e-05 1.7337219951e-05
BPM.21R5.B2 14298.35887 -0.00053232239471 0.0294109671684 1.67925852282e-05 -4.92088274015e-05
BPM.22R5.B2 14351.80738 0.0055827342911 0.0288811605483 -4.96893619786e-05 -1.53123968258e-05
BPM.23R5.B2 14405.2559 0.00323412764553 0.0292374550088 -1.47602967513e-05 4.9856132575e-05
BPM.24R5.B2 14458.70442 0.00928950645615 0.0279186352017 5.02179067697e-05 -4.57160057363e-05
BPM.25R5.B2 14512.15293 0.00700559777476 0.0285773812807 -4.6270117499e-05 -4.9707824841e-05
BPM.26R5.B2 14565.60145 0.0127839854521 0.0265012233019 -4.83004335356e-05 4.77374040056e-05
BPM.27R5.B2 14619.04996 0.0106042671175 0.0274462135779 4.8270090371e-05 4.77680805239e-05
BPM.28R5.B2 14672.49848 0.0161270872511 0.0246371016673 4.62464730737e-05 -0.000108655960704
BPM.29R5.B2 14725.947 0.0140855122726 0.0258586168492 -0.000109162544371 -4.50376807712e-05
BPM.30R5.B2 14779.39551 0.0191458256187 0.022372015615 -4.17481011898e-05 0.00011046243362
BPM.31R5.B2 14832.84403 0.0172786739348 0.0238435976555 0.00011091816477 4.05217956217e-05
BPM.32R5.B2 14886.29254 0.0218505800285 0.0197388417524 3.71873276402e-05 -0.000112080141558
BPM.33R5.B2 14939.74106 0.0201859079344 0.02143825651 -0.000112486161415 -3.59405073981e-05
BPM.34R5.B2 14993.18958 0.0241959104879 0.016781764989 -3.25548512636e-05 0.000113512269024
BPM.33L6.B2 15046.63809 0.0227631219282 0.0186791327777 0.000113865794322 3.12959118716e-05
BPM.32L6.B2 15100.08661 0.0261439186392 0.0135486250125 2.7877932604e-05 -0.000114750496844
BPM.31L6.B2 15153.53512 0.0249650524876 0.0156146045767 -0.000115053121131 -2.66014204936e-05
BPM.30L6.B2 15206.98364 0.0276622390131 0.0100930795471 -2.31427213796e-05 0.000115798392115
BPM.29L6.B2 15260.43215 0.0267576751722 0.0122921333002 0.000116047448222 2.18596494748e-05
BPM.28L6.B2 15313.88067 0.0287260884874 0.00647159655056 1.83808268274e-05 -0.000116649053883
BPM.27L6.B2 15367.32919 0.0281100889423 0.00876884378545 -0.000116846119116 -1.70832951591e-05
BPM.26L6.B2 15420.7777 0.0293760522525 0.00273285271353 -1.36358811927e-05 5.83280213326e-05
BPM.25L6.B2 15474.22622 0.0290597145144 0.00509449921923 5.84754947529e-05 1.29888849342e-05
BPM.24L6.B2 15527.67473 0.0294843016677 -0.00104732284452 1.12341478162e-05 -5.88378162692e-05
BPM.23L6.B2 15581.12325 0.0294726597827 0.0013353857646 -5.89589178553e-05 -1.05802185501e-05
BPM.22L6.B2 15634.57177 0.0291662290792 -0.00482147955268 -8.8691126645e-06 2.69549979386e-07
BPM.21L6.B2 15688.02028 0.0294601951963 -0.00245203644582 3.6789468743e-07 8.86557212874e-06
BPM.20L6.B2 15741.4688 0.0283098738063 -0.00851273333041 8.85060130142e-06 -6.33030828417e-07
BPM.19L6.B2 15794.91731 0.0289044905855 -0.00620048446797 -7.31130142564e-07 -8.84303348428e-06
BPM.18L6.B2 15848.36583 0.0269883201976 -0.0120642511855 -8.81717843909e-06 9.95439322079e-07
BPM.17L6.B2 15901.81435 0.0278738871257 -0.00984692845539 1.09317616113e-06 8.8056049002e-06
BPM.16L6.B2 15955.26286 0.0252233883061 -0.0154174014082 8.76895673665e-06 -1.35619853608e-06
BPM.15L6.B2 16008.71138 0.0263852423871 -0.0133317128425 -1.453362183e-06 -8.75338243982e-06
BPM.14L6.B2 16062.15989 0.0230439274198 -0.0185173700404 -8.70595699949e-06 1.71466617868e-06
BPM.13L6.B2 16115.60841 0.0244631360143 -0.0165973057825 1.8110943062e-06 8.68640257829e-06
BPM.12L6.B2 16169.05693 0.0201642618963 -0.0216175420923 8.64649403537e-06 -1.99294196923e-06
BPM.11L6.B2 16222.50544 0.0235487950071 -0.0178709215749 -1.37476116901e-06 -8.76604709249e-06
BPM.10L6.B2 16274.34415 0.0201142775457 -0.0216640583073 -8.87073181164e-06 -2.09326449607e-07
BPM.9L6.B2 16313.40916 0.016951685991 -0.0242189166774 -3.29688696184e-06 8.23798593715e-06
BPM.8L6.B2 16353.87217 0.000949016031487 -0.0295468264336 8.87293679933e-06 -7.01860868222e-08
BPMYB.5L6.B2 16450.96018 0.0243446974702 -0.0167705482615 -7.02037226521e-06 -5.42655732703e-06
BPMYA.4L6.B2 16487.36018 0.0236679797304 -0.0177127727081 -8.08664706158e-06 -3.6524932519e-06
BPMSB.B4L6.B2 16518.13068 0.0255211451324 -0.0149193409654 -8.7033552891e-06 -1.7278571649e-06
BPMSB.A4L6.B2 16518.76568 0.0255601482519 -0.0148524208384 -8.71224933676e-06 -1.6824154999e-06
BPMSA.4L6.B2 16615.57568 0.0294086493051 -0.00300781148618 -6.23865201027e-06 6.30975482762e-06
BPMSE.4R6.B2 16707.14568 0.0294864124179 -0.0021135435463 1.94218399905e-06 8.65803882614e-06
BPMSA.A4R6.B2 16803.82068 0.0267658129584 -0.0125501729158 8.06080583884e-06 3.70906278715e-06
BPMSA.B4R6.B2 16804.40568 0.0267373888961 -0.0126106153186 8.07767518664e-06 3.67219521279e-06
BPMYB.4R6.B2 16830.96018 0.0254068963805 -0.0151130804271 8.62988882735e-06 2.06364227026e-06
BPMYA.5R6.B2 16867.36018 0.0252553300235 -0.0153650215999 8.87152527142e-06 1.71554171044e-07
BPM.8R6.B2 16963.08519 0.0159867409234 -0.0248664371904 -1.15897239514e-06 -8.79718914019e-06
BPM.9R6.B2 17002.1502 -0.00516628196545 -0.029107131677 -8.61891590143e-06 2.10906808715e-06
BPM.10R6.B2 17042.61322 -0.0108923699116 -0.0274822099048 -3.46322104188e-07 8.86644578058e-06
BPM.11R6.B2 17094.45193 -0.0176307336493 -0.0237291553811 8.83761860869e-06 -7.93893872379e-07
BPM.12R6.B2 17149.17544 -0.0121806136254 -0.0269360025879 -1.98544684423e-06 -8.64822121069e-06
BPM.13R6.B2 17202.62396 -0.0175394160894 -0.0237967322662 -8.58249796852e-06 2.25265435593e-06
BPM.14R6.B2 17256.07247 -0.0155618371454 -0.0251345341802 2.34769066586e-06 8.55699120186e-06
BPM.15R6.B2 17309.52099 -0.0204393630696 -0.0213576220913 8.48289367284e-06 -2.60275313034e-06
BPM.16R6.B2 17362.96951 -0.018649203716 -0.0229373665541 -2.69667714215e-06 -8.45349957113e-06
BPM.17R6.B2 17416.41802 -0.0230035204104 -0.0185675424539 -8.36903156172e-06 2.94841278627e-06
BPM.18R6.B2 17469.86654 -0.021430120906 -0.0203633371947 3.04105377983e-06 8.33580731612e-06
BPM.19R6.B2 17523.31505 -0.0251896761693 -0.0154724205875 8.24106019017e-06 -3.28915517837e-06
BPM.20R6.B2 17576.76357 -0.023858930783 -0.0174547130043 -3.38034421253e-06 -8.20409278904e-06
BPM.21R6.B2 17630.21209 -0.0269619606963 -0.0121230466301 -8.09926877803e-06 3.62432297834e-06
BPM.22R6.B2 17683.6606 -0.0258957232229 -0.0142592812792 3.71392975243e-06 8.05856569253e-06
BPM.23R6.B2 17737.10912 -0.0282912294816 -0.00857449226635 7.9438168384e-06 -3.95343631581e-06
BPM.24R6.B2 17790.55763 -0.0274248435481 -0.0108241546903 -2.78170719867e-06 -9.00287372567e-05
BPM.25R6.B2 17844.00615 -0.0290741597198 -0.00489669325681 -8.9905283635e-05 5.4727459895e-06
BPM.26R6.B2 17897.45466 -0.0285841660075 -0.0072270202773 6.4678322087e-06 8.98391910133e-05
BPM.27R6.B2 17950.90318 -0.029461681083 -0.001137416459 8.9605189377e-05 -9.15547093874e-06
BPM.28R6.B2 18004.3517 -0.029191555568 -0.00350597695477 -8.89369855961e-06 -0.000171622400012
BPM.29R6.B2 18057.80021 -0.0292835993044 0.00262861230726 -0.000171279986424 1.40183111125e-05
BPM.30R6.B2 18111.24873 -0.0294002161982 0.000257056971694 1.59107887707e-05 0.000171114554452
BPM.31R6.B2 18164.69724 -0.0287066913037 0.00635331923317 0.000170560851504 -2.10319806707e-05
BPM.32R6.B2 18218.14576 -0.0291258105442 0.00401571299506 -2.29279428289e-05 -0.000170316354437
BPM.33R6.B2 18271.59428 -0.0276583599994 0.00997265826795 -0.000169555180297 2.80069211235e-05
BPM.34R6.B2 18325.04279 -0.0283728019102 0.00770862519482 2.98802151159e-05 0.000169235111075
BPM.33L7.B2 18378.49131 -0.0261550178416 0.0134295879495 0.000168263553214 -3.49388407619e-05
BPM.32L7.B2 18431.93982 -0.0271537094446 0.0112745223684 -3.68075117752e-05 -0.000167864700446
BPM.31L7.B2 18485.38834 -0.0242228960917 0.0166640360064 -0.000166689831475 4.18073120204e-05
BPM.30L7.B2 18538.83686 -0.0254882391273 0.0146556629892 4.36490478428e-05 0.000166217053671
BPM.29L7.B2 18592.28537 -0.0218913145863 0.0196267454319 0.000164834370792 -4.86104530375e-05
BPM.28L7.B2 18645.73389 -0.0234043564687 0.017795361442 -5.04390851469e-05 -0.000164284037032
BPM.27L7.B2 18699.1824 -0.0192020175992 0.0222647998127 -0.000162703099209 5.53267011409e-05
BPM.26L7.B2 18752.63092 -0.0208535028143 0.0206481789533 5.83879026843e-05 7.99512622115e-05
BPM.25L7.B2 18806.07943 -0.0161140927737 0.0245265547551 7.81669235963e-05 -6.07559107639e-05
BPM.24L7.B2 18859.52795 -0.0180414081119 0.0231457008582 -6.16193484543e-05 -7.74880876206e-05
BPM.23L7.B2 18912.97647 -0.0128450736289 0.026385980325 -7.56104514996e-05 6.39093896452e-05
BPM.22L7.B2 18966.42498 -0.0148501318182 0.0252686020011 6.60046428958e-05 -7.22884086987e-06
BPM.21L7.B2 19019.8735 -0.00928308621793 0.0278002332979 -9.20106771176e-06 -6.5758734584e-05
BPM.20L7.B2 19073.32201 -0.0114965622997 0.0269602988941 -6.56527027789e-05 9.92942604052e-06
BPM.19L7.B2 19126.77053 -0.00565045775807 0.0287593634981 1.18896070323e-05 6.53261663567e-05
BPM.18L7.B2 19180.21905 -0.00795252002867 0.0282096807268 6.51902443283e-05 -1.26135115123e-05
BPM.17L7.B2 19233.66756 -0.00192536662424 0.0292458821868 -1.45586836141e-05 -6.4783598309e-05
BPM.16L7.B2 19287.11608 -0.00427950213993 0.0289950775589 -6.46181731131e-05 1.52762249091e-05
BPM.15L7.B2 19340.56459 0.00183181878602 0.0292518905585 1.72032709708e-05 6.4132031016e-05
BPM.14L7.B2 19394.01311 -0.000534415485654 0.0293043181409 6.39373396924e-05 -1.79132872301e-05
BPM.13L7.B2 19447.46163 0.0055583820518 0.0287773009584 -1.98184163671e-05 -6.33727067644e-05
BPM.12L7.B2 19500.91014 0.00259873480536 0.0291937534256 -6.34189545877e-05 1.96700019876e-05
BPM.11L7.B2 19554.35866 0.00923673015376 0.0278156696474 1.87218725187e-05 6.37052782427e-05
BPM.10L7.B2 19607.13937 0.00938064540254 0.0277674657278 6.44785775079e-05 -1.58551372882e-05
BPM.9L7.B2 19646.20438 0.0193036767617 0.0220544037304 9.28934408409e-06 -6.57463193367e-05
BPM.8L7.B2 19686.66739 0.025772297185 0.0139576989076 -6.42387597991e-05 -1.68003975494e-05
BPM.7L7.B2 19725.7314 0.0288137073608 -0.00536646341685 -2.20690486012e-05 6.26244955569e-05
BPMR.6L7.B2 19760.5494 0.0288776599353 -0.00501092984737 2.87869968939e-05 5.9834600642e-05
BPMWC.6L7.B2 19772.7279 0.0278795522318 -0.00904208099591 4.44027275408e-05 4.93686940619e-05
BPMWE.5L7.B2 19849.7819 0.0286662846904 0.00610514401975 4.7259039113e-05 -4.66417596988e-05
BPMW.5L7.B2 19872.9869 0.0252998871615 0.0147967688818 2.22505646728e-05 -6.256021605e-05
BPMWE.4L7.B2 19908.0719 0.0253242426853 0.014755046394 -4.70293417637e-06 -6.6232575006e-05
BPMW.4L7.B2 19936.1769 0.0290828402277 0.00363552823346 -3.88451710515e-05 -5.38509348189e-05
BPMW.4R7.B2 20052.2239 0.0291304909748 -0.00323158735411 -2.51472203346e-05 6.14531362372e-05
BPMWE.4R7.B2 20080.3289 0.0283895116866 0.0072845238378 9.26951773244e-06 6.57491029355e-05
BPMW.5R7.B2 20115.4139 0.028693554839 0.00597566496718 3.85445364075e-05 5.40665241711e-05
BPMWE.5R7.B2 20138.6189 0.0277001602654 -0.00957756660473 6.40002913158e-05 1.76870668677e-05
BPM.6R7.B2 20217.7584 0.0199504364761 -0.0214711142182 -4.25448080672e-06 -6.62628835768e-05
BPM_A.7R7.B2 20255.7944 0.0259765654867 -0.0135737506769 -5.13290756084e-05 -4.21212073319e-05
BPM.8R7.B2 20294.85841 0.0260936685767 -0.0133472514662 -6.42377450274e-05 1.68042271914e-05
BPM.9R7.B2 20333.92342 0.0153210835089 -0.0249858572291 1.45650692229e-05 6.47821735184e-05
BPM.10R7.B2 20374.38643 0.00183942016401 -0.0292514135525 6.59602694863e-05 -7.62325393783e-06
BPM.11R7.B2 20427.16714 0.00272721369653 -0.0291820315717 1.3902966977e-06 -6.63847662626e-05
BPM.12R7.B2 20481.89066 -0.00117443285852 -0.0292856512445 -6.63930719983e-05 -9.10890225066e-07
BPM.13R7.B2 20535.33917 0.00149207018022 -0.0292711869898 3.26881142378e-07 6.63985252745e-05
BPM.14R7.B2 20588.78769 -0.00461479454029 -0.0289436060817 6.63589939613e-05 -2.31371989438e-06
BPM.15R7.B2 20642.23621 -0.00226453750042 -0.0292215764656 -3.0496319716e-06 -6.63292634091e-05
BPM.16R7.B2 20695.68472 -0.00828018542312 -0.0281152483737 -6.62083076212e-05 5.03300087988e-06
BPM.17R7.B2 20749.13324 -0.00598385793153 -0.0286918473681 5.76669535598e-06 6.61484336345e-05
BPM.18R7.B2 20802.58175 -0.0118078768772 -0.026825411545 6.59462102991e-05 -7.74402217097e-06
BPM.19R7.B2 20856.03027 -0.00960505635775 -0.0276906401881 -8.47520815917e-06 -6.58562235318e-05
BPM.20R7.B2 20909.47879 -0.0151430342325 -0.0250941661728 -6.55731721993e-05 1.0441706246e-05
BPM.21R7.B2 20962.9273 -0.0130681903476 -0.0262345394997 1.11678492106e-05 6.5453412832e-05
BPM.22R7.B2 21016.37582 -0.0182281039408 -0.022951359181 6.50897531406e-05 -1.31222734646e-05
BPM.23R7.B2 21069.82433 -0.0163168743296 -0.0243472436507 -1.3843749955e-05 -6.49401360635e-05
BPM.24R7.B2 21123.27285 -0.0210815313666 -0.0204182008298 -6.44320549738e-05 8.39755303648e-05
BPM.25R7.B2 21176.72137 -0.019364517263 -0.0220533299292 8.46851745281e-05 6.34964681996e-05
BPM.26R7.B2 21230.16988 -0.0235199109188 -0.0175541357256 6.09313606362e-05 -8.65491098273e-05
BPM.27R7.B2 21283.6184 -0.0220270320213 -0.0193944257468 -8.7219154301e-05 -5.99683037433e-05
BPM.28R7.B2 21337.06691 -0.0256393936389 -0.014388474898 -5.72715009678e-05 0.000157171018527
BPM.29R7.B2 21390.51543 -0.0243942185175 -0.016411240596 0.000157797657831 5.55216187396e-05
BPM.30R7.B2 21443.96394 -0.0272692165137 -0.010990748249 5.07671013898e-05 -0.000159390865615
BPM.31R7.B2 21497.41246 -0.0262936143311 -0.0131549443567 -0.000159942866645 -4.9000276541e-05
BPM.32R7.B2 21550.86098 -0.0284511593943 -0.00741203377114 -4.41996042782e-05 0.000161335485184
BPM.33R7.B2 21604.30949 -0.027760096405 -0.00968420172775 0.000161816894795 4.24032969705e-05
BPM.34R7.B2 21657.75801 -0.0291655563017 -0.00371174367502 3.75339579562e-05 -0.00016301518913
BPM.33L8.B2 21711.20652 -0.0287709520204 -0.00605301870169 -0.000163420335959 -3.57287285808e-05
BPM.32L8.B2 21764.65504 -0.0294007526676 4.95778625773e-05 -3.08299953833e-05 0.000164414889023
BPM.31L8.B2 21818.10356 -0.029308861645 -0.00232321855834 0.000164747623819 2.8999496198e-05
BPM.30L8.B2 21871.55207 -0.0291528614782 0.00381016838788 2.40487399457e-05 -0.00016554275214
BPM.29L8.B2 21925.00059 -0.0293652611225 0.0014450448816 -0.000165798536541 -2.2216985511e-05
BPM.28L8.B2 21978.4491 -0.0284259875762 0.00750799213005 -1.72525468161e-05 0.000166388402096
BPM.27L8.B2 22031.89762 -0.0289391109997 0.00518985259114 0.00016657002487 1.54005354637e-05
BPM.26L8.B2 22085.34614 -0.0272991647291 0.0110956032524 1.04734685289e-05 -9.87617549535e-05
BPM.25L8.B2 22138.79465 -0.0281056069926 0.00885616518006 -9.88716387933e-05 -9.37951025718e-06
BPM.24L8.B2 22192.24317 -0.0256555888331 0.014496467433 -6.41868638425e-06 9.91079218632e-05
BPM.23L8.B2 22245.69168 -0.0267416055544 0.0123791493124 9.91731251304e-05 5.3172742939e-06
BPM.22L8.B2 22299.1402 -0.0236574316636 0.0176723579141 2.41388257643e-06 -3.10897450778e-05
BPM.21L8.B2 22352.58871 -0.0250064869603 0.0157054741367 -3.11146025795e-05 -2.06912642581e-06
BPM.20L8.B2 22406.03723 -0.0212024668668 0.0205533867463 -1.13722619081e-06 3.11625763397e-05
BPM.19L8.B2 22459.48575 -0.0227918222634 0.0187754932292 3.11732574748e-05 7.91383614304e-07
BPM.18L8.B2 22512.93426 -0.0183990782009 0.0230967579805 -1.41953521368e-07 -3.1183001039e-05
BPM.17L8.B2 22566.38278 -0.0202030726285 0.0215365309234 -3.11795158254e-05 4.8761008301e-07
BPM.16L8.B2 22619.83129 -0.0152934030177 0.0252606043404 1.42037745543e-06 3.11509603513e-05
BPM.15L8.B2 22673.27981 -0.0172818494924 0.0239441847961 3.11332763831e-05 -1.76589413625e-06
BPM.14L8.B2 22726.72833 -0.0119364492743 0.0270093962577 -2.69684952724e-06 -3.10664808014e-05
BPM.13L8.B2 22780.17684 -0.0140772971151 0.0259579662852 -3.10346774576e-05 3.0410965737e-06
BPM.12L8.B2 22833.62536 -0.00573865259034 0.0289664318478 2.34663420098e-06 3.10948957695e-05
BPM.11L8.B2 22887.07387 -0.00687962867495 0.0287168420471 3.10955975927e-05 2.33736663774e-06
BPM.10L8.B2 22938.91258 -0.00474547574092 0.02914561318 5.10036003774e-06 -3.07633774679e-05
BPM.9L8.B2 22977.9776 -0.0070618393055 0.028672578063 -2.92921181164e-05 -1.06944255279e-05
BPM.8L8.B2 23018.44061 0.0217720554509 0.0199490327908 -2.14124260331e-06 3.110971426e-05
BPM.7L8.B2 23057.50662 0.0221434629866 0.0195359503097 1.90546201454e-05 2.46844248819e-05
BPM.6L8.B2 23089.97562 0.00678298438083 0.0287398230789 3.11752129379e-05 -7.10818232658e-07
BPMR.5L8.B2 23150.39462 0.0222691662494 0.0193925382951 -1.36484175414e-05 2.80378354158e-05
BPMYB.4L8.B2 23171.16162 0.0252778228932 0.0152649263499 -2.79393329301e-06 3.10578680454e-05
BPMWB.4L8.B2 23195.62912 0.0244686675796 0.0165308987824 4.13088196504e-06 3.09084967882e-05
BPMSX.4L8.B2 23245.78612 0.024796739906 0.0160345875551 1.2943289095e-05 2.83702541669e-05
BPMS.2L8.B2 23283.69762 0.0245968060886 0.0163396279632 1.78493740581e-05 2.55696586832e-05
BPMSW.1L8.B2 23293.63162 0.0244121852625 0.016614196337 2.00398401258e-05 2.38915586877e-05
BPMSW.1R8.B2 23336.82162 0.0244121574384 0.0166142372832 4.53040081318e-06 3.0852455875e-05
BPMS.2R8.B2 23346.75562 0.0245967879574 0.016339655575 7.24042977197e-06 3.03311815014e-05
BPMSX.4R8.B2 23384.66712 0.0247967378852 0.0160345906704 1.25934312856e-05 2.85272754789e-05
BPMWI.4R8.B2 23434.90012 0.0244697907946 0.016529236124 2.03608162797e-05 2.36185597245e-05
BPMYB.4R8.B2 23459.29162 0.0252782739865 0.0152641793037 2.50615003539e-05 1.85558057449e-05
BPMYB.5R8.B2 23479.86862 0.0224601391901 0.0191710316781 2.99298412122e-05 8.75239044663e-06
BPMR.6R8.B2 23563.97662 0.0070582943339 0.0286734509334 -1.71657992118e-05 2.60332951633e-05
BPM_A.7R8.B2 23586.21662 0.0143165780687 0.0258267671159 -5.68337218956e-06 3.06609998743e-05
BPM.8R8.B2 23627.65561 0.0255220898143 0.0148529202124 2.45872423826e-05 1.9179855747e-05
BPM.9R8.B2 23666.7226 0.0292884453943 -0.00376474089251 -2.22729465418e-06 -3.11036899864e-05
BPM.10R8.B2 23707.18758 0.0218138837365 0.0199032857654 -2.71914356742e-05 1.52651548881e-05
BPM.11R8.B2 23759.02827 0.0261967933577 0.0136277043185 1.19464788638e-05 2.88041854937e-05
BPM.12R8.B2 23813.75476 0.026653950884 0.0127103583724 2.90107751882e-05 -1.14356414143e-05
BPM.13R8.B2 23867.20624 0.028975618386 0.00569208632641 -1.32207070619e-05 -2.82420346491e-05
BPM.14R8.B2 23920.65773 0.0284217206206 0.00801199753258 -2.80920530436e-05 1.35364521807e-05
BPM.15R8.B2 23974.10921 0.0294657292742 0.00193832552727 1.43744248661e-05 2.76726449885e-05
BPM.16R8.B2 24027.56069 0.0292131498246 0.00431024185418 2.75100080662e-05 -1.4683292655e-05
BPM.17R8.B2 24081.01218 0.029471591875 -0.0018470462843 -1.55030688272e-05 -2.70565029302e-05
BPM.18R8.B2 24134.46366 0.029524519179 0.000537656722934 -2.68809420618e-05 1.58055261558e-05
BPM.19R8.B2 24187.91515 0.0289931592642 -0.00560205528069 1.66060405866e-05 2.63939163972e-05
BPM.20R8.B2 24241.36663 0.0293507233187 -0.00324366278744 2.62063762568e-05 -1.69004356054e-05
BPM.21R8.B2 24294.81811 0.0280382692641 -0.00926508306676 -1.76801081612e-05 -2.56868241502e-05
BPM.22R8.B2 24348.2696 0.0286945863295 -0.00697187369139 -2.54869544531e-05 1.79670549853e-05
BPM.23R8.B2 24401.72108 0.0266226850148 -0.0127757172106 1.87246658909e-05 2.4935644042e-05
BPM.24R8.B2 24455.17257 0.0274117016611 -0.0105944485548 2.23603749009e-05 0.000136277426104
BPM.25R8.B2 24508.62405 0.0246160177935 -0.0160528937126 0.000135545032301 -2.64398483934e-05
BPM.26R8.B2 24562.07554 0.0258310651702 -0.0140142713297 -2.7953736676e-05 -0.000135240925369
BPM.27R8.B2 24615.52702 0.0223594543484 -0.0190708817208 -0.000134339022817 3.20086516289e-05
BPM.28R8.B2 24668.9785 0.0236712675451 -0.0172123945187 3.11588428978e-05 0.000289238066563
BPM.29R8.B2 24722.42999 0.0195841719115 -0.0217498423674 0.000288173807206 -3.98169960056e-05
BPM.30R8.B2 24775.88147 0.0212745893298 -0.0200994348602 -4.3030678374e-05 -0.000287711475896
BPM.31R8.B2 24829.33296 0.0166383588155 -0.0240782152161 -0.000286285964771 5.16709727317e-05
BPM.32R8.B2 24882.78444 0.0185289499392 -0.0226555389857 5.48856647736e-05 0.000285687055789
BPM.33R8.B2 24936.23592 0.0134243515507 -0.0260073493003 0.000283912253618 -6.34300385783e-05
BPM.34R8.B2 24989.68741 0.0154778485199 -0.0248401215107 -6.65987223091e-05 -0.000283185705029
BPM.33L1.B2 25043.13889 0.00998370953929 -0.0275121968613 -0.000281053961271 7.50879510484e-05
BPM.32L1.B2 25096.59038 0.0121737864045 -0.0266156787894 7.82384880039e-05 0.000280193298902
BPM.31L1.B2 25150.04186 0.00638569185109 -0.0285625344082 0.000277718966869 -8.66123714828e-05
BPM.30L1.B2 25203.49334 0.00866784965565 -0.027954674301 -8.97140334432e-05 -0.000276732587762
BPM.29L1.B2 25256.94483 0.00267561726261 -0.0291450940074 -0.000273910295157 9.79932963553e-05
BPM.28L1.B2 25310.39631 0.0050217518588 -0.0288336164997 0.000101058843237 0.000272794144098
BPM.27L1.B2 25363.8478 -0.00107110502233 -0.0292480455138 0.000269635914992 -0.000109206216529
BPM.26L1.B2 25417.29928 0.00113649099977 -0.0292489392393 -0.000114586661132 -0.000113122563795
BPM.25L1.B2 25470.75077 -0.0049590643801 -0.0288478723402 -0.000109629292096 0.000117933204886
BPM.24L1.B2 25524.20225 -0.00261296819241 -0.0291541498827 0.000119154548141 0.000108300607613
BPM.23L1.B2 25577.65373 -0.00860735554115 -0.0279768741668 0.000104670695057 -0.000122355510717
BPM.22L1.B2 25631.10522 -0.00647674425616 -0.0285901309594 -0.000125888557717 5.19796840676e-05
BPM.21L1.B2 25684.5567 -0.0122687413738 -0.0266237072814 5.57373125461e-05 0.000124270554292
BPM.20L1.B2 25738.00819 -0.0100794263916 -0.0275272404709 0.000123637231297 -5.71283536818e-05
BPM.19L1.B2 25791.45967 -0.0155743777938 -0.0248351074441 -6.08182223794e-05 -0.000121864531215
BPM.18L1.B2 25844.91115 -0.0135194505831 -0.0260109257894 -0.000121176905015 6.21769734458e-05
BPM.17L1.B2 25898.36264 -0.0186229862803 -0.022639085386 6.57882539924e-05 0.000119254841281
BPM.16L1.B2 25951.81412 -0.0167347019636 -0.0240685179177 0.000118508420542 -6.71235491207e-05
BPM.15L1.B2 26005.26561 -0.021366544476 -0.0200702411856 -7.06548026666e-05 -0.000116437602136
BPM.14L1.B2 26058.71709 -0.019677151045 -0.0217290941261 -0.00011564098729 7.19512426021e-05
BPM.13L1.B2 26112.16857 -0.0237581752437 -0.0171724463344 7.5391936658e-05 0.000113427827318
BPM.12L1.B2 26165.62006 -0.0195174048721 -0.0218726932837 0.000118357909856 -6.73886224366e-05
BPM.11L1.B2 26219.07154 -0.017529083997 -0.0234962766954 -6.42535602477e-05 -0.000120088703867
BPM.10L1.B2 26271.85423 -0.0159802897545 -0.0245758854213 -0.000107800641097 8.32396265724e-05
BPM.9L1.B2 26310.92122 -0.0209340457917 -0.0205209534633 7.77248948298e-05 0.000111842101882
BPM.8L1.B2 26351.38621 -0.000139016382878 -0.0293142368003 5.6849625165e-05 -0.000123765655032
BPM.7L1.B2 26390.4542 -0.0125397002448 -0.0264971644132 -0.000118562159955 -6.70285431155e-05
BPMR.6L1.B2 26433.6382 -0.0215836064772 -0.0198366261209 -6.90682311631e-05 0.000117385671887
BPM.5L1.B2 26465.5382 -0.0289565538699 0.00456747115423 8.54984568447e-05 0.000106018052966
BPMYA.4L1.B2 26486.6562 -0.0272594898241 0.0107825794824 0.00011572022441 7.18236392692e-05
BPMWB.4L1.B2 26507.7127 -0.0257436162825 0.0140217696645 0.000127537390268 4.77915399752e-05
BPMSY.4L1.B2 26600.5687 -0.0252516387003 0.0148895448998 0.000136126958759 4.38910940628e-06
BPMS.2L1.B2 26627.3542 -0.0250516185576 0.0152236698826 0.000136123802208 -4.54375412225e-06
BPMSW.1L1.B2 26637.4082 -0.0249655952274 0.015364337389 0.000135774436348 -1.0727938089e-05
