BPMSW.1R1.B2 21.475 -0.00147260863241 -0.0302202996229 -0.000198580512955 -0.000149606348709
BPMS.2R1.B2 31.529 -0.00130265406442 -0.0302281024234 -0.00020517666329 -0.000140423643824
BPMSY.4R1.B2 58.3145 -0.000901067336327 -0.0302427373596 -0.000213940339416 -0.000126671997926
BPMWB.4R1.B2 151.1705 0.000128246352628 -0.0302558860111 -0.000243254691728 -5.14141136342e-05
BPMYA.4R1.B2 172.227 0.00381163935786 -0.0300151043834 -0.000248612716582 -2.82118667622e-06
BPMR.5R1.B2 199.635 0.0125282039636 -0.027540500921 -0.000222771497901 0.000110404334598
BPM.6R1.B2 231.535 0.0302115133429 -0.00164302984276 7.51830196025e-05 0.000236988962173
BPMRA.7R1.B2 259.259 0.0296060863041 0.00623816790974 0.000233152670988 8.63486113388e-05
BPM.8R1.B2 300.6960106 0.0295241784173 0.00661498104536 0.000127042586116 -0.000213720478091
BPM.9R1.B2 339.7610212 0.0302561513077 1.98387494016e-05 -0.000233373424381 -8.57502203842e-05
BPM.10R1.B2 380.2240318 0.0280489345593 -0.0113442653128 -2.30715571776e-05 0.000247555950278
BPM.11R1.B2 433.0047424 0.0297501130089 0.00551052279239 0.000242414844906 -5.52385660597e-05
BPM.12R1.B2 487.7282583 0.0299775963108 -0.00409619394679 -4.26181650161e-05 -0.00024494887258
BPM.13R1.B2 541.1767742 0.0297409106342 -0.00555997482669 -0.000247584899991 2.27589931367e-05
BPM.14R1.B2 594.6252901 0.0279393328112 -0.0116115790235 3.01749059518e-05 0.000246790854735
BPM.15R1.B2 648.073806 0.0287853553046 -0.00931871265181 0.000246443075816 -3.28947784322e-05
BPM.16R1.B2 701.5223219 0.0262242452001 -0.0150905284551 -4.02443327496e-05 -0.000245350064267
BPM.17R1.B2 754.9708378 0.0273562760122 -0.012925526981 -0.000244886122761 4.2977239616e-05
BPM.18R1.B2 808.4193537 0.0240787555769 -0.0183207154775 5.02956838992e-05 0.000243488398743
BPM.19R1.B2 861.8678696 0.02547900957 -0.0163173269034 0.000242918615658 -5.29792770876e-05
BPM.20R1.B2 915.3163855 0.021536877524 -0.0212508350857 -6.02174206588e-05 -0.000241226277902
BPM.21R1.B2 968.7649014 0.0231810781787 -0.0194440916541 -0.000240540421497 6.29011694354e-05
BPM.22R1.B2 1022.213417 0.0186422171679 -0.0238307117882 7.00774987313e-05 0.000238548524905
BPM.23R1.B2 1075.661933 0.0205050798784 -0.0222480737348 0.000237760025607 -7.27078468591e-05
BPM.24R1.B2 1129.110449 0.0153665282064 -0.0260057589742 -7.97147089234e-05 -0.000160648068081
BPM.25R1.B2 1182.558965 0.0174147298835 -0.0246811035538 -0.00015975176248 8.14960575098e-05
BPM.26R1.B2 1236.007481 0.0119147222624 -0.0277573248334 8.6241300018e-05 0.000157240816026
BPM.27R1.B2 1289.455997 0.0141161369566 -0.0267051374505 0.000156276787024 -8.79761368131e-05
BPM.28R1.B2 1342.904513 0.00819181600164 -0.0290394828966 -9.25396215857e-05 -7.87466821192e-05
BPM.29R1.B2 1396.353029 0.0105086979967 -0.0282836469183 -7.77144880616e-05 9.34081200266e-05
BPM.30R1.B2 1449.801545 0.00441117584258 -0.0298486003707 9.56918564667e-05 7.48845013332e-05
BPM.31R1.B2 1503.25006 0.0068053060803 -0.0293953266015 7.38193401799e-05 -9.65159335543e-05
BPM.32R1.B2 1556.698576 0.000555280246328 -0.0301676827142 -9.86818871021e-05 -7.08978646574e-05
BPM.33R1.B2 1610.147092 0.00298818602282 -0.03002445937 -6.97989762498e-05 9.94621667955e-05
BPM.34R1.B2 1663.595608 -0.00330686416021 -0.0299910330914 0.000101506410645 6.67912030758e-05
BPM.33L2.B2 1717.044124 -0.000876132224747 -0.0301600697686 6.56610713819e-05 -0.000102241108199
BPM.32L2.B2 1770.49264 -0.00711755239526 -0.0293212868816 -0.000104160188981 -6.25721846152e-05
BPM.31L2.B2 1823.941156 -0.00472787853864 -0.0298000768611 -6.1414052189e-05 0.00010484718344
BPM.30L2.B2 1877.389672 -0.0108085085968 -0.0281704376524 0.000106638301536 5.82485592634e-05
BPM.29L2.B2 1930.838188 -0.00850025189382 -0.0289507017852 5.70610013437e-05 -0.00010727841728
BPM.28L2.B2 1984.286704 -0.0143244680915 -0.0265557344103 -0.000108937679863 -5.38256538736e-05
BPM.27L2.B2 2037.73522 -0.012134469509 -0.0276252070743 -5.26161069179e-05 0.000109527000347
BPM.26L2.B2 2091.183735 -0.0176759026373 -0.0244922887716 0.000111126228003 0.000124141708141
BPM.25L2.B2 2144.632251 -0.0156416374504 -0.0258389032475 0.000122898190853 -0.000112499961997
BPM.24L2.B2 2198.080767 -0.0206646019518 -0.0220291618004 -0.000116127616952 -0.0001194762925
BPM.23L2.B2 2251.529283 -0.0188195910888 -0.0236248329932 -0.000118185445721 0.00011744107123
BPM.22L2.B2 2304.977799 -0.0233854675746 -0.0191920208685 0.000120996994137 0.000189448940362
BPM.21L2.B2 2358.426315 -0.0217601111346 -0.0210169294245 0.000188088576771 -0.000123100977449
BPM.20L2.B2 2411.874831 -0.0256488929898 -0.0160420711337 -0.000128676922178 -0.00018431875526
BPM.19L2.B2 2465.323347 -0.0242709104596 -0.018059254254 -0.000182888519319 0.000130701759198
BPM.18L2.B2 2518.771863 -0.0274899272827 -0.0126300299596 0.000136114365732 0.000178896745571
BPM.17L2.B2 2572.220379 -0.0263808950578 -0.0148075026727 0.000177366987273 -0.000138101825682
BPM.16L2.B2 2625.668894 -0.028879901098 -0.00900916598807 -0.000143349295677 -0.000173153517664
BPM.15L2.B2 2679.11741 -0.0280587898919 -0.0113100870402 -0.000171563509567 0.000145248498734
BPM.14L2.B2 2732.565926 -0.0297950165513 -0.00524125439104 0.000150316737791 0.000167140783616
BPM.13L2.B2 2786.014442 -0.0292748251858 -0.00762878557066 0.000165452242194 -0.000152173312567
BPM.12L2.B2 2839.462958 -0.0302442855479 -0.00070494723894 -0.000154887538492 -0.000162914126556
BPM.11L2.B2 2892.911474 -0.0295513577416 -0.0064754161702 -0.000177100035392 0.000138443993212
BPM.10L2.B2 2944.750185 -0.0299793290693 -0.00405630218237 0.000103070340908 0.00019976903823
BPM.9L2.B2 2983.815195 -0.0301843514094 0.00202945530594 0.000216551305314 -6.03049892623e-05
BPM.8L2.B2 3024.278206 -0.027036181977 0.0135741895773 -0.000195895674657 -0.000110254454267
BPM.7L2.B2 3063.344216 -0.024259316164 -0.0180748260876 -8.25226498226e-05 0.000209096076787
BPM.6L2.B2 3095.450216 -0.0224088633969 -0.020323793943 2.3533523116e-05 0.000223556113266
BPMYB.5L2.B2 3167.649216 -0.0268088580152 -0.0140178062132 0.000224553324313 -1.03425602216e-05
BPMYB.4L2.B2 3188.219216 -0.0290109302897 -0.00857786007946 0.000176394544929 -0.000139341742877
BPMWB.4L2.B2 3212.610716 -0.0268882644016 -0.0138648835681 -6.03876003541e-06 -0.000224710250638
BPMSX.4L2.B2 3262.843716 -0.0302225186932 0.00134652253671 -0.000213158939932 7.1375265525e-05
BPMS.2L2.B2 3300.755216 -0.0302208113511 0.00138431438847 -0.000117356134244 0.000191725627423
BPMSW.1L2.B2 3310.689216 -0.0302514793176 0.000248506609558 -6.38676315197e-05 0.000215527432206
BPMSW.1R2.B2 3353.879216 -0.0302514802429 0.0002483950041 -0.000202226913652 -9.81601917989e-05
BPMS.2R2.B2 3363.813216 -0.0302208162089 0.00138420261304 -0.000220715286507 -4.26128775953e-05
BPMSX.4R2.B2 3401.724716 -0.030222518522 0.00134652641219 -0.000196438864563 0.00010928373995
BPMWB.4R2.B2 3451.881716 -0.0268857551777 -0.0138697486445 0.000161382460803 0.000156482787159
BPMYB.4R2.B2 3476.349216 -0.0289728476803 -0.00870562203889 0.000221862262105 -3.61705192869e-05
BPM.5R2.B2 3505.883216 -0.0179501589941 -0.0243517052931 6.41793006158e-05 -0.000215434865409
BPMR.6R2.B2 3579.179216 -0.0140817583394 -0.0267753215328 -0.000211223818915 -7.69134538007e-05
BPM_A.7R2.B2 3592.054216 -0.0152083120053 -0.0261518834219 -0.000221539051593 -3.81003410435e-05
BPM.8R2.B2 3633.493206 -0.024015548508 -0.0183974777797 -0.00013841499055 0.000177122691674
BPM.9R2.B2 3672.560195 -0.0277785692424 0.0119818550198 0.000217148943204 5.81162462403e-05
BPM.10R2.B2 3713.025185 -0.0268216931475 0.0139932317945 0.000131305485689 -0.000182455553469
BPM.11R2.B2 3764.865874 -0.025688796074 0.0159780948567 -0.000168874637867 -0.000148366166708
BPM.12R2.B2 3819.592358 -0.0266471637794 0.0143227937937 -0.000132894877166 0.000181301183278
BPM.13R2.B2 3873.043842 -0.0210328434256 0.021744729387 0.000194541991858 0.000112625822787
BPM.14R2.B2 3926.495326 -0.0227193508299 0.0199761071526 0.000110430255436 -0.000195796635881
BPM.15R2.B2 3979.94681 -0.0180796755618 0.0242557022243 -0.000199024073082 -0.00010450156411
BPM.16R2.B2 4033.398294 -0.0199778968095 0.0227177771372 -0.000102274815588 0.000200177479526
BPM.17R2.B2 4086.849779 -0.0148260394631 0.0263704818427 0.00020316148987 9.62110609746e-05
BPM.18R2.B2 4140.301263 -0.0169067276154 0.0250873737169 9.39204787112e-05 -0.000204230516963
BPM.19R2.B2 4193.752747 -0.0113332100462 0.0280494582585 -0.000206958556577 -8.77457295633e-05
BPM.20R2.B2 4247.204231 -0.013559354403 0.0270436252571 -8.54282593824e-05 0.000207925882792
BPM.21R2.B2 4300.655715 -0.00764904872244 0.0292695372725 0.00021039972619 7.91398424805e-05
BPM.22R2.B2 4354.107199 -0.00998742393147 0.0285563499394 7.6772421878e-05 -0.000211275079953
BPM.23R2.B2 4407.558683 -0.00384481768272 0.0300071847415 -0.000213485376707 -7.03928063607e-05
BPM.24R2.B2 4461.010167 -0.00626661928848 0.0295983585518 -6.82074803311e-05 0.000227853960594
BPM.25R2.B2 4514.461651 1.53298385349e-05 0.0302544725871 0.000229800786062 6.13292933913e-05
BPM.26R2.B2 4567.913135 -0.00242786412713 0.0301569033982 5.87489588761e-05 -0.000230473968148
BPM.27R2.B2 4621.36462 0.00388226742701 0.0300043554489 -0.000232134784299 -5.17989661655e-05
BPM.28R2.B2 4674.816104 0.00143574627762 0.0302188801919 -4.94018360836e-05 0.000246294731255
BPM.29R2.B2 4728.267588 0.00767865583461 0.029262268048 0.000247667605065 4.19807612323e-05
BPM.30R2.B2 4781.719072 0.00529036809583 0.0297868107158 3.92056092242e-05 -0.000248122057433
BPM.31R2.B2 4835.170556 0.0113558383562 0.028040809936 -0.000249188272923 -3.17309694216e-05
BPM.32R2.B2 4888.62204 0.00905696369702 0.028865437738 -2.89327830332e-05 0.000249528616509
BPM.33R2.B2 4942.073524 0.0148525401864 0.0263561024575 0.00025028483528 2.14274716429e-05
BPM.34R2.B2 4995.525008 0.0126755353261 0.0274694901896 1.86279178055e-05 -0.000250508753384
BPM.33L3.B2 5048.976492 0.0180997177784 0.0242413346326 -0.000250955576486 -1.10870045222e-05
BPM.32L3.B2 5102.427976 0.0160852768067 0.025622372198 -8.26705852002e-06 0.000251064312389
BPM.31L3.B2 5155.87946 0.0210541173383 0.0217247837595 0.000251199312921 7.28919690096e-07
BPM.30L3.B2 5209.330945 0.0192309927295 0.0233540361698 -2.07678601411e-06 -0.000251191802598
BPM.29L3.B2 5262.782429 0.0236587718695 0.018854829633 -0.000251015623252 9.63285985531e-06
BPM.28L3.B2 5316.233913 0.0220605737209 0.0207020089416 1.24543628046e-05 0.00025089146385
BPM.27L3.B2 5369.685397 0.0258775150992 0.0156715123742 0.000250405020936 -1.99741419573e-05
BPM.26L3.B2 5423.136881 0.0245140590094 0.017708886323 -2.29763729764e-05 -0.000236571192101
BPM.25L3.B2 5476.588365 0.0276555527509 0.0122357731586 -0.000235772534419 3.00859371718e-05
BPM.24L3.B2 5530.039849 0.0265781220092 0.0144273065478 3.2735170739e-05 0.000235419313077
BPM.23L3.B2 5583.491333 0.0289939589295 0.00859616711078 0.000234331910481 -3.97793515314e-05
BPM.22L3.B2 5636.942817 0.0281917523954 0.010907888775 -4.26010748212e-05 -0.000220277946469
BPM.21L3.B2 5690.394301 0.0298417911306 0.00481917448054 -0.000218895629908 4.92130723724e-05
BPM.20L3.B2 5743.845786 0.0293555417025 0.00721173432054 5.1670683046e-05 0.000218328561402
BPM.19L3.B2 5797.29727 0.0302131133464 0.000961625015877 0.000216681397325 -5.81927043828e-05
BPM.18L3.B2 5850.748754 0.0300369209708 0.00339710454668 -6.06088896611e-05 -0.000216018025172
BPM.17L3.B2 5904.200238 0.030087888025 -0.00291134587949 -0.000214095119002 6.70857858801e-05
BPM.16L3.B2 5957.651722 0.0302247084886 -0.000473220343465 6.94876568009e-05 0.000213327653652
BPM.15L3.B2 6011.103206 0.029468320956 -0.00673609684566 0.000211148894572 -7.58509869931e-05
BPM.14L3.B2 6064.55469 0.0299157981156 -0.00433612311693 -7.82051724162e-05 -0.000210288312688
BPM.13L3.B2 6118.006174 0.0283642114726 -0.0104512414658 -0.000207838081733 8.45018079123e-05
BPM.12L3.B2 6171.457658 0.0299966036482 -0.00373640338109 6.85179340089e-05 0.00021364109139
BPM.11L3.B2 6224.909142 0.0302210768109 -0.0006659257311 0.000216455995769 -5.90256296183e-05
BPM.10L3.B2 6277.691832 0.0278717062474 0.011701492704 -4.15019127185e-05 -0.000220487673733
BPM.9L3.B2 6316.758821 0.0294408680863 0.0068550876618 -0.000195230501708 -0.000110554390458
BPM.8L3.B2 6357.223811 0.0302064983816 0.00115082419497 -0.000203210915528 9.50923110995e-05
BPM.7L3.B2 6396.2898 0.0278977641446 -0.0116392309192 -8.02477863099e-06 0.000224216015216
BPMR.6L3.B2 6468.9288 0.00806503319978 -0.0291326651754 0.000201405370539 -9.88590106532e-05
BPMWE.5L3.B2 6511.9823 0.00744799261573 -0.0292964903461 0.000104375101997 -0.000198602759334
BPMW.5L3.B2 6539.5273 0.0160022871293 -0.0256453455488 5.36351605537e-06 -0.000224295463303
BPMWE.4L3.B2 6614.6553 0.0061546409095 -0.0295952248896 -0.000212987404472 -7.05236252186e-05
BPMW.4L3.B2 6642.2003 -0.0183341808057 -0.0240336171801 -0.000174622580998 0.000140869361868
BPMW.4R3.B2 6687.1653 -0.0231359397349 -0.0194546969986 -5.12413315746e-05 0.000218429742244
BPMWE.4R3.B2 6714.7103 -0.0190178263912 -0.0234963661014 3.39255663281e-05 0.000221779790385
BPMW.5R3.B2 6789.8383 -0.0230765705138 -0.0195250821767 0.000213794193434 6.80387046528e-05
BPMWE.5R3.B2 6817.3833 -0.0289456071903 -0.00871256359499 0.000215186814404 -6.34969372944e-05
BPMWC.6R3.B2 6858.3743 -0.0296462576234 -0.0059039264908 0.000134131220188 -0.000179850048368
BPM.6R3.B2 6870.5288 -0.0288405271641 -0.00905433230946 9.1313270628e-05 -0.000204936842682
BPM_A.7R3.B2 6926.3528 -0.0290359922686 -0.00840643168327 -0.000145821639486 -0.000170508861598
BPM.8R3.B2 6965.418789 -0.0198721548282 -0.0227783757948 -0.000179802298878 0.000134195231921
BPM.9R3.B2 7004.485779 0.00854171972914 -0.028996481928 0.000162637116129 0.00015455215985
BPM.10R3.B2 7044.950768 0.00514327444259 -0.0297876428929 0.000224022946526 -1.22860224541e-05
BPM.11R3.B2 7097.733458 -0.00457291442753 -0.0298805186412 3.2890458708e-05 -0.000221935660176
BPM.12R3.B2 7152.459942 -0.0138277389369 -0.0268803009045 -0.000223772954873 1.62138158978e-05
BPM.13R3.B2 7205.911426 -0.00962053396107 -0.0286566269233 3.0510445725e-05 0.000222275361436
BPM.14R3.B2 7259.36291 -0.0153575657264 -0.026036553459 0.000221257864195 -3.71776086389e-05
BPM.15R3.B2 7312.814394 -0.0132074692827 -0.0271904339053 -3.96574597277e-05 -0.000220826872695
BPM.16R3.B2 7366.265878 -0.0185642543793 -0.0238563492731 -0.000219537194833 4.62671323003e-05
BPM.17R3.B2 7419.717362 -0.0165769221284 -0.0252777094096 4.8719969637e-05 0.000219005906821
BPM.18R3.B2 7473.168846 -0.0214618976893 -0.0212871765991 0.000217441197385 -5.52861008131e-05
BPM.19R3.B2 7526.62033 -0.019674823306 -0.022949036336 -5.77233742963e-05 -0.000216806907143
BPM.20R3.B2 7580.071814 -0.0240100395414 -0.0183650467136 -0.000214977801509 6.42009172736e-05
BPM.21R3.B2 7633.523299 -0.0224485968664 -0.020243948218 6.66006656271e-05 0.000214246523617
BPM.22R3.B2 7686.974783 -0.0261612518052 -0.0151441686369 0.000212145017005 -7.30186290086e-05
BPM.23R3.B2 7740.426267 -0.0248541945221 -0.0172054048176 -7.53958814203e-05 -0.000211311811106
BPM.24R3.B2 7793.877751 -0.0279813915702 -0.0116536320313 -0.000208859438353 0.000180516554193
BPM.25R3.B2 7847.329235 -0.0269489773867 -0.0138750866954 0.000182844996755 0.000206824051972
BPM.26R3.B2 7900.780719 -0.0292420151751 -0.00797934596282 0.000201220938783 -0.000188993690609
BPM.27R3.B2 7954.232203 -0.028502876902 -0.0103126825428 -0.000191236089407 -0.000199091038037
BPM.28R3.B2 8007.683687 -0.0301199986149 -0.00415399680586 -0.000193183048441 0.000295939687241
BPM.29R3.B2 8061.135171 -0.0296863115849 -0.00657213135641 0.000298090778404 0.000189846970695
BPM.30R3.B2 8114.586655 -0.03040392556 -0.000267051483236 0.000180770340106 -0.000303680864882
BPM.31R3.B2 8168.03814 -0.0302831984551 -0.00271990760592 -0.000305681533779 -0.000177366252553
BPM.32R3.B2 8221.489624 -0.0301882765772 0.00362463285879 -0.00016813830808 0.000310852847355
BPM.33R3.B2 8274.941108 -0.030382328926 0.00117647571861 0.000312722961059 0.000164633930162
BPM.34R3.B2 8328.392592 -0.0294764849748 0.00745699936831 0.000155128744312 -0.000317545371657
BPM.33L4.B2 8381.844076 -0.0299822901864 0.00505294777172 -0.000319257721156 -0.000151573399792
BPM.32L4.B2 8435.29556 -0.0282805263345 0.0111661021029 -0.000141948048902 0.000323652188695
BPM.31L4.B2 8488.747044 -0.0290891940229 0.00884809568602 0.000325227788448 0.000138299915252
BPM.30L4.B2 8542.198528 -0.0266193966962 0.0146927780102 0.000128433615731 -0.000329248839012
BPM.29L4.B2 8595.650012 -0.0277190054958 0.0124950686297 -0.000330662040955 -0.000124750149247
BPM.28L4.B2 8649.101496 -0.0245215438942 0.017976759753 -0.000114790165841 0.000334250195331
BPM.27L4.B2 8702.55298 -0.0258915680393 0.0159404112399 0.000335519827609 0.000111024469
BPM.26L4.B2 8756.004465 -0.0221167960837 0.0209856586549 0.000100988337791 -0.000239893556879
BPM.25L4.B2 8809.455949 -0.0237394080248 0.0191308924572 -0.000241007925947 -9.829930453e-05
BPM.24L4.B2 8862.907433 -0.0192511233767 0.0236420131792 -9.10276110547e-05 0.000243847377192
BPM.23L4.B2 8916.358917 -0.0210952356645 0.0220123049808 0.000244853667847 8.82850546364e-05
BPM.22L4.B2 8969.810401 -0.0161645044345 0.0259299882311 8.09931699889e-05 -0.000148574719152
BPM.21L4.B2 9023.261885 -0.0182056814665 0.0245399400039 -0.000149472521778 -7.93240840769e-05
BPM.20L4.B2 9076.713369 -0.0127153450639 0.0277844469576 -7.48016296642e-05 0.000151786238119
BPM.19L4.B2 9130.164853 -0.0149151574482 0.0266682127562 0.000152614985073 7.30958679998e-05
BPM.18L4.B2 9183.616337 -0.00905566764173 0.0291830494735 6.8474726776e-05 -0.000154743527425
BPM.17L4.B2 9237.067821 -0.0113829036374 0.0283563925486 -0.000155500927368 -6.67368492208e-05
BPM.16L4.B2 9290.519306 -0.00524879303829 0.0301015890731 -6.20370654536e-05 0.000157434904214
BPM.15L4.B2 9343.97079 -0.00765975542302 0.0295801223802 0.000158120024476 6.02694566669e-05
BPM.14L4.B2 9397.422274 -0.00135408123476 0.0305257589144 5.54907153447e-05 -0.000159859706496
BPM.13L4.B2 9450.873758 -0.00381495473983 0.0303166886903 -0.000160471591912 -5.36955315275e-05
BPM.12L4.B2 9504.325242 0.0055931013712 0.0300395191387 -5.7908383078e-05 0.000158999884959
BPM.11L4.B2 9557.776726 0.00451699084618 0.0302200643053 0.000147323576665 8.32472620614e-05
BPMC.10L4.B2 9609.617415 0.00822894356956 0.0294268581618 0.000102982331253 -0.000134272059096
BPMC.9L4.B2 9648.684405 0.010935400129 0.0285319560722 -0.000113015800028 -0.000125943525727
BPMC.8L4.B2 9689.149394 0.0192128600427 0.023759661229 -9.07466646043e-06 0.000168973364027
BPMC.7L4.B2 9728.215384 -0.00574762338594 0.0300103368516 0.00016902111869 -8.13739642292e-06
BPMYA.6L4.B2 9824.819384 -0.00126671885132 0.0305295089468 3.9861469045e-05 -0.000164454885682
BPMYB.5L4.B2 9861.819384 -0.00132203558885 0.0305271635611 -5.861931104e-06 -0.000169115293725
BPMWA.B5L4.B2 9964.209884 0.0142911578104 0.0270077452131 -0.000149147261349 -7.99339753513e-05
BPMWA.A5L4.B2 9973.094884 0.0152425094333 0.0264824734345 -0.000155973480715 -6.56248433354e-05
BPMWA.A5R4.B2 10021.14388 0.0181355981107 0.0245917785902 -0.000168755733704 1.24839173397e-05
BPMWA.B5R4.B2 10030.02888 0.0182875497577 0.0244789913373 -0.000167197286138 2.6065567758e-05
BPMYA.5R4.B2 10132.49538 0.0140796562768 0.027118605647 -9.46455076606e-05 0.000140273207358
BPMYB.6R4.B2 10164.05938 0.0147581551103 0.0267554172242 -6.2175710552e-05 0.000157380197532
BPMCA.7R4.B2 10260.57538 0.0045800037283 0.0302105785949 0.000163302355996 4.43473418044e-05
BPMC.8R4.B2 10298.36637 -0.00362536436666 0.0303399444094 3.38635633889e-05 -0.000165793864493
BPMC.9R4.B2 10337.43336 0.0169259828905 0.0254394692529 -0.000165912397315 3.32779546749e-05
BPMC.10R4.B2 10377.89835 0.0179094240673 0.0247569792662 -1.24653019125e-05 0.000168757110674
BPM.11R4.B2 10429.73904 0.0251019829769 0.0174225699476 0.00016693049771 2.77227826313e-05
BPM.12R4.B2 10484.46553 0.0256966216536 0.0165329709652 3.5653607446e-05 -0.000165418157697
BPM.13R4.B2 10537.91701 0.0285878970807 0.0107883100693 -0.00016645758594 -3.0433757824e-05
BPM.14R4.B2 10591.36849 0.027623990482 0.0130602696349 -2.85601030601e-05 0.000166789271003
BPM.15R4.B2 10644.81998 0.0297332759897 0.00704185995564 0.000167571293565 2.35415202418e-05
BPM.16R4.B2 10698.27146 0.0290678720387 0.00941882732804 2.16695719029e-05 -0.000167823637308
BPM.17R4.B2 10751.72295 0.0303897796575 0.00318068945689 -0.000168399484698 -1.66120229531e-05
BPM.18R4.B2 10805.17443 0.0300339146204 0.00562311885526 -1.4717204176e-05 0.000168575662591
BPM.19R4.B2 10858.62591 0.0305469790462 -0.000733187795941 0.000168941355512 9.65219006937e-06
BPM.20R4.B2 10912.0774 0.0305065037524 0.00173456679116 7.7657298264e-06 -0.000169038576739
BPM.21R4.B2 10965.52888 0.0302021650307 -0.00463516133706 -0.000169195675777 -2.67721014526e-06
BPM.22R4.B2 11018.98037 0.030477761915 -0.00218209115578 -7.74598993033e-07 0.000169215090868
BPM.23R4.B2 11072.43185 0.0293611948547 -0.00846024408332 0.000169162143671 -4.30281401253e-06
BPM.24R4.B2 11125.88333 0.0298653315909 -0.00606828321465 -7.45698930072e-06 -8.6379095749e-05
BPM.25R4.B2 11179.33482 0.0279553770731 -0.0121350313174 -8.61158839792e-05 1.0050498886e-05
BPM.26R4.B2 11232.7863 0.0288437233379 -0.0098387862832 1.10161546062e-05 8.5997667249e-05
BPM.27R4.B2 11286.23779 0.0261735561129 -0.0156111195195 8.56281517454e-05 -1.35931506649e-05
BPM.28R4.B2 11339.68927 0.0272653063488 -0.0134528904468 -1.58123537091e-05 -2.75090160595e-06
BPM.29R4.B2 11393.14075 0.0238793926378 -0.0188189212959 -2.27459463645e-06 1.58878714197e-05
BPM.30R4.B2 11446.59224 0.02532045685 -0.016830081914 1.59123773627e-05 2.09648766713e-06
BPM.31R4.B2 11500.04372 0.0212756991772 -0.0217191578036 1.61745772014e-06 -1.59681518527e-05
BPM.32R4.B2 11553.49521 0.0229592018036 -0.0199311876966 -1.59852850469e-05 -1.4384362335e-06
BPM.33R4.B2 11606.94669 0.0183224920769 -0.0242623880867 -9.57546227007e-07 1.60212796985e-05
BPM.34R4.B2 11660.39818 0.020221051579 -0.0227043225913 1.60309958642e-05 7.77988295139e-07
BPM.33L5.B2 11713.84966 0.015068055422 -0.0264070236301 2.95979938014e-07 -1.60471317331e-05
BPM.32L5.B2 11767.30114 0.017150168993 -0.0251047583974 -1.60494505814e-05 -1.16187998891e-07
BPM.31L5.B2 11820.75263 0.0115661834525 -0.0281176206689 3.6601690773e-07 1.60456986349e-05
BPM.30L5.B2 11874.20411 0.0137979464044 -0.0270923211593 1.60405643841e-05 -5.45790525877e-07
BPM.29L5.B2 11927.6556 0.00787404164946 -0.0293662503518 -1.02749211387e-06 -1.6016948338e-05
BPM.28L5.B2 11981.10708 0.0102184784516 -0.0286349417468 -1.600444302e-05 1.20682955676e-06
BPM.27L5.B2 12034.55856 0.0040527368855 -0.0301322504106 1.68709249066e-06 1.59609506666e-05
BPM.26L5.B2 12088.01005 0.00638960736291 -0.0297118728184 1.46807908991e-05 8.08510596136e-05
BPM.25L5.B2 12141.46153 8.39503782682e-05 -0.0303910417965 8.03735402085e-05 -1.71030397452e-05
BPM.24L5.B2 12194.91302 0.00253591413952 -0.0302851714214 -1.80020185293e-05 -8.01769765157e-05
BPM.23L5.B2 12248.3645 -0.00380564352372 -0.0301519410048 -7.95999652818e-05 2.04026335508e-05
BPM.22L5.B2 12301.81598 -0.00144090266307 -0.030366037012 2.00329059628e-05 0.000162083731342
BPM.21L5.B2 12355.26747 -0.00771128592723 -0.0294059258279 0.000161408599795 -2.48940760022e-05
BPM.20L5.B2 12408.71895 -0.00531399126614 -0.0299321549712 -2.67010760746e-05 -0.000161119541083
BPM.19L5.B2 12462.17044 -0.0114117580118 -0.0281770151626 -0.000160244928198 3.15279976456e-05
BPM.18L5.B2 12515.62192 -0.00909910457382 -0.0290065285876 3.33207069953e-05 0.00015988177326
BPM.17L5.B2 12569.07341 -0.0149207815861 -0.0264866510001 0.000158807931022 -3.81115897877e-05
BPM.16L5.B2 12622.52489 -0.0127354355937 -0.0276040048741 -3.98896243988e-05 -0.000158370686044
BPM.15L5.B2 12675.97637 -0.01818808728 -0.0243591027156 -0.000157101724515 4.46261947476e-05
BPM.14L5.B2 12729.42786 -0.0161617012379 -0.0257482391216 4.6382061924e-05 0.000156592324053
BPM.13L5.B2 12782.87934 -0.0211535659563 -0.0218334388587 0.000155126755691 -5.10699542507e-05
BPM.12L5.B2 12836.33083 -0.0159740335397 -0.0258650856767 -4.02443500995e-05 -0.000158280905732
BPM.11L5.B2 12889.78231 -0.0136499049187 -0.0271634405179 -0.000159285322145 3.60644267928e-05
BPM.10L5.B2 12942.565 -0.0118715209746 -0.0279864144591 6.19287326044e-05 0.000151120112821
BPM.9L5.B2 12981.63199 -0.017663963792 -0.0247418024299 0.00015403601321 -5.42711630309e-05
BPM.8L5.B2 13022.09698 0.00515948603487 -0.0299591740245 -0.000124995167165 -0.000105112632015
BPM.7L5.B2 13061.16497 -0.00801167434864 -0.029325509014 -0.000115225355919 0.000115739234109
BPMR.6L5.B2 13098.05897 -0.0113354732556 -0.0282077906097 6.78277589473e-05 0.000148565964228
BPMWT.B6L5.B2 13109.36897 -0.0234844424579 -0.019304231839 0.000142056742506 8.05750246479e-05
BPMWT.A6L5.B2 13115.19097 -0.0273167387926 -0.0133404717401 0.000159309566908 3.59571153268e-05
BPM.5L5.B2 13129.95897 -0.0302506127721 -0.00301211407918 0.000157166786174 -4.43965757581e-05
BPMYA.4L5.B2 13157.36497 -0.0297862716043 0.00607868666409 0.000119861228417 -0.000110931224127
BPMWB.4L5.B2 13178.42347 -0.0288242506726 0.00966100297157 9.58344536858e-05 -0.000132242997757
BPMWT.B4L5.B2 13178.89297 -0.0288095847872 0.00970464983196 9.54186891746e-05 -0.000132543301329
BPMWT.A4L5.B2 13180.87497 -0.0287506777443 0.00987780003747 9.37059244109e-05 -0.00013375968874
BPMSY.4L5.B2 13271.27947 -0.0284789098029 0.010635981455 4.83892957742e-05 -0.000155983755918
BPMS.2L5.B2 13298.06497 -0.0283351209373 0.011013323898 3.80604562751e-05 -0.000158820453132
BPMSW.1L5.B2 13308.11897 -0.0282727320387 0.0111725101102 3.08010032113e-05 -0.000160386428538
BPMSW.1R5.B2 13351.06897 -0.0282726936106 0.0111726114081 7.37699669218e-05 -0.000145706470981
BPMS.2R5.B2 13361.12297 -0.0283350949183 0.0110133913887 6.70701781557e-05 -0.000148909442239
BPMSY.4R5.B2 13387.90847 -0.028478902396 0.0106360012581 5.71643180567e-05 -0.000152985916668
BPMWB.4R5.B2 13480.76447 -0.0288243392737 0.00966073861929 5.11081300662e-06 -0.000163237019106
BPMYA.4R5.B2 13501.82097 -0.0297862575958 0.00607875490795 -2.69296010241e-05 -0.000161081531004
BPMR.5R5.B2 13522.93897 -0.030394764822 -0.000575044446554 -7.86291559971e-05 -0.000143142956197
BPM.6R5.B2 13554.83897 -0.0184495457844 -0.0241616776175 -0.00016167243846 2.31187785399e-05
BPMRA.7R5.B2 13588.85297 -0.00363991024571 -0.0301815085435 -2.88781212191e-05 0.000160743608248
BPM.8R5.B2 13630.28998 -0.0032537159469 -0.030225580833 0.000152887612848 5.7426733632e-05
BPM.9R5.B2 13669.35499 -0.00976544852029 -0.0287890329778 2.84569900309e-05 -0.000160818694509
BPM.10R5.B2 13709.818 -0.0198632254136 -0.0230135760064 -0.000162741626968 1.36972412705e-05
BPM.11R5.B2 13762.59871 -0.00437802775232 -0.0300833056295 6.37504298502e-05 0.000150360698968
BPM.12R5.B2 13817.32223 -0.0135901582561 -0.0271933815891 0.000153455617409 -5.5891261553e-05
BPM.13R5.B2 13870.77074 -0.0149070346615 -0.0264943903909 -4.3346503032e-05 -0.000157459625557
BPM.14R5.B2 13924.21926 -0.0200821575549 -0.0228227814423 -0.000156092205262 4.80383047552e-05
BPM.15R5.B2 13977.66777 -0.0181740204839 -0.0243695995939 4.97647118974e-05 0.000155550394746
BPM.16R5.B2 14031.11629 -0.022835571282 -0.0200676129184 0.000153989808395 -5.44021444618e-05
BPM.17R5.B2 14084.56481 -0.0211423980164 -0.0218442534873 -5.61083933082e-05 -0.000153376333926
BPM.18R5.B2 14138.01332 -0.0252158015474 -0.0169804521926 -0.000151630736535 6.06677136938e-05
BPM.19R5.B2 14191.46184 -0.0237627258794 -0.0189606240289 6.23435795922e-05 0.000150949426133
BPM.20R5.B2 14244.91035 -0.0271802394267 -0.0136164235367 0.000149013412999 -6.68390159841e-05
BPM.21R5.B2 14298.35887 -0.0259931538263 -0.0157647822356 -6.84894274883e-05 -0.000148262103501
BPM.22R5.B2 14351.80738 -0.0286990603405 -0.0100267811207 -0.000146149349727 7.28890681195e-05
BPM.23R5.B2 14405.2559 -0.0277960890442 -0.0123105580055 7.45034358024e-05 0.000145333036396
BPM.24R5.B2 14458.70442 -0.0297121205575 -0.00628020457615 0.000142997893586 -0.000112981003396
BPM.25R5.B2 14512.15293 -0.0291085483077 -0.00865699098942 -0.000114560526108 -0.00014173563187
BPM.26R5.B2 14565.60145 -0.0302714180888 -0.00242741107102 -0.000138250809085 0.000118742645599
BPM.27R5.B2 14619.04996 -0.0299767648269 -0.00486257627951 0.000120268098042 0.000136925844652
BPM.28R5.B2 14672.49848 -0.030299574227 0.0014582675947 0.000133220473871 -0.000158473610724
BPM.29R5.B2 14725.947 -0.0303184350542 -0.000991583872871 -0.000159940375089 -0.000131455909001
BPM.30R5.B2 14779.39551 -0.0298641158484 0.00532215438369 -0.000126621858774 0.000163794018841
BPM.31R5.B2 14832.84403 -0.0301961818861 0.0028950547819 0.000165189234209 0.000124796219093
BPM.32R5.B2 14886.29254 -0.0289378870748 0.0090988699418 0.00011978563488 -0.000168857880984
BPM.33R5.B2 14939.74106 -0.0295778779082 0.00673348950802 -0.000170174689289 -0.000117907402599
BPM.34R5.B2 14993.18958 -0.0275364058703 0.0127254506526 -0.000112773062371 0.000173619762704
BPM.33L6.B2 15046.63809 -0.0284732679649 0.0104624927022 0.000174860981647 0.000110838706885
BPM.32L6.B2 15100.08661 -0.0256820422415 0.0161438362663 0.000105545509254 -0.000178105928619
BPM.31L6.B2 15153.53512 -0.026901495992 0.0140178549378 -0.00017926421093 -0.000103566060955
BPM.30L6.B2 15206.98364 -0.0234063808043 0.0192959083846 -9.81650771325e-05 0.000182277820945
BPM.29L6.B2 15260.43215 -0.024886530251 0.0173450671267 0.000183356444398 9.61353199899e-05
BPM.28L6.B2 15313.88067 -0.0207452005404 0.0221320445751 9.05960266619e-05 -0.000186155702278
BPM.27L6.B2 15367.32919 -0.0224644435217 0.0203847864734 -0.000187147870564 -8.85282656937e-05
BPM.26L6.B2 15420.7777 -0.0177108520673 0.0245968766122 -8.29273012355e-05 0.000155554706683
BPM.25L6.B2 15474.22622 -0.0196370356185 0.0230882535444 0.000156465289118 8.1196167215e-05
BPM.24L6.B2 15527.67473 -0.0144181866663 0.0266607673048 7.64724263288e-05 -0.000158827490233
BPM.23L6.B2 15581.12325 -0.0165237988133 0.0254095394057 -0.000159665407125 -7.47071746393e-05
BPM.22L6.B2 15634.57177 -0.0108567211849 0.0282792565074 -6.99318707845e-05 0.000127673377818
BPM.21L6.B2 15688.02028 -0.0131022723556 0.0273114481985 0.000128441094313 6.85116503764e-05
BPM.20L6.B2 15741.4688 -0.00714924459178 0.0294359142092 6.46351183508e-05 -0.000130434894614
BPM.19L6.B2 15794.91731 -0.0095025807282 0.0287625746845 -0.000131143709537 -6.31845110016e-05
BPM.18L6.B2 15848.36583 -0.00332589526637 0.0301085231141 -5.92330517235e-05 0.000132975192554
BPM.17L6.B2 15901.81435 -0.00574344592989 0.0297421850687 0.000133623752913 5.77550697113e-05
BPM.16L6.B2 15955.26286 0.000553673348165 0.030286600826 5.37297343239e-05 -0.000135292539449
BPM.15L6.B2 16008.71138 -0.00189353182894 0.0302324210202 -0.000135880313479 -5.22254266985e-05
BPM.14L6.B2 16062.15989 0.00442265614524 0.0299670628572 -4.81355828826e-05 0.000137382401395
BPM.13L6.B2 16115.60841 0.00199126032608 0.0302261414358 0.000137907431232 4.66100774408e-05
BPM.12L6.B2 16169.05693 0.00865630544879 0.0290284880612 4.37073952097e-05 -0.000138854667975
BPM.11L6.B2 16222.50544 0.00358896706678 0.0300782988081 -0.000135406288687 -5.34425318059e-05
BPM.10L6.B2 16274.34415 0.00872240856979 0.0290086940772 -7.67154704545e-05 0.00012371618478
BPM.9L6.B2 16313.40916 0.0126210479241 0.0275371366161 8.90960376193e-05 0.000115121045365
BPM.8L6.B2 16353.87217 0.0256249661345 0.016153818553 7.2784992011e-05 -0.000126068655559
BPMYB.5L6.B2 16450.96018 0.00220376237169 0.0302113914691 -0.000135117717043 5.41679304286e-05
BPMYA.4L6.B2 16487.36018 0.00338748786705 0.0301016555816 -0.000118892339649 8.39975415688e-05
BPMSB.B4L6.B2 16518.13068 -4.20571311753e-05 0.0302916320986 -9.68008207644e-05 0.000108722399686
BPMSB.A4L6.B2 16518.76568 -0.00012142078305 0.030291417943 -9.62323033619e-05 0.000109225919743
BPMSA.4L6.B2 16615.57568 -0.0125848189109 0.0275537125727 3.73629916619e-05 0.000140694581333
BPMSE.4R6.B2 16707.14568 -0.0134150124756 0.0271592007217 0.000138595876468 4.45212321312e-05
BPMSA.A4R6.B2 16803.82068 -0.00277973362156 0.0301638496305 0.000119478133687 -8.31620934725e-05
BPMSA.B4R6.B2 16804.40568 -0.00271157690209 0.0301700529389 0.00011909682964 -8.37072493948e-05
BPMYB.4R6.B2 16830.96018 0.000189905558362 0.0302910660039 0.00010093930547 -0.000104891434366
BPMYA.5R6.B2 16867.36018 0.000490982062339 0.0302876819934 7.61890719781e-05 -0.000124041074624
BPM.8R6.B2 16963.08519 0.0136922720784 0.0270204816485 -0.000134051970516 -5.67540749888e-05
BPM.9R6.B2 17002.1502 0.0284058275221 0.0105211075965 -4.18300632902e-05 0.000139431708674
BPM.10R6.B2 17042.61322 0.0299377091814 0.00461717582825 0.000122517359497 7.86158736825e-05
BPM.11R6.B2 17094.45193 0.0301130964562 -0.00328422980461 6.22571748849e-05 -0.000131586476801
BPM.12R6.B2 17149.17544 0.0301226298317 0.00319560879226 -0.000138816702405 -4.38278642964e-05
BPM.13R6.B2 17202.62396 0.0301255121581 -0.00316832143971 -3.94961934698e-05 0.000140110689003
BPM.14R6.B2 17256.07247 0.0302829366105 -0.000726975780719 0.000140539191625 3.79432982928e-05
BPM.15R6.B2 17309.52099 0.0294727012056 -0.00699604367707 3.37263495174e-05 -0.000141610365331
BPM.16R6.B2 17362.96951 0.0299411306431 -0.00459493627346 -0.000141976440007 -3.21504004666e-05
BPM.17R6.B2 17416.41802 0.0283356608799 -0.0107086444521 -2.78816386484e-05 0.000142876060146
BPM.18R6.B2 17469.86654 0.0291074809106 -0.00838685273092 0.000143175842937 2.62989728269e-05
BPM.19R6.B2 17523.31505 0.0267330104126 -0.0142453816324 2.20077841119e-05 -0.000143897933306
BPM.20R6.B2 17576.76357 0.0277952496844 -0.012041961578 -0.000144133639042 -2.04071374785e-05
BPM.21R6.B2 17630.21209 0.0246911394363 -0.0175480020861 -1.60798418754e-05 0.000144680330029
BPM.22R6.B2 17683.6606 0.0260269513443 -0.0154978239728 0.000144849417981 1.44777610787e-05
BPM.23R6.B2 17737.10912 0.0222435351757 -0.0205623414537 1.01408447538e-05 -0.000145217492942
BPM.24R6.B2 17790.55763 0.023641915177 -0.0187115924102 -0.000148203429029 0.000180038079039
BPM.25R6.B2 17844.00615 0.0192451208205 -0.023209678303 0.000184391124755 0.000142751129187
BPM.26R6.B2 17897.45466 0.0210550390928 -0.0215812226604 0.000140707075102 -0.000185955610684
BPM.27R6.B2 17950.90318 0.0161160985046 -0.0254820566674 -0.000190084648188 -0.000135077008246
BPM.28R6.B2 18004.3517 0.0179327589989 -0.0241090329538 -0.000135827210869 0.000380125292026
BPM.29R6.B2 18057.80021 0.0125417665983 -0.0273044576006 0.00038401490244 0.000124405877371
BPM.30R6.B2 18111.24873 0.0147026723116 -0.0262042122975 0.000120161697044 -0.000385364029466
BPM.31R6.B2 18164.69724 0.00894094736573 -0.0286860379737 -0.000388791105987 -0.000108562156056
BPM.32R6.B2 18218.14576 0.0112285960698 -0.0278701981407 -0.000104227280839 0.000389975559966
BPM.33R6.B2 18271.59428 0.00520341176313 -0.0295931380572 0.000392917441225 9.252108165e-05
BPM.34R6.B2 18325.04279 0.00757239077635 -0.0290772800075 8.81689419698e-05 -0.000393916872399
BPM.33L7.B2 18378.49131 0.00136946289225 -0.0300158938833 -0.000396380446236 -7.63334957459e-05
BPM.32L7.B2 18431.93982 0.00378958454313 -0.0298071864302 -7.19278188993e-05 0.000397203546177
BPM.31L7.B2 18485.38834 -0.0024756967082 -0.0299449535043 0.000399177572816 6.00126316995e-05
BPM.30L7.B2 18538.83686 -5.36166870902e-05 -0.0300470703973 5.55818092418e-05 -0.000399818616394
BPM.29L7.B2 18592.28537 -0.00629146373262 -0.0293810619085 -0.000401302828449 -4.35927922367e-05
BPM.28L7.B2 18645.73389 -0.00389741102123 -0.0297932794722 -3.91453286481e-05 0.00040176101689
BPM.27L7.B2 18699.1824 -0.00999295787378 -0.028336727173 0.000402752935128 2.7098989082e-05
BPM.26L7.B2 18752.63092 -0.00786317219867 -0.0290624780622 1.97326384778e-05 -0.000214482279717
BPM.25L7.B2 18806.07943 -0.0137248581432 -0.0267971150783 -0.000214976527052 -1.33084811243e-05
BPM.24L7.B2 18859.52795 -0.0115164167415 -0.0278177866356 -1.09277516116e-05 0.000215110693794
BPM.23L7.B2 18912.97647 -0.0170377901439 -0.024822788235 0.000215341458789 4.48070935943e-06
BPM.22L7.B2 18966.42498 -0.0151675845266 -0.0261288925972 -8.03170415621e-07 -2.68232722739e-05
BPM.21L7.B2 19019.8735 -0.0202601736952 -0.0224120505509 -2.67872098508e-05 1.60538050031e-06
BPM.20L7.B2 19073.32201 -0.018385382751 -0.0239739932078 1.90230671152e-06 2.67677755171e-05
BPM.19L7.B2 19126.77053 -0.0229604923397 -0.0196364569156 2.66988533303e-05 -2.70267627257e-06
BPM.18L7.B2 19180.21905 -0.0213010632141 -0.0214252037336 -2.99862637056e-06 -2.66672317207e-05
BPM.17L7.B2 19233.66756 -0.0252838742885 -0.0165378459797 -2.65655757864e-05 3.79513400122e-06
BPM.16L7.B2 19287.11608 -0.0238667880579 -0.0185243374146 4.08945904418e-06 2.65218680389e-05
BPM.15L7.B2 19340.56459 -0.027191584381 -0.0131678543827 2.63875490475e-05 -4.88152827196e-06
BPM.14L7.B2 19394.01311 -0.0260403115371 -0.0153191652446 -5.1739048347e-06 -2.63318015955e-05
BPM.13L7.B2 19447.46163 -0.0286526679242 -0.00958119354436 -2.61652139769e-05 5.95939248841e-06
BPM.12L7.B2 19500.91014 -0.0275280282471 -0.0124491891205 5.89794283971e-06 2.61791249504e-05
BPM.11L7.B2 19554.35866 -0.0296517699369 -0.00579199348871 2.62641867575e-05 -5.50687451023e-06
BPM.10L7.B2 19607.13937 -0.029681308333 -0.00563866869128 -4.32747933337e-06 -2.64840801812e-05
BPM.9L7.B2 19646.20438 -0.029576646143 0.00616414244 -2.61914105669e-05 -5.84324314713e-06
BPM.8L7.B2 19686.66739 -0.0255823323497 0.0160723028968 -8.82151120583e-06 2.53439014889e-05
BPM.7L7.B2 19725.7314 -0.00977200262971 0.0285881551298 2.45249913326e-05 1.08929657409e-05
BPMR.6L7.B2 19760.5494 -0.01012355669 0.0284655625005 2.50265218199e-05 -9.68536852668e-06
BPMWC.6L7.B2 19772.7279 -0.00599868343638 0.0296106475095 2.13090371275e-05 -1.63112771842e-05
BPMWE.5L7.B2 19849.7819 -0.019997546656 0.0226466946238 -1.72813571085e-05 -2.05301853491e-05
BPMW.5L7.B2 19872.9869 -0.026096703613 0.0152229007551 -2.44936480608e-05 -1.09632385686e-05
BPMWE.4L7.B2 19908.0719 -0.0260715213846 0.0152659889495 -2.6834337955e-05 -2.21454108866e-07
BPMW.4L7.B2 19936.1769 -0.0179910332974 0.0242713281332 -2.29368935277e-05 1.3929504473e-05
BPMW.4R7.B2 20052.2239 -0.0118492348001 0.027791550571 2.395471724e-05 1.20956702048e-05
BPMWE.4R7.B2 20080.3289 -0.0209160714918 0.0218012064474 2.67855529079e-05 -1.63299755825e-06
BPMW.5R7.B2 20115.4139 -0.0198949089528 0.0227369137299 2.30144993282e-05 -1.38009624188e-05
BPMWE.5R7.B2 20138.6189 -0.00542709461421 0.0297207216136 9.17116999753e-06 -2.52194909271e-05
BPM.6R7.B2 20217.7584 0.00917547701118 0.0287851571302 -2.68322504323e-05 -4.03125001979e-07
BPM_A.7R7.B2 20255.7944 -0.000966820184057 0.0301966870325 -1.86100817823e-05 1.93338463042e-05
BPM.8R7.B2 20294.85841 -0.00122933945246 0.0301871392083 4.71723010861e-06 2.64174296514e-05
BPM.9R7.B2 20333.92342 0.014675855493 0.026408216793 2.65652314275e-05 -3.79756660096e-06
BPM.10R7.B2 20374.38643 0.0253325184563 0.0164632366179 -9.6325108821e-07 -2.6818009731e-05
BPM.11R7.B2 20427.16714 0.0248203268364 0.0172257372685 -2.67009910361e-05 -2.68150361242e-06
BPM.12R7.B2 20481.89066 0.0268888681767 0.0137754642769 -2.48852701586e-06 2.67196573555e-05
BPM.13R7.B2 20535.33917 0.025525940401 0.0161617145032 2.67613897692e-05 1.99020979245e-06
BPM.14R7.B2 20588.78769 0.0283242930583 0.0105123295015 1.1886157369e-06 -2.68089561542e-05
BPM.15R7.B2 20642.23621 0.027383534617 0.0127638818926 -2.68204997106e-05 -8.9102165738e-07
BPM.16R7.B2 20695.68472 0.0294363008747 0.00680285529124 -8.78683111002e-08 2.68351513483e-05
BPM.17R7.B2 20749.13324 0.0287913551387 0.00915600995356 2.68344722704e-05 -2.09505092834e-07
BPM.18R7.B2 20802.58175 0.0300646992148 0.00298136046198 -1.01233638969e-06 -2.68162015789e-05
BPM.19R7.B2 20856.03027 0.0297260382142 0.00539789783137 -2.68033140047e-05 1.30988570533e-06
BPM.20R7.B2 20909.47879 0.0301990825499 -0.00088885441157 2.111526223e-06 2.67520941672e-05
BPM.21R7.B2 20962.9273 0.0301723241175 0.00155096945519 2.67270507942e-05 -2.4078585306e-06
BPM.22R7.B2 21016.37582 0.0298372580643 -0.00474475291328 -3.20648662829e-06 -2.664303298e-05
BPM.23R7.B2 21069.82433 0.0301228441688 -0.00232140217103 -2.66058191521e-05 3.50196902604e-06
BPM.24R7.B2 21123.27285 0.0288421758387 -0.00849491356697 4.44572483014e-06 0.000171645139947
BPM.25R7.B2 21176.72137 0.0294336655847 -0.00613954345546 0.00017158555729 -6.34185274871e-06
BPM.26R7.B2 21230.16988 0.0275184810642 -0.0121147787261 -1.14677552273e-05 -0.000171319330049
BPM.27R7.B2 21283.6184 0.0284062780296 -0.00985484815739 -0.000171181079096 1.33739224847e-05
BPM.28R7.B2 21337.06691 0.0256000141181 -0.0155074026787 1.86524450275e-05 0.000315845139976
BPM.29R7.B2 21390.51543 0.02676832048 -0.0133901934073 0.000315620406928 -2.21320100339e-05
BPM.30R7.B2 21443.96394 0.0234057772887 -0.0186550221294 -3.1550081844e-05 -0.000314818438679
BPM.31R7.B2 21497.41246 0.0248342928313 -0.0167062311839 -0.000314446902492 3.50601072707e-05
BPM.32R7.B2 21550.86098 0.0208275131136 -0.0214954636705 4.44689825777e-05 0.000313254806989
BPM.33R7.B2 21604.30949 0.0224949948196 -0.0197437450493 0.000312745293806 -4.7921223942e-05
BPM.34R7.B2 21657.75801 0.0179061649684 -0.0239835259442 -5.72473405011e-05 -0.000311173273807
BPM.33L8.B2 21711.20652 0.019782246394 -0.0224611439497 -0.000310516025799 6.07113639191e-05
BPM.32L8.B2 21764.65504 0.0146918690671 -0.0260766033781 6.99854118454e-05 0.000308558105909
BPM.31L8.B2 21818.10356 0.0167493724268 -0.0248052168836 0.000307766365516 -7.33889338638e-05
BPM.30L8.B2 21871.55207 0.0112344493325 -0.0277421594132 -8.2560214441e-05 -0.000305433918591
BPM.29L8.B2 21925.00059 0.0134353588991 -0.0267456798783 -0.000304496450082 8.59533258221e-05
BPM.28L8.B2 21978.4491 0.00759464870914 -0.0289510202214 9.5030654541e-05 0.000301786751177
BPM.27L8.B2 22031.89762 0.00990740957722 -0.0282432911787 0.00030071684528 -9.8363889938e-05
BPM.26L8.B2 22085.34614 0.00368574583595 -0.029657358416 -0.000107175772365 -0.000152485382309
BPM.25L8.B2 22138.79465 0.00606676798053 -0.0292632526673 -0.000151286369774 0.000108861717383
BPM.24L8.B2 22192.24317 -0.0001366515436 -0.0298851962887 0.000113340016023 0.000147961058724
BPM.23L8.B2 22245.69168 0.00227567361258 -0.0297987405837 0.000146695275187 -0.000114973606328
BPM.22L8.B2 22299.1402 -0.004101672116 -0.0295948528859 -0.000119169342745 1.95942937524e-06
BPM.21L8.B2 22352.58871 -0.00169916834868 -0.0298293791231 3.2807343947e-06 0.000119140300624
BPM.20L8.B2 22406.03723 -0.0078520852919 -0.0288274832116 0.000118988742216 -6.84529823065e-06
BPM.19L8.B2 22459.48575 -0.00550101894733 -0.0293669511991 -8.16496477618e-06 -0.000118905463959
BPM.18L8.B2 22512.93426 -0.011476686553 -0.0275855885947 -0.000118607988888 1.17185013845e-05
BPM.17L8.B2 22566.38278 -0.00921233312486 -0.0284220328316 1.3032276935e-05 0.000118470832293
BPM.16L8.B2 22619.83129 -0.0149098013735 -0.0258916367568 0.000118027549652 -1.65734273466e-05
BPM.15L8.B2 22673.27981 -0.0127725157318 -0.0270100328327 -1.78824488185e-05 -0.000117836299084
BPM.14L8.B2 22726.72833 -0.018100481595 -0.0237708140005 -0.000117248764774 2.13986553118e-05
BPM.13L8.B2 22780.17684 -0.0161225402339 -0.0251543779123 2.26962268302e-05 0.000117004519797
BPM.12L8.B2 22833.62536 -0.0228614404333 -0.0192362567526 0.000117482151118 -2.00777819461e-05
BPM.11L8.B2 22887.07387 -0.022083062851 -0.0201250432895 -2.25621428544e-06 -0.000119164108806
BPM.10L8.B2 22938.91258 -0.023506049482 -0.0184430113951 -0.000118890541602 -8.37934486002e-06
BPM.9L8.B2 22977.9776 -0.0219552775877 -0.0202643731254 -3.01961223712e-05 0.000115296872242
BPM.8L8.B2 23018.44061 -0.0283119420969 0.00954531124487 0.000119147597042 -3.00416723149e-06
BPM.7L8.B2 23057.50662 -0.0281274429509 0.0100760103559 8.70980401571e-05 -8.1357906021e-05
BPM.6L8.B2 23089.97562 -0.0287782274232 -0.00803073214706 -1.38845006177e-05 -0.000118373951362
BPMR.5L8.B2 23150.39462 -0.0280616933113 0.0102576995519 0.000111583010903 4.18856775049e-05
BPMYB.4L8.B2 23171.16162 -0.0258742120295 0.014940019623 0.000119184362339 -5.01833704687e-07
BPMWB.4L8.B2 23195.62912 -0.0266006672187 0.0136045410058 0.000116133389065 -2.67994601579e-05
BPMSX.4L8.B2 23245.78612 -0.0263212207864 0.0141376224438 0.000103315082194 -5.94236384942e-05
BPMS.2L8.B2 23283.69762 -0.0264938624016 0.0138113824659 9.08987369288e-05 -7.70882318429e-05
BPMSW.1L8.B2 23293.63162 -0.0266469685644 0.0135136266624 8.37275600507e-05 -8.48224584398e-05
BPMSW.1R8.B2 23336.82162 -0.0266469048697 0.0135137522189 0.000115776876791 -2.82995279622e-05
BPMS.2R8.B2 23346.75562 -0.0264938175603 0.0138114693436 0.000112821457691 -3.8424027124e-05
BPMSX.4R8.B2 23384.66712 -0.0263212205145 0.0141376229466 0.000104038065538 -5.81485672886e-05
BPMWI.4R8.B2 23434.90012 -0.0265998338801 0.0136061702772 8.25738966001e-05 -8.59460653197e-05
BPMYB.4R8.B2 23459.29162 -0.0258739459913 0.0149404803165 6.16231128655e-05 -0.000102018440368
BPMYB.5R8.B2 23479.86862 -0.0279588991346 0.0105346566358 2.25722098114e-05 -0.000117028496034
BPMR.6R8.B2 23563.97662 -0.028853979432 -0.00775415427807 0.000105216027466 5.59887594748e-05
BPM_A.7R8.B2 23586.21662 -0.0298776578075 6.77638955265e-05 0.000118710060792 1.0635474924e-05
BPM.8R8.B2 23627.65561 -0.0256286553957 0.0153574429692 6.41678417275e-05 -0.000100437368273
BPM.9R8.B2 23666.7226 -0.0109735401581 0.0277895744543 -0.000117558302737 1.96270644769e-05
BPM.10R8.B2 23707.18758 -0.0282918347817 0.00960474449413 6.78332242784e-05 9.79991519978e-05
BPM.11R8.B2 23759.02827 -0.0248725397108 0.0165540267061 0.000105323818732 -5.57859236438e-05
BPM.12R8.B2 23813.75476 -0.0242834983205 0.0174066292258 -5.39182917834e-05 -0.000106292009023
BPM.13R8.B2 23867.20624 -0.0191994954683 0.0228923219794 -0.000102728117093 6.04327005211e-05
BPM.14R8.B2 23920.65773 -0.0209837084947 0.0212688271856 6.15783842603e-05 0.000102045467449
BPM.15R8.B2 23974.10921 -0.0161120084777 0.0251611250758 0.000100147809074 -6.46188003693e-05
BPM.16R8.B2 24027.56069 -0.0180910790323 0.0237779707105 -6.57376371396e-05 -9.94169762432e-05
BPM.17R8.B2 24081.01218 -0.0127620074659 0.0270149994834 -9.73984955629e-05 6.86928585086e-05
BPM.18R8.B2 24134.46366 -0.0148998125938 0.0258973862982 6.97791111431e-05 9.66232461171e-05
BPM.19R8.B2 24187.91515 -0.00919994556595 0.0284260449819 9.44821081464e-05 -7.26519347399e-05
BPM.20R8.B2 24241.36663 -0.0114653473025 0.0275903034189 -7.37065044585e-05 -9.36617687911e-05
BPM.21R8.B2 24294.81811 -0.00548921907763 0.0293691590915 -9.14058700012e-05 7.6486225205e-05
BPM.22R8.B2 24348.2696 -0.00784055064129 0.0288306225704 7.75050707799e-05 9.05435714425e-05
BPM.23R8.B2 24401.72108 -0.00168569036499 0.029830143816 8.81738052796e-05 -8.0190747221e-05
BPM.24R8.B2 24455.17257 -0.00390077042734 0.0296083558099 -7.82808590612e-05 -0.000277232952744
BPM.25R8.B2 24508.62405 0.00232823232906 0.0297733115078 -0.000274756490122 8.65729536201e-05
BPM.26R8.B2 24562.07554 -7.97833429553e-05 0.0298640984894 8.96445448504e-05 0.00027376972265
BPM.27R8.B2 24615.52702 0.00612171797035 0.0292300412751 0.000270953476454 -9.78274589475e-05
BPM.28R8.B2 24668.9785 0.00392825718432 0.0296413862327 -9.79593108166e-05 -0.000459810941632
BPM.29R8.B2 24722.42999 0.00999275423106 0.0281813386003 -0.000456657785087 0.00011173991628
BPM.30R8.B2 24775.88147 0.0076893719956 0.0288949223981 0.000116856208067 0.000455375413674
BPM.31R8.B2 24829.33296 0.0135211639148 0.0266687290483 0.000451664548013 -0.000130465618864
BPM.32R8.B2 24882.78444 0.0113210502964 0.0276744792606 -0.000135507601999 -0.000450177555217
BPM.33R8.B2 24936.23592 0.0168170921115 0.0247230337081 -0.000445894238284 0.000148998186781
BPM.34R8.B2 24989.68741 0.0147699426966 0.0259979186749 0.00015399743298 0.000444192448977
BPM.33L1.B2 25043.13889 0.0198454510485 0.0223651750515 0.000439378458252 -0.000167238475496
BPM.32L1.B2 25096.59038 0.0179728821907 0.0238959931332 -0.000172136333767 -0.000437482826816
BPM.31L1.B2 25150.04186 0.022540552732 0.0196460292707 -0.000432096040307 0.000185243442393
BPM.30L1.B2 25203.49334 0.0208835282681 0.0213990941333 0.000190088213563 0.00042998676002
BPM.29L1.B2 25256.94483 0.0248707309972 0.0165978830743 0.00042410440563 -0.000202873341249
BPM.28L1.B2 25310.39631 0.0234483045342 0.0185531667477 -0.000207597100251 -0.00042181225859
BPM.27L1.B2 25363.8478 0.0267883060805 0.0132826819808 -0.000415357235549 0.000220228282217
BPM.26L1.B2 25417.29928 0.0258197869702 0.0154123959926 0.000227767673951 0.000222910912104
BPM.25L1.B2 25470.75077 0.0284563904996 0.00971787987649 0.000215990225501 -0.000234340805244
BPM.24L1.B2 25524.20225 0.0275787081016 0.0119840814861 -0.00023674779027 -0.000213349182109
BPM.23L1.B2 25577.65373 0.0294655657922 0.00599864835623 -0.000206115224966 0.000243071807142
BPM.22L1.B2 25631.10522 0.0290757031679 0.00836890498707 0.000248266595235 1.34147259557e-05
BPM.21L1.B2 25684.5567 0.0301795186539 0.00215214755501 5.96503676324e-06 -0.00024855719152
BPM.20L1.B2 25738.00819 0.0299072998883 0.00458132063966 -0.000248608606486 -3.16503963884e-06
BPM.19L1.B2 25791.45967 0.0302068804729 -0.0017261105024 4.32005720407e-06 0.000248591215867
BPM.18L1.B2 25844.91115 0.0302476507711 0.000717431780487 0.000248527653073 -7.08973413017e-06
BPM.17L1.B2 25898.36264 0.0297378338568 -0.00557640770653 -1.45392732131e-05 -0.000248203276591
BPM.16L1.B2 25951.81412 0.0300908876025 -0.00315809575613 -0.000248023713331 1.73347358936e-05
BPM.15L1.B2 26005.26561 0.0287802067295 -0.00933460154784 2.47911726414e-05 0.000247389677646
BPM.14L1.B2 26058.71709 0.0294397813024 -0.00698100004105 0.000247098096072 -2.75459764932e-05
BPM.13L1.B2 26112.16857 0.0273494412725 -0.0129399825131 -3.49456525193e-05 -0.00024616064121
BPM.12L1.B2 26165.62006 0.0294896847457 -0.00676709532657 -0.000247984326082 1.78893455731e-05
BPM.11L1.B2 26219.07154 0.0299688309177 -0.00415983879234 1.13755778209e-05 0.000248368366789
BPM.10L1.B2 26271.85423 0.0301744695226 -0.00222181783295 0.000243064154956 -5.23075085447e-05
BPM.9L1.B2 26310.92122 0.0289722832074 -0.00872020017792 -4.0034811961e-05 -0.00024538432304
BPM.8L1.B2 26351.38621 0.0265770678903 0.0144601019318 -0.000191011784822 0.000159156400761
BPM.7L1.B2 26390.4542 0.0301998301615 0.00184535733004 0.000142578825169 0.000203684899938
BPMR.6L1.B2 26433.6382 0.0286770616489 -0.0096468243776 0.000206126568074 -0.00013902551488
BPM.5L1.B2 26465.5382 0.010277061394 -0.0284572854394 -5.74322475948e-05 -0.000241904511697
BPMYA.4L1.B2 26486.6562 0.00381216457807 -0.0300150376776 -0.000134118162875 -0.000209352765264
BPMWB.4L1.B2 26507.7127 0.000128667763194 -0.0302558842221 -0.000172490773717 -0.000179061947155
BPMSY.4L1.B2 26600.5687 -0.000901115938642 -0.0302427359155 -0.000220784720901 -0.000114325620647
BPMS.2L1.B2 26627.3542 -0.00130281542577 -0.0302280955533 -0.000227804614081 -9.9606870144e-05
BPMSW.1L1.B2 26637.4082 -0.00147284675335 -0.0302202880167 -0.000232096905674 -8.91471390584e-05
