BPMSW.1R1.B2 21.475 -0.016157019635 -0.0259674071004 -0.000168083657435 -9.42369786063e-05
BPMS.2R1.B2 31.529 -0.0160107321406 -0.0260578586055 -0.000172194128829 -8.6497642062e-05
BPMSY.4R1.B2 58.3145 -0.0156632167128 -0.0262682156342 -0.000177493586588 -7.50247208547e-05
BPMWB.4R1.B2 151.1705 -0.0147604871975 -0.0267858829845 -0.000192176313286 -1.41753366541e-05
BPMYA.4R1.B2 172.227 -0.0113888887054 -0.0283839518582 -0.000191235115475 2.37022114749e-05
BPMR.5R1.B2 199.635 -0.0024738721019 -0.0304833637676 -0.000159608077853 0.000107971941817
BPM.6R1.B2 231.535 0.0258757712756 -0.0163033730015 8.23986736028e-05 0.00017419283442
BPMRA.7R1.B2 259.259 0.0292156458758 -0.00904442071915 0.000188052342104 4.20594849541e-05
BPM.8R1.B2 300.6960106 0.0293284443451 -0.00867167009104 7.53321435995e-05 -0.000177363317656
BPM.9R1.B2 339.7610212 0.026732251706 -0.0148573964325 -0.000188160414686 -4.15732251467e-05
BPM.10R1.B2 380.2240318 0.0191963852092 -0.0238087022798 8.03459113647e-06 0.000192530842174
BPM.11R1.B2 433.0047424 0.0289851517261 -0.00975789370589 0.000180433713397 -6.76487746891e-05
BPM.12R1.B2 487.7282583 0.0244629396432 -0.0183553832401 -5.8223875825e-05 -0.000183691754838
BPM.13R1.B2 541.1767742 0.0235340316538 -0.0195321494791 -0.000187783952382 4.32420015215e-05
BPM.14R1.B2 594.6252901 0.0189682338282 -0.0239908652562 4.88498045266e-05 0.000186403805332
BPM.15R1.B2 648.073806 0.020842875857 -0.0223814663433 0.000185852399563 -5.09073970384e-05
BPM.16R1.B2 701.5223219 0.0157429047338 -0.026220535088 -5.64434226528e-05 -0.000184246628964
BPM.17R1.B2 754.9708378 0.0178069403677 -0.0248650031954 -0.000183607589074 5.84887781672e-05
BPM.18R1.B2 808.4193537 0.0122602158909 -0.028018611962 6.39592365322e-05 0.000181774301434
BPM.19R1.B2 861.8678696 0.0144818983863 -0.0269375226849 0.000181055425028 -6.59667338742e-05
BPM.20R1.B2 915.3163855 0.00857443507436 -0.0293570191431 -7.13542406549e-05 -0.000179000699302
BPM.21R1.B2 968.7649014 0.0109148798736 -0.0285695800959 -0.000178197091811 7.33381006031e-05
BPM.22R1.B2 1022.213417 0.00474974140892 -0.0302125051304 7.86383950892e-05 0.000175922371331
BPM.23R1.B2 1075.661933 0.00717298188818 -0.0297305203631 0.000175040332731 -8.05826612347e-05
BPM.24R1.B2 1129.110449 0.000699444793462 -0.0305438167252 -8.56380121536e-05 -2.35325867004e-05
BPM.25R1.B2 1182.558965 0.00316247463857 -0.0303877066838 -2.25812497345e-05 8.58937896612e-05
BPM.26R1.B2 1236.007481 -0.00321219693683 -0.0303824909078 8.65310787961e-05 2.00006921482e-05
BPM.27R1.B2 1289.455997 -0.000750417300836 -0.0305426069177 1.90397786582e-05 -8.67475800767e-05
BPM.28R1.B2 1342.904513 -0.00721883724497 -0.0296940280717 -8.71335199363e-05 0.000132579910534
BPM.29R1.B2 1396.353029 -0.00479745739594 -0.030179982056 0.000133538454969 8.56572415619e-05
BPM.30R1.B2 1449.801545 -0.0109568883011 -0.0285270663232 8.16202674669e-05 -0.000136043429005
BPM.31R1.B2 1503.25006 -0.00862054223882 -0.0293177960587 -0.000136939653094 -8.01074994632e-05
BPM.32R1.B2 1556.698576 -0.0145169449816 -0.0268906158831 -7.59768756207e-05 0.00013927381889
BPM.33R1.B2 1610.147092 -0.0122982702461 -0.0279749792347 0.000140108514457 7.4426356573e-05
BPM.34R1.B2 1663.595608 -0.0178368009759 -0.0248132110913 7.01959845198e-05 -0.000142275107823
BPM.33L2.B2 1717.044124 -0.0157773677427 -0.0261710065008 -0.000143043975858 -6.86156136728e-05
BPM.32L2.B2 1770.49264 -0.0208648908106 -0.022327186275 -6.43091833126e-05 0.000145031076633
BPM.31L2.B2 1823.941156 -0.0189941707841 -0.0239388468843 0.000145736307162 6.2694589062e-05
BPM.30L2.B2 1877.389672 -0.023549188448 -0.0194751800597 5.82995017613e-05 -0.000147549489456
BPM.29L2.B2 1930.838188 -0.0219014747444 -0.0213113190273 -0.000148185895056 -5.66624001945e-05
BPM.28L2.B2 1984.286704 -0.0258472112046 -0.0163024104796 -5.2208730291e-05 0.000149812970103
BPM.27L2.B2 2037.73522 -0.0244468412848 -0.0183357264724 0.000150383888413 5.05408086724e-05
BPM.26L2.B2 2091.183735 -0.0278666428939 -0.0128352251581 4.6164860218e-05 -2.81385714595e-06
BPM.25L2.B2 2144.632251 -0.0267400338669 -0.0150420537205 -3.32603444388e-06 -4.61307821742e-05
BPM.24L2.B2 2198.080767 -0.0292796445347 -0.00916488992812 -4.60106388844e-05 4.70452305221e-06
BPM.23L2.B2 2251.529283 -0.0284445374371 -0.011497872909 5.21411270265e-06 4.59556721679e-05
BPM.22L2.B2 2304.977799 -0.0303582743348 -0.00531682068701 4.59230020648e-05 0.000142443723873
BPM.21L2.B2 2358.426315 -0.0298301411191 -0.00774958601064 0.000141923548192 -4.75061545051e-05
BPM.20L2.B2 2411.874831 -0.0307889950185 -0.00138967198707 -5.173531179e-05 -0.000140437140892
BPM.19L2.B2 2465.323347 -0.0305764564394 -0.00386958835891 -0.000139857229189 5.32830779115e-05
BPM.18L2.B2 2518.771863 -0.0307138129432 0.00256029237513 5.74416706974e-05 0.000138201261006
BPM.17L2.B2 2572.220379 -0.0308202535269 7.33147535919e-05 0.000137552955791 -5.89772597225e-05
BPM.16L2.B2 2625.668894 -0.0301340041427 0.00646801336548 -6.30697548004e-05 -0.00013572523506
BPM.15L2.B2 2679.11741 -0.0305576793637 0.00401517549991 -0.000135020512362 6.45646349591e-05
BPM.14L2.B2 2732.565926 -0.0290589642178 0.0102698588645 6.85742371541e-05 0.000133028969062
BPM.13L2.B2 2786.014442 -0.0297929383501 0.00789140212802 0.000132257030004 -7.00514596426e-05
BPM.12L2.B2 2839.462958 -0.0271862506807 0.0145189936465 -7.22294957377e-05 -0.000131080256895
BPM.11L2.B2 2892.911474 -0.0294610726339 0.00905199430919 -0.000137436712235 5.92476239127e-05
BPM.10L2.B2 2944.750185 -0.0286291863016 0.0114132858635 3.26370164135e-05 0.00014606149253
BPM.9L2.B2 2983.815195 -0.0257634408418 0.0169156294243 0.000149646379421 -2.25702019747e-06
BPM.8L2.B2 3024.278206 -0.0171896675145 0.0255814138345 -0.000107533976403 -0.000104094073778
BPM.7L2.B2 3063.344216 -0.0305740148758 -0.00388883236934 -8.84619192355e-05 0.000120721273035
BPM.6L2.B2 3095.450216 -0.0300584920485 -0.00681031998553 -2.26043537232e-05 0.000147946527496
BPMYB.5L2.B2 3167.649216 -0.0308044884129 0.000988380624056 0.000146360203314 3.12701994842e-05
BPMYB.4L2.B2 3188.219216 -0.0300340617224 0.00691726380275 0.000137136342314 -5.99396261417e-05
BPMWB.4L2.B2 3212.610716 -0.0307983882486 0.00116304936158 3.40683644464e-05 -0.00014573427427
BPMSX.4L2.B2 3262.843716 -0.0261398565137 0.0163279301827 -0.000149331350238 9.96397915542e-06
BPMS.2L2.B2 3300.755216 -0.0261193664595 0.0163606872951 -0.000107959415926 0.0001036525492
BPMSW.1L2.B2 3310.689216 -0.0267152609891 0.0153684167586 -7.75325669405e-05 0.000128014998765
BPMSW.1R2.B2 3353.879216 -0.0267153346975 0.0153682885802 -0.000113654970445 -9.73739133919e-05
BPMS.2R2.B2 3363.813216 -0.0261194282028 0.0163605888266 -0.000134944501876 -6.47232153325e-05
BPMSX.4R2.B2 3401.724716 -0.0261398541702 0.0163279339311 -0.000144966051886 3.72018266901e-05
BPMWB.4R2.B2 3451.881716 -0.0307985792333 0.00115798089261 7.74999076499e-05 0.000128034747602
BPMYB.4R2.B2 3476.349216 -0.0300642327677 0.00678493268703 0.000148989873857 1.41825478035e-05
BPM.5R2.B2 3505.883216 -0.0281196523565 -0.0126165983483 7.77210876945e-05 -0.000127900601572
BPMR.6R2.B2 3579.179216 -0.0259006328345 -0.016704808299 -0.000123038866813 -8.52089751118e-05
BPM_A.7R2.B2 3592.054216 -0.0265879674032 -0.0155876037527 -0.000136237541049 -6.19552862114e-05
BPM.8R2.B2 3633.493206 -0.0305192734397 -0.00429736562634 -0.000119056521451 9.06900122402e-05
BPM.9R2.B2 3672.560195 -0.0186455841954 0.024540488842 0.000130028904589 7.41054406611e-05
BPM.10R2.B2 3713.025185 -0.0167892598858 0.0258459698139 0.000115382356228 -9.53207376071e-05
BPM.11R2.B2 3764.865874 -0.0147903832642 0.0270395629653 -8.3693925816e-05 -0.000124074416213
BPM.12R2.B2 3819.592358 -0.0164699612923 0.026050600338 -0.000116206055081 9.43148222756e-05
BPM.13R2.B2 3873.043842 -0.00777236693616 0.0298242135646 0.000106263965417 0.000105390245093
BPM.14R2.B2 3926.495326 -0.0101537515517 0.0290997376589 0.000104192363733 -0.000107438744611
BPM.15R2.B2 3979.94681 -0.00389426494285 0.0305733233886 -0.000110520111171 -0.000100917983593
BPM.16R2.B2 4033.398294 -0.00634910383187 0.0301592818679 -9.96745179495e-05 0.000111642823823
BPM.17R2.B2 4086.849779 5.05255510322e-05 0.0308202993114 0.000114587432715 9.62748916903e-05
BPM.18R2.B2 4140.301263 -0.00243733044267 0.0307238152431 9.49845381904e-05 -0.000115659267344
BPM.19R2.B2 4193.752747 0.00399115852383 0.0305608255196 -0.000118460317592 -9.14673709195e-05
BPM.20R2.B2 4247.204231 0.00151170999098 0.0307832443894 -9.01341068952e-05 0.000119477925428
BPM.21R2.B2 4300.655715 0.0078695957871 0.0297987057616 0.000122132196329 8.65035014919e-05
BPM.22R2.B2 4354.107199 0.00543858681636 0.0303366968519 8.51308029165e-05 -0.000123092966575
BPM.23R2.B2 4407.558683 0.0116153802248 0.0285477905463 -0.000125594896228 -8.13944579863e-05
BPM.24R2.B2 4461.010167 0.00922521901115 0.0293888261228 -8.07223615449e-05 0.0001752843976
BPM.25R2.B2 4514.461651 0.0151257244136 0.0268331926302 0.000177630119376 7.54205390514e-05
BPM.26R2.B2 4567.913135 0.0129100475454 0.027966738086 7.34301956397e-05 -0.000178462114948
BPM.27R2.B2 4621.36462 0.0184323359755 0.0246790753002 -0.000180588228295 -6.80339187493e-05
BPM.28R2.B2 4674.816104 0.0163323543214 0.0260826005527 -6.67409216984e-05 0.000230124067195
BPM.29R2.B2 4728.267588 0.0213915512923 0.0221235029164 0.000232024110509 5.98016577698e-05
BPM.30R2.B2 4781.719072 0.0195354454835 0.0237784402064 5.72087563357e-05 -0.000232677027047
BPM.31R2.B2 4835.170556 0.0240445102655 0.0192070136748 -0.00023429206025 -5.0186341018e-05
BPM.32R2.B2 4888.62204 0.0224164032502 0.0210844187514 -4.7546439302e-05 0.00023484202232
BPM.33R2.B2 4942.073524 0.0263050960487 0.0159715299946 0.000236163124127 4.04773013381e-05
BPM.34R2.B2 4995.525008 0.0249297583126 0.0180431427161 3.78416003367e-05 -0.000236599776093
BPM.33L3.B2 5048.976492 0.0281314758793 0.012476694805 -0.000237631066853 -3.0706890277e-05
BPM.32L3.B2 5102.427976 0.0270329705113 0.0147059972162 -2.80290118298e-05 0.000237961795127
BPM.31L3.B2 5155.87946 0.0294967999453 0.0087742031443 0.000238695489943 2.08780231834e-05
BPM.30L3.B2 5209.330945 0.0286922250637 0.0111267277129 1.82163444972e-05 -0.000238913369691
BPM.29L3.B2 5262.782429 0.0303767650796 0.00492950221382 -0.000239353368203 -1.10181650487e-05
BPM.28L3.B2 5316.233913 0.0298798548959 0.00736492499303 -8.32166100463e-06 0.000239462270714
BPM.27L3.B2 5369.685397 0.0307578058781 0.00100260981015 0.000239604137021 1.136981073e-06
BPM.26L3.B2 5423.136881 0.0305276565871 0.00347878963166 -2.28231642032e-06 -0.000190814325526
BPM.25L3.B2 5476.588365 0.0305848899147 -0.00293330920907 -0.000190659245112 8.02301358271e-06
BPM.24L3.B2 5530.039849 0.0307218608004 -0.000455041511053 1.01671563512e-05 0.000190556945372
BPM.23L3.B2 5583.491333 0.029958433003 -0.00682144309579 0.000190166256762 -1.5878144005e-05
BPM.22L3.B2 5636.942817 0.0303623565242 -0.00438450183576 -1.87468774078e-05 -0.000141191164633
BPM.21L3.B2 5690.394301 0.0287910091962 -0.0105912388053 -0.000140563344149 2.29857120136e-05
BPM.20L3.B2 5743.845786 0.0295520239671 -0.00823252268565 2.45631036312e-05 0.000140296291601
BPM.19L3.B2 5797.29727 0.0271999133536 -0.0141866579399 0.000139496118022 -2.87616207139e-05
BPM.18L3.B2 5850.748754 0.0282559828785 -0.0119455423511 -3.03191136165e-05 -0.000139165872031
BPM.17L3.B2 5904.200238 0.0251609917759 -0.0175505282678 -0.00013819088809 3.44916489906e-05
BPM.16L3.B2 5957.651722 0.0264957965423 -0.0154618665003 3.60409592037e-05 0.00013779492198
BPM.15L3.B2 6011.103206 0.02270990016 -0.0206241844523 0.000136651365931 -4.015961326e-05
BPM.14L3.B2 6064.55469 0.0242998937627 -0.0187246285142 -4.16853892063e-05 -0.000136193700573
BPM.13L3.B2 6118.006174 0.0198838510262 -0.0233608436978 -0.000134878334995 4.57627703786e-05
BPM.12L3.B2 6171.457658 0.0246698942757 -0.0182343868889 3.54144151809e-05 0.00013795728698
BPM.11L3.B2 6224.909142 0.0263969020011 -0.015630102836 0.000139384439647 -2.92979050095e-05
BPM.10L3.B2 6277.691832 0.0304742952781 -0.00352333328737 -1.80423576017e-05 -0.000141282927132
BPM.9L3.B2 6316.758821 0.0294498022424 -0.00859102426623 -0.000119580933979 -7.73743756987e-05
BPM.8L3.B2 6357.223811 0.0272877296642 -0.0140170024902 -0.000132342863624 5.26475498235e-05
BPM.7L3.B2 6396.2898 0.0188801358922 -0.0241792683642 -1.34894951559e-05 0.000141790077965
BPMR.6L3.B2 6468.9288 -0.00736742776642 -0.0297794821646 0.000131338640545 -5.51049319762e-05
BPMWE.5L3.B2 6511.9823 -0.00799441717444 -0.0296173233839 7.35832113346e-05 -0.000121950428467
BPMW.5L3.B2 6539.5273 0.00138867882959 -0.0306458499807 1.17981949499e-05 -0.000141940818685
BPMWE.4L3.B2 6614.6553 -0.00928624680084 -0.0292380261038 -0.000132333639189 -5.26706737979e-05
BPMW.4L3.B2 6642.2003 -0.0281767990825 -0.0121311393771 -0.000115939750219 8.27306723134e-05
BPMW.4R3.B2 6687.1653 -0.0301447795764 -0.00569111713107 -4.06550555848e-05 0.000136504814903
BPMWE.4R3.B2 6714.7103 -0.0285143492754 -0.0113149651044 1.31907879827e-05 0.000141818190063
BPMW.5R3.B2 6789.8383 -0.0301274968917 -0.00578190980386 0.00013293743244 5.11276255139e-05
BPMWE.5R3.B2 6817.3833 -0.0299362857353 0.00670189125661 0.000138748184992 -3.21766033285e-05
BPMWC.6R3.B2 6858.3743 -0.0291580548742 0.00953437919719 9.17419887802e-05 -0.000108948620572
BPM.6R3.B2 6870.5288 -0.0300135353874 0.00634698697048 6.55473322216e-05 -0.000126451350631
BPM_A.7R3.B2 6926.3528 -0.0298641009248 0.00701655371507 -8.60215134681e-05 -0.00011351957557
BPM.8R3.B2 6965.418789 -0.0289122885258 -0.0102555410377 -0.000118972146328 7.83072236241e-05
BPM.9R3.B2 7004.485779 -0.00687808552586 -0.0298962955834 9.7275159825e-05 0.00010403816726
BPM.10R3.B2 7044.950768 -0.0102776237285 -0.0289044460413 0.000142429008299 6.07043977537e-07
BPM.11R3.B2 7097.733458 -0.0189164889448 -0.0241508384055 2.91563123978e-05 -0.000139414147375
BPM.12R3.B2 7152.459942 -0.0256078562734 -0.0168918396706 -0.00014241774619 1.89221590753e-06
BPM.13R3.B2 7205.911426 -0.0227716276068 -0.0205560094963 1.10065591087e-05 0.00014200440008
BPM.14R3.B2 7259.36291 -0.0265418237393 -0.015382722212 0.000141609328515 -1.52706139452e-05
BPM.15R3.B2 7312.814394 -0.0252140042014 -0.017474282319 -1.68596686879e-05 -0.000141428946363
BPM.16R3.B2 7366.265878 -0.0282919862252 -0.0118600196449 -0.000140859271851 2.10964827662e-05
BPM.17R3.B2 7419.717362 -0.0272422214095 -0.0141052445087 2.26698370384e-05 0.000140614615711
BPM.18R3.B2 7473.168846 -0.0295765485582 -0.00814397476291 0.000139869109848 -2.68891835814e-05
BPM.19R3.B2 7526.62033 -0.0288228605969 -0.0105042494727 -2.8458108897e-05 -0.000139558336055
BPM.20R3.B2 7580.071814 -0.0303754352029 -0.00429295775332 -0.000138641643253 3.26326399436e-05
BPM.21R3.B2 7633.523299 -0.0299297989758 -0.00673080109012 3.41805055966e-05 0.000138268157219
BPM.22R3.B2 7686.974783 -0.0306750406055 -0.000372067090807 0.000137177269329 -3.8324823786e-05
BPM.23R3.B2 7740.426267 -0.0305449371826 -0.00284664056544 -3.98625936498e-05 -0.000136738327784
BPM.24R3.B2 7793.877751 -0.0305467821962 0.00356958796092 -0.000135402820682 0.000121202281107
BPM.25R3.B2 7847.329235 -0.0307352254482 0.00109260124357 0.000122711253533 0.000134036793149
BPM.26R3.B2 7900.780719 -0.0298390817568 0.00744829247484 0.00013028181066 -0.000126690853257
BPM.27R3.B2 7954.232203 -0.0303429572299 0.00501525747451 -0.000128142757135 -0.000128853987661
BPM.28R3.B2 8007.683687 -0.028717378613 0.0112185300619 -0.000124878422561 0.000209208918509
BPM.29R3.B2 8061.135171 -0.029528929949 0.00886484895366 0.000210597164972 0.000122522774179
BPM.30R3.B2 8114.586655 -0.0270459414629 0.0148006858509 0.000116124610285 -0.000214191651757
BPM.31R3.B2 8168.03814 -0.0281527228265 0.0125685101943 -0.000215477030136 -0.000113721741158
BPM.32R3.B2 8221.489624 -0.0249308045195 0.0181383085672 -0.000107211615114 0.000218789065142
BPM.33R3.B2 8274.941108 -0.0263127568508 0.0160680452692 0.000219978649693 0.000104749108444
BPM.34R3.B2 8328.392592 -0.0224049568163 0.0211792625235 9.80793313164e-05 -0.00022303235129
BPM.33L4.B2 8381.844076 -0.0240422340274 0.0193006278036 -0.000224115305015 -9.55788269431e-05
BPM.32L4.B2 8435.29556 -0.0195122213605 0.023870828828 -8.88145398694e-05 0.000226880956594
BPM.31L4.B2 8488.747044 -0.0213739746557 0.022219281241 0.000227863441798 8.62626345623e-05
BPM.30L4.B2 8542.198528 -0.0162973583213 0.026171346222 7.93676970468e-05 -0.0002303557115
BPM.29L4.B2 8595.650012 -0.0183580260791 0.0247694596119 -0.000231229179961 -7.6785781495e-05
BPM.28L4.B2 8649.101496 -0.0128162903051 0.0280407909014 -6.98123851307e-05 0.000233429253774
BPM.27L4.B2 8702.55298 -0.0150359616259 0.0269158523814 0.000234197734418 6.71893354674e-05
BPM.26L4.B2 8756.004465 -0.00919842125856 0.0294649769091 6.02048899996e-05 -0.000158854991788
BPM.25L4.B2 8809.455949 -0.0115479852559 0.0286258598859 -0.000159519277594 -5.84220142282e-05
BPM.24L4.B2 8862.907433 -0.00535427388649 0.0303994665923 -5.36051717082e-05 0.000161201810941
BPM.23L4.B2 8916.358917 -0.00778889795307 0.0298685266803 0.00016179239151 5.17953746519e-05
BPM.22L4.B2 8969.810401 -0.00149596661795 0.0308492680189 4.69957851376e-05 -8.60162670453e-05
BPM.21L4.B2 9023.261885 -0.00398194475187 0.030627754886 -8.65375112102e-05 -4.60289225451e-05
BPM.20L4.B2 9076.713369 0.00246210250181 0.030787226318 -4.34082985363e-05 8.78812903461e-05
BPM.19L4.B2 9130.164853 -2.985162651e-05 0.0308855040832 8.83619736381e-05 4.24212353145e-05
BPM.18L4.B2 9183.616337 0.00638099349653 0.030219168999 3.97477285269e-05 -8.95964287683e-05
BPM.17L4.B2 9237.067821 0.0039202005207 0.0306357190413 -9.00363294212e-05 -3.87409710016e-05
BPM.16L4.B2 9290.519306 0.0101938736908 0.029154762781 -3.60177686909e-05 9.11598704167e-05
BPM.15L4.B2 9343.97079 0.00780836406891 0.0298821803761 9.15574582549e-05 3.49947796773e-05
BPM.14L4.B2 9397.422274 0.0138402386798 0.0276109226078 3.22293335824e-05 -9.2567113702e-05
BPM.13L4.B2 9450.873758 0.0115657699458 0.0286382300288 -9.29226797368e-05 -3.11893856201e-05
BPM.12L4.B2 9504.325242 0.0197330322732 0.0237596862566 -3.36276980385e-05 9.20683496828e-05
BPM.11L4.B2 9557.776726 0.0188715179048 0.0244495616616 8.52914220963e-05 4.82988081511e-05
BPMC.10L4.B2 9609.617415 0.0217573919079 0.0219210207311 5.97238941256e-05 -7.77203768732e-05
BPMC.9L4.B2 9648.684405 0.0237060602654 0.0197974230595 -6.53954270888e-05 -7.30126007409e-05
BPMC.8L4.B2 9689.149394 0.0286613637187 0.0115083223289 -5.34750366549e-06 9.78713674675e-05
BPMC.7L4.B2 9728.215384 0.00970800322714 0.0293201283587 9.79082953979e-05 -4.62286339604e-06
BPMYA.6L4.B2 9824.819384 0.0139192454998 0.0275711780285 2.31787607283e-05 -9.5237317583e-05
BPMYB.5L4.B2 9861.819384 0.0138694049152 0.0275962834559 -3.30342853404e-06 -9.79616727801e-05
BPMWA.B5L4.B2 9964.209884 0.0259173352753 0.0167990173962 -8.63491339219e-05 -4.63813419655e-05
BPMWA.A5L4.B2 9973.094884 0.0264983273988 0.0158667544994 -9.03108712481e-05 -3.80965500138e-05
BPMWA.A5R4.B2 10021.14388 0.0281206325192 0.0127728336714 -9.77569262164e-05 7.1403120211e-06
BPMWA.B5R4.B2 10030.02888 0.0281991942803 0.0125984401893 -9.68615274672e-05 1.50081792136e-05
BPMYA.5R4.B2 10132.49538 0.0257851357483 0.0170012360631 -5.48978969754e-05 8.12011377786e-05
BPMYB.6R4.B2 10164.05938 0.0262050537961 0.0163465718131 -3.60991937704e-05 9.1127630897e-05
BPMCA.7R4.B2 10260.57538 0.0189224226489 0.024410185869 9.45676835212e-05 2.57750648192e-05
BPMC.8R4.B2 10298.36637 0.0117440166056 0.0285655969229 1.9705419952e-05 -9.60161322642e-05
BPMC.9R4.B2 10337.43336 0.0274705110116 0.0141168791952 -9.61211511959e-05 1.91865891057e-05
BPMC.10R4.B2 10377.89835 0.0280021105178 0.0130306200813 -7.31124378921e-06 9.77442825954e-05
BPM.11R4.B2 10429.73904 0.0307380296508 0.00301476138523 9.66780803214e-05 1.61477364764e-05
BPM.12R4.B2 10484.46553 0.0308247681434 0.0019362133438 2.07398613785e-05 -9.57980244375e-05
BPM.13R4.B2 10537.91701 0.0305471660404 -0.00455915563525 -9.64026988816e-05 -1.7717804918e-05
BPM.14R4.B2 10591.36849 0.0308154914673 -0.00207863869091 -1.66339768247e-05 9.65956094223e-05
BPM.15R4.B2 10644.81998 0.0297130224157 -0.00842920827771 9.7051493119e-05 1.37262457247e-05
BPM.16R4.B2 10698.27146 0.0302963766393 -0.0060037334841 1.26405689231e-05 -9.71988560572e-05
BPM.17R4.B2 10751.72295 0.0283903774506 -0.0121614851642 -9.75349402495e-05 -9.7127680182e-06
BPM.18R4.B2 10805.17443 0.0292794217796 -0.00983009225982 -8.61696879646e-06 9.76378482687e-05
BPM.19R4.B2 10858.62591 0.0266016604751 -0.0156928937154 9.78525529068e-05 5.68164720391e-06
BPM.20R4.B2 10912.0774 0.0277813050239 -0.0134949747814 4.58718348093e-06 -9.79099674775e-05
BPM.21R4.B2 10965.52888 0.0243750556862 -0.0189676543974 -9.80036086274e-05 -1.64165447219e-06
BPM.22R4.B2 11018.98037 0.0258266976495 -0.0169380323988 -5.41501166603e-07 9.80158702904e-05
BPM.23R4.B2 11072.43185 0.021748981463 -0.0219293652056 9.79879245147e-05 -2.40163734134e-06
BPM.24R4.B2 11125.88333 0.0233104424225 -0.0201107312736 -5.59665407053e-06 3.96692351019e-05
BPM.25R4.B2 11179.33482 0.0186289118333 -0.0245108523317 3.9819418652e-05 4.40267823955e-06
BPM.26R4.B2 11232.7863 0.0205462817808 -0.022927462627 3.95650940449e-06 -3.98662229607e-05
BPM.27R4.B2 11286.23779 0.0153397808865 -0.0266928709688 -3.99671269743e-05 -2.75669987672e-06
BPM.28R4.B2 11339.68927 0.0173075846485 -0.025375505097 -4.40207439634e-06 0.000177611559114
BPM.29R4.B2 11393.14075 0.0116649864874 -0.0284147292138 0.000177663655637 -9.31286608109e-07
BPM.30R4.B2 11446.59224 0.0139191965031 -0.0273811014127 -2.91844340394e-06 -0.000177642100076
BPM.31R4.B2 11500.04372 0.00793165458586 -0.0296741908374 -0.000177474072729 8.25797788012e-06
BPM.32R4.B2 11553.49521 0.0103021334529 -0.0289367377604 1.02481783639e-05 0.000177370266015
BPM.33R4.B2 11606.94669 0.00407299137491 -0.0304446955529 0.000176982570249 -1.55694284996e-05
BPM.34R4.B2 11660.39818 0.00651550243146 -0.0300169447829 -1.75500500896e-05 -0.000176797154945
BPM.33L5.B2 11713.84966 0.000142145051035 -0.0307156074509 -0.000176189862554 2.28555465397e-05
BPM.32L5.B2 11767.30114 0.00262232642781 -0.0306037930724 2.48285635565e-05 0.000175922649935
BPM.31L5.B2 11820.75263 -0.00378571858444 -0.0304817499602 0.000175097432326 -3.01019887205e-05
BPM.30L5.B2 11874.20411 -0.00131471855797 -0.0306877868378 -3.20622877886e-05 -0.000174749092449
BPM.29L5.B2 11927.6556 -0.00765657397513 -0.0297463547496 -0.000173707067068 3.72973048631e-05
BPM.28L5.B2 11981.10708 -0.0052291449 -0.0302675534124 3.92400810023e-05 0.000173278552532
BPM.27L5.B2 12034.55856 -0.0113966995289 -0.0285233936536 0.000172020957308 -4.4430074168e-05
BPM.26L5.B2 12088.01005 -0.00919536174643 -0.0293588478055 -4.84525250669e-05 -3.38960138838e-05
BPM.25L5.B2 12141.46153 -0.0150886458331 -0.0268109938157 -3.24254386408e-05 4.94487538497e-05
BPM.24L5.B2 12194.91302 -0.0128749134158 -0.0279416038624 4.98089917928e-05 3.18692994756e-05
BPM.23L5.B2 12248.3645 -0.0183941754139 -0.0246607163927 3.03579475198e-05 -5.07443018191e-05
BPM.22L5.B2 12301.81598 -0.0164810555886 -0.0260739611855 -5.31816166565e-05 0.00010783403664
BPM.21L5.B2 12355.26747 -0.0215333137201 -0.0220860373279 0.000109383402908 4.99173171519e-05
BPM.20L5.B2 12408.71895 -0.0196806609121 -0.0237518047984 4.86859735662e-05 -0.000109936997424
BPM.19L5.B2 12462.17044 -0.0241824672756 -0.0191490188119 -0.000111349687692 -4.53620134802e-05
BPM.18L5.B2 12515.62192 -0.0225578536728 -0.0210385332938 -4.41146872852e-05 0.000111849708334
BPM.17L5.B2 12569.07341 -0.0264329527463 -0.0158989199226 0.000113125016335 4.07332026784e-05
BPM.16L5.B2 12622.52489 -0.0250636174552 -0.0179803149231 3.94597730007e-05 -0.000113575489767
BPM.15L5.B2 12675.97637 -0.0282499866376 -0.0123860768668 -0.000114709230987 -3.60313241165e-05
BPM.14L5.B2 12729.42786 -0.0271580326704 -0.0146259326725 -3.47475553221e-05 0.000115104600002
BPM.13L5.B2 12782.87934 -0.0296022131149 -0.00867096445796 0.00011609708524 3.12718437873e-05
BPM.12L5.B2 12836.33083 -0.0270505719053 -0.0148237378815 3.92054297377e-05 -0.000113663536319
BPM.11L5.B2 12889.78231 -0.0256498510897 -0.0171336447917 -0.000112592608029 -4.21825597099e-05
BPM.10L5.B2 12942.565 -0.0244933850829 -0.0187496861899 -2.2969794334e-05 0.000118020562935
BPM.9L5.B2 12981.63199 -0.027979633125 -0.012985252184 0.00011671981497 2.88609365456e-05
BPM.8L5.B2 13022.09698 -0.0104518218784 -0.0290213036276 -3.44355408739e-05 -0.000115198344872
BPM.7L5.B2 13061.16497 -0.0217575917744 -0.0218651284942 -0.000117680796007 2.46513948968e-05
BPMR.6L5.B2 13098.05897 -0.0241312620031 -0.0192135066851 -1.83076282451e-05 0.000118833062789
BPMWT.B6L5.B2 13109.36897 -0.0303922079307 -0.00527165460251 5.4848234058e-05 0.000106995962746
BPMWT.A6L5.B2 13115.19097 -0.0307868010698 0.00191037303122 8.34975303425e-05 8.65137360054e-05
BPM.5L5.B2 13129.95897 -0.0282025137476 0.0124937929776 0.000114655171426 3.62030132294e-05
BPMYA.4L5.B2 13157.36497 -0.023239439449 0.0202831235152 0.000118590853144 -1.98159892149e-05
BPMWB.4L5.B2 13178.42347 -0.0205962422117 0.0229623921186 0.000112419836731 -4.26409374528e-05
BPMWT.B4L5.B2 13178.89297 -0.0205614390694 0.0229935614425 0.000112285360347 -4.29937636904e-05
BPMWT.A4L5.B2 13180.87497 -0.020422731386 0.0231168485641 0.000111723053902 -4.4434507413e-05
BPMSY.4L5.B2 13271.27947 -0.0198031598199 0.0236497676417 9.28201400735e-05 -7.64256545527e-05
BPMS.2L5.B2 13298.06497 -0.0194872754972 0.0239107227362 8.76132740756e-05 -8.23453564176e-05
BPMSW.1L5.B2 13308.11897 -0.0193524942593 0.0240199413142 8.37771163653e-05 -8.62439388689e-05
BPMSW.1R5.B2 13351.06897 -0.0193524037642 0.0240200143169 0.000104285189487 -5.98429107195e-05
BPMS.2R5.B2 13361.12297 -0.0194872166362 0.0239107720382 0.000101456843604 -6.45226745531e-05
BPMSY.4R5.B2 13387.90847 -0.0198031418211 0.0236497826575 9.70081663137e-05 -7.10343127766e-05
BPMWB.4R5.B2 13480.76447 -0.0205964787276 0.0229621799688 6.91205190359e-05 -9.83809852015e-05
BPMYA.4R5.B2 13501.82097 -0.0232394833317 0.0202830732267 4.85331167718e-05 -0.000110004587995
BPMR.5R5.B2 13522.93897 -0.0271092622536 0.0147161321365 9.46880390388e-06 -0.000119861646166
BPM.6R5.B2 13554.83897 -0.0283818118271 -0.0120809520578 -0.000108829694211 -5.11132309303e-05
BPMRA.7R5.B2 13588.85297 -0.0183289256931 -0.0248098191869 -8.27367536693e-05 8.72416109903e-05
BPM.8R5.B2 13630.28998 -0.0180105100572 -0.0250419282947 7.08685636605e-05 9.71293490825e-05
BPM.9R5.B2 13669.35499 -0.0230364498824 -0.0205133766501 8.25068214545e-05 -8.74590704978e-05
BPM.10R5.B2 13709.818 -0.0290542780296 -0.0103598056592 -0.000105679971625 -5.7342909533e-05
BPM.11R5.B2 13762.59871 -0.0189313037671 -0.024353282804 -2.15423221803e-05 0.000118289442135
BPM.12R5.B2 13817.32223 -0.0256127322048 -0.0171890835628 0.000117017508065 2.76291453101e-05
BPM.13R5.B2 13870.77074 -0.0264241834221 -0.0159134903648 3.69644482823e-05 -0.000114411933141
BPM.14R5.B2 13924.21926 -0.0291519338482 -0.0100817358751 -0.000115467038369 -3.3523551372e-05
BPM.15R5.B2 13977.66777 -0.0282432200027 -0.0124014986585 -3.22448270326e-05 0.000115830641063
BPM.16R5.B2 14031.11629 -0.0302019893829 -0.00627028562278 0.000116744241406 2.87619524792e-05
BPM.17R5.B2 14084.56481 -0.0295975141 -0.00868699050789 2.74615174887e-05 -0.00011705693419
BPM.18R5.B2 14138.01332 -0.030755979662 -0.00235507114088 -0.000117825848515 -2.39485891193e-05
BPM.19R5.B2 14191.46184 -0.0304656193991 -0.00482935603489 -2.26445110862e-05 0.000118083409784
BPM.20R5.B2 14244.91035 -0.030804568249 0.0015985055119 0.000118708605563 1.90979614052e-05
BPM.21R5.B2 14298.35887 -0.0308330963772 -0.000892643705948 1.77762789746e-05 -0.000118913697208
BPM.22R5.B2 14351.80738 -0.030347043886 0.00552571918361 -0.000119392078745 -1.42125906051e-05
BPM.23R5.B2 14405.2559 -0.0306939686894 0.00305891014791 -1.28916532997e-05 0.0001195419217
BPM.24R5.B2 14458.70442 -0.0292226615425 0.00933033763523 0.000119693436264 -0.000161266793109
BPM.25R5.B2 14512.15293 -0.0298804195408 0.00694115807555 -0.000162583232207 -0.000117899041567
BPM.26R5.B2 14565.60145 -0.0277892972719 0.0129913088309 -0.00011299135557 0.000166031461853
BPM.27R5.B2 14619.04996 -0.0287467616114 0.0107071399212 0.000167275429503 0.000111141461499
BPM.28R5.B2 14672.49848 -0.0257309849912 0.0164072912182 0.000105883890971 -0.00034108360982
BPM.29R5.B2 14725.947 -0.0269718529721 0.0142759217258 -0.000342232089523 -0.000102110867357
BPM.30R5.B2 14779.39551 -0.0234213011224 0.0195633700508 -9.18532822389e-05 0.000345126632434
BPM.31R5.B2 14832.84403 -0.024922537874 0.0176110731977 0.000346128072539 8.80044671154e-05
BPM.32R5.B2 14886.29254 -0.0207257491274 0.0223992436599 7.7580718125e-05 -0.000348612484447
BPM.33R5.B2 14939.74106 -0.0224671975563 0.0206520659267 -0.000349448216055 -7.37248646182e-05
BPM.34R5.B2 14993.18958 -0.0176908029297 0.0248660066201 -6.32564092322e-05 0.000351494029283
BPM.33L6.B2 15046.63809 -0.0196379276691 0.0233588225392 0.000352176207508 5.93408952824e-05
BPM.32L6.B2 15100.08661 -0.0143640261162 0.0269250357021 4.87574276893e-05 -0.000353796749273
BPM.31L6.B2 15153.53512 -0.0164921005226 0.0256767095559 -0.000354314223403 -4.48425760926e-05
BPM.30L6.B2 15206.98364 -0.0108022811167 0.0285410847052 -3.42324515914e-05 0.000355496229043
BPM.29L6.B2 15260.43215 -0.0130678964135 0.0275773979328 0.000355854772202 3.02787852194e-05
BPM.28L6.B2 15313.88067 -0.00706221951942 0.0296885137563 1.96075023143e-05 -0.000356601973222
BPM.27L6.B2 15367.32919 -0.00943751636842 0.0290209592965 -0.000356797231928 -1.56577725643e-05
BPM.26L6.B2 15420.7777 -0.00304028487559 0.0303156902752 -5.14239183531e-06 0.000186545880863
BPM.25L6.B2 15474.22622 -0.00547541039418 0.029971724837 0.000186591464831 3.07269131667e-06
BPM.24L6.B2 15527.67473 0.000862683843315 0.0304555444221 -2.51264273272e-06 -0.000186599827228
BPM.23L6.B2 15581.12325 -0.00159920015793 0.03042576159 -0.0001865604988 4.58226697939e-06
BPM.22L6.B2 15634.57177 0.00491781639332 0.0300631636806 9.99548909707e-06 1.57858493049e-05
BPM.21L6.B2 15688.02028 0.00247580046242 0.0303619686592 1.56740490463e-05 -1.01699209113e-05
BPM.20L6.B2 15741.4688 0.00872295710537 0.0291871332621 -1.06344413819e-05 -1.53626894301e-05
BPM.19L6.B2 15794.91731 0.00633910302136 0.0297958806203 -1.52437684255e-05 1.08041806244e-05
BPM.18L6.B2 15848.36583 0.0123850105708 0.0278314613744 1.12555094552e-05 1.49136271516e-05
BPM.17L6.B2 15901.81435 0.0100987287701 0.0287401184139 1.47879334169e-05 -1.14201724874e-05
BPM.16L6.B2 15955.26286 0.0158433490977 0.0260185898582 -1.18576199403e-05 -1.44395463896e-05
BPM.15L6.B2 16008.71138 0.0136919763947 0.0272122860362 -1.43071129714e-05 1.20170662203e-05
BPM.14L6.B2 16062.15989 0.0190415577178 0.0237780951505 1.24398313329e-05 1.39410812587e-05
BPM.13L6.B2 16115.60841 0.0170606550599 0.0252371309323 1.38023348923e-05 -1.2593612087e-05
BPM.12L6.B2 16169.05693 0.0222411718761 0.020816075587 -1.28804083311e-05 -1.35350513808e-05
BPM.11L6.B2 16222.50544 0.0183744153244 0.0242973165311 -1.44143296385e-05 1.18882493041e-05
BPM.10L6.B2 16274.34415 0.0222891626365 0.0207646805413 9.12935879664e-06 1.63020838601e-05
BPM.9L6.B2 16313.40916 0.0249274235462 0.0175100623623 1.84648800064e-05 -2.85499723686e-06
BPM.8L6.B2 16353.87217 0.0304453560608 0.00102908882432 -9.63818073358e-06 -1.6006506666e-05
BPMYB.5L6.B2 16450.96018 0.0172391707066 0.0251155275469 -2.31004512598e-06 1.85409677648e-05
BPMYA.4L6.B2 16487.36018 0.0182112975045 0.024419815101 2.04819109697e-06 1.85717169704e-05
BPMSB.B4L6.B2 16518.13068 0.0153295770141 0.0263245664257 6.19767575581e-06 1.7626447881e-05
BPMSB.A4L6.B2 16518.76568 0.0152605512481 0.0263646411804 6.28953182822e-06 1.75938914068e-05
BPMSA.4L6.B2 16615.57568 0.00304857609288 0.0303098154519 1.81234033041e-05 4.54372140614e-06
BPMSE.4R6.B2 16707.14568 0.00212693947261 0.0303884000482 1.36104024714e-05 -1.28007830623e-05
BPMSA.A4R6.B2 16803.82068 0.0128861631121 0.0276029985551 -1.91800021825e-06 -1.85856048839e-05
BPMSA.B4R6.B2 16804.40568 0.0129484957672 0.0275738134155 -2.00290998087e-06 -1.85766342632e-05
BPMYB.4R6.B2 16830.96018 0.0155294880631 0.0262071312679 -5.51025248452e-06 -1.78532948408e-05
BPMYA.5R6.B2 16867.36018 0.0157893405003 0.0260514002226 -9.19866689382e-06 -1.62630872508e-05
BPM.8R6.B2 16963.08519 0.025596223506 0.0165170236871 -1.4702070734e-05 1.15304867944e-05
BPM.9R6.B2 17002.1502 0.0300028840384 -0.00527310897477 1.30614024464e-05 1.33604968595e-05
BPM.10R6.B2 17042.61322 0.0283383821523 -0.0111765301532 1.64411712671e-05 -8.8764523131e-06
BPM.11R6.B2 17094.45193 0.0244826061939 -0.0181267957249 -1.09120216609e-05 -1.51667639988e-05
BPM.12R6.B2 17149.17544 0.0277777577675 -0.0125049951144 -1.35461670639e-05 1.28687513512e-05
BPM.13R6.B2 17202.62396 0.0245522058854 -0.0180324129092 1.32826262613e-05 1.31405877718e-05
BPM.14R6.B2 17256.07247 0.0259272829003 -0.0159923335202 1.29925678276e-05 -1.34274592063e-05
BPM.15R6.B2 17309.52099 0.0220436761289 -0.021025105735 -1.38102543616e-05 -1.25849179686e-05
BPM.16R6.B2 17362.96951 0.023668498496 -0.0191776147832 -1.24309008153e-05 1.39490458474e-05
BPM.17R6.B2 17416.41802 0.019173205686 -0.0236720703064 1.43147934357e-05 1.20079010731e-05
BPM.18R6.B2 17469.86654 0.0210209290789 -0.0220476590646 1.18484915596e-05 -1.44470253211e-05
BPM.19R6.B2 17523.31505 0.0159873923874 -0.0259303299951 -1.47951388075e-05 -1.14108399481e-05
BPM.20R6.B2 17576.76357 0.0180278187717 -0.024555579393 -1.12460068127e-05 1.49208082626e-05
BPM.21R6.B2 17630.21209 0.0125392567488 -0.0277623084288 1.52506855909e-05 1.07944411523e-05
BPM.22R6.B2 17683.6606 0.0147386807279 -0.0266598953199 1.06246760017e-05 -1.53694175832e-05
BPM.23R6.B2 17737.10912 0.00888467645224 -0.0291383124627 -1.56804853472e-05 -1.01600166282e-05
BPM.24R6.B2 17790.55763 0.0110463997908 -0.0283359208781 -1.24704418525e-05 0.000177822724738
BPM.25R6.B2 17844.00615 0.00492648773857 -0.0300112825285 0.000178116181232 7.14580858061e-06
BPM.26R6.B2 17897.45466 0.00733105065603 -0.0295161490767 5.17210095714e-06 -0.000178184418404
BPM.27R6.B2 17950.90318 0.00104437483988 -0.0303950101362 -0.000178259401219 1.64097896154e-07
BPM.28R6.B2 18004.3517 0.00333453489578 -0.0302215060141 -3.43554483777e-07 0.000340276064127
BPM.29R6.B2 18057.80021 -0.00300767189182 -0.0302557838837 0.000340134040491 -9.83694867613e-06
BPM.30R6.B2 18111.24873 -0.000558860695025 -0.0303997734085 -1.36083610602e-05 -0.000340004023815
BPM.31R6.B2 18164.69724 -0.00685806914293 -0.0296213679091 -0.000339444588722 2.37759813498e-05
BPM.32R6.B2 18218.14576 -0.00444272073258 -0.0300785767779 2.75356760495e-05 0.000339160292396
BPM.33R6.B2 18271.59428 -0.0105864023467 -0.0285023969843 0.000338183788188 -3.76783540143e-05
BPM.34R6.B2 18325.04279 -0.00825430220346 -0.0292630320295 -4.14324609144e-05 -0.000337744388817
BPM.33L7.B2 18378.49131 -0.0141494572365 -0.0269119194606 -0.000336354701716 5.15116150499e-05
BPM.32L7.B2 18431.93982 -0.0119292246284 -0.0279669831841 5.52301995615e-05 0.000335764122672
BPM.31L7.B2 18485.38834 -0.0174723208833 -0.0248832584548 0.000333958239449 -6.52672705521e-05
BPM.30L7.B2 18538.83686 -0.0154094034143 -0.0262108533804 -6.8977044282e-05 -0.000333211775027
BPM.29L7.B2 18592.28537 -0.0205146582675 -0.022441197477 -0.00033100258169 7.88999638813e-05
BPM.28L7.B2 18645.73389 -0.018635002637 -0.0240248876159 8.25542274586e-05 0.000330110167282
BPM.27L7.B2 18699.1824 -0.0232146064629 -0.0196351876919 0.00032748569539 -9.24177429767e-05
BPM.26L7.B2 18752.63092 -0.0217173140378 -0.0214541501319 -9.85351463893e-05 -0.000164416852227
BPM.25L7.B2 18806.07943 -0.0256971010493 -0.0164797234438 -0.000161399514226 0.000103403451604
BPM.24L7.B2 18859.52795 -0.0242827377628 -0.0185005657539 0.000105185562138 0.000160243805242
BPM.23L7.B2 18912.97647 -0.0275935579674 -0.0130582481519 0.000157018324549 -0.000109942386419
BPM.22L7.B2 18966.42498 -0.0266121867672 -0.0152525553242 -0.000114167363398 6.2453439592e-06
BPM.21L7.B2 19019.8735 -0.029198118056 -0.00939780995393 9.65637289422e-06 0.000113929554444
BPM.20L7.B2 19073.32201 -0.0283443889152 -0.0117236745893 0.000113815140685 -1.09225485084e-05
BPM.19L7.B2 19126.77053 -0.0301604022756 -0.00558561219672 -1.4326347291e-05 -0.000113436965009
BPM.18L7.B2 19180.21905 -0.0296113438164 -0.00800107782048 -0.000113271588542 1.55799637803e-05
BPM.17L7.B2 19233.66756 -0.0306271319351 -0.00168158209717 1.896020649e-05 0.000112755041736
BPM.16L7.B2 19287.11608 -0.0303915275081 -0.00414776863223 0.000112537215441 -2.02130770766e-05
BPM.15L7.B2 19340.56459 -0.030590628972 0.00224996622734 -2.35741622121e-05 -0.000111881400872
BPM.14L7.B2 19394.01311 -0.0306724286927 -0.000225936065997 -0.000111613912847 2.48098133244e-05
BPM.13L7.B2 19447.46163 -0.0300514734641 0.00614474342143 2.8136688275e-05 0.000110822016436
BPM.12L7.B2 19500.91014 -0.0305209857812 0.00305259823034 0.000110886796159 -2.7880236386e-05
BPM.11L7.B2 19554.35866 -0.0290033724058 0.00998265085309 -2.62246036893e-05 -0.000111289997618
BPM.10L7.B2 19607.13937 -0.028951448471 0.0101322534711 -0.000112351575338 2.12205953854e-05
BPM.9L7.B2 19646.20438 -0.0228596659372 0.0204520072908 -2.21328287646e-05 0.000112175433193
BPM.8L7.B2 19686.66739 -0.014312066145 0.0271295722538 0.000108879744337 3.49054888952e-05
BPM.7L7.B2 19725.7314 0.00594436153825 0.0300917512743 4.38153569436e-05 -0.000105609676479
BPMR.6L7.B2 19760.5494 0.00557250664468 0.0301628264373 -4.38894509511e-05 -0.000105578920136
BPMWC.6L7.B2 19772.7279 0.00977956384575 0.0290724794094 -7.1720481007e-05 -8.90469882207e-05
BPMWE.5L7.B2 19849.7819 -0.00606302059172 0.0300680679502 -8.56274426731e-05 7.57702543379e-05
BPMW.5L7.B2 19872.9869 -0.0151966117272 0.0266441723702 -4.41191404392e-05 0.000105483135748
BPMWE.4L7.B2 19908.0719 -0.0151523378929 0.0266693754277 1.8813679238e-06 0.000114322584754
BPMW.4L7.B2 19936.1769 -0.00347276416649 0.0304760371116 6.17472041077e-05 9.62313458493e-05
BPMW.4R7.B2 20052.2239 0.00371391648223 0.0304475902715 4.89980435533e-05 -0.000103307212893
BPMWE.4R7.B2 20080.3289 -0.00729982382623 0.0297919704274 -9.7773590968e-06 -0.000113919241204
BPMW.5R7.B2 20115.4139 -0.00592705336269 0.0300951651877 -6.12083657406e-05 -9.65749836979e-05
BPMWE.5R7.B2 20138.6189 0.0103377202711 0.0288787199926 -0.000108386503433 -3.64081921467e-05
BPM.6R7.B2 20217.7584 0.0226962762263 0.0206331765291 1.11077026801e-06 0.000114332652131
BPM_A.7R7.B2 20255.7944 0.0145008145648 0.0270291565871 8.43116231553e-05 7.72317270807e-05
BPM.8R7.B2 20294.85841 0.0142652539299 0.0271542162336 0.000112026539713 -2.287455251e-05
BPM.9R7.B2 20333.92342 0.0263217147139 0.0157485320916 -1.89708980082e-05 -0.00011275324895
BPM.10R7.B2 20374.38643 0.0306319571506 0.0015912675651 -0.000114127916904 6.92819065085e-06
BPM.11R7.B2 20427.16714 0.0305694357762 0.00252161163916 -8.60678794703e-06 0.000114013650623
BPM.12R7.B2 20481.89066 0.0306334610493 -0.00156204772511 0.00011407263444 7.78616746681e-06
BPM.13R7.B2 20535.33917 0.0306486712647 0.00122795713277 5.66169187285e-06 -0.00011419777987
BPM.14R7.B2 20588.78769 0.0302361956079 -0.00515959340737 -0.000114316139879 -2.23877568773e-06
BPM.15R7.B2 20642.23621 0.0305539692594 -0.0027025712319 -9.67784064535e-07 0.000114333955781
BPM.16R7.B2 20695.68472 0.0293279036087 -0.00898459786632 0.000114311769229 -2.45103191031e-06
BPM.17R7.B2 20749.13324 0.0299572280209 -0.00658888596445 -3.71564971465e-06 -0.000114277673207
BPM.18R7.B2 20802.58175 0.0279373990037 -0.0126629643411 -0.000114115091159 7.13701488783e-06
BPM.19R7.B2 20856.03027 0.0288683009514 -0.0103667800636 8.40480256335e-06 0.000114028727935
BPM.20R7.B2 20909.47879 0.0260884670135 -0.0161319811962 0.000113726438707 -1.18103317026e-05
BPM.21R7.B2 20962.9273 0.0273049608673 -0.0139745497341 -1.30683785127e-05 -0.000113588776053
BPM.22R7.B2 21016.37582 0.0238099247471 -0.0193374355117 -0.000113146380674 1.64647265766e-05
BPM.23R7.B2 21069.82433 0.0252931258965 -0.0173524266579 1.77206559611e-05 0.000112956499155
BPM.24R7.B2 21123.27285 0.0210309411172 -0.0222018265672 0.000112484635468 9.15872061163e-05
BPM.25R7.B2 21176.72137 0.022753872707 -0.0204323973825 9.03381859916e-05 -0.000113490176255
BPM.26R7.B2 21230.16988 0.0180170738781 -0.0247104559991 -0.000116143342902 -8.69007031784e-05
BPM.27R7.B2 21283.6184 0.0199525758209 -0.0231757697893 -8.56036825588e-05 0.000117102601956
BPM.28R7.B2 21337.06691 0.0145991434037 -0.0267898130038 0.000119722759183 0.000194733999126
BPM.29R7.B2 21390.51543 0.0167137564533 -0.0255240947862 0.00019339916435 -0.000121867295042
BPM.30R7.B2 21443.96394 0.0110507430329 -0.0284378295105 -0.000127599962849 -0.000189665815962
BPM.31R7.B2 21497.41246 0.0133092486985 -0.0274534691422 -0.000188235032945 0.000129701380501
BPM.32R7.B2 21550.86098 0.00732397395703 -0.029617367792 0.000135276150889 0.000184269468629
BPM.33R7.B2 21604.30949 0.00969044788773 -0.0289296437697 0.000182761025458 -0.000137307229344
BPM.34R7.B2 21657.75801 0.00347318676746 -0.0303111537737 -0.000142715757915 -0.000178569559139
BPM.33L8.B2 21711.20652 0.00590767187449 -0.0299320644477 -0.000176973988333 0.000144689591785
BPM.32L8.B2 21764.65504 -0.000430606268448 -0.0305064525496 0.000149919858318 0.000172565668405
BPM.31L8.B2 21818.10356 0.00203277580426 -0.030441696602 0.000170892988059 -0.000151823781717
BPM.30L8.B2 21871.55207 -0.00433164598274 -0.0302004290106 -0.000156871070215 -0.000166271896507
BPM.29L8.B2 21925.00059 -0.0018804872232 -0.0304514833284 -0.000164523037098 0.000158704259418
BPM.28L8.B2 21978.4491 -0.00815707768106 -0.029398829116 0.00016355556368 0.000159701114008
BPM.27L8.B2 22031.89762 -0.00575804139209 -0.0299612087308 0.000157874781529 -0.000165319146783
BPM.26L8.B2 22085.34614 -0.0119628296135 -0.0280922214987 -0.000169859267954 -4.0181753214e-05
BPM.25L8.B2 22138.79465 -0.00965600740817 -0.0289662514447 -3.82981112443e-05 0.000170293876714
BPM.24L8.B2 22192.24317 -0.0154561600948 -0.0263322865887 0.000171364012977 3.3183128415e-05
BPM.23L8.B2 22245.69168 -0.0132815599719 -0.0274933149359 3.12772367204e-05 -0.000171722116629
BPM.22L8.B2 22299.1402 -0.018809463804 -0.0241169937014 -0.000172474271762 8.65490741037e-05
BPM.21L8.B2 22352.58871 -0.0168006418599 -0.0255570684288 8.84551080976e-05 0.000171504545294
BPM.20L8.B2 22406.03723 -0.0217386300454 -0.0215141180713 0.000168777023113 -9.35544691375e-05
BPM.19L8.B2 22459.48575 -0.0199326428518 -0.0231973072285 -9.54218009511e-05 -0.000167728337851
BPM.18L8.B2 22512.93426 -0.0243131129962 -0.0185552647267 -0.000164802161215 0.000100391023589
BPM.17L8.B2 22566.38278 -0.022735620928 -0.0204576844966 0.000102211088354 0.000163679590129
BPM.16L8.B2 22619.83129 -0.0264862626239 -0.0152938943737 0.000160542042544 -0.000107071804966
BPM.15L8.B2 22673.27981 -0.0251662834574 -0.0173805492149 -0.000108846844301 -0.000159343907275
BPM.14L8.B2 22726.72833 -0.0282254734545 -0.0117791324603 -0.000156021593023 0.000113557824443
BPM.13L8.B2 22780.17684 -0.0271824859278 -0.0140191930078 0.00011528004137 0.000154753442709
BPM.12L8.B2 22833.62536 -0.0301185097728 -0.00531983860882 0.000157284961543 -0.000111801408956
BPM.11L8.B2 22887.07387 -0.0298846050072 -0.00650658876499 -8.69833698352e-05 -0.000172255646805
BPM.10L8.B2 22938.91258 -0.0302827658049 -0.0042871213186 -0.000179328695209 7.1269451132e-05
BPM.9L8.B2 22977.9776 -0.0298427608823 -0.00669588952876 3.691742709e-05 0.000189407554769
BPM.8L8.B2 23018.44061 -0.0201886549406 0.0229748454862 0.000171706624402 -8.80622056547e-05
BPM.7L8.B2 23057.50662 -0.0197534067434 0.0233501228217 6.99229644811e-05 -0.000179857987281
BPM.6L8.B2 23089.97562 -0.0296147561333 0.00764143526436 -0.000103390854402 -0.000162936947141
BPMR.5L8.B2 23150.39462 -0.0196015390543 0.0234777550169 0.000192198143881 -1.72624138421e-05
BPMYB.4L8.B2 23171.16162 -0.0152625671393 0.0265043271544 0.000173518038855 -8.4437051127e-05
BPMWB.4L8.B2 23195.62912 -0.01659109932 0.0256935933112 0.000150597849468 -0.000120658206881
BPMSX.4L8.B2 23245.78612 -0.0160703365754 0.0260224825082 0.000108985982195 -0.000159248777262
BPMS.2L8.B2 23283.69762 -0.0163906942615 0.0258218994581 7.84657989601e-05 -0.000176298417624
BPMSW.1L8.B2 23293.63162 -0.0166790774282 0.0256365693654 6.25736535446e-05 -0.000182544925139
BPMSW.1R8.B2 23336.82162 -0.0166786254504 0.0256368633266 0.000149024603576 -0.000122596149856
BPMS.2R8.B2 23346.75562 -0.0163903797092 0.025822098236 0.000137602887853 -0.000135290905911
BPMSX.4R8.B2 23384.66712 -0.0160703284046 0.0260224875636 0.000110936186715 -0.000157896438695
BPMWI.4R8.B2 23434.90012 -0.0165898732306 0.0256943849974 6.01013294666e-05 -0.000183373798314
BPMYB.4R8.B2 23459.29162 -0.0152627208887 0.0265042386161 1.82504644441e-05 -0.000192106837325
BPMYB.5R8.B2 23479.86862 -0.0193692614072 0.0236697491864 -4.92602607108e-05 -0.000186578512681
BPMR.6R8.B2 23563.97662 -0.0295398711223 0.00792599083794 0.000192814689827 7.7832960526e-06
BPM_A.7R8.B2 23586.21662 -0.0264358020644 0.0153809518623 0.000180647455556 -6.78574676527e-05
BPM.8R8.B2 23627.65561 -0.0148315815758 0.0267478877951 2.30732113085e-05 -0.000191587435928
BPM.9R8.B2 23666.7226 0.00452711449326 0.0302478189001 -0.000157714440402 0.000111194752472
BPM.10R8.B2 23707.18758 -0.0201402810116 0.0230172629731 0.000167783446854 9.53248851551e-05
BPM.11R8.B2 23759.02827 -0.0135477642219 0.0274204923087 0.000114471543762 -0.000155352454873
BPM.12R8.B2 23813.75476 -0.0125896230144 0.0278734049923 -0.000153306203094 -0.000117197812679
BPM.13R8.B2 23867.20624 -0.00527190038579 0.0301269377837 -0.000107422014153 0.000160307929891
BPM.14R8.B2 23920.65773 -0.00768424283277 0.0296036775831 0.000161500725485 0.000105620195581
BPM.15R8.B2 23974.10921 -0.00137284427072 0.0305538968436 0.000100719026348 -0.000164601926741
BPM.16R8.B2 24027.56069 -0.00383634611506 0.0303431666503 -0.000165720385735 -9.88679349561e-05
BPM.17R8.B2 24081.01218 0.00254568486783 0.0304785958022 -9.38445885717e-05 0.000168615863481
BPM.18R8.B2 24134.46366 7.93328392871e-05 0.0305846206532 0.000169656199757 9.19504705904e-05
BPM.19R8.B2 24187.91515 0.00642508323116 0.0299022343552 8.68132530052e-05 -0.00017234145218
BPM.20R8.B2 24241.36663 0.00398879166705 0.0303235033398 -0.000173304000173 -8.4875460503e-05
BPM.21R8.B2 24294.81811 0.0101964649073 0.028835003326 -7.96277728868e-05 0.000175776953273
BPM.22R8.B2 24348.2696 0.00783763038087 0.0295634379534 0.000176657151367 7.76553754796e-05
BPM.23R8.B2 24401.72108 0.0138023990322 0.0272932060191 7.23170518575e-05 -0.000178908797346
BPM.24R8.B2 24455.17257 0.0115525364547 0.0283187963354 -0.000179714539822 -6.99316477772e-05
BPM.25R8.B2 24508.62405 0.0171794049589 0.0253038212382 -6.44954954796e-05 0.000181736325387
BPM.26R8.B2 24562.07554 0.0150824150262 0.0266070682586 0.000182446362771 6.2458716057e-05
BPM.27R8.B2 24615.52702 0.0202758588877 0.0228977044882 5.69557387167e-05 -0.000184238438461
BPM.28R8.B2 24668.9785 0.0183600873688 0.024460327315 -0.000184871956407 -5.45100250803e-05
BPM.29R8.B2 24722.42999 0.0230377197727 0.0201162592777 -4.89237653069e-05 0.000186428123856
BPM.30R8.B2 24775.88147 0.0213398385485 0.0219091695775 0.000186963304092 4.68370372713e-05
BPM.31R8.B2 24829.33296 0.0254221096283 0.0170034338665 4.12072022511e-05 -0.000188284211601
BPM.32R8.B2 24882.78444 0.0239661326346 0.0190006554433 -0.000188735315799 -3.90891399065e-05
BPM.33R8.B2 24936.23592 0.0273882646123 0.0136118838791 -3.33923210279e-05 0.00018982606868
BPM.34R8.B2 24989.68741 0.0262007225877 0.0157772797698 0.000190187173245 3.12701505832e-05
BPM.33L1.B2 25043.13889 0.0289046430606 0.00999610077541 2.55514831239e-05 -0.000191039552007
BPM.32L1.B2 25096.59038 0.0280032688443 0.0122970465874 -0.000191314737424 -2.3402010989e-05
BPM.31L1.B2 25150.04186 0.02994588246 0.00621647357422 -1.76342514838e-05 0.000191932324555
BPM.30L1.B2 25203.49334 0.0293465761066 0.00861271684932 0.000192117194832 1.54908034894e-05
BPM.29L1.B2 25256.94483 0.0304950993379 0.00233438153671 9.72138246915e-06 -0.000192495409752
BPM.28L1.B2 25310.39631 0.0302071527829 0.00478835476901 -0.00019259256721 -7.555465291e-06
BPM.27L1.B2 25363.8478 0.0305431754257 -0.00158582965343 -1.7567623439e-06 0.000192732697578
BPM.26L1.B2 25417.29928 0.0305711515615 0.000884410890953 0.000192734593368 -2.01431125085e-08
BPM.25L1.B2 25470.75077 0.0300889597234 -0.00548014535749 -5.80180746781e-06 -0.000192647246584
BPM.24L1.B2 25524.20225 0.0304330987394 -0.00303380807998 -0.000192569780408 7.96898446429e-06
BPM.23L1.B2 25577.65373 0.0291407224382 -0.00928416858117 1.37589110392e-05 0.000192242859472
BPM.22L1.B2 25631.10522 0.0297946679665 -0.00690168610562 0.000192071666694 -1.55291929801e-05
BPM.21L1.B2 25684.5567 0.027713143961 -0.0129358865816 -2.12853137988e-05 -0.000191519227475
BPM.20L1.B2 25738.00819 0.0286666802396 -0.0106572488769 -0.000191267640578 2.3438658716e-05
BPM.19L1.B2 25791.45967 0.0258307418441 -0.0163746232139 2.91808690479e-05 0.00019047613445
BPM.18L1.B2 25844.91115 0.0270683128439 -0.0142359386932 0.000190138645136 -3.13046294042e-05
BPM.17L1.B2 25898.36264 0.0235235147742 -0.0195448142005 -3.69974009875e-05 -0.000189113383231
BPM.16L1.B2 25951.81412 0.0250239378326 -0.0175828907074 -0.000188685351742 3.91218062182e-05
BPM.15L1.B2 26005.26561 0.0208302902635 -0.0223931801575 4.47774266015e-05 0.000187423754727
BPM.14L1.B2 26058.71709 0.0225701485267 -0.0206384084734 0.000186912073541 -4.6867364896e-05
BPM.13L1.B2 26112.16857 0.0177939482688 -0.0248743022996 -5.24581352787e-05 -0.000185420665466
BPM.12L1.B2 26165.62006 0.0227187078197 -0.0204747606951 -0.00018859740279 3.9543590699e-05
BPM.11L1.B2 26219.07154 0.0244240550171 -0.0184070922686 3.45762186258e-05 0.000189571000311
BPM.10L1.B2 26271.85423 0.0255587115019 -0.0167960643015 0.000181237291575 -6.54654320951e-05
BPM.9L1.B2 26310.92122 0.0213017853527 -0.0219451463989 -5.62855616763e-05 -0.000184294917183
BPM.8L1.B2 26351.38621 0.0305821604317 -0.00029491153224 -0.00013014172572 0.000142111950656
BPM.7L1.B2 26390.4542 0.0275804525071 -0.0132164348228 0.000130696321684 0.000141602089953
BPMR.6L1.B2 26433.6382 0.0205858429479 -0.0226181029305 0.000143843469229 -0.000128225338051
BPM.5L1.B2 26465.5382 -0.00491317317965 -0.0301863584918 -6.92853185294e-05 -0.000179811627287
BPMYA.4L1.B2 26486.6562 -0.0113887059246 -0.0283840252167 -0.000124793350463 -0.000146830878893
BPMWB.4L1.B2 26507.7127 -0.014760316559 -0.0267859770091 -0.000151111586953 -0.000119574098809
BPMSY.4L1.B2 26600.5687 -0.0156632392583 -0.0262682021918 -0.000181465403514 -6.48302725301e-05
BPMS.2L1.B2 26627.3542 -0.0160108050392 -0.0260578128456 -0.000185324251154 -5.27956398674e-05
BPMSW.1L1.B2 26637.4082 -0.0161571280031 -0.0259673396953 -0.000187533511209 -4.43158187325e-05
