BPMSW.1R1.B2 21.475 0.0166820600494 0.0229236954703 -1.41237336795e-05 2.37115793197e-05
BPMS.2R1.B2 31.529 0.016552860197 0.0230171608312 -1.30329283504e-05 2.43292239093e-05
BPMSY.4R1.B2 58.3145 0.0162456590132 0.0232350058228 -1.14085196833e-05 2.51309998775e-05
BPMWB.4R1.B2 151.1705 0.015445723205 0.0237742837287 -2.75133340465e-06 2.746179915e-05
BPMYA.4R1.B2 172.227 0.0124357336649 0.0254782153943 2.67535186496e-06 2.7469314513e-05
BPMR.5R1.B2 199.635 0.0043343602012 0.028017855981 1.48594950986e-05 2.3257611687e-05
BPM.6R1.B2 231.535 -0.0228283675368 0.0168122743006 2.52501108582e-05 -1.11424007751e-05
BPMRA.7R1.B2 259.259 -0.0264040781349 0.0103252888252 6.72834013995e-06 -2.67665815391e-05
BPM.8R1.B2 300.6960106 -0.0265334467179 0.00998814985076 -2.51117581282e-05 -1.14507891367e-05
BPM.9R1.B2 339.7610212 -0.0237177758091 0.015532354711 -6.65880610312e-06 2.67839746732e-05
BPM.10R1.B2 380.2240318 -0.0161486390669 0.0233025403825 2.75959966295e-05 -4.26375013425e-07
BPM.11R1.B2 433.0047424 -0.0261430148308 0.010969489825 -9.00854227559e-06 -2.60876925601e-05
BPM.12R1.B2 487.7282583 -0.0213845009626 0.0186142432241 -2.65186508084e-05 7.64736156589e-06
BPM.13R1.B2 541.1767742 -0.0204469315457 0.0196394990546 5.48562900529e-06 2.70486393994e-05
BPM.14R1.B2 594.6252901 -0.01592530087 0.0234557396866 2.68722190407e-05 -6.2932312096e-06
BPM.15R1.B2 648.073806 -0.017766268277 0.0220940409126 -6.59107738325e-06 -2.6800709958e-05
BPM.16R1.B2 701.5223219 -0.0127939778251 0.0253002186381 -2.65914933985e-05 7.39009276399e-06
BPM.17R1.B2 754.9708378 -0.0147938444159 0.0241853075213 7.68429170611e-06 2.65079840886e-05
BPM.18R1.B2 808.4193537 -0.00945249065981 0.0267289609326 2.62661184166e-05 -8.47419483498e-06
BPM.19R1.B2 861.8678696 -0.0115787360885 0.0258789451678 -8.76521634015e-06 -2.61704466372e-05
BPM.20R1.B2 915.3163855 -0.00595570214918 0.0277185234835 -2.5896436213e-05 9.54438557869e-06
BPM.21R1.B2 968.7649014 -0.0081729985876 0.0271475418095 9.83071806712e-06 2.57891014102e-05
BPM.22R1.B2 1022.213417 -0.00236097140673 0.0282526590925 2.54833168736e-05 -1.05981639841e-05
BPM.23R1.B2 1075.661933 -0.0046333292964 0.0279699694639 -1.08803782869e-05 -2.53641327259e-05
BPM.24R1.B2 1129.110449 0.000995782235091 0.0283757946449 -2.47486081151e-05 0.0002950718383
BPM.25R1.B2 1182.558965 -0.00129539459425 0.0283636961179 0.000295327874263 2.14785613229e-05
BPM.26R1.B2 1236.007481 0.00461748261156 0.0280152843742 1.26334490294e-05 -0.000295838262354
BPM.27R1.B2 1289.455997 0.00233977792261 0.0282966913899 -0.000295960372273 -9.34561682424e-06
BPM.28R1.B2 1342.904513 0.00788659169307 0.0272470246524 -1.85707961771e-07 0.000579538519088
BPM.29R1.B2 1396.353029 0.00566555762261 0.0277938866898 0.000579505238578 -6.21284224866e-06
BPM.30R1.B2 1449.801545 0.0113070420413 0.0260144090918 -2.35238115999e-05 -0.000579060919058
BPM.31R1.B2 1503.25006 0.00916774620031 0.0268430830908 -0.000578762459569 2.9982527459e-05
BPM.32R1.B2 1556.698576 0.0145422427675 0.0243540931771 4.73241868765e-05 0.000577603113152
BPM.33R1.B2 1610.147092 0.0125321635026 0.0254468771762 0.000577047267774 -5.36783635878e-05
BPM.34R1.B2 1663.595608 0.0175377004469 0.0222941190574 -7.08826574545e-05 -0.000575187419121
BPM.33L2.B2 1717.044124 0.0156791960571 0.023638136373 -0.000574358175884 7.73150296611e-05
BPM.32L2.B2 1770.49264 0.0202459292279 0.0198670840733 9.45124214829e-05 0.000571779955258
BPM.31L2.B2 1823.941156 0.0185784106633 0.0214345827364 0.000570708483595 -0.000100780695391
BPM.30L2.B2 1877.389672 0.0226205742241 0.0171145640292 -0.000117768693342 -0.000567446432611
BPM.29L2.B2 1930.838188 0.0211643821745 0.0188856455417 -0.000566089129299 0.000124129088857
BPM.28L2.B2 1984.286704 0.0246243437603 0.0140797859991 0.000141060405343 0.000562109320624
BPM.27L2.B2 2037.73522 0.0234087322206 0.0160196734038 0.000560531813893 -0.00014720397603
BPM.26L2.B2 2091.183735 0.0259441983691 0.0108666198108 -0.000163622281495 -0.000272422049586
BPM.25L2.B2 2144.632251 0.024982462639 0.0129252240055 -0.000270574374901 0.000166659947569
BPM.24L2.B2 2198.080767 0.0271211911813 0.00745827355915 0.000174687213569 0.000265462642976
BPM.23L2.B2 2251.529283 0.0264309957292 0.00962223051081 0.000263527198926 -0.000177593481267
BPM.22L2.B2 2304.977799 0.0275733117665 0.0039801633881 -0.000185114332486 2.53255619312e-05
BPM.21L2.B2 2358.426315 0.0271622094982 0.00619222072034 2.73846124726e-05 0.000184820950817
BPM.20L2.B2 2411.874831 0.027855920709 0.000420599204066 0.000183920440949 -3.28934053971e-05
BPM.19L2.B2 2465.323347 0.027731140847 0.00266703012393 -3.49238979291e-05 -0.000183545702607
BPM.18L2.B2 2518.771863 0.0276808033827 -0.00314679937414 -0.000182416133323 4.04111432104e-05
BPM.17L2.B2 2572.220379 0.0278444759848 -0.000902429683877 4.24380140379e-05 0.00018195526101
BPM.16L2.B2 2625.668894 0.0270510828935 -0.00666094112317 0.000180606451534 -4.78540687359e-05
BPM.15L2.B2 2679.11741 0.0275002991212 -0.00445676681464 -4.98484139311e-05 -0.000180066196157
BPM.14L2.B2 2732.565926 0.0259763334057 -0.0100677368396 -0.000178490746349 5.5224585708e-05
BPM.13L2.B2 2786.014442 0.026704269888 -0.00793795893025 5.72053701138e-05 0.000177865819137
BPM.12L2.B2 2839.462958 0.0241695439153 -0.0138550485114 0.000176899214767 -6.01280031249e-05
BPM.11L2.B2 2892.911474 0.0263727971535 -0.00897801718294 -4.27853195381e-05 -0.000181873911256
BPM.10L2.B2 2944.750185 0.0255569456527 -0.0110892628817 -0.000186658474268 8.20459890352e-06
BPM.9L2.B2 2983.815195 0.0228188409039 -0.0159821688847 -2.99200384567e-05 0.000184427473639
BPM.8L2.B2 3024.278206 0.014837490808 -0.023579187616 0.000151445229272 -0.000109421456046
BPM.7L2.B2 3063.344216 0.0277294696667 0.0026843499181 -0.000129049587845 -0.000135110728024
BPM.6L2.B2 3095.450216 0.0273429312489 0.0053379146732 -0.000176905593614 -6.01091906242e-05
BPMYB.5L2.B2 3167.649216 0.0278053969862 -0.00172890738009 -7.04084127921e-05 0.000173064600085
BPMYB.4L2.B2 3188.219216 0.0269485271288 -0.00706442551108 4.37112811374e-05 0.000181653577676
BPMWB.4L2.B2 3212.610716 0.027795177059 -0.00188609505752 0.000171679096269 7.37224025518e-05
BPMSX.4L2.B2 3262.843716 0.0231745875468 -0.0154618147164 2.03905545359e-05 -0.000185722712191
BPMS.2L2.B2 3300.755216 0.0231549208957 -0.0154912512752 -0.000103809385033 -0.000155345710655
BPMSW.1L2.B2 3310.689216 0.0237202340698 -0.0146109451319 -0.000140404196474 -0.000123269484328
BPMSW.1R2.B2 3353.879216 0.023720927262 -0.014609819713 0.000144525038452 -0.000118411208177
BPMS.2R2.B2 3363.813216 0.0231554925539 -0.0154903966198 0.000109046747156 -0.000151715201842
BPMSX.4R2.B2 3401.724716 0.0231745025387 -0.015461942131 -1.40430100305e-05 -0.000186310218451
BPMWB.4R2.B2 3451.881716 0.0277954503003 -0.00188206398083 -0.000174301918859 6.72870261912e-05
BPMYB.4R2.B2 3476.349216 0.0269793131536 -0.00694592575695 -4.99807911732e-05 0.000180029501345
BPM.5R2.B2 3505.883216 0.025748903954 0.0106359375414 0.000140222295394 0.000123476347194
BPMR.6R2.B2 3579.179216 0.0238545835337 0.0143905547881 0.000131624125176 -0.000132603902826
BPM_A.7R2.B2 3592.054216 0.0244452366092 0.0133626204402 0.000105927920843 -0.000153908930548
BPM.8R2.B2 3633.493206 0.0276910803844 0.00305504327479 -8.54495075959e-05 -0.00016615380673
BPM.9R2.B2 3672.560195 0.0161806639061 -0.022678521501 -0.000119493738136 0.000143631288976
BPM.10R2.B2 3713.025185 0.0144691439925 -0.0238069967657 9.194757711e-05 0.000162647921449
BPM.11R2.B2 3764.865874 0.0126303891012 -0.0248314819047 0.000170792733333 -7.57531597198e-05
BPM.12R2.B2 3819.592358 0.014173128087 -0.0239844045784 -9.05311336241e-05 -0.000163440543881
BPM.13R2.B2 3873.043842 0.00621296783531 -0.0271574714059 -0.0001527563183 0.000107583508686
BPM.14R2.B2 3926.495326 0.00838592772402 -0.0265669990511 0.000109286239199 0.000151542828553
BPM.15R2.B2 3979.94681 0.00268946180441 -0.0277289743292 0.000148191507955 -0.000113789196449
BPM.16R2.B2 4033.398294 0.00491694938144 -0.0274217583426 -0.000115443103023 -0.000146906758279
BPM.17R2.B2 4086.849779 -0.000881953810559 -0.0278451320646 -0.000143372778969 0.000119803784208
BPM.18R2.B2 4140.301263 0.00137015183 -0.0278253824083 0.000121401825234 0.000142022188421
BPM.19R2.B2 4193.752747 -0.0044349724417 -0.027503822313 0.000138308934547 -0.00012561585768
BPM.20R2.B2 4247.204231 -0.00220237563338 -0.0277719060163 -0.000127158355142 -0.000136892137331
BPM.21R2.B2 4300.655715 -0.00791866111917 -0.0267099986666 -0.000133013154782 0.000131210546851
BPM.22R2.B2 4354.107199 -0.00573537931927 -0.0272623301679 0.000132691939222 0.000131535371822
BPM.23R2.B2 4407.558683 -0.0112691300076 -0.0254781461397 0.000127485145969 -0.000136587853617
BPM.24R2.B2 4461.010167 -0.00925574610721 -0.0263092606103 -0.000139209434316 -4.7125268838e-05
BPM.25R2.B2 4514.461651 -0.0145142938071 -0.0238155685503 -4.29263923417e-05 0.000140560976389
BPM.26R2.B2 4567.913135 -0.0125438594466 -0.0249097896529 0.000141033347902 4.13479890346e-05
BPM.27R2.B2 4621.36462 -0.0174414732904 -0.0217632957073 3.70867900009e-05 -0.000142213336604
BPM.28R2.B2 4674.816104 -0.0157071658491 -0.0231048531044 -0.00014382302511 4.33299021684e-05
BPM.29R2.B2 4728.267588 -0.0201599563981 -0.0193423228506 4.76268068994e-05 0.000142457817365
BPM.30R2.B2 4781.719072 -0.0185327799676 -0.0209065865851 0.000141913988237 -4.92235653869e-05
BPM.31R2.B2 4835.170556 -0.0224691082909 -0.016603869071 -5.34693398864e-05 -0.00014036940987
BPM.32R2.B2 4888.62204 -0.0210558132879 -0.0183630613566 -0.000139763236339 5.50343699733e-05
BPM.33R2.B2 4942.073524 -0.0244082383681 -0.0135936453869 5.9204254613e-05 0.000138048539634
BPM.34R2.B2 4995.525008 -0.0232313962843 -0.0155193918069 0.000137374375698 -6.07521054995e-05
BPM.33L3.B2 5048.976492 -0.0259469363461 -0.0103588507706 -6.48557924441e-05 -0.00013548528549
BPM.32L3.B2 5102.427976 -0.0250261878593 -0.012419308227 -0.000134752782401 6.63643667148e-05
BPM.31L3.B2 5155.87946 -0.0270587588974 -0.00695506021662 7.03793357143e-05 0.000132699997726
BPM.30L3.B2 5209.330945 -0.0264091717695 -0.00911619120083 0.000131900056525 -7.18673563988e-05
BPM.29L3.B2 5262.782429 -0.0277262441748 -0.00343579388101 -7.58006392885e-05 -0.000129679619318
BPM.28L3.B2 5316.233913 -0.0273584313703 -0.00566264323805 -0.000128825721134 7.72429407956e-05
BPM.27L3.B2 5369.685397 -0.0279379671582 0.000138876238983 8.1076008931e-05 0.000126448501534
BPM.26L3.B2 5423.136881 -0.0279369742448 -0.00212118424843 0.000124331651465 -3.666065622e-06
BPM.25L3.B2 5476.588365 -0.027768835198 0.00372367349263 -7.40381387312e-06 -0.000124165146831
BPM.24L3.B2 5530.039849 -0.0279788053079 0.00146983200243 -0.000124074669897 8.79074627505e-06
BPM.23L3.B2 5583.491333 -0.0270644241275 0.00724506033278 1.25108241106e-05 0.000123754919566
BPM.22L3.B2 5636.942817 -0.027639688202 0.00503271607929 0.000122407370661 6.49306515735e-05
BPM.21L3.B2 5690.394301 -0.0259931819736 0.010659975878 6.12186033256e-05 -0.000124305417666
BPM.20L3.B2 5743.845786 -0.026769005475 0.00852648467785 -0.000124982661799 -5.98238154254e-05
BPM.19L3.B2 5797.29727 -0.0244162719966 0.013896987323 -5.60466298151e-05 0.000126721475154
BPM.18L3.B2 5850.748754 -0.0254578709955 0.0118818095919 0.000127342263497 5.46214394689e-05
BPM.17L3.B2 5904.200238 -0.0224374180343 0.0169068881427 5.076689131e-05 -0.000128927405537
BPM.16L3.B2 5957.651722 -0.023729350717 0.0150398972608 -0.000129487392339 -4.93210972951e-05
BPM.15L3.B2 6011.103206 -0.0200907265997 0.0196378028142 -4.54119960897e-05 0.000130909532068
BPM.14L3.B2 6064.55469 -0.0216094675384 0.0179530361791 0.000131410710833 4.39406127951e-05
BPM.13L3.B2 6118.006174 -0.0174129115653 0.0220470203336 3.99701334966e-05 -0.00013267231123
BPM.12L3.B2 6171.457658 -0.0219652742856 0.0175159161836 -0.00012926195031 -4.99089092635e-05
BPM.11L3.B2 6224.909142 -0.0236328685663 0.015191053892 -5.55586972448e-05 0.000126936154834
BPM.10L3.B2 6277.691832 -0.027771068868 0.00424833247581 0.000122081943927 6.55404650195e-05
BPM.9L3.B2 6316.758821 -0.0266631960283 0.00885181181277 0.000128841844418 -5.09836385741e-05
BPM.8L3.B2 6357.223811 -0.0245024265084 0.0137445148997 3.30843049133e-05 -0.000134554756731
BPM.7L3.B2 6396.2898 -0.0164671642473 0.0227620977972 -0.000104664135769 -9.08018183519e-05
BPMR.6L3.B2 6468.9288 0.00774344399925 0.0270059191635 -3.05710640843e-05 0.000135147935456
BPMWE.5L3.B2 6511.9823 0.00831195650042 0.0268363927029 5.49997518665e-05 0.000127179320183
BPMW.5L3.B2 6539.5273 -0.000240702403406 0.0280931069304 0.000105741462523 8.95449450426e-05
BPMWE.4L3.B2 6614.6553 0.00948049574604 0.026446186775 0.000116486493067 -7.50363292679e-05
BPMW.4L3.B2 6642.2003 0.0261941417348 0.0101561574679 -3.32916954246e-09 -0.00013856246592
BPMW.4R3.B2 6687.1653 0.0277790281487 0.00419597318 -8.51305450437e-05 -0.000109326761912
BPMWE.4R3.B2 6714.7103 0.0264757627485 0.00939758382325 -0.000119764112999 -6.96858042773e-05
BPMW.5R3.B2 6789.8383 0.0277663235178 0.00427923744994 -0.000115602453795 7.63912758073e-05
BPMWE.5R3.B2 6817.3833 0.0271719456775 -0.00713904495855 -5.29142924258e-05 0.000128061055003
BPMWC.6R3.B2 6858.3743 0.0263646844198 -0.00970484468332 3.44418428518e-05 0.000134213688391
BPM.6R3.B2 6870.5288 0.0272546355474 -0.00681655601045 6.31031579079e-05 0.00012335941735
BPM_A.7R3.B2 6926.3528 0.0270954357116 -0.00742414697525 0.000138505416695 -3.9754256616e-06
BPM.8R3.B2 6965.418789 0.0268042871313 0.00841491452342 5.21323310992e-06 -0.000138464362353
BPM.9R3.B2 7004.485779 0.00729862189461 0.0271295173822 -0.00013735542535 1.82493680095e-05
BPM.10R3.B2 7044.950768 0.010377157393 0.0261073782711 -8.09576640287e-05 0.000112451802023
BPM.11R3.B2 7097.733458 0.0181236553782 0.0214665719293 9.393183395e-05 0.000101864447357
BPM.12R3.B2 7152.459942 0.0240029275582 0.014599317247 7.89767664432e-05 -0.000113851770814
BPM.13R3.B2 7205.911426 0.0215303235897 0.0180478741332 -0.000118676978651 -7.152153568e-05
BPM.14R3.B2 7259.36291 0.0248074330374 0.0131860479703 -6.79189914162e-05 0.000120774850473
BPM.15R3.B2 7312.814394 0.023662428766 0.01514496813 0.00012152747056 6.65629654211e-05
BPM.16R3.B2 7366.265878 0.0262904601129 0.00990415576475 6.28879770049e-05 -0.000123469258269
BPM.17R3.B2 7419.717362 0.0254052276073 0.0119939570242 -0.000124166977604 -6.1498918267e-05
BPM.18R3.B2 7473.168846 0.0273414826127 0.00645940580927 -5.77344731967e-05 0.000125961444546
BPM.19R3.B2 7526.62033 0.0267309329723 0.00864510366307 0.000126599447386 5.6321705007e-05
BPM.20R3.B2 7580.071814 0.0279431406433 0.00290886331612 5.24990825179e-05 -0.000128231831963
BPM.21R3.B2 7633.523299 0.0276172282899 0.00515454133498 -0.000128812942945 -5.10566429942e-05
BPM.22R3.B2 7686.974783 0.0280856623566 -0.000690047014354 -4.71574841732e-05 0.000130290932685
BPM.23R3.B2 7740.426267 0.0280497084978 0.00157938217413 0.000130810157491 4.56974609341e-05
BPM.24R3.B2 7793.877751 0.0272491507546 -0.00417824003036 4.23500667282e-05 0.00039309741051
BPM.25R3.B2 7847.329235 0.0274974646843 -0.00196553877751 0.000392602676773 -4.67144041831e-05
BPM.26R3.B2 7900.780719 0.0264906206948 -0.00763026355192 -5.84610470625e-05 -0.000391026088649
BPM.27R3.B2 7954.232203 0.0270200501931 -0.00546724741479 -0.000390340538211 6.2875767288e-05
BPM.28R3.B2 8007.683687 0.0247801671021 -0.010856158517 7.53025406179e-05 0.000913306585288
BPM.29R3.B2 8061.135171 0.0255759264468 -0.00881957172845 0.000912422944043 -8.53448860548e-05
BPM.30R3.B2 8114.586655 0.0231873500684 -0.0139377062724 -0.000112576327371 -0.000909464648371
BPM.31R3.B2 8168.03814 0.0242358975807 -0.0120222347249 -0.000908121950812 0.000122938644822
BPM.32R3.B2 8221.489624 0.0212145495885 -0.0167885599594 0.000150289430292 0.000903998052473
BPM.33R3.B2 8274.941108 0.0225015082522 -0.0150198197906 0.000902287657915 -0.000160238578608
BPM.34R3.B2 8328.392592 0.0188914012006 -0.0193656350268 -0.000187171033459 -0.00089708773062
BPM.33L4.B2 8381.844076 0.0203912547629 -0.0177794709598 -0.000894899995135 0.000197366214571
BPM.32L4.B2 8435.29556 0.0162604491181 -0.0216219946739 0.000224245199264 0.000888545710513
BPM.31L4.B2 8488.747044 0.0179544588881 -0.0202373482762 0.000886014079707 -0.00023404795412
BPM.30L4.B2 8542.198528 0.0133585675775 -0.0235257631371 -0.00026049928369 -0.00087860088717
BPM.29L4.B2 8595.650012 0.0152115771625 -0.0223723217265 -0.000875590762728 0.000270444461428
BPM.28L4.B2 8649.101496 0.0102421211901 -0.0250402039315 0.00029667058441 0.000867055914543
BPM.27L4.B2 8702.55298 0.0122321520596 -0.024130630234 0.000863711014341 -0.000306272218207
BPM.26L4.B2 8756.004465 0.00643783537828 -0.0260457792654 -0.000331496784026 -0.000328980501369
BPM.25L4.B2 8809.455949 0.00851923947566 -0.0254411261617 -0.000325226951212 0.000335180160308
BPM.24L4.B2 8862.907433 0.00305697349925 -0.0266548917639 0.000344799242999 0.000315010738043
BPM.23L4.B2 8916.358917 0.00519805105182 -0.0263212577005 0.000311141297761 -0.000348294985395
BPM.22L4.B2 8969.810401 -0.000895038967486 -0.0267281874842 -0.000356905435477 0.000224538959339
BPM.21L4.B2 9023.261885 0.00126855604244 -0.0267130654666 0.000228532393545 0.000354361637139
BPM.20L4.B2 9076.713369 -0.00430273779941 -0.0263947636579 0.000347332415654 -0.00023908039608
BPM.19L4.B2 9130.164853 -0.00216170026128 -0.0266556589376 -0.0002429495939 -0.000344637096684
BPM.18L4.B2 9183.616337 -0.00764791273463 -0.0256262859631 -0.000337190108988 0.000253183883265
BPM.17L4.B2 9237.067821 -0.00555139986838 -0.0261606395307 0.000256952054477 0.000334327500594
BPM.16L4.B2 9290.519306 -0.0108598091588 -0.0244389370933 0.000326444715955 -0.000266895267747
BPM.15L4.B2 9343.97079 -0.00885485128365 -0.0252346727712 -0.000270530567843 -0.000323438484181
BPM.14L4.B2 9397.422274 -0.0139000722122 -0.0228469930971 -0.00031518178816 0.000280106545949
BPM.13L4.B2 9450.873758 -0.0120080529809 -0.0238956850659 0.000283625306281 0.000312019126666
BPM.12L4.B2 9504.325242 -0.0187105055885 -0.0191079586018 0.000319369789169 -0.000275321955543
BPM.11L4.B2 9557.776726 -0.0180169604426 -0.0197632547248 -0.000219106292546 -0.000360266109998
BPMC.10L4.B2 9609.617415 -0.0203290716391 -0.017376016441 -0.0003873181694 0.000166684962696
BPMC.9L4.B2 9648.684405 -0.021859765417 -0.0154060948067 9.25061102152e-05 0.000411390157019
BPMC.8L4.B2 9689.149394 -0.0255488304306 -0.00790280744718 0.00022530290909 -0.000356423677537
BPMC.7L4.B2 9728.215384 -0.0104549095854 -0.0246148728826 -0.000377459560534 -0.000187945537177
BPMYA.6L4.B2 9824.819384 -0.0139653799307 -0.0228071318771 -0.000286787194438 0.000309115422511
BPMYB.5L4.B2 9861.819384 -0.0139239298876 -0.0228324610543 -0.000193031834096 0.000374883929875
BPMWA.B5L4.B2 9964.209884 -0.0235555912767 -0.0126621965214 0.000227062536043 0.000355305283696
BPMWA.A5L4.B2 9973.094884 -0.0239909452381 -0.0118165835948 0.000259318801407 0.000332495111944
BPMWA.A5R4.B2 10021.14388 -0.0251718338931 -0.00903193665236 0.000382161636399 0.000178190124159
BPMWA.B5R4.B2 10030.02888 -0.0252272708038 -0.00887591735979 0.000395299140563 0.000146757751337
BPMYA.5R4.B2 10132.49538 -0.0234553466218 -0.0128469380472 0.000376481795545 -0.000189896519841
BPMYB.6R4.B2 10164.05938 -0.0237714103658 -0.0122522304264 0.000326680776687 -0.000266606260318
BPMCA.7R4.B2 10260.57538 -0.0180583538667 -0.0197254393332 -0.000301176653975 -0.000295113305939
BPMC.8R4.B2 10298.36637 -0.0121586777948 -0.0238193966297 -0.000275373661672 0.000319325208778
BPMC.9R4.B2 10337.43336 -0.0247058793831 -0.0102379990842 0.000401281338167 0.000129508817354
BPMC.10R4.B2 10377.89835 -0.0250876318405 -0.00926325157913 0.000232413365411 -0.000351828477018
BPM.11R4.B2 10429.73904 -0.0267397800733 -0.00042574967892 -0.000329296270406 -0.000263368959871
BPM.12R4.B2 10484.46553 -0.0267382738972 0.000511673958617 -0.000278804908218 0.000316333793553
BPM.13R4.B2 10537.91701 -0.0260386801344 0.00609788800041 0.000324938757453 0.000268726707
BPM.14R4.B2 10591.36849 -0.0264460085213 0.00397564266622 0.000265027061347 -0.000327963253629
BPM.15R4.B2 10644.81998 -0.0250452558189 0.00937722038216 -0.000335775738103 -0.000255056644001
BPM.16R4.B2 10698.27146 -0.0257201805036 0.00732594131686 -0.000251320607438 0.000338581144372
BPM.17R4.B2 10751.72295 -0.0236388597092 0.0125060550467 0.000345981325069 0.000241031450781
BPM.18R4.B2 10805.17443 -0.0245714593982 0.010556537527 0.000237098997281 -0.000348687971248
BPM.19R4.B2 10858.62591 -0.0218462826261 0.0154252078375 -0.000355650875453 -0.000226520863399
BPM.20R4.B2 10912.0774 -0.0230195249326 0.0136124418378 -0.000222560964531 0.000358142226075
BPM.21R4.B2 10965.52888 -0.0196914324332 0.0180954300851 0.000364670184567 0.000211695282251
BPM.22R4.B2 11018.98037 -0.0210883385744 0.0164462481215 0.000207559916039 -0.000367039667463
BPM.23R4.B2 11072.43185 -0.0172173756907 0.0204636036747 -0.000373106746379 -0.000196444906548
BPM.24R4.B2 11125.88333 -0.0188852779506 0.0190036874316 -0.000193417568688 0.000448766569936
BPM.25R4.B2 11179.33482 -0.0145271182404 0.0225112570899 0.000454379577316 0.00017983600616
BPM.26R4.B2 11232.7863 -0.0162979280484 0.0212643222757 0.000174695507576 -0.000456380620966
BPM.27R4.B2 11286.23779 -0.0115323243711 0.0241826250544 -0.000461419360462 -0.000160915988683
BPM.28R4.B2 11339.68927 -0.0135180776568 0.0231694593588 -0.000156897813642 0.000536682342775
BPM.29R4.B2 11393.14075 -0.00841111293413 0.0254718560232 0.000541157459357 0.000140689303663
BPM.30R4.B2 11446.59224 -0.0104416811528 0.0247089774199 0.000134585668868 -0.000542707612268
BPM.31R4.B2 11500.04372 -0.00508951254274 0.0263374093738 -0.000546503963688 -0.00011822974634
BPM.32R4.B2 11553.49521 -0.00719626942845 0.0258413617444 -0.00011212136758 0.000547789802246
BPM.33R4.B2 11606.94669 -0.00167214763049 0.0267724894694 0.000550911741114 9.56091416441e-05
BPM.34R4.B2 11660.39818 -0.00383009620843 0.0265498141871 8.94183390756e-05 -0.000551950375802
BPM.33L5.B2 11713.84966 0.00176018291938 0.0267668456648 -0.000554387943566 -7.27932320886e-05
BPM.32L5.B2 11767.30114 -0.000403303148289 0.0268216259152 -6.65801978628e-05 0.000555168386944
BPM.31L5.B2 11820.75263 0.00517607460447 0.0263205342322 0.000556917209142 4.98805894747e-05
BPM.30L5.B2 11874.20411 0.00303215119308 0.026652735873 4.36439313818e-05 -0.000557440642713
BPM.29L5.B2 11927.6556 0.0084948599882 0.0254440488944 -0.00055850107145 -2.68593138222e-05
BPM.28L5.B2 11981.10708 0.00641609354303 0.026046036438 -2.05855773888e-05 0.000558767477656
BPM.27L5.B2 12034.55856 0.0116852809886 0.0241457341765 0.000559133528279 3.81493651872e-06
BPM.26L5.B2 12088.01005 0.00962287185241 0.0250061740519 -3.55335674861e-06 -0.000485639270879
BPM.25L5.B2 12141.46153 0.0146014388283 0.0224656713048 -0.000485312283725 1.81693188798e-05
BPM.24L5.B2 12194.91302 0.0127423840568 0.0235698971569 2.36271099161e-05 0.000485077195971
BPM.23L5.B2 12248.3645 0.0173587014893 0.020410386723 0.000484151035784 -3.81562178209e-05
BPM.22L5.B2 12301.81598 0.0155799959646 0.0217410244191 -4.46801351314e-05 -0.000410192491746
BPM.21L5.B2 12355.26747 0.0197521318342 0.0180350133136 -0.000408660825615 5.70134090767e-05
BPM.20L5.B2 12408.71895 0.0182330601974 0.0195694643027 6.16087268552e-05 0.000407993335608
BPM.19L5.B2 12462.17044 0.0218985740935 0.015357762542 0.000405964370635 -7.38046970034e-05
BPM.18L5.B2 12515.62192 0.0205868575203 0.0170759981919 -7.83266175657e-05 -0.00040511620418
BPM.17L5.B2 12569.07341 0.0236822790916 0.0124321387706 -0.00040257180228 9.04993535831e-05
BPM.16L5.B2 12622.52489 0.0226020532437 0.0143022937391 9.50269389736e-05 0.000401527181982
BPM.15L5.B2 12675.97637 0.0250786896974 0.00929880319999 0.000398501682219 -0.000107007535631
BPM.14L5.B2 12729.42786 0.0242461194745 0.0112930999968 -0.000111442396369 -0.000397284261829
BPM.13L5.B2 12782.87934 0.0260619427967 0.00601527678454 -0.000393743747804 0.000123369570189
BPM.12L5.B2 12836.33083 0.024163033771 0.011469795819 9.59266385802e-05 0.000401313188696
BPM.11L5.B2 12889.78231 0.0230671953549 0.0135393099963 0.000403705588709 -8.52994031213e-05
BPM.10L5.B2 12942.565 0.022147044092 0.01499722824 -0.000150918140755 -0.000384028527661
BPM.9L5.B2 12981.63199 0.0248745331386 0.0098318878917 -0.000391104231829 0.000131497728234
BPM.8L5.B2 13022.09698 0.0105105099086 0.0245954792368 0.000311944532729 0.000270082962951
BPM.7L5.B2 13061.16497 0.0199363010109 0.017831217533 0.000295314535789 -0.000288172714433
BPMR.6L5.B2 13098.05897 0.0218569010663 0.0154170130925 -0.000165914406651 -0.000377791749955
BPMWT.B6L5.B2 13109.36897 0.0265746600359 0.00303246781921 -0.00035592501053 -0.00020873806877
BPMWT.A6L5.B2 13115.19097 0.0265544171682 -0.00320489404213 -0.000401140272091 -9.66471826362e-05
BPM.5L5.B2 13129.95897 0.0237839214895 -0.0122365638848 -0.00039865622134 0.00010643031567
BPMYA.4L5.B2 13157.36497 0.019095167633 -0.0187292015311 -0.000306836388291 0.000275872478456
BPMWB.4L5.B2 13178.42347 0.0166722119195 -0.0209152041905 -0.000246915865329 0.000330585459023
BPMWT.B4L5.B2 13178.89297 0.01664051696 -0.0209404300733 -0.000245876456243 0.000331359259021
BPMWT.A4L5.B2 13180.87497 0.0165142448083 -0.0210401553166 -0.00024159395982 0.000334494494907
BPMSY.4L5.B2 13271.27947 0.0159514411556 -0.0214699776794 -0.000127921719451 0.000392288399249
BPMS.2L5.B2 13298.06497 0.0156649347496 -0.0216799032812 -0.000101932204194 0.000399830114182
BPMSW.1L5.B2 13308.11897 0.0155428183314 -0.0217676182901 -8.36480765502e-05 0.000404051074558
BPMSW.1R5.B2 13351.06897 0.0155423679288 -0.0217679399688 -0.000191668464569 0.000365400477163
BPMS.2R5.B2 13361.12297 0.0156646348833 -0.0216801209813 -0.000174856038949 0.000373736420078
BPMSY.4R5.B2 13387.90847 0.0159513512638 -0.0214700445117 -0.000149980650718 0.00038439559349
BPMWB.4R5.B2 13480.76447 0.0166731555766 -0.0209144519411 -1.88519372947e-05 0.000412187827507
BPMYA.4R5.B2 13501.82097 0.0190961894247 -0.0187281597214 6.21720899944e-05 0.000407907849842
BPMR.5R5.B2 13522.93897 0.0227264997821 -0.0141037096141 0.000193434026587 0.000364468751798
BPM.6R5.B2 13554.83897 0.0251774206999 0.00902806202935 0.000409263597615 -5.25119337807e-05
BPMRA.7R5.B2 13588.85297 0.0171162518902 0.0205534021139 7.88322338648e-05 -0.000405018121862
BPM.8R5.B2 13630.28998 0.0168512750533 0.0207712047439 -0.00038413433272 -0.000150648640981
BPM.9R5.B2 13669.35499 0.0209746369508 0.0165973799833 -7.77209595702e-05 0.00040523283462
BPM.10R5.B2 13709.818 0.0256728017424 0.00750437656012 0.0004116211767 -2.86739571072e-05
BPM.11R5.B2 13762.59871 0.0176142179184 0.020128282196 -0.000155550065804 -0.000382175838727
BPM.12R5.B2 13817.32223 0.0230371732076 0.013590329933 -0.000389696536611 0.000135612710731
BPM.13R5.B2 13870.77074 0.0236757050788 0.0124446537122 0.000103793017701 0.000399350971994
BPM.14R5.B2 13924.21926 0.0257433360797 0.00725872333244 0.000396075752392 -0.000115664112437
BPM.15R5.B2 13977.66777 0.0250734963573 0.00931279751011 -0.000120026004545 -0.000394775834133
BPM.16R5.B2 14031.11629 0.0264602602518 0.0039067946578 -0.000390992787995 0.000131828813915
BPM.17R5.B2 14084.56481 0.0260586877486 0.00602936231351 0.000136179654172 0.000389498776049
BPM.18R5.B2 14138.01332 0.0267426367903 0.00048968817668 0.000385265601055 -0.000147731535526
BPM.19R5.B2 14191.46184 0.0266159391745 0.00264578890376 -0.000151972944524 -0.000383612329615
BPM.20R5.B2 14244.91035 0.0265855392981 -0.00293556081322 -0.000378874013617 0.000163427889646
BPM.21R5.B2 14298.35887 0.0267357492082 -0.000779827811207 0.000167640243427 0.000377029110706
BPM.22R5.B2 14351.80738 0.0259918127333 -0.00631142518496 0.000371863683897 -0.000178806027265
BPM.23R5.B2 14405.2559 0.0264161848847 -0.00419447174623 -0.000182899676193 -0.000369867412581
BPM.24R5.B2 14458.70442 0.0253640322571 -0.00966145422103 -0.000364642260704 -0.000205870030584
BPM.25R5.B2 14512.15293 0.0260612132091 -0.00758228171089 -0.000201766455208 0.000366928801126
BPM.26R5.B2 14565.60145 0.0239206472473 -0.0128249937656 0.000372796745889 0.000190706685637
BPM.27R5.B2 14619.04996 0.0248771874267 -0.0108537263573 0.000186606878238 -0.000374865731109
BPM.28R5.B2 14672.49848 0.0224752228495 -0.0158579186638 -0.000380668387409 -0.00057517982353
BPM.29R5.B2 14725.947 0.0236815879918 -0.0139925557404 -0.000570851154127 0.000387129462218
BPM.30R5.B2 14779.39551 0.0202640511796 -0.0186004692437 0.000404055570702 0.000558998521301
BPM.31R5.B2 14832.84403 0.0216990465227 -0.0169044552173 0.000554553964801 -0.000410134316479
BPM.32R5.B2 14886.29254 0.0177154637574 -0.0210421379656 -0.000426536198416 -0.000542039784757
BPM.33R5.B2 14939.74106 0.0193556898157 -0.0195439631976 -0.000537208681399 0.000432605006464
BPM.34R5.B2 14993.18958 0.0148817553799 -0.0231331490125 0.000448492234725 0.000524018102547
BPM.33L6.B2 15046.63809 0.0167000282541 -0.0218567674365 0.000519074520891 -0.000454204686206
BPM.32L6.B2 15100.08661 0.0117959961557 -0.0248488168975 -0.000469534834598 -0.00050524973604
BPM.31L6.B2 15153.53512 0.0137628618888 -0.0238158111091 -0.000499956647872 0.000475166918086
BPM.30L6.B2 15206.98364 0.00852549082403 -0.0261519642185 0.00048991282032 0.000485515885611
BPM.29L6.B2 15260.43215 0.0106078773942 -0.0253787738615 0.000480098606138 -0.00049522274453
BPM.28L6.B2 15313.88067 0.00510442120602 -0.0270287645011 -0.000509373139498 -0.000465058351504
BPM.27L6.B2 15367.32919 0.00726933115115 -0.0265285893223 -0.000459346433978 0.000514529973541
BPM.26L6.B2 15420.7777 0.00200156911227 -0.0275346960818 0.00052765760047 4.39233222474e-05
BPM.25L6.B2 15474.22622 0.00421410876949 -0.0272838240403 3.8086138075e-05 -0.000528111015762
BPM.24L6.B2 15527.67473 -0.00154344987935 -0.0275641711292 -0.000529014385021 -2.22621087518e-05
BPM.23L6.B2 15581.12325 0.000689018692529 -0.0275987503483 -1.63849804193e-05 0.000529229007882
BPM.22L6.B2 15634.57177 -0.00466017536606 -0.0272159817428 0.000529077946014 -0.00039931806672
BPM.21L6.B2 15688.02028 -0.00245418401468 -0.0275027976315 -0.000405151871983 -0.000524624011385
BPM.20L6.B2 15741.4688 -0.00810916414281 -0.0263944758192 -0.00051228653606 0.000420643443526
BPM.19L6.B2 15794.91731 -0.00594751812254 -0.0269639374848 0.000426306705964 0.000507583449469
BPM.18L6.B2 15848.36583 -0.011413755925 -0.0251426544535 0.000494564260063 -0.000441344051296
BPM.17L6.B2 15901.81435 -0.00935235075935 -0.0259800006151 -0.000446793635225 -0.000489646646107
BPM.16L6.B2 15955.26286 -0.0145406115747 -0.0234733362009 -0.000476103493847 0.000461198302273
BPM.15L6.B2 16008.71138 -0.0125947186617 -0.0245723413327 0.00046645838158 0.00047095114914
BPM.14L6.B2 16062.15989 -0.0174202805352 -0.0214233685971 0.000456721654498 -0.000480399548485
BPM.13L6.B2 16115.60841 -0.0156381969509 -0.0227568383681 -0.000485425243718 -0.000451376482263
BPM.12L6.B2 16169.05693 -0.0203030907638 -0.0187139360317 -0.000441163950324 0.000494724938445
BPM.11L6.B2 16222.50544 -0.016819386921 -0.0218982903574 0.000462207169617 0.000475124111787
BPM.10L6.B2 16274.34415 -0.0203434773059 -0.0186700248364 0.000549835432819 -0.000370215327611
BPM.9L6.B2 16313.40916 -0.0227140778632 -0.0157002408833 -0.000154699702905 -0.000644551321208
BPM.8L6.B2 16353.87217 -0.0276025773941 -0.000724304867993 -0.000537960926576 0.000387267924765
BPMYB.5L6.B2 16450.96018 -0.0157949644021 -0.0226483111076 0.000662273891144 2.77791161067e-05
BPMYA.4L6.B2 16487.36018 -0.0166714698338 -0.0220111107269 0.000650688604886 -0.000126422249157
BPMSB.B4L6.B2 16518.13068 -0.0140722505838 -0.0237570760001 0.000605197814977 -0.000270395980478
BPMSB.A4L6.B2 16518.76568 -0.0140099565181 -0.0237938650686 0.000603778861553 -0.00027354980222
BPMSA.4L6.B2 16615.57568 -0.00296992932177 -0.0274518927673 0.000107951468689 -0.00065400678287
BPMSE.4R6.B2 16707.14568 -0.00213870378767 -0.0275291271683 -0.000492169784205 -0.000444012721152
BPMSA.A4R6.B2 16803.82068 -0.0118720552335 -0.0249295246863 -0.000651564248691 0.000121829509114
BPMSA.B4R6.B2 16804.40568 -0.0119283445989 -0.0249026402541 -0.000651000706319 0.000124805738737
BPMYB.4R6.B2 16830.96018 -0.0142579545448 -0.023646091194 -0.000615236087903 0.000246704199203
BPMYA.5R6.B2 16867.36018 -0.0144921536519 -0.0235032844677 -0.00054829928354 0.000372486695726
BPM.8R6.B2 16963.08519 -0.0233128431614 -0.0147965617648 0.000450380415129 0.000486349548544
BPM.9R6.B2 17002.1502 -0.0271582851989 0.00498542291837 0.000434372547242 -0.000500698405854
BPM.10R6.B2 17042.61322 -0.0256096815154 0.0103233283993 -0.000361703738472 -0.000555471679905
BPM.11R6.B2 17094.45193 -0.0220679614332 0.0165961433714 -0.000504562530085 0.000429877956118
BPM.12R6.B2 17149.17544 -0.0250913528049 0.0115260969386 0.000494342314349 0.000441592666612
BPM.13R6.B2 17202.62396 -0.0221295939922 0.0165138719259 0.000425965636019 -0.000507869761256
BPM.14R6.B2 17256.07247 -0.0233919004636 0.0146712606886 -0.000512562225554 -0.000420307485615
BPM.15R6.B2 17309.52099 -0.0198375433259 0.0192067376495 -0.000404859360504 0.000524849781716
BPM.16R6.B2 17362.96951 -0.0213202623573 0.0175463189782 0.000529308279185 0.000399012715548
BPM.17R6.B2 17416.41802 -0.0172149715169 0.0215886926953 0.000382923178871 -0.000541062134667
BPM.18R6.B2 17469.86654 -0.0189042100372 0.0201260462914 -0.000545274293752 -0.00037690097933
BPM.19R6.B2 17523.31505 -0.014314997174 0.0236116020755 -0.000360475016274 0.000556269857767
BPM.20R6.B2 17576.76357 -0.0161698564138 0.0223821947066 0.000560233885196 0.000354282936351
BPM.21R6.B2 17630.21209 -0.0111736698625 0.0252502672972 0.000337309925666 -0.000570614066651
BPM.22R6.B2 17683.6606 -0.0131792993831 0.0242638200704 -0.000574320097594 -0.000330960477292
BPM.23R6.B2 17737.10912 -0.00785534393415 0.0264711251825 -0.000313660821548 0.000583948010592
BPM.24R6.B2 17790.55763 -0.00960345143561 0.0257743792295 0.000592910248274 -5.29052072693e-05
BPM.25R6.B2 17844.00615 -0.00404903108584 0.0272057025416 -7.06306080119e-05 -0.000591060810675
BPM.26R6.B2 17897.45466 -0.00623427062969 0.0267895273161 -0.000590241698702 7.71770909702e-05
BPM.27R6.B2 17950.90318 -0.000534631592129 0.0275001649579 9.48094724856e-05 0.000587667177373
BPM.28R6.B2 18004.3517 -0.00239189548411 0.027390055297 0.000592107336629 -0.000461364421764
BPM.29R6.B2 18057.80021 0.00333830363609 0.0272908780034 -0.000478862018183 -0.00057804790181
BPM.30R6.B2 18111.24873 0.00112450320759 0.0274712902132 -0.000572686733451 0.000485260898316
BPM.31R6.B2 18164.69724 0.00680745032894 0.0266382227836 0.000502196881078 0.000557894704548
BPM.32R6.B2 18218.14576 0.00463594464538 0.0271006330365 0.000552321741149 -0.000508319684465
BPM.33R6.B2 18271.59428 0.0101537294684 0.0255506961167 -0.000524607126629 -0.000536875746911
BPM.34R6.B2 18325.04279 0.00805860029689 0.0262867885964 -0.000530978110477 0.00053057557126
BPM.33L7.B2 18378.49131 0.0133436896128 0.0240391813758 0.000546238598511 0.000514851065261
BPM.32L7.B2 18431.93982 0.0113601855523 0.0250376212487 0.00050882503405 -0.000551856231459
BPM.31L7.B2 18485.38834 0.0163047750836 0.0221379900471 -0.000566829474331 -0.000492090005941
BPM.30L7.B2 18538.83686 0.0144653143137 0.0233814237226 -0.000485694119815 0.000572319357352
BPM.29L7.B2 18592.28537 0.0190063651142 0.0198669166848 0.000586599710103 0.000468347095135
BPM.28L7.B2 18645.73389 0.0173408686903 0.0213361328836 0.000461908186298 -0.000591683236258
BPM.27L7.B2 18699.1824 0.0213887145672 0.0172759712765 -0.000605244523904 -0.00044399016129
BPM.26L7.B2 18752.63092 0.0202841674604 0.0189696172907 -0.000431704618513 0.000250163723603
BPM.25L7.B2 18806.07943 0.023780655337 0.014344833977 0.000262987054898 0.00042401484419
BPM.24L7.B2 18859.52795 0.0225459138975 0.0162165223311 0.000421106910714 -0.000267618665075
BPM.23L7.B2 18912.97647 0.0254197795012 0.0111860913752 -0.000280086734995 -0.000412919094074
BPM.22L7.B2 18966.42498 0.0247937986907 0.013225418888 -0.000404277468314 -7.54088896218e-05
BPM.21L7.B2 19019.8735 0.0269989610817 0.00779103710098 -6.32364307635e-05 0.000406359367929
BPM.20L7.B2 19073.32201 0.0262825661185 0.00994338354586 0.000407031497839 5.87548933225e-05
BPM.19L7.B2 19126.77053 0.0277738488661 0.00427287695666 4.65887422919e-05 -0.000408602819999
BPM.18L7.B2 19180.21905 0.02733828858 0.00650093345518 -0.000409097547038 -4.20235439606e-05
BPM.17L7.B2 19233.66756 0.0280922501003 0.000685304676521 -2.97214831827e-05 0.000410174860478
BPM.16L7.B2 19287.11608 0.0279453651546 0.00294969906138 0.000410477230179 2.52035898342e-05
BPM.15L7.B2 19340.56459 0.0279490948435 -0.00291414748483 1.29479131799e-05 -0.00041104637984
BPM.14L7.B2 19394.01311 0.0280931081558 -0.000649178224209 -0.000411165385394 -8.35488544282e-06
BPM.13L7.B2 19447.46163 0.0273467623021 -0.00646519525062 3.99091443177e-06 0.000411230890583
BPM.12L7.B2 19500.91014 0.0278629992362 -0.00364656435975 0.000411239368723 -2.99236497744e-06
BPM.11L7.B2 19554.35866 0.0262798001035 -0.00995069166878 3.17926536973e-06 -0.000411237976073
BPM.10L7.B2 19607.13937 0.0262277158325 -0.0100871740339 -0.000410686410631 -2.15279339461e-05
BPM.9L7.B2 19646.20438 0.02036136561 -0.0193664387167 -0.000172847617251 0.000373162802986
BPM.8L7.B2 19686.66739 0.0123507991905 -0.0252408779082 0.000350761891246 0.000214692516624
BPM.7L7.B2 19725.7314 -0.00628125310688 -0.0273895968845 0.000243045177778 -0.000331746624164
BPMR.6L7.B2 19760.5494 -0.00594502195723 -0.0274645384481 -6.34681913529e-05 -0.000406323230498
BPMWC.6L7.B2 19772.7279 -0.00976770271935 -0.0263483612893 -0.000174806146332 -0.000372249370852
BPMWE.5L7.B2 19849.7819 0.00471010142072 -0.0277030522318 -0.000363753878004 0.000191859040616
BPMW.5L7.B2 19872.9869 0.0131706359082 -0.0248229431718 -0.000243994061061 0.000331049374307
BPMWE.4L7.B2 19908.0719 0.0131303566448 -0.0248442728162 -9.07654698724e-05 0.000401108972987
BPMW.4L7.B2 19936.1769 0.00233067874018 -0.0280037871545 0.000133827286794 0.000388866335936
BPMW.4R7.B2 20052.2239 -0.00424859346716 -0.027777573906 0.000259197898936 -0.000319285481132
BPMWE.4R7.B2 20080.3289 0.00585342334284 -0.0274842062628 6.28586500675e-05 -0.000406417975887
BPMW.5R7.B2 20115.4139 0.00458644487251 -0.0277237926884 -0.000131640531692 -0.000389612054492
BPMWE.5R7.B2 20138.6189 -0.0102745432383 -0.0261548832758 -0.000347755957755 -0.000219528056225
BPM.6R7.B2 20217.7584 -0.0213591797588 -0.0182600547133 -9.35220721775e-05 0.000400475216164
BPM_A.7R7.B2 20255.7944 -0.0140313807408 -0.0243467556844 0.000228840515881 0.00034169985995
BPM.8R7.B2 20294.85841 -0.013818070999 -0.024468450543 0.000410959285163 1.54674219918e-05
BPM.9R7.B2 20333.92342 -0.024542228809 -0.0136866052542 2.96883155846e-05 -0.00041017726121
BPM.10R7.B2 20374.38643 -0.0280941526181 -0.000602284769718 -0.00040472356826 -7.29768082019e-05
BPM.11R7.B2 20427.16714 -0.0280628747211 -0.00145575427551 -0.000127216828096 0.000391078831388
BPM.12R7.B2 20481.89066 -0.0280075044205 0.00228557526325 0.000391993830485 0.000124368864563
BPM.13R7.B2 20535.33917 -0.0280993172577 -0.000269310114153 0.00011699511665 -0.000394257435924
BPM.14R7.B2 20588.78769 -0.0275434968207 0.00556775906802 -0.000397575843799 -0.0001051675856
BPM.15R7.B2 20642.23621 -0.0279029033931 0.00332748257978 -0.000100796127817 0.000398706553015
BPM.16R7.B2 20695.68472 -0.026604543597 0.00904667995014 0.000401549814385 8.87948133942e-05
BPM.17R7.B2 20749.13324 -0.0272480263727 0.00686944081225 8.42937229473e-05 -0.000402518741531
BPM.18R7.B2 20802.58175 -0.0252295956069 0.0123738297896 -0.000404856455374 -7.22359220748e-05
BPM.19R7.B2 20856.03027 -0.0261454634344 0.0102984901876 -6.77819064681e-05 0.00040562592812
BPM.20R7.B2 20909.47879 -0.0234380742376 0.0155016397225 0.000407476258446 5.55866749642e-05
BPM.21R7.B2 20962.9273 -0.0246132259741 0.0135585126649 5.10271918344e-05 -0.000408072316351
BPM.22R7.B2 21016.37582 -0.0212645538561 0.0183701635171 -0.000409414108376 -3.88183216342e-05
BPM.23R7.B2 21069.82433 -0.0226767012295 0.0165955228783 -3.43092877569e-05 0.000409816593311
BPM.24R7.B2 21123.27285 -0.0183363533881 0.020863299389 0.000410195980437 -0.000386720289524
BPM.25R7.B2 21176.72137 -0.0199626629896 0.0193129801932 -0.000391250346132 -0.000405877414843
BPM.26R7.B2 21230.16988 -0.015520068083 0.0230353338131 -0.000394030712667 0.000403178771519
BPM.27R7.B2 21283.6184 -0.0173252710847 0.0217102302989 0.000407520466385 0.000389538692186
BPM.28R7.B2 21337.06691 -0.0120423454303 0.0247550033662 0.000376648055344 -0.000827672945884
BPM.29R7.B2 21390.51543 -0.0140062193418 0.0236992425062 -0.000831786103332 -0.000367475435076
BPM.30R7.B2 21443.96394 -0.00878051886332 0.0260908176068 -0.000342503731596 0.000842376087572
BPM.31R7.B2 21497.41246 -0.0108512593526 0.0252997716554 0.000846131496872 0.000333118238391
BPM.32R7.B2 21550.86098 -0.00536717748323 0.0270004014915 0.00030759094498 -0.000855741838373
BPM.33R7.B2 21604.30949 -0.00753509200561 0.0264773613431 -0.000859095781596 -0.000298095196996
BPM.34R7.B2 21657.75801 -0.00187264788876 0.0274649133411 -0.000272280374563 0.000867623009553
BPM.33L8.B2 21711.20652 -0.00407615064308 0.0272252322526 0.000870589478182 0.000262640942562
BPM.32L8.B2 21764.65504 0.00165910027473 0.0274786400872 0.000236471466782 -0.000878058952104
BPM.31L8.B2 21818.10356 -0.000570521162091 0.0275227684071 -0.000880630983299 -0.000226705449868
BPM.30L8.B2 21871.55207 0.005157934416 0.0270411535837 -0.000200220387021 0.000887027667193
BPM.29L8.B2 21925.00059 0.00296543488195 0.0273684941274 0.000889186860204 0.00019040228016
BPM.28L8.B2 21978.4491 0.00857671112384 0.0261585225245 0.000163764256137 -0.000894476134918
BPM.27L8.B2 22031.89762 0.0064317564109 0.0267667850948 -0.000896245852611 -0.000153784335775
BPM.26L8.B2 22085.34614 0.0122503069485 0.0247718885846 -0.000127273456801 0.000491808776088
BPM.25L8.B2 22138.79465 0.010214585114 0.0256783709428 0.000493185462604 0.0001218298828
BPM.24L8.B2 22192.24317 0.0153195728883 0.0230005906608 0.000107047825898 -0.000496603645738
BPM.23L8.B2 22245.69168 0.0134106583676 0.0241634170954 -0.00049776516476 -0.000101509880154
BPM.22L8.B2 22299.1402 0.0185353909416 0.0207778900713 -8.69702935569e-05 9.19091192513e-05
BPM.21L8.B2 22352.58871 0.0167989713766 0.0222053145227 9.28679970564e-05 8.59456402672e-05
BPM.20L8.B2 22406.03723 0.0210415741968 0.0182355034936 8.31297982114e-05 -9.53968347629e-05
BPM.19L8.B2 22459.48575 0.0195007408503 0.0198746707873 -9.63128648399e-05 -8.20667553547e-05
BPM.18L8.B2 22512.93426 0.0232009769378 0.0153946777011 -7.91454388054e-05 9.87274948145e-05
BPM.17L8.B2 22566.38278 0.0218834892334 0.0172161067532 9.95990439543e-05 7.80458297763e-05
BPM.16L8.B2 22619.83129 0.024979919657 0.0122997986415 7.50330736624e-05 -0.000101887982373
BPM.15L8.B2 22673.27981 0.0239055151816 0.0142761261013 -0.000102714018831 -7.38982430092e-05
BPM.14L8.B2 22726.72833 0.0263479273526 0.00900378567818 -7.07881393054e-05 0.000104881643495
BPM.13L8.B2 22780.17684 0.0255356475034 0.0111000963525 0.000105659900146 6.96211534165e-05
BPM.12L8.B2 22833.62536 0.0276794578989 0.00302143062097 7.19689722658e-05 -0.000104074912098
BPM.11L8.B2 22887.07387 0.0275382453773 0.00411417962509 -9.21210068544e-05 -8.67458379126e-05
BPM.10L8.B2 22938.91258 0.0277665175716 0.00207411053809 -9.46104728484e-05 8.40236931616e-05
BPM.9L8.B2 22977.9776 0.0275116911816 0.0042881558792 6.51048885158e-05 0.000108501034207
BPM.8L8.B2 23018.44061 0.0169589989229 -0.0220833373348 8.61634908577e-05 -9.26659019716e-05
BPM.7L8.B2 23057.50662 0.0165404187486 -0.0223985709378 2.90356794952e-06 -0.000126501725096
BPM.6L8.B2 23089.97562 0.0264424929627 -0.00872215563735 -0.000100152861199 -7.7333845724e-05
BPMR.5L8.B2 23150.39462 0.0163956393762 -0.0225047648749 0.000114619830898 -5.36042133946e-05
BPMYB.4L8.B2 23171.16162 0.0122722829692 -0.0249934492101 8.80898582549e-05 -9.08366866165e-05
BPMWB.4L8.B2 23195.62912 0.0135275896538 -0.0243369215559 6.58653959579e-05 -0.000108041055461
BPMSX.4L8.B2 23245.78612 0.0130344402414 -0.024604568685 3.15889086409e-05 -0.000122528616758
BPMS.2L8.B2 23283.69762 0.0133372619454 -0.0244417442678 8.96451904159e-06 -0.000126217099756
BPMSW.1L8.B2 23293.63162 0.0136102456691 -0.0242907933977 -2.22839943334e-06 -0.000126515400831
BPMSW.1R8.B2 23336.82162 0.0136104917116 -0.0242906555472 6.44623279775e-05 -0.000108884014552
BPMS.2R8.B2 23346.75562 0.0133374339602 -0.0244416509349 5.45845988219e-05 -0.000114156428654
BPMSX.4R8.B2 23384.66712 0.0130344482017 -0.0246045644863 3.30933305601e-05 -0.000122130849768
BPMWI.4R8.B2 23434.90012 0.0135257195358 -0.0243379609546 -3.93760030143e-06 -0.000126473776844
BPMYB.4R8.B2 23459.29162 0.012271133378 -0.0249940136477 -3.16886243501e-05 -0.000122502835424
BPMYB.5R8.B2 23479.86862 0.0161715105281 -0.0226663556779 -7.2069162408e-05 -0.00010400556208
BPMR.6R8.B2 23563.97662 0.026357560174 -0.0089755477127 0.00012059841972 -3.83034337355e-05
BPM_A.7R8.B2 23586.21662 0.0230899539329 -0.0155607024812 9.61913552084e-05 -8.22092199903e-05
BPM.8R8.B2 23627.65561 0.0118648767532 -0.0251894051596 -2.85997318971e-05 -0.000123260594307
BPM.9R8.B2 23666.7226 -0.0059324234637 -0.0272045544776 -7.23648647782e-05 0.000103800028507
BPM.10R8.B2 23707.18758 0.0169125956484 -0.0221188955634 0.00012473747243 2.12528853094e-05
BPM.11R8.B2 23759.02827 0.010659013969 -0.0257228857947 3.58406443155e-05 -0.000121353066504
BPM.12R8.B2 23813.75476 0.00975917197365 -0.0260775764878 -0.000120701597661 -3.79768652701e-05
BPM.13R8.B2 23867.20624 0.00297680901531 -0.0276842923113 -3.03816541141e-05 0.000122833526356
BPM.14R8.B2 23920.65773 0.00520220909243 -0.0273535820895 0.000123165866058 2.90050139994e-05
BPM.15R8.B2 23974.10921 -0.000589006844502 -0.0278376454434 2.52925179416e-05 -0.000123981484912
BPM.16R8.B2 24027.56069 0.00165885874197 -0.0277944170662 -0.000124257229775 -2.39011303391e-05
BPM.17R8.B2 24081.01218 -0.00414567554344 -0.0275335215074 -2.01568583998e-05 0.000124919262809
BPM.18R8.B2 24134.46366 -0.00190899949119 -0.0277783576437 0.000125137186272 1.87564475623e-05
BPM.19R8.B2 24187.91515 -0.00763363548105 -0.0267770245184 1.49882440941e-05 -0.00012564422486
BPM.20R8.B2 24241.36663 -0.00544835425582 -0.0273056197252 -0.000125804293328 -1.35794953308e-05
BPM.21R8.B2 24294.81811 -0.0109965872976 -0.0255803928915 -9.79449785996e-06 0.000126155408389
BPM.22R8.B2 24348.2696 -0.0088952959862 -0.0263847520725 0.000126257253823 8.38013851326e-06
BPM.23R8.B2 24401.72108 -0.0141785550738 -0.0239635141132 4.58196094701e-06 -0.000126452062472
BPM.24R8.B2 24455.17257 -0.0123595333464 -0.0250401543721 -0.000128963623099 0.000158469145916
BPM.25R8.B2 24508.62405 -0.0172864515246 -0.0219304808058 0.00016227253245 0.000124143956422
BPM.26R8.B2 24562.07554 -0.0154600891243 -0.0232540972645 0.000122313414151 -0.000163656720251
BPM.27R8.B2 24615.52702 -0.019950978878 -0.019537805334 -0.00016725691932 -0.000117342273475
BPM.28R8.B2 24668.9785 -0.0184699195703 -0.0210953313428 -0.000117945233864 0.000330203478013
BPM.29R8.B2 24722.42999 -0.0224450532781 -0.0168038839336 0.000333601358506 0.000107960949626
BPM.30R8.B2 24775.88147 -0.0210160456402 -0.0185600851107 0.000104194342397 -0.000334796873221
BPM.31R8.B2 24829.33296 -0.024411460665 -0.0137924443536 -0.00033777239729 -9.41021960772e-05
BPM.32R8.B2 24882.78444 -0.0232182490399 -0.0157182646871 -9.03363800105e-05 0.000338798977364
BPM.33R8.B2 24936.23592 -0.0259745788076 -0.0105580390514 0.000341363810817 8.0100982999e-05
BPM.34R8.B2 24989.68741 -0.0250379083562 -0.0126195910551 7.62449587865e-05 -0.000342245693783
BPM.33L1.B2 25043.13889 -0.0271121968933 -0.00714700726442 -0.00034437831432 -6.59468806704e-05
BPM.32L1.B2 25096.59038 -0.0264467823394 -0.00931228420774 -6.21119420309e-05 0.000345090597788
BPM.31L1.B2 25150.04186 -0.0278035972884 -0.00362089918795 0.000346803992513 5.16953165027e-05
BPM.30L1.B2 25203.49334 -0.027420670517 -0.00585301303271 4.77781551698e-05 -0.000347365309722
BPM.29L1.B2 25256.94483 -0.0280383627962 -3.38360239441e-05 -0.000348641472493 -3.73435285932e-05
BPM.28L1.B2 25310.39631 -0.0279441622562 -0.00229667784295 -3.34634524634e-05 0.000349035266871
BPM.27L1.B2 25363.8478 -0.0278123124615 0.00355333768852 0.000349884677009 2.29374951834e-05
BPM.26L1.B2 25417.29928 -0.0281702251317 0.00128659608794 1.65439704506e-05 -0.000188487025565
BPM.25L1.B2 25470.75077 -0.0272897100727 0.00710553569992 -0.000188898570427 -1.08806557937e-05
BPM.24L1.B2 25524.20225 -0.0277741221485 0.00488006682581 -8.7714397112e-06 0.000189008246696
BPM.23L1.B2 25577.65373 -0.0261563305447 0.0105386567411 0.000189186588439 3.08189061991e-06
BPM.22L1.B2 25631.10522 -0.0270834248867 0.00838302023115 -1.50225642353e-06 -2.7558379453e-05
BPM.21L1.B2 25684.5567 -0.0247535402623 0.0138220539924 -2.75008133081e-05 2.3294549021e-06
BPM.20L1.B2 25738.00819 -0.0257883505644 0.0117791301904 2.63726426246e-06 2.74729967119e-05
BPM.19L1.B2 25791.45967 -0.0227820348548 0.0168750057836 2.73813543971e-05 -3.46154073531e-06
BPM.18L1.B2 25844.91115 -0.0240697602286 0.0149811072414 -3.76827398215e-06 -2.73408309758e-05
BPM.17L1.B2 25898.36264 -0.0204359948537 0.019650879023 -2.72153043672e-05 4.58792628936e-06
BPM.16L1.B2 25951.81412 -0.0219553232565 0.0179374109961 4.89234139329e-06 2.71622052091e-05
BPM.15L1.B2 26005.26561 -0.0177542890899 0.0221036682748 2.70029533722e-05 -5.70626605021e-06
BPM.14L1.B2 26058.71709 -0.0194804543322 0.020598515269 -6.0086669163e-06 -2.69372854231e-05
BPM.13L1.B2 26112.16857 -0.0147807019862 0.0241933416695 -2.67446131085e-05 6.81515595065e-06
BPM.12L1.B2 26165.62006 -0.019629830049 0.0204562143107 4.95309384655e-06 2.71511998858e-05
BPM.11L1.B2 26219.07154 -0.0213448702324 0.0186596743598 2.72720380101e-05 -4.2374785166e-06
BPM.10L1.B2 26271.85423 -0.0225019356191 0.017246733763 -8.6928855649e-06 -2.61945515043e-05
BPM.9L1.B2 26310.92122 -0.0182206807845 0.0217208131425 -2.65977567136e-05 7.36749562014e-06
BPM.8L1.B2 26351.38621 -0.0282554383823 0.00232747362892 1.98576017409e-05 1.91676062733e-05
BPM.7L1.B2 26390.4542 -0.0246118699724 0.014072767623 2.076542829e-05 -1.81801855744e-05
BPMR.6L1.B2 26433.6382 -0.0175128612467 0.0222954395058 -1.78191315411e-05 -2.10760454073e-05
BPM.5L1.B2 26465.5382 0.00657016567281 0.0275793374715 -2.60049329076e-05 9.24465702293e-06
BPMYA.4L1.B2 26486.6562 0.0124358738933 0.0254781469843 -2.14914403042e-05 1.73157895564e-05
BPMWB.4L1.B2 26507.7127 0.015445737708 0.0237742743004 -1.76878995346e-05 2.11863112146e-05
BPMSY.4L1.B2 26600.5687 0.0162456636142 0.0232350025974 -9.96381850597e-06 2.57379797209e-05
BPMS.2L1.B2 26627.3542 0.0165528765574 0.0230171505675 -8.25545628536e-06 2.63361846628e-05
BPMSW.1L1.B2 26637.4082 0.0166820819613 0.022923679262 -7.04938542009e-06 2.6683843057e-05
