BPMSW.1R1.B2 21.475 0.0197951547202 0.0212919304955 7.54009135094e-05 -5.25195041576e-05
BPMS.2R1.B2 31.529 0.0196750721006 0.021402942724 7.29341431988e-05 -5.58933224398e-05
BPMSY.4R1.B2 58.3145 0.0193890179301 0.0216624194653 6.91140251436e-05 -6.05538946583e-05
BPMWB.4R1.B2 151.1705 0.01864064351 0.0223096580582 4.60581179393e-05 -7.95120637451e-05
BPMYA.4R1.B2 172.227 0.0157851254245 0.0244136078762 2.96091052003e-05 -8.69874706913e-05
BPMR.5R1.B2 199.635 0.00784844675293 0.0279927904432 -1.31295308286e-05 -9.09457683659e-05
BPM.6R1.B2 231.535 -0.0211794607973 0.0199154430996 -9.18843912378e-05 -8.80677268466e-07
BPMRA.7R1.B2 259.259 -0.025615105383 0.0137499385552 -5.7166047124e-05 7.19413669225e-05
BPM.8R1.B2 300.6960106 -0.0257880874118 0.0134227039432 6.04370242214e-05 6.92162004426e-05
BPM.9R1.B2 339.7610212 -0.0222416621376 0.0187217226634 5.697637348e-05 -7.20916741843e-05
BPM.10R1.B2 380.2240318 -0.0135833099844 0.0257038542493 -8.42836571288e-05 -3.66029804438e-05
BPM.11R1.B2 433.0047424 -0.025270277266 0.0143738484685 -8.50495908257e-06 9.14941674214e-05
BPM.12R1.B2 487.7282583 -0.0194880430424 0.021573377387 9.09321746729e-05 1.32233592133e-05
BPM.13R1.B2 541.1767742 -0.0184081002723 0.0225019171916 2.05056312081e-05 -8.95714086511e-05
BPM.14R1.B2 594.6252901 -0.0133371581642 0.0258324339793 -9.01450647571e-05 -1.78152974241e-05
BPM.15R1.B2 648.073806 -0.0153779037947 0.0246721403339 -1.68157511481e-05 9.03368591464e-05
BPM.16R1.B2 701.5223219 -0.00992207034521 0.027326671097 9.07997794964e-05 1.41038044092e-05
BPM.17R1.B2 754.9708378 -0.0120953812685 0.0264366447397 1.30950210545e-05 -9.09507363715e-05
BPM.18R1.B2 808.4193537 -0.0063460914377 0.0283711395076 -9.13017902728e-05 -1.03682171825e-05
BPM.19R1.B2 861.8678696 -0.00861435923259 0.0277666571338 -9.35574859024e-06 9.14110930593e-05
BPM.20R1.B2 915.3163855 -0.00266351539066 0.0289499588811 9.16501755247e-05 6.61534455853e-06
BPM.21R1.B2 968.7649014 -0.0049916226684 0.0286404981918 5.59813767365e-06 -9.17179300242e-05
BPM.22R1.B2 1022.213417 0.00106038538213 0.0290528830925 -9.18443740966e-05 -2.85133316334e-06
BPM.23R1.B2 1075.661933 -0.00128695625517 0.0290437287026 -1.83278074962e-06 9.1870330805e-05
BPM.24R1.B2 1129.110449 0.00486834043682 0.0286594237111 9.17844689438e-05 -0.000102397363562
BPM.25R1.B2 1182.558965 0.00253837938763 0.0289589353419 -0.000103409212865 -9.0642974217e-05
BPM.26R1.B2 1236.007481 0.00849329848088 0.0278015680625 -8.75069265342e-05 0.000106076149756
BPM.27R1.B2 1289.455997 0.00622333234771 0.0283960109995 0.000107039743276 8.6325565889e-05
BPM.28R1.B2 1342.904513 0.0120800005656 0.0264675673294 8.29890163197e-05 -0.000211055141228
BPM.29R1.B2 1396.353029 0.00990294781664 0.0273567205445 -0.000211963667685 -8.06402843761e-05
BPM.30R1.B2 1449.801545 0.0153656515 0.0247053696209 -7.42542626773e-05 0.000214284286587
BPM.31R1.B2 1503.25006 0.0133234200565 0.0258639713121 0.000215093182923 7.18774384643e-05
BPM.32R1.B2 1556.698576 0.0184003404163 0.0225363263847 6.54166985822e-05 -0.000217145369098
BPM.33R1.B2 1610.147092 0.0165203803427 0.0239486026242 -0.000217858984286 -6.29993497801e-05
BPM.34R1.B2 1663.595608 0.0211315635513 0.0199978887844 -5.64417817055e-05 0.0002196492191
BPM.33L2.B2 1717.044124 0.0194499038292 0.0216370001523 0.000220260084492 5.40088450593e-05
BPM.32L2.B2 1770.49264 0.0235163711898 0.0171300560854 4.74041004123e-05 -0.00022177534951
BPM.31L2.B2 1823.941156 0.0220565206166 0.0189728340686 -0.000222288950031 -4.49341388987e-05
BPM.30L2.B2 1877.389672 0.02551426825 0.0139814394601 -3.82500399438e-05 0.000223536099675
BPM.29L2.B2 1930.838188 0.0243033329879 0.0159939532303 0.000223945149411 3.57774198868e-05
BPM.28L2.B2 1984.286704 0.0270932453886 0.0106025746377 2.90720432412e-05 -0.000224913914119
BPM.27L2.B2 2037.73522 0.0261489300536 0.012755077074 -0.000225223643574 -2.65662161004e-05
BPM.26L2.B2 2091.183735 0.0283268135416 0.0070311849339 -1.99100412832e-05 0.000124441398264
BPM.25L2.B2 2144.632251 0.0276671386234 0.00929383496754 0.000124654091201 1.85317954504e-05
BPM.24L2.B2 2198.080767 0.0289935325547 0.00334977580092 1.47972071074e-05 -0.000125152351983
BPM.23L2.B2 2251.529283 0.0286286073173 0.0056788001352 -0.000125309117533 -1.340511461e-05
BPM.22L2.B2 2304.977799 0.029283865835 -0.000405442176445 -9.74872137911e-06 2.41707787006e-05
BPM.21L2.B2 2358.426315 0.029221081986 0.00195896636457 2.42773726106e-05 9.48016469205e-06
BPM.20L2.B2 2411.874831 0.0289914167324 -0.00414812457246 8.74959128967e-06 -2.45501339421e-05
BPM.19L2.B2 2465.323347 0.0292316117104 -0.00179500930748 -2.46456793354e-05 -8.4767115786e-06
BPM.18L2.B2 2518.771863 0.0282226185314 -0.00782259450943 -7.73516624622e-06 2.48883926607e-05
BPM.17L2.B2 2572.220379 0.0287618402193 -0.00551957686435 2.49726043295e-05 7.45878763019e-06
BPM.16L2.B2 2625.668894 0.0269900921326 -0.0113685578772 6.70831533988e-06 -2.51845808376e-05
BPM.15L2.B2 2679.11741 0.0278194801198 -0.00915345329173 -2.52574517298e-05 -6.42850429626e-06
BPM.14L2.B2 2732.565926 0.025314094793 -0.0147277216975 -5.66958166518e-06 2.54385618952e-05
BPM.13L2.B2 2786.014442 0.0264200549357 -0.012636846087 2.54998450451e-05 5.38723062688e-06
BPM.12L2.B2 2839.462958 0.0228139105033 -0.0183639502465 4.96520128548e-06 -2.55853619955e-05
BPM.11L2.B2 2892.911474 0.025904697652 -0.0136622040838 -2.49874011341e-05 -7.40907763183e-06
BPM.10L2.B2 2944.750185 0.0247105646505 -0.0157193249283 -1.1928957326e-05 2.31724862491e-05
BPM.9L2.B2 2983.815195 0.0210622257553 -0.0203492463707 2.02623974296e-05 1.6392062452e-05
BPM.8L2.B2 3024.278206 0.011523745697 -0.026924198531 -2.76652740615e-06 -2.59154592717e-05
BPM.7L2.B2 3063.344216 0.0292327332652 -0.0017766502252 -2.5296038385e-05 6.27502016699e-06
BPM.6L2.B2 3095.450216 0.0292681267012 0.00104208486217 -1.95262844702e-05 1.72623452042e-05
BPMYB.5L2.B2 3167.649216 0.0285852863978 -0.00637107393303 1.608300344e-05 2.0508558381e-05
BPMYB.4L2.B2 3188.219216 0.0268174504046 -0.0117700269844 2.50242504178e-05 7.28361776213e-06
BPMWB.4L2.B2 3212.610716 0.0285486897551 -0.00653310759037 2.08137216152e-05 -1.56860859735e-05
BPMSX.4L2.B2 3262.843716 0.0215167514149 -0.019868029347 -2.10799317093e-05 -1.53264776412e-05
BPMS.2L2.B2 3300.755216 0.0214919231042 -0.0198948842637 -2.59993102112e-05 1.81729013804e-06
BPMSW.1L2.B2 3310.689216 0.0222238753536 -0.0190737659182 -2.46481521423e-05 8.46949890766e-06
BPMSW.1R2.B2 3353.879216 0.022223913221 -0.0190737217826 -4.3344941204e-06 -2.56997396967e-05
BPMS.2R2.B2 3363.813216 0.0214919551243 -0.0198948496638 -1.08239899219e-05 -2.37087921901e-05
BPMSX.4R2.B2 3401.724716 0.0215167554903 -0.0198680249293 -2.35348360528e-05 -1.11971384342e-05
BPMWB.4R2.B2 3451.881716 0.028549776562 -0.0065283565845 -3.91888069611e-06 2.5766387776e-05
BPMYB.4R2.B2 3476.349216 0.0268690291608 -0.0116518004306 1.83407584744e-05 1.85170310966e-05
BPM.5R2.B2 3505.883216 0.0284849839395 0.00680550303123 2.46611102137e-05 -8.43174196503e-06
BPMR.6R2.B2 3579.179216 0.0271360371006 0.0110156558389 -6.94648499757e-06 -2.51198832046e-05
BPM_A.7R2.B2 3592.054216 0.0275801660235 0.00985107230348 -1.13056080212e-05 -2.34828889088e-05
BPM.8R2.B2 3633.493206 0.0292538809675 -0.00138550706428 -2.6037139001e-05 -1.15394957819e-06
BPM.9R2.B2 3672.560195 0.0130684210854 -0.0262092646135 9.12078852974e-06 2.44146565532e-05
BPM.10R2.B2 3713.025185 0.0111044666099 -0.0270998155428 2.60623774414e-05 1.25718572688e-07
BPM.11R2.B2 3764.865874 0.00902590976476 -0.0278611222825 2.65027424618e-06 -2.5927591771e-05
BPM.12R2.B2 3819.592358 0.0107686350498 -0.0272350083573 -2.60603466997e-05 -3.51504965739e-07
BPM.13R2.B2 3873.043842 0.00198234922066 -0.0292195050117 2.45281047923e-06 2.59470177405e-05
BPM.14R2.B2 3926.495326 0.00433394313864 -0.028964221348 2.5917937843e-05 -2.74308420851e-06
BPM.15R2.B2 3979.94681 -0.00177239028442 -0.0292329918855 -3.52047471179e-06 -2.58238324209e-05
BPM.16R2.B2 4033.398294 0.000592682471401 -0.0292806746644 -2.57827790648e-05 3.80960863001e-06
BPM.17R2.B2 4086.849779 -0.00549745280567 -0.0287660771465 4.58247974549e-06 2.56566637299e-05
BPM.18R2.B2 4140.301263 -0.0031576123513 -0.0291159520877 2.56037138353e-05 -4.86967420379e-06
BPM.19R2.B2 4193.752747 -0.00913230345893 -0.0278264301486 -5.63670363963e-06 -2.54458598943e-05
BPM.20R2.B2 4247.204231 -0.00685673050417 -0.0284726961951 -2.53811194661e-05 5.9214227413e-06
BPM.21R2.B2 4300.655715 -0.0126169405716 -0.0264295666349 6.68125308338e-06 2.51917697712e-05
BPM.22R2.B2 4354.107199 -0.0104424796025 -0.0273617214658 2.51152986899e-05 -6.96314149216e-06
BPM.23R2.B2 4407.558683 -0.0158944013911 -0.0245983167108 -7.71455791613e-06 -2.48947616893e-05
BPM.24R2.B2 4461.010167 -0.0138928810167 -0.0258032809539 -2.53530344958e-05 4.38068263467e-05
BPM.25R2.B2 4514.461651 -0.0189456943367 -0.0223580436879 4.45487851103e-05 2.40253747683e-05
BPM.26R2.B2 4567.913135 -0.0170793952403 -0.0238141913414 2.35243453128e-05 -4.48153781207e-05
BPM.27R2.B2 4621.36462 -0.0216505264768 -0.0197503456744 -4.55018314093e-05 -2.21674680458e-05
BPM.28R2.B2 4674.816104 -0.0200214384468 -0.0214358487316 -2.22035220115e-05 8.15616610843e-05
BPM.29R2.B2 4728.267588 -0.0240343373237 -0.0168138108889 8.2192125299e-05 1.97423201702e-05
BPM.30R2.B2 4781.719072 -0.0225989926718 -0.0186986400084 1.88187141514e-05 -8.24084639708e-05
BPM.31R2.B2 4835.170556 -0.0259880779031 -0.0136004931552 -8.29364456299e-05 -1.63353778294e-05
BPM.32R2.B2 4888.62204 -0.0248054763431 -0.0156538158645 -1.54067146806e-05 8.31139756245e-05
BPM.33R2.B2 4942.073524 -0.0275142506091 -0.0101646259334 8.35395327702e-05 1.29015985115e-05
BPM.34R2.B2 4995.525008 -0.0266041400658 -0.0123520581039 1.19631125731e-05 -8.36790424812e-05
BPM.33L3.B2 5048.976492 -0.0285885891843 -0.00656095850775 -8.40005487869e-05 -9.44502938127e-06
BPM.32L3.B2 5102.427976 -0.0279657467871 -0.00884706814769 -8.50503941303e-06 8.4100920248e-05
BPM.31L3.B2 5155.87946 -0.0291929961616 -0.00285001461583 8.43185800902e-05 5.97306343415e-06
BPM.30L3.B2 5209.330945 -0.0288677292632 -0.00519690440577 5.02624015142e-06 -8.43803206472e-05
BPM.29L3.B2 5262.782429 -0.0293177263531 0.000908036065103 -8.44931880471e-05 -2.49047149311e-06
BPM.28L3.B2 5316.233913 -0.0292953681428 -0.00146116852496 -1.54539221058e-06 8.45157618629e-05
BPM.27L3.B2 5369.685397 -0.0289606660502 0.00465117512618 8.45240135765e-05 -9.96120859869e-07
BPM.26L3.B2 5423.136881 -0.0292774599654 0.00229621177027 -2.48953534125e-06 -4.8693877694e-05
BPM.25L3.B2 5476.588365 -0.0281632913859 0.0083229363168 -4.8597144327e-05 3.95076375226e-06
BPM.24L3.B2 5530.039849 -0.0287431421384 0.00602279259061 4.49447570665e-06 4.85498836178e-05
BPM.23L3.B2 5583.491333 -0.0268670859066 0.0118575691166 4.83928660607e-05 -5.95163650664e-06
BPM.22L3.B2 5636.942817 -0.0277723533323 0.00964811086032 -7.03941461198e-06 -1.25085817965e-05
BPM.21L3.B2 5690.394301 -0.0251649945543 0.0152023913237 -1.22914789644e-05 7.41199780759e-06
BPM.20L3.B2 5743.845786 -0.0263098682388 0.0131217562131 7.54922291841e-06 1.22076720546e-05
BPM.19L3.B2 5797.29727 -0.0230133978137 0.0182968077591 1.19753268701e-05 -7.91261158112e-06
BPM.18L3.B2 5850.748754 -0.0244151329945 0.0163795889235 -8.04630230994e-06 -1.18859058033e-05
BPM.17L3.B2 5904.200238 -0.0204837140177 0.0210904507435 -1.16388193009e-05 8.39973284649e-06
BPM.16L3.B2 5957.651722 -0.0221190624072 0.0193684468261 8.52956201453e-06 1.15440110872e-05
BPM.15L3.B2 6011.103206 -0.0176173055359 0.0235376336689 1.1282514671e-05 -8.87259094711e-06
BPM.14L3.B2 6064.55469 -0.0194596755604 0.0220388447879 -8.99845516924e-06 -1.11823825352e-05
BPM.13L3.B2 6118.006174 -0.0144615501583 0.0255979143745 -1.09070300417e-05 9.33033252966e-06
BPM.12L3.B2 6171.457658 -0.0198966390943 0.0216451705043 8.47705328088e-06 1.15826340108e-05
BPM.11L3.B2 6224.909142 -0.021995196384 0.0195089976338 1.19448111378e-05 -7.9586066565e-06
BPM.10L3.B2 6277.691832 -0.0280343157309 0.0088581484846 -6.97694387452e-06 -1.25435411677e-05
BPM.9L3.B2 6316.758821 -0.0261486592879 0.0134401365495 -1.40848339234e-05 -2.76324176853e-06
BPM.8L3.B2 6357.223811 -0.0231274448904 0.0181524363523 -1.04121269296e-05 9.87955287532e-06
BPM.7L3.B2 6396.2898 -0.0133675827441 0.0261858241179 4.04485328987e-06 1.37716088344e-05
BPMR.6L3.B2 6468.9288 0.0123499003369 0.0266808848227 1.02261289103e-05 -1.00719575177e-05
BPMWE.5L3.B2 6511.9823 0.0129099742478 0.0264144320028 2.3202522002e-06 -1.41645529254e-05
BPMW.5L3.B2 6539.5273 0.00426748772702 0.0290891423309 -4.20911262168e-06 -1.37223053832e-05
BPMWE.4L3.B2 6614.6553 0.0140551843645 0.0258232733224 -1.43533252564e-05 2.52031896954e-08
BPMW.4L3.B2 6642.2003 0.0287197089026 0.00629030794861 -7.75096086488e-06 1.20805719607e-05
BPMW.4R3.B2 6687.1653 0.0294002269255 -0.000127724396445 1.30618609407e-06 1.4293783654e-05
BPMWE.4R3.B2 6714.7103 0.0288889610409 0.0054605478743 6.54301393592e-06 1.27752518593e-05
BPMW.5R3.B2 6789.8383 0.0294004778122 -3.94638797821e-05 1.43520383207e-05 -1.92377810086e-07
BPMWE.5R3.B2 6817.3833 0.0269499820456 -0.0117510901949 1.17776473872e-05 -8.20396672268e-06
BPMWC.6R3.B2 6858.3743 0.0257024950347 -0.0142748520828 4.50617273592e-06 -1.36276352185e-05
BPM.6R3.B2 6870.5288 0.0270871555124 -0.0114313454674 1.40022515243e-06 -1.4284868716e-05
BPM_A.7R3.B2 6926.3528 0.0268246626963 -0.012034414175 -1.2297516401e-05 -7.40196523057e-06
BPM.8R3.B2 6965.418789 0.029070660345 0.00439162387852 -8.20027729501e-06 1.17802233944e-05
BPM.9R3.B2 7004.485779 0.0119104714282 0.0268799241742 1.29957924197e-05 6.09319777537e-06
BPM.10R3.B2 7044.950768 0.0149291260709 0.025328064441 1.33491180229e-05 -5.27440154771e-06
BPM.11R3.B2 7097.733458 0.0221925752448 0.0192841711423 -2.4900659141e-06 -1.41356921199e-05
BPM.12R3.B2 7152.459942 0.0271681941034 0.0112373876962 -1.32544728123e-05 5.50789173547e-06
BPM.13R3.B2 7205.911426 0.0251661292104 0.0152005129416 6.34554225012e-06 1.28744761227e-05
BPM.14R3.B2 7259.36291 0.027772958316 0.00964636922154 1.26781193342e-05 -6.72929504096e-06
BPM.15R3.B2 7312.814394 0.02690376102 0.0118565296775 -6.87091132402e-06 -1.2601924532e-05
BPM.16R3.B2 7366.265878 0.0287787767093 0.00601428832614 -1.2389792892e-05 7.24646097259e-06
BPM.17R3.B2 7419.717362 0.0281994681012 0.00831743060447 7.38483640082e-06 1.23078120721e-05
BPM.18R3.B2 7473.168846 0.029311712904 0.0022832300645 1.2080430962e-05 -7.75120583674e-06
BPM.19R3.B2 7526.62033 0.0290317993678 0.004641581454 -7.88605937e-06 -1.19928360141e-05
BPM.20R3.B2 7580.071814 0.029362965226 -0.00148523607129 -1.17504546983e-05 8.24285243271e-06
BPM.21R3.B2 7633.523299 0.0293870438582 0.000889553952665 8.37401024263e-06 1.16573553425e-05
BPM.22R3.B2 7686.974783 0.0289317011145 -0.0052293712414 1.14005475994e-05 -8.72038635517e-06
BPM.23R3.B2 7740.426267 0.0292593797622 -0.0028772120292 -8.84757248453e-06 -1.13021392366e-05
BPM.24R3.B2 7793.877751 0.0278952448132 -0.00886259231404 -1.08815787412e-05 0.000140893357028
BPM.25R3.B2 7847.329235 0.0285196055906 -0.00658196950672 0.000141006151281 9.30635644934e-06
BPM.26R3.B2 7900.780719 0.026532279355 -0.0123583323329 5.0703516593e-06 -0.000141221929406
BPM.27R3.B2 7954.232203 0.0274430561194 -0.0101768804752 -0.000141269981504 -3.48378998119e-06
BPM.28R3.B2 8007.683687 0.0246037939404 -0.0156257501267 9.21517359614e-07 0.000273009379277
BPM.29R3.B2 8061.135171 0.0257851048312 -0.0135881975251 0.000272982140841 -3.9655983139e-06
BPM.30R3.B2 8114.586655 0.022402623832 -0.01864492394 -1.21519715077e-05 -0.000272740356876
BPM.31R3.B2 8168.03814 0.0238338153773 -0.016776769288 -0.000272586322656 1.52208220992e-05
BPM.32R3.B2 8221.489624 0.0198335230893 -0.0213574835854 2.34143558278e-05 0.000272005046986
BPM.33R3.B2 8274.941108 0.0214933758717 -0.0196861762849 0.000271726861196 -2.64478002113e-05
BPM.34R3.B2 8328.392592 0.0169380896094 -0.0237194406196 -3.4590673854e-05 -0.000270810749473
BPM.33L4.B2 8381.844076 0.0187963383552 -0.0222757358491 -0.000270404656276 3.76337473159e-05
BPM.32L4.B2 8435.29556 0.0137650039549 -0.0256911543069 4.57471753106e-05 0.000269150837628
BPM.31L4.B2 8488.747044 0.015794728796 -0.0244956584854 0.000268623052281 -4.87506423048e-05
BPM.30L4.B2 8542.198528 0.0103647033275 -0.0272412126844 -5.67945882337e-05 -0.000267038107479
BPM.29L4.B2 8595.650012 0.0125284215329 -0.0263163332886 -0.000266383417536 5.97900160192e-05
BPM.28L4.B2 8649.101496 0.00679546392205 -0.0283431193285 6.77684510009e-05 0.000264466281544
BPM.27L4.B2 8702.55298 0.00906210775068 -0.0277017859695 0.000263691657434 -7.07225498911e-05
BPM.26L4.B2 8756.004465 0.00298426917532 -0.0289547431821 -7.84678342468e-05 -0.00012974151582
BPM.25L4.B2 8809.455949 0.00531118417998 -0.0286194748039 -0.000128853793184 7.99172521185e-05
BPM.24L4.B2 8862.907433 -0.000743238820664 -0.0290986359018 8.37519833297e-05 0.000126394912764
BPM.23L4.B2 8916.358917 0.00160807832231 -0.0290636731909 0.000125448553256 -8.51629301408e-05
BPM.22L4.B2 8969.810401 -0.00458926058562 -0.0287397092051 -8.87486554775e-05 8.86953983274e-06
BPM.21L4.B2 9023.261885 -0.00225402150089 -0.0290164019976 9.86312491116e-06 8.86437388151e-05
BPM.20L4.B2 9076.713369 -0.00822701825577 -0.0279168115699 8.83073853144e-05 -1.25221045412e-05
BPM.19L4.B2 9130.164853 -0.00594759253568 -0.0284896181254 -1.35110946502e-05 -8.81614706554e-05
BPM.18L4.B2 9183.616337 -0.0117317435007 -0.0266345338421 -8.7715873221e-05 1.61531027889e-05
BPM.17L4.B2 9237.067821 -0.00954315846306 -0.027494732663 1.71343558552e-05 8.75294835605e-05
BPM.16L4.B2 9290.519306 -0.0150417365621 -0.0249154241143 8.69749958618e-05 -1.97571244377e-05
BPM.15L4.B2 9343.97079 -0.0129822372548 -0.026047911884 -2.07310022788e-05 -8.67480261669e-05
BPM.14L4.B2 9397.422274 -0.0181062361599 -0.022785881817 -8.60863498185e-05 2.3326732612e-05
BPM.13L4.B2 9450.873758 -0.0162076102497 -0.0241732407353 2.42890434376e-05 8.58197988531e-05
BPM.12L4.B2 9504.325242 -0.0227953899818 -0.0180942641148 8.64301730504e-05 -2.20186054743e-05
BPM.11L4.B2 9557.776726 -0.0221341550157 -0.0188973908201 -7.51945730804e-06 -8.88732327904e-05
BPMC.10L4.B2 9609.617415 -0.0243066753923 -0.0160068026002 -8.90532872069e-05 -4.95055880437e-06
BPMC.9L4.B2 9648.684405 -0.0256931001565 -0.0136710205194 -2.1263987922e-05 8.66189141607e-05
BPMC.8L4.B2 9689.149394 -0.0286591461309 -0.00506809045393 7.62667610325e-05 -4.62425872315e-05
BPMC.7L4.B2 9728.215384 -0.0146255549738 -0.0251619820229 -5.37527721968e-05 -7.11732610072e-05
BPMYA.6L4.B2 9824.819384 -0.0181714417563 -0.0227339152314 -8.34443722066e-05 3.1496534463e-05
BPMYB.5L4.B2 9861.819384 -0.0181304181503 -0.0227666452387 -7.1891334196e-05 5.27885147901e-05
BPMWA.B5L4.B2 9964.209884 -0.0271522425091 -0.0104779733046 9.50113668738e-06 8.86832746513e-05
BPMWA.A5L4.B2 9973.094884 -0.0275076678024 -0.00950580927131 1.77589782241e-05 8.74048862713e-05
BPMWA.A5R4.B2 10021.14388 -0.0284051695557 -0.00633865445299 5.55641288793e-05 6.97683539297e-05
BPMWA.B5R4.B2 10030.02888 -0.028443877901 -0.00616262993477 6.1014617717e-05 6.50554393507e-05
BPMYA.5R4.B2 10132.49538 -0.0270693556938 -0.0106902844472 8.91895675529e-05 -4.5933517092e-07
BPMYB.6R4.B2 10164.05938 -0.027329936885 -0.0100053361598 8.69927167137e-05 -1.9678516031e-05
BPMCA.7R4.B2 10260.57538 -0.0221735064633 -0.0188512017898 -2.92029336654e-05 -8.42744511886e-05
BPMC.8R4.B2 10298.36637 -0.0163578101778 -0.0240718558535 -8.22457357771e-05 3.45055147485e-05
BPMC.9R4.B2 10337.43336 -0.0280656559185 -0.00770397011147 6.37732462845e-05 6.23535572685e-05
BPMC.10R4.B2 10377.89835 -0.0283456828434 -0.00659958043059 7.71797414539e-05 -4.47021476501e-05
BPM.11R4.B2 10429.73904 -0.0289310255849 0.00316669489101 -3.75188017851e-05 -8.09155996426e-05
BPM.12R4.B2 10484.46553 -0.0288023551439 0.00417810197048 -8.26127615017e-05 3.36173629386e-05
BPM.13R4.B2 10537.91701 -0.0272896177661 0.0101147891727 3.61956849158e-05 8.15160501614e-05
BPM.14R4.B2 10591.36849 -0.0280169420638 0.00787928643512 8.11044799319e-05 -3.71087439032e-05
BPM.15R4.B2 10644.81998 -0.0257715396808 0.0135225715161 -3.95293654956e-05 -7.99526350273e-05
BPM.16R4.B2 10698.27146 -0.0267789303705 0.0113982931274 -7.95057216327e-05 4.04207308536e-05
BPM.17R4.B2 10751.72295 -0.0238297227295 0.0167085760096 4.27905712453e-05 7.82557488026e-05
BPM.18R4.B2 10805.17443 -0.025100493274 0.0147308327807 7.77704298848e-05 -4.36664268395e-05
BPM.19R4.B2 10858.62591 -0.0214967074056 0.0196194742133 -4.59835909097e-05 -7.64231870415e-05
BPM.20R4.B2 10912.0774 -0.0230101721084 0.0178203304478 -7.5904172736e-05 4.6835362874e-05
BPM.21R4.B2 10965.52888 -0.0188098748488 0.0222085750529 4.90944075982e-05 7.44629723394e-05
BPM.22R4.B2 11018.98037 -0.020540909874 0.0206180314328 7.39073048867e-05 -4.99269842772e-05
BPM.23R4.B2 11072.43185 -0.0158147092202 0.0244320930435 -5.21249676298e-05 -7.23739145147e-05
BPM.24R4.B2 11125.88333 -0.0176015536066 0.023083702902 -6.97381198991e-05 -8.13562823811e-05
BPM.25R4.B2 11179.33482 -0.0124271165574 0.0262343058255 -7.92257761758e-05 7.21493287893e-05
BPM.26R4.B2 11232.7863 -0.0145031817485 0.0251461676534 7.30322097445e-05 7.84126225565e-05
BPM.27R4.B2 11286.23779 -0.00896801206367 0.0276088172059 7.61819866128e-05 -7.53561682927e-05
BPM.28R4.B2 11339.68927 -0.011034697917 0.0268025574222 -7.41606798336e-05 -0.000209616352566
BPM.29R4.B2 11393.14075 -0.00523218626678 0.0285090489009 -0.000207295479886 8.04200999579e-05
BPM.30R4.B2 11446.59224 -0.00751426920634 0.0279942387075 8.27354979678e-05 0.000206382305716
BPM.31R4.B2 11500.04372 -0.00153938828811 0.028944290043 0.000203802223865 -8.89014683753e-05
BPM.32R4.B2 11553.49521 -0.00387248414263 0.0287253461144 -9.11805834657e-05 -0.000202792807991
BPM.33R4.B2 11606.94669 0.0021733018252 0.0289036053409 -0.000199962385135 9.72309337095e-05
BPM.34R4.B2 11660.39818 -0.000164615583487 0.0289847294932 9.94646032869e-05 0.00019886078891
BPM.33L5.B2 11713.84966 0.00585557848047 0.0283875649332 0.000195783185402 -0.000105393356645
BPM.32L5.B2 11767.30114 0.00354325271686 0.0287678119144 -0.000107580398599 -0.000194590016334
BPM.31L5.B2 11820.75263 0.00943661177978 0.0274060577464 -0.000191268543113 0.000113380566464
BPM.30L5.B2 11874.20411 0.00719576785976 0.0280777949108 0.000115516640064 0.000189986110251
BPM.29L5.B2 11927.6556 0.0128671624277 0.0259726350988 0.000186432627017 -0.000121168055561
BPM.28L5.B2 11981.10708 0.0107271055391 0.0269271396387 -0.000123248832879 -0.000185063617444
BPM.27L5.B2 12034.55856 0.0160822359133 0.0241143801629 -0.000181273142289 0.000128758940383
BPM.26L5.B2 12088.01005 0.0142185444282 0.0253418863483 0.0001328292356 4.55361119963e-05
BPM.25L5.B2 12141.46153 0.0191683899663 0.0218392086685 4.15282506772e-05 -0.000134136302714
BPM.24L5.B2 12194.91302 0.0173423902905 0.0233156537177 -0.000134593802989 -4.0020639161e-05
BPM.23L5.B2 12248.3645 0.0218044376849 0.0192079334364 -3.59550440349e-05 0.000135736431898
BPM.22L5.B2 12301.81598 0.0203174603116 0.0209136607649 0.000138183261349 -9.98550990566e-05
BPM.21L5.B2 12355.26747 0.0242152113314 0.0162420423849 -0.000103960254841 -0.000135121878759
BPM.20L5.B2 12408.71895 0.0228251507229 0.0181436736814 -0.000133943796518 0.000105473764148
BPM.19L5.B2 12462.17044 0.0260943391601 0.0130102215186 0.000109451269182 0.00013071371017
BPM.18L5.B2 12515.62192 0.0249592184776 0.0150737458284 0.000129484731769 -0.000110902488009
BPM.17L5.B2 12569.07341 0.0275441207989 0.00956565782428 -0.000114741903275 -0.000126095020999
BPM.16L5.B2 12622.52489 0.0266821433013 0.0117577050967 -0.000124795413303 0.000116154052268
BPM.15L5.B2 12675.97637 0.0285415859214 0.00596307582667 0.000119851242805 0.000121249083325
BPM.14L5.B2 12729.42786 0.0279672113319 0.00824715045066 0.000119905309869 -0.000121195613009
BPM.13L5.B2 12782.87934 0.029069900771 0.00226302218445 -0.000124743244333 -0.000116210078648
BPM.12L5.B2 12836.33083 0.0279062283383 0.00845120228952 -0.000124535174981 0.000116433031735
BPM.11L5.B2 12889.78231 0.0270597450858 0.0108605062666 0.00011311810445 0.000127553724368
BPM.10L5.B2 12942.565 0.0263044480154 0.0125800005712 0.000107080422774 -0.000132662888429
BPM.9L5.B2 12981.63199 0.0284081235587 0.0065695445336 -0.000127123075635 -0.000113601877356
BPM.8L5.B2 13022.09698 0.0153128372096 0.024813250829 -3.32658879424e-05 0.000167209569517
BPM.7L5.B2 13061.16497 0.0243795971683 0.0159942377796 0.000163830022704 4.7173917765e-05
BPMR.6L5.B2 13098.05897 0.0260596945285 0.0130794771019 0.00010177701371 -0.000136773913864
BPMWT.B6L5.B2 13109.36897 0.029139477286 -0.00103501878737 2.24801003934e-06 -0.000170471705129
BPMWT.A6L5.B2 13115.19097 0.0281075324488 -0.00775545098752 -4.72425293475e-05 -0.000163810253748
BPM.5L5.B2 13129.95897 0.0236583340281 -0.0170429936168 -0.000119665459925 -0.000121432425793
BPMYA.4L5.B2 13157.36497 0.0175520291516 -0.0232831843412 -0.000161761475766 -5.38412586433e-05
BPMWB.4L5.B2 13178.42347 0.0145857385423 -0.0252475074454 -0.000169170373017 -2.11433619017e-05
BPMWT.B4L5.B2 13178.89297 0.0145474802444 -0.0252695710013 -0.000169235943406 -2.06119903509e-05
BPMWT.A4L5.B2 13180.87497 0.0143951845179 -0.0253566374495 -0.000169487065791 -1.84334400442e-05
BPMSY.4L5.B2 13271.27947 0.0137183189254 -0.0257291299428 -0.000167021488306 3.41975580007e-05
BPMS.2L5.B2 13298.06497 0.0133753444318 -0.0259090831026 -0.000164419159078 4.50729272873e-05
BPMSW.1L5.B2 13308.11897 0.0132294107322 -0.0259839003535 -0.000162201886485 5.25013793162e-05
BPMSW.1R5.B2 13351.06897 0.0132293653369 -0.0259839236082 -0.000170387795385 5.81100057314e-06
BPMS.2R5.B2 13361.12297 0.0133753123948 -0.0259090992531 -0.000169947103748 1.35515753493e-05
BPMSY.4R5.B2 13387.90847 0.0137183096343 -0.0257291348585 -0.000168693301414 2.46628613852e-05
BPMWB.4R5.B2 13480.76447 0.01458589771 -0.0252474154689 -0.000151886835345 7.74341592239e-05
BPMYA.4R5.B2 13501.82097 0.0175519543471 -0.0232832407346 -0.000133798058767 0.000105658628119
BPMR.5R5.B2 13522.93897 0.0222146347988 -0.0188862489977 -9.13818499733e-05 0.000143927127451
BPM.6R5.B2 13554.83897 0.0286041828277 0.00565518563279 0.000102478145712 0.000136249355814
BPMRA.7R5.B2 13588.85297 0.0217808519647 0.0193849139258 0.000161559906258 -5.44430949543e-05
BPM.8R5.B2 13630.28998 0.0215315021736 0.0196615059023 -2.43735354323e-05 -0.000168735256062
BPM.9R5.B2 13669.35499 0.0252996207815 0.0144951574225 -0.000161416420905 5.48671182062e-05
BPM.10R5.B2 13709.818 0.0288914831814 0.00393225118031 9.43983311499e-05 0.000141966954578
BPM.11R5.B2 13762.59871 0.0222493369532 0.0188453550009 0.000105470096746 -0.000133946700618
BPM.12R5.B2 13817.32223 0.0270363262834 0.0109186748795 -0.000128313404098 -0.000112255631923
BPM.13R5.B2 13870.77074 0.0275387423389 0.00958113095965 -0.000122223235929 0.000118857622707
BPM.14R5.B2 13924.21926 0.0289277343666 0.003656033972 0.000122464500733 0.000118609040015
BPM.15R5.B2 13977.66777 0.0285383766145 0.00597841620971 0.000117250534027 -0.000123765769137
BPM.16R5.B2 14031.11629 0.0291577582834 -7.43766187154e-05 -0.000127219340125 -0.000113494037064
BPM.17R5.B2 14084.56481 0.0290686563972 0.00227895051475 -0.000112068970914 0.000128476453744
BPM.18R5.B2 14138.01332 0.0289087223653 -0.00380344204816 0.00013177222234 0.00010817457534
BPM.19R5.B2 14191.46184 0.02912136331 -0.00145828634797 0.000106714051941 -0.000132957770063
BPM.20R5.B2 14244.91035 0.0281845870221 -0.00747057256788 -0.000136092452394 -0.000102686419703
BPM.21R5.B2 14298.35887 0.0286955545415 -0.00517160997582 -0.000101163354209 0.000137228407843
BPM.22R5.B2 14351.80738 0.0269976478052 -0.0110139644558 0.000140193416404 9.70127025569e-05
BPM.23R5.B2 14405.2559 0.0277983414166 -0.00879958035129 9.5459435468e-05 -0.000141255646778
BPM.24R5.B2 14458.70442 0.0252758632878 -0.0143601725586 -0.00014395697535 9.45307733513e-07
BPM.25R5.B2 14512.15293 0.0263524874264 -0.0122731506838 2.54613889195e-06 0.000143937560154
BPM.26R5.B2 14565.60145 0.0232319256474 -0.0174745944682 0.000143797112236 -6.84808028239e-06
BPM.27R5.B2 14619.04996 0.0245659777643 -0.0155433766152 -8.43839379952e-06 -0.000143712544188
BPM.28R5.B2 14672.49848 0.0207143844366 -0.0202860705068 -0.000143299220756 0.000104866578081
BPM.29R5.B2 14725.947 0.0222846129709 -0.0185474096198 0.000106450530676 0.000142126501761
BPM.30R5.B2 14779.39551 0.0179503511941 -0.0227682953082 0.000138881658112 -0.000110650572554
BPM.31R5.B2 14832.84403 0.0197282079425 -0.0212463688901 -0.000112183009053 -0.000137646762971
BPM.32R5.B2 14886.29254 0.0148890545461 -0.0248782321324 -0.000134223950082 0.000116256572903
BPM.33R5.B2 14939.74106 0.0168492879716 -0.0235947425055 0.000117738602997 0.000132925866577
BPM.34R5.B2 14993.18958 0.0115857875319 -0.0265778085374 0.000129346274455 -0.000121660181887
BPM.33L6.B2 15046.63809 0.0136914234565 -0.0255569032425 -0.000123086666266 -0.000127989598665
BPM.32L6.B2 15100.08661 0.00808922610966 -0.0278419611416 -0.000124246122143 0.000126864334987
BPM.31L6.B2 15153.53512 0.0103111459012 -0.0270977978763 0.000128234734249 0.000122831232684
BPM.30L6.B2 15206.98364 0.00446283528012 -0.0286477482653 0.000118940481995 -0.000131851526946
BPM.29L6.B2 15260.43215 0.00675848017534 -0.0281945619859 -0.00013316214986 -0.000117471271421
BPM.28L6.B2 15313.88067 0.000759992179155 -0.0289833191926 -0.000113432857963 0.000136618619928
BPM.27L6.B2 15367.32919 0.00309808467903 -0.0288272830943 0.000137868463257 0.000111910435358
BPM.26L6.B2 15420.7777 -0.0030421654582 -0.0288253400279 0.000107825045196 -4.90304901446e-05
BPM.25L6.B2 15474.22622 -0.000707152483108 -0.028976799923 -5.02230734355e-05 -0.000107274738924
BPM.24L6.B2 15527.67473 -0.00670589004188 -0.0281990431967 -0.000105723960178 5.3410427928e-05
BPM.23L6.B2 15581.12325 -0.00440737193348 -0.0286483868749 5.45795805311e-05 0.000105125154264
BPM.22L6.B2 15634.57177 -0.0103466739282 -0.0270930331947 0.000103535587772 3.44237508059e-05
BPM.21L6.B2 15688.02028 -0.00812699216965 -0.0278395062402 3.32725295194e-05 -0.000103911271284
BPM.20L6.B2 15741.4688 -0.0137285398634 -0.0255462972451 -0.000104860329294 -3.01484118128e-05
BPM.19L6.B2 15794.91731 -0.0116218246739 -0.0265710236964 -2.89849788343e-05 0.000105187843765
BPM.18L6.B2 15848.36583 -0.0168826269799 -0.023580988427 0.000106008322379 2.58234492844e-05
BPM.17L6.B2 15901.81435 -0.014924998062 -0.0248662530759 2.46445641758e-05 -0.000106288554309
BPM.16L6.B2 15955.26286 -0.01976122528 -0.0212268717339 -0.000106978234984 -2.14538093272e-05
BPM.15L6.B2 16008.71138 -0.0179834827737 -0.0227525923094 -2.02680985423e-05 0.000107209218255
BPM.14L6.B2 16062.15989 -0.0223135601601 -0.0185254188082 0.00010776796889 1.7049302216e-05
BPM.13L6.B2 16115.60841 -0.0207460884579 -0.0202653873022 1.58509018442e-05 -0.00010795073631
BPM.12L6.B2 16169.05693 -0.0247302640722 -0.015149262287 -0.000108259320852 -1.35842756058e-05
BPM.11L6.B2 16222.50544 -0.0217914011343 -0.0191369001163 -2.12293541663e-05 0.000107023025254
BPM.10L6.B2 16274.34415 -0.0247647448172 -0.015092830203 0.000101527474857 3.99597792787e-05
BPM.9L6.B2 16313.40916 -0.0266014047565 -0.0115521155621 7.29258523196e-05 -8.11568345404e-05
BPM.8L6.B2 16353.87217 -0.0285888690583 0.00487469743355 -0.000102736325068 -3.67404653913e-05
BPMYB.5L6.B2 16450.96018 -0.0208892384811 -0.0201177987348 5.80836844627e-05 9.23628418868e-05
BPMYA.4L6.B2 16487.36018 -0.0216623991253 -0.0192828049097 7.79018015658e-05 7.63933228425e-05
BPMSB.B4L6.B2 16518.13068 -0.0193399495866 -0.021611396513 9.31681321062e-05 5.67830118236e-05
BPMSB.A4L6.B2 16518.76568 -0.0192832564593 -0.021661997344 9.34631228714e-05 5.62961623643e-05
BPMSA.4L6.B2 16615.57568 -0.00865072402459 -0.0276812406298 9.87296771862e-05 -4.64442095637e-05
BPMSE.4R6.B2 16707.14568 -0.00780686216483 -0.0279309686929 1.42188627157e-05 -0.000108177802688
BPMSA.A4R6.B2 16803.82068 -0.0173070480859 -0.0232712740316 -7.73663371634e-05 -7.69354159122e-05
BPMSA.B4R6.B2 16804.40568 -0.0173595838692 -0.0232321104756 -7.77171318316e-05 -7.65810659292e-05
BPMYB.4R6.B2 16830.96018 -0.0195045797355 -0.0214629326583 -9.09000449971e-05 -6.03472682578e-05
BPMYA.5R6.B2 16867.36018 -0.0197171138587 -0.0212678521545 -0.000101697400264 -3.95255979825e-05
BPM.8R6.B2 16963.08519 -0.0270349634322 -0.0104974693006 -2.38530638319e-05 0.000106468982824
BPM.9R6.B2 17002.1502 -0.0269683598635 0.0106674118375 0.000108432200102 1.21272857967e-05
BPM.10R6.B2 17042.61322 -0.0242848364081 0.0158534800779 4.15201482095e-05 -0.000100899397047
BPM.11R6.B2 17094.45193 -0.0193577563339 0.0215954481008 -0.000105391333279 -2.82361530138e-05
BPM.12R6.B2 17149.17544 -0.0235075697451 0.0169847070808 -1.3680656913e-05 0.000108247193611
BPM.13R6.B2 17202.62396 -0.0194398359746 0.0215215911572 0.000108619561549 1.03153133521e-05
BPM.14R6.B2 17256.07247 -0.0211135364658 0.0198822706615 9.10783320309e-06 -0.00010872745539
BPM.15R6.B2 17309.52099 -0.0165280386983 0.0238308632964 -0.000108951225808 -5.85187314124e-06
BPM.16R6.B2 17362.96951 -0.0183967782102 0.0224197381897 -4.64523659639e-06 0.000109009328991
BPM.17R6.B2 17416.41802 -0.0133426990061 0.0257499221767 0.000109099541454 1.37924458066e-06
BPM.18R6.B2 17469.86654 -0.0153777177957 0.0245888573156 1.67654745698e-07 -0.000109108133424
BPM.19R6.B2 17523.31505 -0.00994043758488 0.0272447024153 -0.000109064324491 3.09611664032e-06
BPM.20R6.B2 17576.76357 -0.0121059478886 0.0263539775834 4.30416590372e-06 0.000109023331913
BPM.21R6.B2 17630.21209 -0.00637225831461 0.0282927629106 0.000108845649156 -7.56602115827e-06
BPM.22R6.B2 17683.6606 -0.00863539739798 0.0276860257255 -8.773543116e-06 -0.00010875494809
BPM.23R6.B2 17737.10912 -0.00270216538251 0.0288753253042 -0.00010844374807 1.20233874864e-05
BPM.24R6.B2 17790.55763 -0.00495056065381 0.0285677122674 1.43423848432e-05 3.55448916845e-05
BPM.25R6.B2 17844.00615 0.00108624916957 0.0289731306152 3.50997387752e-05 -1.53997236795e-05
BPM.26R6.B2 17897.45466 -0.00125572861947 0.0289662800575 -1.57880719943e-05 -3.49267696095e-05
BPM.27R6.B2 17950.90318 0.00478306218335 0.0285962331625 -3.44386406691e-05 1.68262482159e-05
BPM.28R6.B2 18004.3517 0.00253231660354 0.0288935849509 1.8324455935e-05 -3.85087787055e-05
BPM.29R6.B2 18057.80021 0.00847334450508 0.0277390394888 -3.9039893771e-05 -1.71638898225e-05
BPM.30R6.B2 18111.24873 0.0062073397067 0.028332328047 -1.67297030255e-05 3.92279051832e-05
BPM.31R6.B2 18164.69724 0.0119525039041 0.0264270605505 3.97109786181e-05 1.55483017552e-05
BPM.32R6.B2 18218.14576 0.0097807904491 0.0273054576444 1.51071637306e-05 -3.98808862193e-05
BPM.33R6.B2 18271.59428 0.0152344842966 0.0246812148504 -4.03151474071e-05 -1.39069061912e-05
BPM.34R6.B2 18325.04279 0.0131931864496 0.0258300543901 -1.34586912044e-05 4.04669704259e-05
BPM.33L7.B2 18378.49131 0.0182668393833 0.0225294131572 4.08515729343e-05 1.22417294554e-05
BPM.32L7.B2 18431.93982 0.0163890795073 0.0239301055574 1.17882714545e-05 -4.09847382029e-05
BPM.31L7.B2 18485.38834 0.0209984781866 0.020007893258 -4.13191835209e-05 -1.05563345853e-05
BPM.30L7.B2 18538.83686 0.0193154843878 0.0216370964185 -1.00971020615e-05 4.14337997414e-05
BPM.29L7.B2 18592.28537 0.023385545221 0.0171571603951 4.17173611326e-05 8.85284028703e-06
BPM.28L7.B2 18645.73389 0.0219246551704 0.0189884537174 8.39004395881e-06 -4.18129061443e-05
BPM.27L7.B2 18699.1824 0.0253880382083 0.0140249561438 -4.20452969886e-05 -7.13477386887e-06
BPM.26L7.B2 18752.63092 0.0242461691367 0.0160328066153 -5.55070431548e-06 -3.06377118569e-05
BPM.25L7.B2 18806.07943 0.0270456342496 0.0106518201969 -3.04578316266e-05 6.4653294434e-06
BPM.24L7.B2 18859.52795 0.0260978964468 0.0127995080757 6.8028396441e-06 3.03842181658e-05
BPM.23L7.B2 18912.97647 0.0281860610471 0.00710447526645 3.01670961963e-05 -7.70880004447e-06
BPM.22L7.B2 18966.42498 0.0275935994364 0.00936072734712 -6.92353772377e-06 -0.000102842851223
BPM.21L7.B2 19019.8735 0.0289354956379 0.00343031172704 -0.000102589339638 1.0000700756e-05
BPM.20L7.B2 19073.32201 0.0285643281089 0.00575405125911 1.11399181711e-05 0.000102471906853
BPM.19L7.B2 19126.77053 0.0291365801218 -0.000299407862786 0.000102093010025 -1.41987239617e-05
BPM.18L7.B2 19180.21905 0.0290657143551 0.00205285056549 -1.53279721884e-05 -0.000101929583699
BPM.17L7.B2 19233.66756 0.0288589024666 -0.00402413901531 -0.000101424695216 1.83743115002e-05
BPM.16L7.B2 19287.11608 0.0290895271247 -0.00168206954326 1.94999348037e-05 0.000101214331978
BPM.15L7.B2 19340.56459 0.0281071083702 -0.00768247391212 0.000100586100555 -2.25172041602e-05
BPM.14L7.B2 19394.01311 0.0286353642155 -0.00538942135834 -2.36294795262e-05 -0.000100330622721
BPM.13L7.B2 19447.46163 0.0268933047073 -0.0112151731267 -9.95777813025e-05 2.66242992329e-05
BPM.12L7.B2 19500.91014 0.0278956572519 -0.00841797200366 2.63922993131e-05 9.96395143018e-05
BPM.11L7.B2 19554.35866 0.025215694907 -0.01460132448 0.000100022914949 -2.48998752874e-05
BPM.10L7.B2 19607.13937 0.0251396841141 -0.0147318100802 -2.04025281801e-05 -0.000101036242322
BPM.9L7.B2 19646.20438 0.0175762270062 -0.023240184829 -0.000101369556747 -1.86761521666e-05
BPM.8L7.B2 19686.66739 0.0083896130052 -0.0279041993225 -3.02276943063e-05 9.85437707718e-05
BPM.7L7.B2 19725.7314 -0.0110347278247 -0.026967846172 9.56969735236e-05 3.82972675355e-05
BPMR.6L7.B2 19760.5494 -0.0107015985864 -0.0271017662459 9.46732009845e-05 -4.07623969816e-05
BPMWC.6L7.B2 19772.7279 -0.0144247983807 -0.0253170918156 7.9454359345e-05 -6.56627150472e-05
BPMWE.5L7.B2 19849.7819 0.000161484003708 -0.0291376709654 -6.92734994309e-05 -7.63267439267e-05
BPMW.5L7.B2 19872.9869 0.00930154904099 -0.0276136040932 -9.55865561439e-05 -3.8572050647e-05
BPMWE.4L7.B2 19908.0719 0.00925589911556 -0.0276289391286 -0.000103032140836 2.99494509637e-06
BPMW.4L7.B2 19936.1769 -0.00232684169293 -0.0290450641902 -8.60445782671e-05 5.67531235358e-05
BPMW.4R7.B2 20052.2239 -0.00902031956501 -0.0277067461192 9.36802489101e-05 4.29953759673e-05
BPMWE.4R7.B2 20080.3289 0.00136656565604 -0.0291060551193 0.000102579003824 -1.01060919393e-05
BPMW.5R7.B2 20115.4139 3.09959073387e-05 -0.0291381019625 8.6360794875e-05 -5.62707672895e-05
BPMWE.5R7.B2 20138.6189 -0.0149102116371 -0.0250342871811 3.15877241333e-05 -9.81162837762e-05
BPM.6R7.B2 20217.7584 -0.0249257167284 -0.0150910102617 -0.000103050020625 2.29689931378e-06
BPM_A.7R7.B2 20255.7944 -0.0184530033624 -0.0225503129296 -6.86632899659e-05 7.68761465876e-05
BPM.8R7.B2 20294.85841 -0.0182557143114 -0.0227103245528 2.18903252021e-05 0.0001007243797
BPM.9R7.B2 20333.92342 -0.0274134126419 -0.00987596847501 0.000101423038295 -1.83835586308e-05
BPM.10R7.B2 20374.38643 -0.0288469174821 0.00410917245175 -7.54305868129e-06 -0.000102799258928
BPM.11R7.B2 20427.16714 -0.028958492879 0.00323042357414 -0.00010287257344 -6.46683850412e-06
BPM.12R7.B2 20481.89066 -0.028272588721 0.00704916118446 -5.72640307142e-06 0.000102916441138
BPM.13R7.B2 20535.33917 -0.0287961598404 0.0044509689667 0.000103005394122 3.80459036178e-06
BPM.14R7.B2 20588.78769 -0.0272454962138 0.0103301927614 7.1806369908e-07 -0.000103073138816
BPM.15R7.B2 20642.23621 -0.0279903093423 0.00809768668132 -0.000103074776599 4.22634413545e-07
BPM.16R7.B2 20695.68472 -0.0257002116509 0.0137305887512 3.50483838361e-06 0.000103016033634
BPM.17R7.B2 20749.13324 -0.0267243307919 0.0116120665555 0.000102970728256 -4.64940430754e-06
BPM.18R7.B2 20802.58175 -0.0237327024696 0.0169052885123 -7.73076584288e-06 -0.000102785323689
BPM.19R7.B2 20856.03027 -0.0250196771777 0.0149347146139 -0.000102693464884 8.86790808544e-06
BPM.20R7.B2 20909.47879 -0.0213751361696 0.0198023609703 1.19354570874e-05 0.000102382280921
BPM.21R7.B2 20962.9273 -0.0229032205856 0.0180131183685 0.000102243349465 -1.30722336004e-05
BPM.22R7.B2 21016.37582 -0.0186665472601 0.0223738677897 -1.61274745245e-05 -0.000101806149083
BPM.23R7.B2 21069.82433 -0.0204114704585 0.0207942737289 -0.000101621356538 1.72535803141e-05
BPM.24R7.B2 21123.27285 -0.0155541057052 0.0245589923134 2.01895628577e-05 2.17161568868e-06
BPM.25R7.B2 21176.72137 -0.0174853379513 0.0232236358921 1.94751757537e-06 -2.02123930183e-05
BPM.26R7.B2 21230.16988 -0.012284985348 0.026346791896 -2.02616240029e-05 -1.34179051413e-06
BPM.27R7.B2 21283.6184 -0.0143709402262 0.0252695545078 -1.1170833678e-06 2.02752526657e-05
BPM.28R7.B2 21337.06691 -0.00871690482885 0.0276830425157 2.02014546854e-05 -9.83742413963e-05
BPM.29R7.B2 21390.51543 -0.0109231399667 0.0268890365438 -9.85921382184e-05 -1.91096772992e-05
BPM.30R7.B2 21443.96394 -0.00510434648563 0.0285706303705 -1.61511567985e-05 9.91197764527e-05
BPM.31R7.B2 21497.41246 -0.00739256111912 0.0280657320048 9.92928253175e-05 1.50507157288e-05
BPM.32R7.B2 21550.86098 -0.00140745930162 0.0289888656362 1.20724411833e-05 -9.96987779212e-05
BPM.33R7.B2 21604.30949 -0.003742957335 0.028780645287 -9.98265178455e-05 -1.09660428807e-05
BPM.34R7.B2 21657.75801 0.00231218609672 0.0289307633545 -7.97348067698e-06 0.00010011000862
BPM.33L8.B2 21711.20652 -2.92844682921e-05 0.0290229980348 0.000100192255886 6.86307524604e-06
BPM.32L8.B2 21764.65504 0.00599410146931 0.0283972889626 3.8622308125e-06 -0.000100352734019
BPM.31L8.B2 21818.10356 0.0036822587583 0.0287884741354 -0.000100389412525 -2.74854195841e-06
BPM.30L8.B2 21871.55207 0.00957737702055 0.0273972466201 2.57772121283e-07 0.000100426698225
BPM.29L8.B2 21925.00059 0.00733586292936 0.0280806051943 0.000100417696121 -1.37063260772e-06
BPM.28L8.B2 21978.4491 0.0130033360062 0.0259470330646 -4.37401709741e-06 -0.000100331732649
BPM.27L8.B2 22031.89762 0.0108665014627 0.0269119753866 -0.000100277012239 5.48754004078e-06
BPM.26L8.B2 22085.34614 0.0163123754823 0.0240523641531 8.38880785613e-06 1.18415544692e-06
BPM.25L8.B2 22138.79465 0.014318155813 0.0252903188778 1.09105588719e-06 -8.40142427664e-06
BPM.24L8.B2 22192.24317 0.0192550824941 0.0217681329827 -8.4303036366e-06 -8.39147184687e-07
BPM.23L8.B2 22245.69168 0.0174356730042 0.023250959593 -7.45583642001e-07 8.43909255796e-06
BPM.22L8.B2 22299.1402 0.0219784392956 0.0191081421138 8.36221388623e-06 -9.83943199167e-05
BPM.21L8.B2 22352.58871 0.0203643976455 0.0208198030183 -9.84810995549e-05 -7.26896591248e-06
BPM.20L8.B2 22406.03723 0.0242421662606 0.0161397107934 -4.31663865064e-06 9.8654615908e-05
BPM.19L8.B2 22459.48575 0.0228609298328 0.0180430257076 9.86963651183e-05 3.22413271465e-06
BPM.18L8.B2 22512.93426 0.0261075855826 0.012906078547 2.71135661851e-07 -9.87486287089e-05
BPM.17L8.B2 22566.38278 0.0249807612958 0.014971120681 -9.87455269576e-05 8.26017177837e-07
BPM.16L8.B2 22619.83129 0.027544050012 0.00946034877006 3.78278430412e-06 9.86765338407e-05
BPM.15L8.B2 22673.27981 0.0266908930916 0.0116520004739 9.86286139326e-05 -4.87459059881e-06
BPM.14L8.B2 22726.72833 0.028527917767 0.00585924883757 -7.82189642791e-06 -9.84387297195e-05
BPM.13L8.B2 22780.17684 0.027961994515 0.00814246594947 -9.83457010797e-05 8.91550171316e-06
BPM.12L8.B2 22833.62536 0.0291187017158 -0.000523545160444 6.71703973617e-06 9.85202831203e-05
BPM.11L8.B2 22887.07387 0.0291166249294 0.000628523521178 9.84147600777e-05 8.11781384663e-06
BPM.10L8.B2 22938.91258 0.0290838076328 -0.00151823008433 1.68618818619e-05 -9.7298718968e-05
BPM.9L8.B2 22977.9776 0.0291120564314 0.000813055693033 -9.25110574317e-05 -3.45408031384e-05
BPM.8L8.B2 23018.44061 0.0146768498198 -0.0251547802249 -7.4965495749e-06 9.8464038779e-05
BPM.7L8.B2 23057.50662 0.0142014810839 -0.0254261838307 5.9770855694e-05 7.86053994765e-05
BPM.6L8.B2 23089.97562 0.0262831467176 -0.0125446836385 9.87370922297e-05 -1.53261906062e-06
BPMR.5L8.B2 23150.39462 0.0140363366572 -0.0255177221228 -4.3864985355e-05 8.84716181021e-05
BPMYB.4L8.B2 23171.16162 0.00942928341692 -0.0275547002033 -9.56263236289e-06 9.82849044704e-05
BPMWB.4L8.B2 23195.62912 0.0108187679988 -0.0270393629304 1.23692771903e-05 9.79712454537e-05
BPMSX.4L8.B2 23245.78612 0.0102720146551 -0.0272517633234 4.03334030628e-05 9.01364465692e-05
BPMS.2L8.B2 23283.69762 0.0106079191656 -0.0271227751991 5.59330828789e-05 8.13807715812e-05
BPMSW.1L8.B2 23293.63162 0.0109111945514 -0.0270021985141 6.29087452378e-05 7.61174003085e-05
BPMSW.1R8.B2 23336.82162 0.0109109139149 -0.027002311923 1.36356946076e-05 9.7803074114e-05
BPMS.2R8.B2 23346.75562 0.0106077253754 -0.0271228510108 2.22282282568e-05 9.62146968774e-05
BPMSX.4R8.B2 23384.66712 0.0102720106604 -0.0272517648344 3.92218866447e-05 9.0625656158e-05
BPMWI.4R8.B2 23434.90012 0.0108172724231 -0.0270399612883 6.39314588679e-05 7.52604353889e-05
BPMYB.4R8.B2 23459.29162 0.00942906891991 -0.0275547735997 7.89334672756e-05 5.93369214399e-05
BPMYB.5R8.B2 23479.86862 0.0137837743303 -0.0256550278545 9.45754707384e-05 2.84050108213e-05
BPMR.6R8.B2 23563.97662 0.0261613073265 -0.0127968309666 -5.49565640613e-05 8.2043557809e-05
BPM_A.7R8.B2 23586.21662 0.0219004252067 -0.0191975067632 -1.87021897734e-05 9.69617748357e-05
BPM.8R8.B2 23627.65561 0.00898170843397 -0.0277038228796 7.7417182952e-05 6.13020728513e-05
BPM.9R8.B2 23666.7226 -0.00975073645597 -0.0274425951282 -6.33803286801e-06 -9.85453837061e-05
BPM.10R8.B2 23707.18758 0.0146235185582 -0.0251858212653 -8.64570185191e-05 4.77132454751e-05
BPM.11R8.B2 23759.02827 0.00765949290548 -0.0280981326344 3.7166682889e-05 9.14877121081e-05
BPM.12R8.B2 23813.75476 0.00668010888561 -0.0283469404817 9.21301508775e-05 -3.55443280337e-05
BPM.13R8.B2 23867.20624 -0.000570674747968 -0.0291178161851 -4.1215300662e-05 -8.97366353226e-05
BPM.14R8.B2 23920.65773 0.00178083853569 -0.0290689095602 -8.92693643234e-05 4.22178476327e-05
BPM.15R8.B2 23974.10921 -0.00429052144992 -0.028805629916 4.48804330665e-05 8.79608470267e-05
BPM.16R8.B2 24027.56069 -0.0019513062394 -0.0290579643612 8.74523637496e-05 -4.58633518904e-05
BPM.17R8.B2 24081.01218 -0.0079409079547 -0.0280199013237 -4.84704166574e-05 -8.60347769292e-05
BPM.18R8.B2 24134.46366 -0.00565369426271 -0.0285693652389 -8.54866589067e-05 4.94307404057e-05
BPM.19R8.B2 24187.91515 -0.0114595352095 -0.0267740908684 5.19762856043e-05 8.39632606496e-05
BPM.20R8.B2 24241.36663 -0.00926098765693 -0.0276117184685 8.33750868586e-05 -5.2914629326e-05
BPM.21R8.B2 24294.81811 -0.0147910958232 -0.0250877734011 -5.53960854073e-05 -8.17474087876e-05
BPM.22R8.B2 24348.2696 -0.012718098687 -0.0261996728031 -8.11224405858e-05 5.63073234106e-05
BPM.23R8.B2 24401.72108 -0.0178784272022 -0.0229898832128 5.87186598847e-05 7.93944713049e-05
BPM.24R8.B2 24455.17257 -0.0159488080872 -0.0243568722425 7.89697556371e-05 -7.53348676948e-05
BPM.25R8.B2 24508.62405 -0.0206575413695 -0.0205155475063 -7.76735911118e-05 -7.66705799714e-05
BPM.26R8.B2 24562.07554 -0.0189343012665 -0.0221159205064 -7.57973763526e-05 7.85259382819e-05
BPM.27R8.B2 24615.52702 -0.0231118433351 -0.0177049259498 8.07675839391e-05 7.34040971462e-05
BPM.28R8.B2 24668.9785 -0.021591776593 -0.0195114729019 7.27313409418e-05 -9.73156424031e-05
BPM.29R8.B2 24722.42999 -0.025171675823 -0.0146044215231 -9.94565904488e-05 -6.97751196793e-05
BPM.30R8.B2 24775.88147 -0.0239107535622 -0.0165884976979 -6.86596928209e-05 0.000100229865055
BPM.31R8.B2 24829.33296 -0.0268328997285 -0.0112648960995 0.00010224774632 6.56168937368e-05
BPM.32R8.B2 24882.78444 -0.0258361884729 -0.0133937954587 6.4463617675e-05 -0.000102978763102
BPM.33R8.B2 24936.23592 -0.0280536462897 -0.00773920681724 -0.000104868495034 -6.13415149592e-05
BPM.34R8.B2 24989.68741 -0.0273374540371 -0.00997827631794 -6.01665700188e-05 0.000105546990932
BPM.33L1.B2 25043.13889 -0.0288131512122 -0.00408713943757 0.000107307539512 5.69672877486e-05
BPM.32L1.B2 25096.59038 -0.0283892762466 -0.00639932697539 5.57574093793e-05 -0.00010794113927
BPM.31L1.B2 25150.04186 -0.0290992678439 -0.000367427029922 -0.000109566891498 -5.24907327761e-05
BPM.30L1.B2 25203.49334 -0.0289746763721 -0.00271487030481 -5.12639922042e-05 0.000110146198158
BPM.29L1.B2 25256.94483 -0.0289071768217 0.00335820186118 0.000111637336156 4.79299978243e-05
BPM.28L1.B2 25310.39631 -0.0290839151298 0.00101403761726 4.66720545726e-05 -0.000112169079632
BPM.27L1.B2 25363.8478 -0.0282401161325 0.00702838760785 -0.000113519877817 -4.32829810871e-05
BPM.26L1.B2 25417.29928 -0.0286994878694 0.00472723718405 -4.1771748233e-05 9.82669183645e-05
BPM.25L1.B2 25470.75077 -0.027093219801 0.0105813428395 9.94781047141e-05 3.8799136232e-05
BPM.24L1.B2 25524.20225 -0.0278589120877 0.00835992780649 3.76790626477e-05 -9.99077383166e-05
BPM.23L1.B2 25577.65373 -0.0255172323213 0.013959879299 -0.000100994083852 -3.46621158282e-05
BPM.22L1.B2 25631.10522 -0.026544891391 0.0118559341447 -3.32907930156e-05 8.56460089958e-05
BPM.21L1.B2 25684.5567 -0.0235057801117 0.0171076805661 8.660792839e-05 3.07015278304e-05
BPM.20L1.B2 25738.00819 -0.0248100041497 0.0151544754868 2.97272029622e-05 -8.69471727102e-05
BPM.19L1.B2 25791.45967 -0.021124616134 0.0199736082605 -8.78006635831e-05 -2.71027880163e-05
BPM.18L1.B2 25844.91115 -0.0226676142302 0.0182036726537 -2.61192176083e-05 8.80982490089e-05
BPM.17L1.B2 25898.36264 -0.0183952284363 0.0225124410941 8.88435121855e-05 2.34594654055e-05
BPM.16L1.B2 25951.81412 -0.0201524876993 0.0209540371533 2.24609474208e-05 -8.91011944769e-05
BPM.15L1.B2 26005.26561 -0.0153649605772 0.024680202988 -8.97355141934e-05 -1.97750742614e-05
BPM.14L1.B2 26058.71709 -0.017306475893 0.0233598014799 -1.87698324168e-05 8.99511458734e-05
BPM.13L1.B2 26112.16857 -0.0120804916548 0.0264434520243 9.0474659193e-05 1.60578378978e-05
BPM.12L1.B2 26165.62006 -0.0174760637567 0.0232332010011 2.22617838527e-05 -8.91511509015e-05
BPM.11L1.B2 26219.07154 -0.0194426689046 0.0216142790655 -8.85347000769e-05 -2.45993082745e-05
BPM.10L1.B2 26271.85423 -0.0207935765775 0.0203180118755 -9.60892146389e-06 9.13848172136e-05
BPM.9L1.B2 26310.92122 -0.0158859610628 0.0243481143888 9.07877523058e-05 1.41809186393e-05
BPM.8L1.B2 26351.38621 -0.0284807459343 0.00583451311865 -3.39069177968e-05 -8.54039504867e-05
BPM.7L1.B2 26390.4542 -0.0233310538971 0.0173452113802 -8.7947424025e-05 2.66227220332e-05
BPMR.6L1.B2 26433.6382 -0.015095045055 0.0248462079272 2.51001978561e-05 8.83939914363e-05
BPM.5L1.B2 26465.5382 0.0100717001344 0.0272718772662 9.15676658075e-05 7.6734650916e-06
BPMYA.4L1.B2 26486.6562 0.0157856415944 0.0244132740929 8.89624888333e-05 -2.30040725193e-05
BPMWB.4L1.B2 26507.7127 0.0186408594242 0.0223094776597 8.27417409873e-05 -3.99665058412e-05
BPMSY.4L1.B2 26600.5687 0.0193890035901 0.0216624322905 6.55658843511e-05 -6.43788055622e-05
BPMS.2L1.B2 26627.3542 0.0196750275444 0.0214029851776 6.12058474875e-05 -6.85381087237e-05
BPMSW.1L1.B2 26637.4082 0.0197950864893 0.021291993549 5.80256562683e-05 -7.12498985871e-05
