BPMSW.1R1.B2 21.475 0.0166523475157 -0.0242037457632 -0.000143890599038 4.46165727339e-05
BPMS.2R1.B2 31.529 0.0167882351813 -0.0241096898128 -0.000141713079839 5.11120956049e-05
BPMSY.4R1.B2 58.3145 0.0171070377238 -0.0238845393879 -0.000138058639433 6.0292297098e-05
BPMWB.4R1.B2 151.1705 0.0179099289264 -0.0232885467887 -0.00011144804239 0.000101363995323
BPMYA.4R1.B2 172.227 0.0206126951556 -0.0209341530425 -8.94584242412e-05 0.000121212648111
BPMR.5R1.B2 199.635 0.025886987194 -0.013891935051 -2.46452369338e-05 0.000148620112915
BPM.6R1.B2 231.535 0.0242979889024 0.0165145299793 0.000143128563138 4.70057175742e-05
BPMRA.7R1.B2 259.259 0.0191911240818 0.0222446110651 0.000125046369685 -8.40162787181e-05
BPM.8R1.B2 300.6960106 0.0189053597225 0.0224879821167 -6.00558203352e-05 -0.000138161583443
BPM.9R1.B2 339.7610212 0.0233528944043 0.0178259442538 -0.000124824693778 8.43452515663e-05
BPM.10R1.B2 380.2240318 0.0283382431794 0.00775022186811 0.000113514024606 9.90449041911e-05
BPM.11R1.B2 433.0047424 0.0197303977381 0.0217677139432 5.87261960589e-05 -0.000138731959458
BPM.12R1.B2 487.7282583 0.0255607343771 0.0144834672425 -0.000135510060958 -6.58205883633e-05
BPM.13R1.B2 541.1767742 0.0262396294153 0.0132137736306 -7.65198367254e-05 0.000129769195765
BPM.14R1.B2 594.6252901 0.0284110002465 0.00747910625634 0.000132001637619 7.26009114665e-05
BPM.15R1.B2 648.073806 0.0277147827382 0.00974745008011 7.11386202141e-05 -0.000132795415341
BPM.16R1.B2 701.5223219 0.029134272124 0.00378366925153 -0.000134865729582 -6.71309346467e-05
BPM.17R1.B2 754.9708378 0.0287339151549 0.00612242477852 -6.56248816838e-05 0.000135604942555
BPM.18R1.B2 808.4193537 0.0293789262577 2.5636941813e-05 0.000137507106247 6.15396075674e-05
BPM.19R1.B2 861.8678696 0.0292810466209 0.00239630427023 6.001732466e-05 -0.000138178315744
BPM.20R1.B2 915.3163855 0.0291408282182 -0.00373284020918 -0.000139913533262 -5.58527535136e-05
BPM.21R1.B2 968.7649014 0.0293470276323 -0.00136891724519 -5.42912543471e-05 0.000140526814684
BPM.22R1.B2 1022.213417 0.0284240144073 -0.00742949326831 0.000142087563196 5.00644699365e-05
BPM.23R1.B2 1075.661933 0.0289308195373 -0.00511171656346 4.84920059565e-05 -0.000142631877175
BPM.24R1.B2 1129.110449 0.0271977684906 -0.0109968852488 -0.00014397644348 -1.42803671999e-06
BPM.25R1.B2 1182.558965 0.0279966115285 -0.00876583359166 1.73459599731e-07 0.000143983417192
BPM.26R1.B2 1236.007481 0.0255680265931 -0.0143849265603 0.000143913890082 -4.47763411955e-06
BPM.27R1.B2 1289.455997 0.0266452556993 -0.0122751963018 -6.06897881594e-06 -0.000143855566086
BPM.28R1.B2 1342.904513 0.0234751870303 -0.0175300471321 -0.000143564749798 5.31448871306e-05
BPM.29R1.B2 1396.353029 0.0248136930554 -0.0155777917558 5.47364743542e-05 0.00014296548973
BPM.30R1.B2 1449.801545 0.0210407625309 -0.0203880668927 0.000141265608591 -5.8985091572e-05
BPM.31R1.B2 1503.25006 0.0226168150695 -0.0186243559615 -6.05457536698e-05 -0.00014060379558
BPM.32R1.B2 1556.698576 0.0182587747492 -0.0229129680254 -0.000138726749582 6.47309950019e-05
BPM.33R1.B2 1610.147092 0.0200490454186 -0.021364052438 6.626737297e-05 0.000137999451473
BPM.34R1.B2 1663.595608 0.0151790602267 -0.0250595907801 0.00013595661444 -7.03634420847e-05
BPM.33L2.B2 1717.044124 0.0171508449797 -0.0237536413003 -7.18653336091e-05 -0.000135168743593
BPM.32L2.B2 1770.49264 0.0118472691367 -0.0267960663678 -0.000132955718608 7.58814590594e-05
BPM.31L2.B2 1823.941156 0.0139721603949 -0.025752003661 7.73524113819e-05 0.00013210532225
BPM.30L2.B2 1877.389672 0.00832380300565 -0.0280909462696 0.00012973286357 -8.12686716083e-05
BPM.29L2.B2 1930.838188 0.010562258978 -0.0273281108716 -8.27014942443e-05 -0.000128824222799
BPM.28L2.B2 1984.286704 0.00466036457294 -0.0289252132473 -0.000126290466229 8.65212945852e-05
BPM.27L2.B2 2037.73522 0.00698076246306 -0.028454453329 8.79171603403e-05 0.000125322731683
BPM.26L2.B2 2091.183735 0.000881939701491 -0.0292756173216 0.000122677889595 -4.88591689118e-05
BPM.25L2.B2 2144.632251 0.00324038516091 -0.0291090963623 -5.02161117461e-05 -0.000122128708534
BPM.24L2.B2 2198.080767 -0.00287187988352 -0.0291477596651 -0.000120571162317 5.38486074762e-05
BPM.23L2.B2 2251.529283 -0.000509158062139 -0.0292844727701 5.51826996953e-05 0.000119966465973
BPM.22L2.B2 2304.977799 -0.00661700628264 -0.0285333418643 0.00011830340778 -1.59803591753e-05
BPM.21L2.B2 2358.426315 -0.00429372609941 -0.0289741313327 -1.72915383366e-05 -0.000118118886336
BPM.20L2.B2 2411.874831 -0.0102140720229 -0.0274519417035 -0.000117548649779 2.08179055051e-05
BPM.19L2.B2 2465.323347 -0.00796458472684 -0.0281869076023 2.2119716384e-05 0.000117310641135
BPM.18L2.B2 2518.771863 -0.0136404898135 -0.0259205209791 0.0001165958779 -2.56216256941e-05
BPM.17L2.B2 2572.220379 -0.0115050636633 -0.0269364043665 -2.69138489859e-05 -0.000116304403691
BPM.16L2.B2 2625.668894 -0.0168452935289 -0.0239618959165 -0.000115447339647 3.03806010883e-05
BPM.15L2.B2 2679.11741 -0.0148559639268 -0.0252435478071 3.16580511328e-05 0.000115103587069
BPM.14L2.B2 2732.565926 -0.0197711711923 -0.0216110425503 0.000114103972139 -3.50906155532e-05
BPM.13L2.B2 2786.014442 -0.0179633258905 -0.0231355849905 -3.63549644859e-05 -0.000113707448104
BPM.12L2.B2 2839.462958 -0.0227944647274 -0.0183942585606 -0.000113091920206 3.82267759181e-05
BPM.11L2.B2 2892.911474 -0.0188556207444 -0.0224143243647 2.71424850368e-05 0.000116251251143
BPM.10L2.B2 2944.750185 -0.0206120529664 -0.0208105656786 0.000119271388922 -5.0396732934e-06
BPM.9L2.B2 2983.815195 -0.0243622174152 -0.0162609573114 1.93180635363e-05 -0.0001178044223
BPM.8L2.B2 3024.278206 -0.0287614958379 -0.00554190647516 -9.68823241518e-05 6.97487052105e-05
BPM.7L2.B2 3063.344216 -0.00794649952254 -0.0281920115633 8.23103605909e-05 8.64642866323e-05
BPM.6L2.B2 3095.450216 -0.0051990295854 -0.0288254481638 0.000112966525065 3.85957585397e-05
BPMYB.5L2.B2 3167.649216 -0.012299323384 -0.0265831340219 4.51774007386e-05 -0.000110499191495
BPMYB.4L2.B2 3188.219216 -0.0172005713655 -0.0237081571597 -2.7728760454e-05 -0.000116112816267
BPMWB.4L2.B2 3212.610716 -0.0124507785975 -0.0265125344399 -0.000109611058095 -4.72914663938e-05
BPMSX.4L2.B2 3262.843716 -0.0239885004579 -0.0168073857476 -1.32281928576e-05 0.000118642653977
BPMS.2L2.B2 3300.755216 -0.0240092784317 -0.016777691152 6.61598234446e-05 9.93676675554e-05
BPMSW.1L2.B2 3310.689216 -0.0233622280004 -0.0176675598996 8.95759992686e-05 7.8912665648e-05
BPMSW.1R2.B2 3353.879216 -0.0233626911567 -0.0176669474351 -9.24696537014e-05 7.55012031745e-05
BPMS.2R2.B2 3363.813216 -0.024009590971 -0.0167772438433 -6.9837121518e-05 9.68185292102e-05
BPMSX.4R2.B2 3401.724716 -0.0239884419025 -0.0168074693204 8.77191005254e-06 0.000119055126423
BPMWB.4R2.B2 3451.881716 -0.0124451305012 -0.026515186153 0.000111440896576 -4.28018155759e-05
BPMYB.4R2.B2 3476.349216 -0.0170957088735 -0.0237838833844 3.21325459467e-05 -0.000114972018558
BPM.5R2.B2 3505.883216 0.000598745656172 -0.0292844305695 -8.94563359488e-05 -7.90482928871e-05
BPMR.6R2.B2 3579.179216 0.00499989292885 -0.0288606555839 -8.4240238716e-05 8.45851691606e-05
BPM_A.7R2.B2 3592.054216 0.00376746631213 -0.0290472471657 -6.7844245807e-05 9.8225423801e-05
BPM.8R2.B2 3633.493206 -0.00756890373292 -0.0282957252337 5.4420385357e-05 0.000106252000284
BPM.9R2.B2 3672.560195 -0.0283909098955 -0.00720365226468 7.65040847561e-05 -9.16416398794e-05
BPM.10R2.B2 3713.025185 -0.0288440595087 -0.0050947621418 -5.85733288812e-05 -0.000104020341203
BPM.11R2.B2 3764.865874 -0.029146464338 -0.00290172136207 -0.000109207545859 4.82159644628e-05
BPM.12R2.B2 3819.592358 -0.0289047673962 -0.00473822666553 5.76650623904e-05 0.000104526591766
BPM.13R2.B2 3873.043842 -0.0289775539195 0.00427056660364 9.77171649543e-05 -6.85742160544e-05
BPM.14R2.B2 3926.495326 -0.0292276769714 0.00191814212424 -6.96644648e-05 -9.69429295402e-05
BPM.15R2.B2 3979.94681 -0.028193080171 0.00794270739106 -9.48090242393e-05 7.2541843676e-05
BPM.16R2.B2 4033.398294 -0.0287421194991 0.00564153674148 7.35989641148e-05 9.39907418295e-05
BPM.17R2.B2 4086.849779 -0.0269452055431 0.0114844359241 9.17342724391e-05 -7.63930148048e-05
BPM.18R2.B2 4140.301263 -0.0277843498828 0.00927179978092 -7.74164204739e-05 -9.08722362004e-05
BPM.19R2.B2 4193.752747 -0.0252549007253 0.0148366559444 -8.85082800595e-05 8.01083809175e-05
BPM.20R2.B2 4247.204231 -0.0263697662629 0.0127503645763 8.10947126163e-05 8.76054763771e-05
BPM.21R2.B2 4300.655715 -0.0231490121894 0.0179460191981 8.51267145808e-05 -8.36929624436e-05
BPM.22R2.B2 4354.107199 -0.024522299856 0.0160185261689 -8.46416639548e-05 -8.41834843075e-05
BPM.23R2.B2 4407.558683 -0.0206635395105 0.0207594437533 -8.16052797111e-05 8.71300587193e-05
BPM.24R2.B2 4461.010167 -0.0220747584052 0.0190359209269 9.10361062195e-05 -0.000116377174505
BPM.25R2.B2 4514.461651 -0.0176438156198 0.023202521717 -0.000119059025447 -8.74995436517e-05
BPM.26R2.B2 4567.913135 -0.0194588035598 0.0217029078092 -8.61636980191e-05 0.000120029310758
BPM.27R2.B2 4621.36462 -0.0145294267926 0.0252696854029 0.000122564454118 8.25177242658e-05
BPM.28R2.B2 4674.816104 -0.016325924465 0.0240259000503 8.41246077776e-05 -0.000320468316496
BPM.29R2.B2 4728.267588 -0.0109859199444 0.0268903188112 -0.000322848481182 -7.44698134989e-05
BPM.30R2.B2 4781.719072 -0.0131190237514 0.0259166143464 -7.08609585009e-05 0.000323659726142
BPM.31R2.B2 4835.170556 -0.00745167161327 0.028075830755 0.000325644318092 6.1095512705e-05
BPM.32R2.B2 4888.62204 -0.00969505899548 0.0273822116234 5.7433820964e-05 -0.000326310047938
BPM.33R2.B2 4942.073524 -0.00380306024631 0.0287978543576 -0.000327887167457 -4.76119886989e-05
BPM.34R2.B2 4995.525008 -0.00611312256822 0.0283973487296 -4.39410173728e-05 0.000328399265574
BPM.33L3.B2 5048.976492 -8.33966215746e-05 0.0290477663151 0.00032957168931 3.404994764e-05
BPM.32L3.B2 5102.427976 -0.00242961814328 0.0289460988403 3.03532316158e-05 -0.000329932684098
BPM.31L3.B2 5155.87946 0.00362889443122 0.0288203193501 -0.000330695552702 -2.04293042549e-05
BPM.30L3.B2 5209.330945 0.00129300422708 0.0290190941068 -1.67215102281e-05 0.000330903747342
BPM.29L3.B2 5262.782429 0.00729018369074 0.0281181952593 0.000331256720747 6.77374946328e-06
BPM.28L3.B2 5316.233913 0.00499483958031 0.0286152277702 3.06645245709e-06 -0.000331311777744
BPM.27L3.B2 5369.685397 0.0108234465681 0.0269561252181 -0.000331254250055 6.8934264752e-06
BPM.26L3.B2 5423.136881 0.00881001909464 0.0277541339668 1.36082593537e-05 0.000134172449527
BPM.25L3.B2 5476.588365 0.0143793631907 0.0253207879648 0.000133703254506 -1.76316006874e-05
BPM.24L3.B2 5530.039849 0.0122879568968 0.0263991383116 -1.9127114665e-05 -0.000133497509279
BPM.23L3.B2 5583.491333 0.0174992223115 0.0232741403224 -0.000132862217562 2.31313242557e-05
BPM.22L3.B2 5636.942817 0.0157602997364 0.0246234620941 2.76223298262e-05 -6.43995172073e-05
BPM.21L3.B2 5690.394301 0.0205275500733 0.0208163786792 -6.52004198712e-05 -2.56748059405e-05
BPM.20L3.B2 5743.845786 0.0187805991493 0.0224051563033 -2.49417422338e-05 6.54843496024e-05
BPM.19L3.B2 5797.29727 0.0230222183325 0.0180188622452 6.62039958065e-05 2.29635163897e-05
BPM.18L3.B2 5850.748754 0.0214926570606 0.0198183658685 2.22213885586e-05 -6.6456763106e-05
BPM.17L3.B2 5904.200238 0.0251379015754 0.0149260791074 -6.70945261063e-05 -2.02142508729e-05
BPM.16L3.B2 5957.651722 0.0238512704208 0.0169061773517 -1.94600929121e-05 6.73171252954e-05
BPM.15L3.B2 6011.103206 0.0268409617917 0.0115872647173 6.78712281454e-05 1.74295145199e-05
BPM.14L3.B2 6064.55469 0.0258181065228 0.0137159508897 1.66692133099e-05 -6.80619402902e-05
BPM.13L3.B2 6118.006174 0.0281026676736 0.00805866010342 -6.85321870386e-05 -1.4616115214e-05
BPM.12L3.B2 6171.457658 0.0255384580282 0.0142298662946 -1.97656108822e-05 6.72280535983e-05
BPM.11L3.B2 6224.909142 0.0239587096516 0.0167535717031 6.62918119751e-05 2.27087279221e-05
BPM.10L3.B2 6277.691832 0.0150570209996 0.0250596897698 2.79431834999e-05 -6.42609456688e-05
BPM.9L3.B2 6316.758821 0.0190512147448 0.0221755078986 -3.10644943407e-05 -6.28115188101e-05
BPM.8L3.B2 6357.223811 0.0229087007508 0.0181629668007 -6.9193869826e-05 -1.10679207165e-05
BPM.7L3.B2 6396.2898 0.0284179246239 0.00686465535123 -4.14009635399e-05 5.65354113838e-05
BPMR.6L3.B2 6468.9288 0.0229427743651 -0.0181199072187 6.93882487497e-05 9.77567553407e-06
BPMWE.5L3.B2 6511.9823 0.0225553917341 -0.0185998988417 6.18063578012e-05 -3.30191767167e-05
BPMW.5L3.B2 6539.5273 0.027142736761 -0.0108615732052 4.0724098887e-05 -5.70248900539e-05
BPMWE.4L3.B2 6614.6553 0.0217181783598 -0.0195709647702 -4.26733090957e-05 -5.55812829308e-05
BPMW.4L3.B2 6642.2003 -0.000566702713503 -0.0292297926939 -6.98346884602e-05 5.77965233929e-06
BPMW.4R3.B2 6687.1653 -0.00693067370879 -0.0284018959622 -5.15507599229e-05 4.7463774349e-05
BPMWE.4R3.B2 6714.7103 -0.00140801478526 -0.0292013600289 -3.01283776813e-05 6.32658919251e-05
BPMW.5R3.B2 6789.8383 -0.00684473231294 -0.0284227298609 4.33181776723e-05 5.50801931249e-05
BPMWE.5R3.B2 6817.3833 -0.0176031508143 -0.0233416155121 6.67472149386e-05 2.13330970303e-05
BPMWC.6R3.B2 6858.3743 -0.0197549659507 -0.0215509455191 6.6208295172e-05 -2.29511299315e-05
BPM.6R3.B2 6870.5288 -0.017325694773 -0.0235482957681 5.95434230748e-05 -3.69442050453e-05
BPM_A.7R3.B2 6926.3528 -0.0178483980043 -0.0231546241936 -7.77749708624e-06 -6.96405149252e-05
BPM.8R3.B2 6965.418789 -0.00248407600625 -0.0291295605856 -7.0002793609e-05 3.14643637142e-06
BPM.9R3.B2 7004.485779 0.023236842894 -0.0177412250921 1.49237274146e-05 6.84658716011e-05
BPM.10R3.B2 7044.950768 0.0210374083461 -0.0203009700093 6.00494453975e-05 3.61158712287e-05
BPM.11R3.B2 7097.733458 0.0135110074509 -0.0259259447316 4.7425666961e-05 -5.15858180803e-05
BPM.12R3.B2 7152.459942 0.00457665372522 -0.0288748363405 -6.06737367022e-05 -3.50569662093e-05
BPM.13R3.B2 7205.911426 0.00887298490497 -0.0278562752777 -3.10985766952e-05 6.27946619795e-05
BPM.14R3.B2 7259.36291 0.00289897787779 -0.029091199016 6.37002547787e-05 2.9198806401e-05
BPM.15R3.B2 7312.814394 0.00523727224958 -0.0287623523372 2.84834359569e-05 -6.40233103059e-05
BPM.16R3.B2 7366.265878 -0.000847265494694 -0.029223005912 -6.48502396168e-05 -2.65469470471e-05
BPM.17R3.B2 7419.717362 0.00151440965394 -0.0291960356328 -2.58186723086e-05 6.51435904668e-05
BPM.18R3.B2 7473.168846 -0.00457783168498 -0.028874649618 6.58898380566e-05 2.38500027511e-05
BPM.19R3.B2 7526.62033 -0.00223266925532 -0.0291499077372 2.31101013386e-05 -6.61529630417e-05
BPM.20R3.B2 7580.071814 -0.008234904505 -0.0280515290344 -6.68174088313e-05 -2.11122140051e-05
BPM.21R3.B2 7633.523299 -0.00594365229042 -0.0286247258642 -2.03626009769e-05 6.70496488772e-05
BPM.22R3.B2 7686.974783 -0.011755002667 -0.0267679256971 6.7631158381e-05 1.83388873404e-05
BPM.23R3.B2 7740.426267 -0.00955646488588 -0.0276292582591 1.75795188594e-05 -6.7832525401e-05
BPM.24R3.B2 7793.877751 -0.0151920862937 -0.0250234214899 -6.82099062773e-05 9.56122481185e-05
BPM.25R3.B2 7847.329235 -0.013121957039 -0.0261684036885 9.63707463881e-05 6.71339710474e-05
BPM.26R3.B2 7900.780719 -0.0182678564282 -0.0228748011958 6.42062451328e-05 -9.83455565438e-05
BPM.27R3.B2 7954.232203 -0.0163627447085 -0.0242740951227 -9.90584040638e-05 -6.3100920189e-05
BPM.28R3.B2 8007.683687 -0.021153394139 -0.0203292120631 -5.99839568926e-05 0.000212058800628
BPM.29R3.B2 8061.135171 -0.0194425456479 -0.0219711257354 0.000212719059064 5.75987070595e-05
BPM.30R3.B2 8114.586655 -0.0235799540416 -0.017456480599 5.11713863855e-05 -0.000214356026147
BPM.31R3.B2 8168.03814 -0.0220948584755 -0.0193018179457 -0.000214914367899 -4.8773232076e-05
BPM.32R3.B2 8221.489624 -0.0256195275831 -0.0142962496809 -4.23058670972e-05 0.000216280441633
BPM.33R3.B2 8274.941108 -0.0243815313857 -0.0163182068534 0.0002167422898 3.9872180612e-05
BPM.34R3.B2 8328.392592 -0.0272378226036 -0.0109015580169 3.33305546996e-05 -0.000217844193103
BPM.33L4.B2 8381.844076 -0.0262694110231 -0.0130637280997 -0.000218202687829 -3.08965673215e-05
BPM.32L4.B2 8435.29556 -0.0284086549678 -0.00732743277232 -2.43393433072e-05 0.000219031077944
BPM.31L4.B2 8488.747044 -0.0277243878405 -0.00959694046786 0.000219290991167 2.18740267183e-05
BPM.30L4.B2 8542.198528 -0.0291126088932 -0.00363303603543 1.52636539865e-05 -0.000219850034567
BPM.29L4.B2 8595.650012 -0.0287244656383 -0.0059705963908 -0.000220006627298 -1.28100210135e-05
BPM.28L4.B2 8649.101496 -0.0293381711137 0.00012109107368 -6.20647787047e-06 0.000220291832029
BPM.27L4.B2 8702.55298 -0.0292522197706 -0.00224735085885 0.000220347738161 3.72679999848e-06
BPM.26L4.B2 8756.004465 -0.0291911849654 0.00389410761938 -2.7757578351e-06 -0.000109214658033
BPM.25L4.B2 8809.455949 -0.0294102502319 0.00152529833707 -0.000109176795378 3.9963705675e-06
BPM.24L4.B2 8862.907433 -0.0284531794221 0.00759644224448 7.27206136537e-06 0.000109007608712
BPM.23L4.B2 8916.358917 -0.0289734503398 0.00527527527124 0.00010891908041 -8.4957901064e-06
BPM.22L4.B2 8969.810401 -0.0273570910879 0.0111950631296 -1.16423463194e-05 2.53951768851e-06
BPM.21L4.B2 9023.261885 -0.0281713991533 0.00895053855668 2.66978845565e-06 1.16131714725e-05
BPM.20L4.B2 9076.713369 -0.0257001418075 0.0146028278879 1.15277169079e-05 -3.01751132265e-06
BPM.19L4.B2 9130.164853 -0.0267949341249 0.0124808403806 -3.14650166505e-06 -1.14931897341e-05
BPM.18L4.B2 9183.616337 -0.023620926281 0.0177705293343 -1.13934596555e-05 3.49033081762e-06
BPM.17L4.B2 9237.067821 -0.0249781181489 0.0158061217543 3.61774889331e-06 1.13536429768e-05
BPM.16L4.B2 9290.519306 -0.0211534638565 0.0206463274715 1.12398298727e-05 -3.95725702413e-06
BPM.15L4.B2 9343.97079 -0.0227508968608 0.0188715808305 -4.08294498733e-06 -1.11947780854e-05
BPM.14L4.B2 9397.422274 -0.0183385146628 0.023182725284 -1.10670785192e-05 4.4174054314e-06
BPM.13L4.B2 9450.873758 -0.0201497385889 0.0216270179661 4.54110598535e-06 1.10168852833e-05
BPM.12L4.B2 9504.325242 -0.0126121016399 0.0267334016493 1.11327910069e-05 -4.24900815558e-06
BPM.11L4.B2 9557.776726 -0.0135598832535 0.0262653657489 -2.36209193425e-06 -1.16796433621e-05
BPMC.10L4.B2 9609.617415 -0.0101985268188 0.0277440069554 -1.18949362241e-05 7.10013994781e-07
BPMC.9L4.B2 9648.684405 -0.00756727522946 0.0285740479597 -1.49220900741e-06 1.18223065182e-05
BPMC.8L4.B2 9689.149394 0.00162721016142 0.0295142687308 9.41214424381e-06 -7.30787636266e-06
BPMC.7L4.B2 9728.215384 -0.0214943048359 0.0202912476288 -8.22645709848e-06 -8.62086425618e-06
BPMYA.6L4.B2 9824.819384 -0.0182720092117 0.0232351791568 -1.05910000423e-05 5.4611360481e-06
BPMYB.5L4.B2 9861.819384 -0.0183138236238 0.0232022355782 -8.73084721874e-06 8.1096126873e-06
BPMWA.B5L4.B2 9964.209884 -0.00407164013911 0.0292773225847 2.62256444577e-06 1.16239244238e-05
BPMWA.A5L4.B2 9973.094884 -0.00302793791951 0.0294035960918 3.69889596022e-06 1.13274753501e-05
BPMWA.A5R4.B2 10021.14388 0.000311947517505 0.029557445085 8.44548439474e-06 8.40639026383e-06
BPMWA.B5R4.B2 10030.02888 0.000494988651253 0.0295549464147 9.09649235223e-06 7.69723184681e-06
BPMYA.5R4.B2 10132.49538 -0.00430055183258 0.0292445742738 1.18299961281e-05 -1.4301220241e-06
BPMYB.6R4.B2 10164.05938 -0.0035628845079 0.0293435806547 1.12433756831e-05 -3.94708120931e-06
BPMCA.7R4.B2 10260.57538 -0.0135051889017 0.0262935304664 -5.1692888279e-06 -1.07364785563e-05
BPMC.8R4.B2 10298.36637 -0.0200151714491 0.0217516156367 -1.0385734816e-05 5.84208258676e-06
BPMC.9R4.B2 10337.43336 -0.00111678759987 0.0295379866775 9.42112497075e-06 7.29629727136e-06
BPMC.10R4.B2 10377.89835 4.01778190396e-05 0.0295590638788 9.55695692265e-06 -7.1174527826e-06
BPM.11R4.B2 10429.73904 0.00983320794576 0.0278755787782 -6.22136123855e-06 -1.01630991316e-05
BPM.12R4.B2 10484.46553 0.010803598996 0.0275140349644 -1.0448070214e-05 5.72988563352e-06
BPM.13R4.B2 10537.91701 0.0163237373846 0.0246429598142 6.05533842782e-06 1.02628551462e-05
BPM.14R4.B2 10591.36849 0.0142815358244 0.0258800619338 1.01943712685e-05 -6.16992785937e-06
BPM.15R4.B2 10644.81998 0.0193420572065 0.0223522861003 -6.47342175472e-06 -1.000441924e-05
BPM.16R4.B2 10698.27146 0.0174748468762 0.0238405033092 -9.93122893884e-06 6.58511958179e-06
BPM.17R4.B2 10751.72295 0.0220426405996 0.0196942089893 6.88053462409e-06 9.72891988105e-06
BPM.18R4.B2 10805.17443 0.0203811879696 0.0214090412598 9.6512348355e-06 -6.98906911402e-06
BPM.19R4.B2 10858.62591 0.0243809093857 0.0167126039003 -7.27585652261e-06 -9.43689915679e-06
BPM.20R4.B2 10912.0774 0.0229524542487 0.0186259151438 -9.354775701e-06 7.38116254145e-06
BPM.21R4.B2 10965.52888 0.0263186021213 0.0134562644594 7.65887573987e-06 9.12878844232e-06
BPM.22R4.B2 11018.98037 0.0251466684748 0.0155365676888 9.04243853877e-06 -7.7606528379e-06
BPM.23R4.B2 11072.43185 0.0278237597011 0.00997889112199 -8.02880355629e-06 -8.80518652291e-06
BPM.24R4.B2 11125.88333 0.0268593125286 0.0121875061179 -9.75350131806e-06 7.63739249013e-05
BPM.25R4.B2 11179.33482 0.0288040360915 0.00634708434684 7.66323557719e-05 7.45572146335e-06
BPM.26R4.B2 11232.7863 0.0281977528412 0.0086512837005 6.59812188776e-06 -7.67109596196e-05
BPM.27R4.B2 11286.23779 0.0293793189239 0.00261028626149 -7.68746296803e-05 -4.28919499478e-06
BPM.28R4.B2 11339.68927 0.0290044532715 0.00496860346841 -4.46281255659e-06 0.000145161492466
BPM.29R4.B2 11393.14075 0.0294040893999 -0.00115967950608 0.00014523004476 1.04611538098e-07
BPM.30R4.B2 11446.59224 0.0294017602332 0.00121730243454 -1.51759741602e-06 -0.000145222156932
BPM.31R4.B2 11500.04372 0.0290141048648 -0.00491192924957 -0.000145110798597 5.88508050679e-06
BPM.32R4.B2 11553.49521 0.0293159123405 -0.00255394082739 7.51527145632e-06 0.000145035506035
BPM.33R4.B2 11606.94669 0.0281474814261 -0.00858280952994 0.000144744689738 -1.18638802291e-05
BPM.34R4.B2 11660.39818 0.028748312537 -0.00628329979588 -1.3480427925e-05 -0.000144603098607
BPM.33L5.B2 11713.84966 0.0268179488302 -0.0121137504718 -0.000144132161299 1.78240891055e-05
BPM.32L5.B2 11767.30114 0.0277083351004 -0.00990926317355 1.94418891512e-05 0.000143922869056
BPM.31L5.B2 11820.75263 0.0250484193307 -0.0154441580848 0.00014327468475 -2.37517652205e-05
BPM.30L5.B2 11874.20411 0.0262129413759 -0.0133726225487 -2.53518884839e-05 -0.000143000200161
BPM.29L5.B2 11927.6556 0.0228661707036 -0.0185225151577 -0.000142172938412 2.96416910736e-05
BPM.28L5.B2 11981.10708 0.0242869807513 -0.0166158928769 3.12359131828e-05 0.000141831237866
BPM.27L5.B2 12034.55856 0.0203097283122 -0.0212946064916 0.000140829948368 -3.54782080447e-05
BPM.26L5.B2 12088.01005 0.0218935743743 -0.019590514164 -3.80932862525e-05 -7.21773219255e-05
BPM.25L5.B2 12141.46153 0.0173504573439 -0.023708194244 -7.09995330356e-05 4.02458414028e-05
BPM.24L5.B2 12194.91302 0.0192078546206 -0.0222300509479 4.10392009957e-05 7.05439249866e-05
BPM.23L5.B2 12248.3645 0.0141757068342 -0.0257325898443 6.92798136806e-05 -4.31389546253e-05
BPM.22L5.B2 12301.81598 0.016137954808 -0.0245088580841 -4.49524689185e-05 -5.47732307173e-07
BPM.21L5.B2 12355.26747 0.0106997583316 -0.0273245838325 8.03231745894e-07 4.49486277914e-05
BPM.20L5.B2 12408.71895 0.0128705279677 -0.0263717125011 4.49368270964e-05 -1.30663030508e-06
BPM.19L5.B2 12462.17044 0.00711629295632 -0.0284688616731 -2.65600491604e-06 -4.48772815828e-05
BPM.18L5.B2 12515.62192 0.00939056231257 -0.0278017094625 -4.48447151496e-05 3.15871621015e-06
BPM.17L5.B2 12569.07341 0.00341592224042 -0.0291453115511 4.50462909784e-06 4.47295543067e-05
BPM.16L5.B2 12622.52489 0.00575743205487 -0.0287744623862 4.46762727884e-05 -5.00545315863e-06
BPM.15L5.B2 12675.97637 -0.000340665197309 -0.0293428297447 -6.34546226409e-06 -4.45057270944e-05
BPM.14L5.B2 12729.42786 0.00202847013517 -0.0292746139022 -4.4431843093e-05 6.84365352884e-06
BPM.13L5.B2 12782.87934 -0.00409152269168 -0.0290581684167 8.17538235599e-06 4.42061958687e-05
BPM.12L5.B2 12836.33083 0.00224235485444 -0.0292590080956 4.46649673003e-05 -5.10537560022e-06
BPM.11L5.B2 12889.78231 0.00479402103721 -0.028950562556 -3.92901047932e-06 -4.47837899714e-05
BPM.10L5.B2 12942.565 0.00664762197611 -0.0285819319152 -4.35158840951e-05 1.12868093238e-05
BPM.9L5.B2 12981.63199 0.000284076813157 -0.029343432156 9.08906553292e-06 4.40274109303e-05
BPM.8L5.B2 13022.09698 0.0210568798345 -0.0204383345881 3.33062645473e-05 -3.0194640125e-05
BPM.7L5.B2 13061.16497 0.0104212713751 -0.027432003443 -2.72950483058e-05 -3.57212178068e-05
BPMR.6L5.B2 13098.05897 0.00719162303828 -0.0284499256258 -4.30380136338e-05 1.29905255062e-05
BPMWT.B6L5.B2 13109.36897 -0.0073477363607 -0.0284100066888 -2.72460237377e-05 3.57586161207e-05
BPMWT.A6L5.B2 13115.19097 -0.0137274469403 -0.0259359771493 -1.57164149409e-05 4.21191025865e-05
BPM.5L5.B2 13129.95897 -0.0218872542334 -0.0195465038337 6.27918696517e-06 4.45151206367e-05
BPMYA.4L5.B2 13157.36497 -0.0266927567562 -0.0121907523813 2.58102927385e-05 3.6808396549e-05
BPMWB.4L5.B2 13178.42347 -0.027978722154 -0.00884922688095 3.25144647499e-05 3.10456773836e-05
BPMWT.B4L5.B2 13178.89297 -0.027992093357 -0.00880683935695 3.26117986727e-05 3.09434150261e-05
BPMWT.A4L5.B2 13180.87497 -0.0280445711307 -0.00863827181449 3.30071210377e-05 3.05213795506e-05
BPMSY.4L5.B2 13271.27947 -0.0282635912904 -0.00789221875107 4.07500962477e-05 1.89856681921e-05
BPMS.2L5.B2 13298.06497 -0.0283659341692 -0.0075160807508 4.19072444504e-05 1.6273855895e-05
BPMSW.1L5.B2 13308.11897 -0.0284077609634 -0.00735641334544 4.26037078325e-05 1.43514229536e-05
BPMSW.1R5.B2 13351.06897 -0.0284077642623 -0.00735640254335 3.70048903811e-05 2.55270712509e-05
BPMS.2R5.B2 13361.12297 -0.0283659373194 -0.00751607332993 3.81265679487e-05 2.38180996045e-05
BPMSY.4R5.B2 13387.90847 -0.0282635919684 -0.00789221634871 3.96068479138e-05 2.12679093284e-05
BPMWB.4R5.B2 13480.76447 -0.0279786901614 -0.00884932804429 4.43341557123e-05 7.45030547164e-06
BPMYA.4R5.B2 13501.82097 -0.0266928384239 -0.0121905737505 4.49349400711e-05 -1.36891176906e-06
BPMR.5R5.B2 13522.93897 -0.0233849497574 -0.0177274316998 4.19600988886e-05 -1.61360929202e-05
BPM.6R5.B2 13554.83897 -0.000656814023543 -0.0293374556708 -3.09505493617e-07 -4.49547394978e-05
BPMRA.7R5.B2 13588.85297 0.0143178226803 -0.0256147938355 -4.27728322888e-05 -1.38387485571e-05
BPM.8R5.B2 13630.28998 0.0146431932452 -0.0254301907427 -2.133415394e-05 3.95711808838e-05
BPM.9R5.B2 13669.35499 0.008747628921 -0.0280106532921 4.28087477498e-05 1.37271664809e-05
BPM.10R5.B2 13709.818 -0.00241236067175 -0.0292454821517 2.29996273364e-06 -4.48969337624e-05
BPM.11R5.B2 13762.59871 0.0136856024507 -0.0259580815132 -4.3376411731e-05 1.18115095251e-05
BPM.12R5.B2 13817.32223 0.00485579216433 -0.0289402659359 9.55263990846e-06 4.3929164749e-05
BPM.13R5.B2 13870.77074 0.00343252344815 -0.0291433610401 4.4556022612e-05 -5.98204140563e-06
BPM.14R5.B2 13924.21926 -0.00269171669808 -0.0292210946298 -7.31364652718e-06 -4.43569049455e-05
BPM.15R5.B2 13977.66777 -0.000325129777125 -0.029343005996 -4.42730716252e-05 7.80503908417e-06
BPM.16R5.B2 14031.11629 -0.00640746342909 -0.0286367268183 9.12633818752e-06 4.40197001176e-05
BPM.17R5.B2 14084.56481 -0.00407537929424 -0.0290604369103 4.39157523366e-05 -9.61410365764e-06
BPM.18R5.B2 14138.01332 -0.0100181219345 -0.0275817864436 -1.09241736984e-05 -4.36083475757e-05
BPM.19R5.B2 14191.46184 -0.00775988342863 -0.0283002105863 -4.34845602887e-05 1.14068781416e-05
BPM.20R5.B2 14244.91035 -0.0134639558746 -0.0260737339532 1.27028998771e-05 4.31237744978e-05
BPM.21R5.B2 14298.35887 -0.0113157446495 -0.0270752956254 4.29801878925e-05 -1.31806382945e-05
BPM.22R5.B2 14351.80738 -0.016688794172 -0.0241371468826 -1.44611677253e-05 -4.25664134078e-05
BPM.23R5.B2 14405.2559 -0.0146867095552 -0.0254050835911 -4.2403546778e-05 1.49319814832e-05
BPM.24R5.B2 14458.70442 -0.0197249397327 -0.0217881573582 1.62780195816e-05 0.000129512977269
BPM.25R5.B2 14512.15293 -0.0179018378098 -0.0233092524909 0.000129324081696 -1.77163209046e-05
BPM.26R5.B2 14565.60145 -0.0223501219403 -0.0190858350258 -2.15811953567e-05 -0.000128735520361
BPM.27R5.B2 14619.04996 -0.0207374273023 -0.0208268134272 -0.000128488915244 2.30040132082e-05
BPM.28R5.B2 14672.49848 -0.0246938379855 -0.0160542105905 2.69168958781e-05 0.000215323035219
BPM.29R5.B2 14725.947 -0.0233172549572 -0.0179952475245 0.000215009863859 -2.93134434894e-05
BPM.30R5.B2 14779.39551 -0.0265446940917 -0.0127633274697 -3.57432407847e-05 -0.000214034937436
BPM.31R5.B2 14832.84403 -0.0254284750958 -0.0148632421006 -0.000213627383721 3.81032883299e-05
BPM.32R5.B2 14886.29254 -0.0279592390044 -0.00926305926405 4.44707472212e-05 0.000212393205667
BPM.33R5.B2 14939.74106 -0.0271203504983 -0.0114895561597 0.000211884288855 -4.6835619456e-05
BPM.34R5.B2 14993.18958 -0.0289144950258 -0.00561028425415 -5.31635906711e-05 -0.00021038573093
BPM.33L6.B2 15046.63809 -0.0283675439768 -0.00792500855749 -0.000209786615408 5.54806490757e-05
BPM.32L6.B2 15100.08661 -0.0293946094188 -0.00186554256251 6.17262399074e-05 0.000208034604606
BPM.31L6.B2 15153.53512 -0.0291481683448 -0.00423173652664 0.000207333204985 -6.40427269057e-05
BPM.30L6.B2 15206.98364 -0.0293917603164 0.00190990504114 -7.02255451437e-05 -0.000205321456426
BPM.29L6.B2 15260.43215 -0.0294500285043 -0.000468116384443 -0.000204534751107 7.2484880981e-05
BPM.28L6.B2 15313.88067 -0.0289059505971 0.00565414289264 7.85672372732e-05 0.000202276324776
BPM.27L6.B2 15367.32919 -0.0292679502744 0.00330308926288 0.000201387301945 -8.08187940023e-05
BPM.26L6.B2 15420.7777 -0.0280315791548 0.0093216292075 -8.67248935288e-05 -0.000111305233705
BPM.25L6.B2 15474.22622 -0.0286923903835 0.00702914890273 -0.000110340534218 8.79489928515e-05
BPM.24L6.B2 15527.67473 -0.0266086621878 0.0128312625102 9.12112845365e-05 0.000107659468128
BPM.23L6.B2 15581.12325 -0.0275573439729 0.0106421329723 0.000106637372735 -9.24041866854e-05
BPM.22L6.B2 15634.57177 -0.0248351799465 0.0161458455976 -9.54685881745e-05 -1.62475151602e-05
BPM.21L6.B2 15688.02028 -0.0260569702673 0.0140893148962 -1.51899777787e-05 9.5642545922e-05
BPM.20L6.B2 15741.4688 -0.0225652602942 0.0191907144468 9.60544937063e-05 1.2319348013e-05
BPM.19L6.B2 15794.91731 -0.0240405471604 0.0173068363947 1.12513971259e-05 -9.61854492767e-05
BPM.18L6.B2 15848.36583 -0.019925699891 0.0219189638762 -9.64789305675e-05 -8.36952346236e-06
BPM.17L6.B2 15901.81435 -0.0216292161603 0.020239849354 -7.30077631061e-06 9.65656774809e-05
BPM.16L6.B2 15955.26286 -0.0169572791348 0.0242883753553 9.67409874281e-05 4.40620480032e-06
BPM.15L6.B2 16008.71138 -0.0188624097157 0.0228404026357 3.33166568624e-06 -9.6783944753e-05
BPM.14L6.B2 16062.15989 -0.0137120258338 0.0262574720854 -9.68403069028e-05 -4.35155135278e-07
BPM.13L6.B2 16115.60841 -0.0157857277426 0.0250656197328 6.37652769068e-07 9.68391801736e-05
BPM.12L6.B2 16169.05693 -0.00982170002112 0.027946532913 9.68044553373e-05 -2.67035430236e-06
BPM.11L6.B2 16222.50544 -0.014434678524 0.0258672485788 4.20005199853e-06 -9.67501562565e-05
BPM.10L6.B2 16274.34415 -0.00975839543031 0.027968700574 -9.44529990212e-05 -2.13743991199e-05
BPM.9L6.B2 16313.40916 -0.00582841288836 0.0290431419799 -5.30424642088e-05 8.10230226307e-05
BPM.8L6.B2 16353.87217 0.0110028340133 0.0275029477958 9.50793614186e-05 1.83888140902e-05
BPMYB.5L6.B2 16450.96018 -0.0156077974924 0.0251767978652 -6.34033155094e-05 -7.32000632485e-05
BPMYA.4L6.B2 16487.36018 -0.0146080846097 0.0257697178354 -7.86367748189e-05 -5.65198693751e-05
BPMSB.B4L6.B2 16518.13068 -0.0174316769037 0.0239501802375 -8.93867089373e-05 -3.72592173271e-05
BPMSB.A4L6.B2 16518.76568 -0.0174943698063 0.0239044246596 -8.95798680589e-05 -3.67923872132e-05
BPMSA.4L6.B2 16615.57568 -0.0257864449768 0.0145785372617 -8.03562690999e-05 5.40472292923e-05
BPMSE.4R6.B2 16707.14568 -0.0262170295316 0.0137891934416 2.10033293931e-06 9.68184993287e-05
BPMSA.A4R6.B2 16803.82068 -0.019525442441 0.0222762562052 7.82380086267e-05 5.70705540706e-05
BPMSA.B4R6.B2 16804.40568 -0.0194750601902 0.0223203163881 7.84980165302e-05 5.67123909965e-05
BPMYB.4R6.B2 16830.96018 -0.0172480564985 0.0240827539981 8.78761375363e-05 4.06941832225e-05
BPMYA.5R6.B2 16867.36018 -0.0170076547531 0.0242531270847 9.45430862627e-05 2.09723382723e-05
BPM.8R6.B2 16963.08519 -0.00468210475821 0.0292498271502 6.57673149029e-06 -9.66177004126e-05
BPM.9R6.B2 17002.1502 0.0164384460372 0.0246424833554 -9.67597635186e-05 3.9723962747e-06
BPM.10R6.B2 17042.61322 0.0210420184392 0.020849651153 -2.28292208715e-05 9.41119590065e-05
BPM.11R6.B2 17094.45193 0.0257194284141 0.0146964450095 9.62627138336e-05 1.05699986089e-05
BPM.12R6.B2 17149.17544 0.0220050979467 0.0198305359902 -2.58477888539e-06 -9.68067732722e-05
BPM.13R6.B2 17202.62396 0.0256624172707 0.0147957708083 -9.6679949408e-05 5.58724346617e-06
BPM.14R6.B2 17256.07247 0.0243849300818 0.0168181353854 6.66073663261e-06 9.66119472091e-05
BPM.15R6.B2 17309.52099 0.027344478553 0.011390960688 9.63695309108e-05 -9.54696348072e-06
BPM.16R6.B2 17362.96951 0.0263359437891 0.013560699016 -1.06133596488e-05 -9.62579339727e-05
BPM.17R6.B2 17416.41802 0.0285768492145 0.00779988345039 -9.58969013223e-05 1.34914242272e-05
BPM.18R6.B2 17469.86654 0.0278542782124 0.0100803610265 1.45557971543e-05 9.57411281061e-05
BPM.19R6.B2 17523.31505 0.0293398688073 0.00408002346646 9.52630723638e-05 -1.741203948e-05
BPM.20R6.B2 17576.76357 0.0289149073914 0.00643448705521 -1.84657304902e-05 -9.50644563069e-05
BPM.21R6.B2 17630.21209 0.0296207424775 0.000293442183591 -9.44687013454e-05 2.13048463297e-05
BPM.22R6.B2 17683.6606 0.029500457376 0.00268281712305 2.23527834834e-05 9.42262488162e-05
BPM.23R6.B2 17737.10912 0.0294149420433 -0.0034979533554 9.35158108736e-05 -2.51600103889e-05
BPM.24R6.B2 17790.55763 0.0294772335248 -0.00112061845713 -2.80965246899e-05 3.06261003473e-05
BPM.25R6.B2 17844.00615 0.0286028728481 -0.0072137886653 3.1453170472e-05 2.71674597412e-05
BPM.26R6.B2 17897.45466 0.0290917243271 -0.00488207512505 2.68174199356e-05 -3.17521394783e-05
BPM.27R6.B2 17950.90318 0.0274450575802 -0.0108135052831 -3.254051065e-05 -2.58551381923e-05
BPM.28R6.B2 18004.3517 0.0281042693778 -0.00857086268133 -2.73876573236e-05 0.000156672691981
BPM.29R6.B2 18057.80021 0.0257138633065 -0.014216429868 0.000157421422154 2.26917089655e-05
BPM.30R6.B2 18111.24873 0.0267770506979 -0.0120954206234 2.09505884154e-05 -0.000157662577901
BPM.31R6.B2 18164.69724 0.0236833668252 -0.0173898757861 -0.000158219444494 -1.62180771098e-05
BPM.32R6.B2 18218.14576 0.0250097624285 -0.015421459968 -1.44569609602e-05 0.000158390073278
BPM.33R6.B2 18271.59428 0.0212652546744 -0.0202755662788 0.000158751466143 9.7153861612e-06
BPM.34R6.B2 18325.04279 0.0228316487913 -0.0184939302819 7.95910688331e-06 -0.000158849210266
BPM.33L7.B2 18378.49131 0.018495665963 -0.0228302427749 -0.000159016337921 -3.19721293519e-06
BPM.32L7.B2 18431.93982 0.0202783095771 -0.0212626387027 -1.42940522959e-06 0.000159042052513
BPM.31L7.B2 18485.38834 0.0154247993813 -0.0250077029848 0.000159013677087 -3.32644562149e-06
BPM.30L7.B2 18538.83686 0.0173917918393 -0.0236819598359 -5.08623456511e-06 -0.000158967131321
BPM.29L7.B2 18592.28537 0.0120973461678 -0.026776180832 -0.000158743482741 9.84495347607e-06
BPM.28L7.B2 18645.73389 0.0142196134133 -0.0257121029733 1.16074948408e-05 0.000158624358601
BPM.27L7.B2 18699.1824 0.00857471839197 -0.0281030932288 0.000158206243013 -1.63461264434e-05
BPM.26L7.B2 18752.63092 0.010690612765 -0.0273272945827 -2.00011307406e-05 -3.41670691357e-05
BPM.25L7.B2 18806.07943 0.00478630886276 -0.0289510186009 -3.35531100924e-05 2.1014794755e-05
BPM.24L7.B2 18859.52795 0.00710736048485 -0.0284702591821 2.13856447201e-05 3.33179825815e-05
BPM.23L7.B2 18912.97647 0.00104405441942 -0.0293254186802 3.26631541594e-05 -2.23730333295e-05
BPM.22L7.B2 18966.42498 0.00328397274113 -0.0291532585649 -2.46353188859e-05 9.1432969092e-05
BPM.21L7.B2 19019.8735 -0.00283713285886 -0.0292001308002 9.21292177472e-05 2.18882656727e-05
BPM.20L7.B2 19073.32201 -0.000471950609579 -0.0293338409436 2.08651607478e-05 -9.23662939862e-05
BPM.19L7.B2 19126.77053 -0.00655028548392 -0.0285970404465 -9.29493514771e-05 -1.80916771695e-05
BPM.18L7.B2 19180.21905 -0.00422071921411 -0.0290324386013 -1.7060123795e-05 9.31441942721e-05
BPM.17L7.B2 19233.66756 -0.0101534667886 -0.0275246085189 9.36130265418e-05 1.42648255146e-05
BPM.16L7.B2 19287.11608 -0.00789964086474 -0.0282540729101 1.32251831581e-05 -9.37655719473e-05
BPM.15L7.B2 19340.56459 -0.0135920041245 -0.0259991227828 -9.41192823075e-05 -1.04137037568e-05
BPM.14L7.B2 19394.01311 -0.0114491488489 -0.0270113670909 -9.37021846136e-06 9.42289047268e-05
BPM.13L7.B2 19447.46163 -0.0168052505849 -0.0240474637927 9.44671651039e-05 6.54537050647e-06
BPM.12L7.B2 19500.91014 -0.014269480139 -0.0256335502522 6.76586862454e-06 -9.44516301082e-05
BPM.11L7.B2 19554.35866 -0.0197772331859 -0.0216692872249 -9.4340078843e-05 -8.17530830508e-06
BPM.10L7.B2 19607.13937 -0.0198886871971 -0.0215670369638 -1.23854957151e-05 9.38801628745e-05
BPM.9L7.B2 19646.20438 -0.0266342358163 -0.0123009936472 8.25213616385e-05 4.6444707035e-05
BPM.8L7.B2 19686.66739 -0.0292502720981 -0.00226241992649 5.56391844497e-05 -7.66235468231e-05
BPM.7L7.B2 19725.7314 -0.0241589008415 0.0166446529561 -7.17448144854e-05 -6.18026637475e-05
BPMR.6L7.B2 19760.5494 -0.0243622044094 0.0163456403288 -9.44193330104e-05 7.20249278052e-06
BPMWC.6L7.B2 19772.7279 -0.0218074052172 0.0196248322182 -8.86167822857e-05 3.33759612942e-05
BPMWE.5L7.B2 19849.7819 -0.0286972790862 0.00609615738794 3.74453897412e-05 8.69754572471e-05
BPMW.5L7.B2 19872.9869 -0.0291601391593 -0.00322230411673 7.15653862947e-05 6.20104272375e-05
BPMWE.4L7.B2 19908.0719 -0.0291654181676 -0.00317416803977 9.04257102697e-05 2.8108497948e-05
BPMW.4L7.B2 19936.1769 -0.0280720083513 0.00852404298566 9.16873549471e-05 -2.36710116267e-05
BPMW.4R7.B2 20052.2239 -0.0253182142782 0.0148217741025 -6.8592074617e-05 -6.52841100014e-05
BPMWE.4R7.B2 20080.3289 -0.0289247052494 0.00490493521498 -9.21518422317e-05 -2.17928879344e-05
BPMW.5R7.B2 20115.4139 -0.028669504794 0.00622546861494 -9.18186541293e-05 2.31566861743e-05
BPMWE.5R7.B2 20138.6189 -0.0214251047254 0.0200415031725 -5.66961731387e-05 7.58447922011e-05
BPM.6R7.B2 20217.7584 -0.00949356877495 0.0277591266742 9.02333096351e-05 2.87199675108e-05
BPM_A.7R7.B2 20255.7944 -0.0182209567154 0.0229933403132 8.25806323214e-05 -4.63392702838e-05
BPM.8R7.B2 20294.85841 -0.0184206247584 0.0228336932123 1.09976477286e-05 -9.40528500544e-05
BPM.9R7.B2 20333.92342 -0.00383003916304 0.029086556375 -9.36143648274e-05 -1.4256132481e-05
BPM.10R7.B2 20374.38643 0.0102350228544 0.0274943861584 -2.40877322843e-05 9.15787443084e-05
BPM.11R7.B2 20427.16714 0.00939527367359 0.0277925492643 8.7467022653e-05 3.62823706353e-05
BPM.12R7.B2 20481.89066 0.0130041097121 0.0262981005513 3.56508398624e-05 -8.77263008241e-05
BPM.13R7.B2 20535.33917 0.0105598933303 0.0273712552605 -8.83758532889e-05 -3.40087701792e-05
BPM.14R7.B2 20588.78769 0.0160107838805 0.0245835668917 -3.13476816056e-05 8.93544138273e-05
BPM.15R7.B2 20642.23621 0.013975351186 0.0257950871486 8.96963168763e-05 3.03555683503e-05
BPM.16R7.B2 20695.68472 0.0190242329427 0.0223332828556 2.76592704154e-05 -9.05640777655e-05
BPM.17R7.B2 20749.13324 0.0171594084795 0.0237960429932 -9.08655267155e-05 -2.66522916235e-05
BPM.18R7.B2 20802.58175 0.0217246123507 0.0197164443988 -2.39193664885e-05 9.1622865981e-05
BPM.19R7.B2 20856.03027 0.0200630965882 0.0214048853595 9.18822292404e-05 2.29029296591e-05
BPM.20R7.B2 20909.47879 0.0240683784292 0.0167752830383 2.01449635783e-05 -9.25260384056e-05
BPM.21R7.B2 20962.9273 0.0226358399568 0.0186632181413 -9.27440021424e-05 -1.91163332084e-05
BPM.22R7.B2 21016.37582 0.0260164567018 0.0135587957657 -1.63302081498e-05 9.3274923337e-05
BPM.23R7.B2 21069.82433 0.0248376486962 0.0156137173344 9.3450048674e-05 1.52963075201e-05
BPM.24R7.B2 21123.27285 0.0275510269237 0.010116708888 1.24819231301e-05 -0.000107927125085
BPM.25R7.B2 21176.72137 0.0266446281423 0.0123073423036 -0.000108059139988 -1.12820151146e-05
BPM.26R7.B2 21230.16988 0.0286187908934 0.00650935412519 -8.04027776085e-06 0.000108348580555
BPM.27R7.B2 21283.6184 0.0280002334564 0.00879737516535 0.000108430940873 6.84066201368e-06
BPM.28R7.B2 21337.06691 0.0292302077796 0.00279232373297 3.58256249978e-06 -0.000122648677122
BPM.29R7.B2 21390.51543 0.0289095134929 0.00514219294697 -0.000122680907825 -2.21882946937e-06
BPM.30R7.B2 21443.96394 0.0293472623097 -0.000969697755138 1.45706908579e-06 0.000122692336504
BPM.31R7.B2 21497.41246 0.0293298039943 0.0014016833911 0.000122668707197 -2.81410758245e-06
BPM.32R7.B2 21550.86098 0.0289821126122 -0.00471585277289 -6.48042723218e-06 -0.00012252972581
BPM.33R7.B2 21604.30949 0.0292681461836 -0.0023617234514 -0.000122450099237 7.8424655579e-06
BPM.34R7.B2 21657.75801 0.0281407774443 -0.00838443578629 1.15064878621e-05 0.000122160276398
BPM.33L8.B2 21711.20652 0.0287256361427 -0.00608604526502 0.00012202552833 -1.28569320589e-05
BPM.32L8.B2 21764.65504 0.0268370194811 -0.0119153893848 -1.65000733872e-05 -0.000121586500964
BPM.31L8.B2 21818.10356 0.0277109688225 -0.00971104147056 -0.000121395513298 1.78509577957e-05
BPM.30L8.B2 21871.55207 0.0250924026408 -0.0152503589607 2.14782971081e-05 0.000120806506141
BPM.29L8.B2 21925.00059 0.0262413693662 -0.0131754564489 0.000120561527444 -2.28133260903e-05
BPM.28L8.B2 21978.4491 0.0229353135652 -0.0183350350533 -2.6408920742e-05 -0.000119825282128
BPM.27L8.B2 22031.89762 0.0243399243607 -0.0164246826677 -0.000119524314568 2.77392824256e-05
BPM.26L8.B2 22085.34614 0.0204154769871 -0.0211207922483 3.12912180933e-05 0.000104579513891
BPM.25L8.B2 22138.79465 0.022053508026 -0.0194041838431 0.000104226791489 -3.24467903151e-05
BPM.24L8.B2 22192.24317 0.0175457121792 -0.023559022693 -3.55503912556e-05 -0.000103209429389
BPM.23L8.B2 22245.69168 0.0193894069248 -0.0220665009913 -0.000102808120511 3.66947355192e-05
BPM.22L8.B2 22299.1402 0.0144020441463 -0.0256124038514 3.97415808194e-05 8.76028071262e-05
BPM.21L8.B2 22352.58871 0.0164221587376 -0.0243665099819 8.71572789414e-05 -4.07093688862e-05
BPM.20L8.B2 22406.03723 0.0110069326832 -0.0272444772346 -4.32991570564e-05 -8.59001060161e-05
BPM.19L8.B2 22459.48575 0.0131693870445 -0.0262674960986 -8.54141587043e-05 4.425007342e-05
BPM.18L8.B2 22512.93426 0.00743195758005 -0.0284285088148 4.67864345695e-05 8.40516191541e-05
BPM.17L8.B2 22566.38278 0.00970206688992 -0.027735969509 8.3527973725e-05 -4.77150200062e-05
BPM.16L8.B2 22619.83129 0.00373371393931 -0.0291457284532 -5.01933473437e-05 -8.20626235156e-05
BPM.15L8.B2 22673.27981 0.00607333198122 -0.0287494129593 -8.15007218564e-05 5.11006663343e-05
BPM.14L8.B2 22726.72833 -2.45843683204e-05 -0.0293838986969 5.35166054187e-05 7.99350863423e-05
BPM.13L8.B2 22780.17684 0.00234690519572 -0.0292900348726 7.9336705167e-05 -5.43997439831e-05
BPM.12L8.B2 22833.62536 -0.00645275895575 -0.0286666358124 -5.26131491936e-05 -8.05326116211e-05
BPM.11L8.B2 22887.07387 -0.00531414483777 -0.0288993766623 -8.75050425147e-05 3.9956411896e-05
BPM.10L8.B2 22938.91258 -0.00742803528724 -0.028429533911 3.19955931584e-05 9.07189463273e-05
BPM.9L8.B2 22977.9776 -0.00512975281886 -0.028932676038 9.50675295014e-05 -1.46905587864e-05
BPM.8L8.B2 23018.44061 -0.0278480125989 -0.00937562272024 -4.05087669445e-05 -8.72507120547e-05
BPM.7L8.B2 23057.50662 -0.0280194526055 -0.0088501063546 -8.82220230349e-05 -3.8347365381e-05
BPM.6L8.B2 23089.97562 -0.0177536529404 -0.023414139194 -8.31844854891e-05 4.83113294987e-05
BPMR.5L8.B2 23150.39462 -0.0280760117627 -0.00866900629578 -4.84317574448e-06 -9.60738881352e-05
BPMYB.4L8.B2 23171.16162 -0.029149877245 -0.00370118497478 -3.86681780192e-05 -8.80819015966e-05
BPMWB.4L8.B2 23195.62912 -0.0289238903614 -0.00517906108369 -5.71576131884e-05 -7.7373473198e-05
BPMSX.4L8.B2 23245.78612 -0.0290223576522 -0.00459530875234 -7.71929987397e-05 -5.74010753533e-05
BPMS.2L8.B2 23283.69762 -0.028963388436 -0.00495340955815 -8.62826317295e-05 -4.25331322106e-05
BPMSW.1L8.B2 23293.63162 -0.0289060702218 -0.00527761431811 -8.9704333958e-05 -3.47387699e-05
BPMSW.1R8.B2 23336.82162 -0.0289060625679 -0.00527765610247 -5.81536762037e-05 -7.66276513553e-05
BPMS.2R8.B2 23346.75562 -0.0289633835069 -0.00495343694259 -6.47003767504e-05 -7.1186728862e-05
BPMSX.4R8.B2 23384.66712 -0.0290223571186 -0.00459531223501 -7.64812832398e-05 -5.83460221664e-05
BPMWI.4R8.B2 23434.90012 -0.0289242408721 -0.00517710319697 -9.01655006634e-05 -3.35235352896e-05
BPMYB.4R8.B2 23459.29162 -0.0291499835395 -0.00370034663699 -9.53339642106e-05 -1.28483025295e-05
BPMYB.5R8.B2 23479.86862 -0.028160497448 -0.00839049997783 -9.39009869186e-05 2.08865935841e-05
BPMR.6R8.B2 23563.97662 -0.0179772368339 -0.0232429142959 7.64487908132e-06 -9.58916184748e-05
BPM_A.7R8.B2 23586.21662 -0.0234337263378 -0.0177277912042 -3.02695889162e-05 -9.13093929303e-05
BPM.8R8.B2 23627.65561 -0.0292060711849 -0.00322792696549 -9.49809410486e-05 -1.52402560919e-05
BPM.9R8.B2 23666.7226 -0.0251296797796 0.0152286999007 5.23026722083e-05 8.0734607449e-05
BPM.10R8.B2 23707.18758 -0.0278676089658 -0.00931721403426 5.07599004294e-05 -8.17133933204e-05
BPM.11R8.B2 23759.02827 -0.0293261603114 -0.00184131157242 -7.51452110869e-05 -6.00570050518e-05
BPM.12R8.B2 23813.75476 -0.0293723958187 -0.000822478384403 -6.1377055128e-05 7.40709211013e-05
BPM.13R8.B2 23867.20624 -0.0286562636224 0.00649866617013 7.77511067354e-05 5.66428375516e-05
BPM.14R8.B2 23920.65773 -0.0290872742099 0.0041646831633 5.57661032484e-05 -7.8382332512e-05
BPM.15R8.B2 23974.10921 -0.0275895042778 0.0101110514001 -8.00220338994e-05 -5.33865085864e-05
BPM.16R8.B2 24027.56069 -0.0283155441018 0.00785137375418 -5.24889817928e-05 8.06136000954e-05
BPM.17R8.B2 24081.01218 -0.0260691299289 0.0135578232594 8.21545109569e-05 5.0042796211e-05
BPM.18R8.B2 24134.46366 -0.0270784082725 0.0114093782474 4.91169054658e-05 -8.27113936992e-05
BPM.19R8.B2 24187.91515 -0.0241208690908 0.0167808754516 -8.41493208562e-05 -4.66104747864e-05
BPM.20R8.B2 24241.36663 -0.0253964955434 0.014779449248 -4.56668916715e-05 8.46651065559e-05
BPM.21R8.B2 24294.81811 -0.0217754691005 0.0197292435754 8.59992601187e-05 4.31019197147e-05
BPM.22R8.B2 24348.2696 -0.0232969433917 0.0179071643275 4.21337036735e-05 -8.64777323486e-05
BPM.23R8.B2 24401.72108 -0.0190733030226 0.0223522530905 -8.77041719412e-05 -3.95173676085e-05
BPM.24R8.B2 24455.17257 -0.0206788644429 0.0207479915297 -3.64493950336e-05 -4.8490938855e-05
BPM.25R8.B2 24508.62405 -0.0159222117478 0.0245881629933 -4.73745156156e-05 3.78891121173e-05
BPM.26R8.B2 24562.07554 -0.0178544350274 0.0232231293513 3.84174035607e-05 4.69470829027e-05
BPM.27R8.B2 24615.52702 -0.012645395929 0.026423257716 4.57712433853e-05 -3.98110606082e-05
BPM.28R8.B2 24668.9785 -0.0146014926274 0.0253241825419 -3.82416967547e-05 -0.000181947426305
BPM.29R8.B2 24722.42999 -0.00902818220994 0.027803052612 -0.000180717510034 4.36861221357e-05
BPM.30R8.B2 24775.88147 -0.0112414054328 0.0269842289652 4.57057689469e-05 0.000180217299139
BPM.31R8.B2 24829.33296 -0.00539490825028 0.0287299977978 0.000178761812001 -5.1102982023e-05
BPM.32R8.B2 24882.78444 -0.00769765476752 0.0282004240974 -5.31041883856e-05 -0.000178177548251
BPM.33R8.B2 24936.23592 -0.00167765516196 0.0291839558945 -0.00017650243929 5.84309896446e-05
BPM.34R8.B2 24989.68741 -0.00402605850489 0.0289535604325 6.04039928529e-05 0.000175836998661
BPM.33L1.B2 25043.13889 0.00207193573446 0.0291586160688 0.000173942504202 -6.56604630491e-05
BPM.32L1.B2 25096.59038 -0.000289926096725 0.0292306987879 -6.76054416825e-05 -0.000173195835005
BPM.31L1.B2 25150.04186 0.00578277905107 0.0286544459917 -0.000171086409253 7.27786429706e-05
BPM.30L1.B2 25203.49334 0.00345282516083 0.0290275008756 7.4691151764e-05 0.000170260163858
BPM.29L1.B2 25256.94483 0.00940306831266 0.0276785135993 0.000167940135862 -7.9770989123e-05
BPM.28L1.B2 25310.39631 0.00713681258081 0.028347552175 -8.16469823463e-05 -0.000167036108831
BPM.27L1.B2 25363.8478 0.01286473243 0.0262491231672 -0.000164506266188 8.66313467922e-05
BPM.26L1.B2 25417.29928 0.0108413129917 0.0272103323093 9.05520102904e-05 2.68995609506e-05
BPM.25L1.B2 25470.75077 0.016252575118 0.0243678077238 2.41681226347e-05 -9.1318994447e-05
BPM.24L1.B2 25524.20225 0.0142321548955 0.0256004300397 -9.15842554826e-05 -2.31426546935e-05
BPM.23L1.B2 25577.65373 0.0192361245006 0.0220886343304 -2.03792227662e-05 9.22385165783e-05
BPM.22L1.B2 25631.10522 0.0175270733239 0.0235780335516 9.45481078751e-05 -0.000117285880401
BPM.21L1.B2 25684.5567 0.0220384804537 0.0194274894107 -0.000120073576047 -9.09816330984e-05
BPM.20L1.B2 25738.00819 0.0203985976675 0.0211428280722 -8.96263827677e-05 0.00012108855631
BPM.19L1.B2 25791.45967 0.0243432530601 0.0164477353035 0.000123726286165 8.59484337365e-05
BPM.18L1.B2 25844.91115 0.022936266783 0.0183589115029 8.45616817432e-05 -0.000124678185633
BPM.17L1.B2 25898.36264 0.0262469691894 0.0131991883844 -0.000127162911211 -8.07769761367e-05
BPM.16L1.B2 25951.81412 0.0250960433802 0.0152745072554 -7.93417900622e-05 0.000128063290994
BPM.15L1.B2 26005.26561 0.0277200633078 0.00973242290342 0.000130388509321 7.54596885516e-05
BPM.14L1.B2 26058.71709 0.0268440880847 0.0119380442379 7.39999006258e-05 -0.000131222502995
BPM.13L1.B2 26112.16857 0.0287372455206 0.00610677372456 -0.000133387291503 -7.00225425675e-05
BPM.12L1.B2 26165.62006 0.0267561871118 0.0121337717369 -7.90549453041e-05 0.000128240575977
BPM.11L1.B2 26219.07154 0.0255919695382 0.0144282036431 0.000126116460618 8.24012411496e-05
BPM.10L1.B2 26271.85423 0.0246099123423 0.0160460020012 6.03979474688e-05 -0.000138012376225
BPM.9L1.B2 26310.92122 0.0275064124408 0.0103208158765 -0.00013480876807 -6.72452107294e-05
BPM.8L1.B2 26351.38621 0.0120125771059 0.0268108178955 1.05645879232e-05 0.000150278794108
BPM.7L1.B2 26390.4542 0.0222356223205 0.0192015380701 0.000150635334127 2.07811180818e-06
BPMR.6L1.B2 26433.6382 0.0278242040687 0.00943056909573 4.68286988474e-06 -0.000150576882891
BPM.5L1.B2 26465.5382 0.0246875472525 -0.0159262982543 -0.000139259149229 -5.74649290963e-05
BPMYA.4L1.B2 26486.6562 0.0206122921249 -0.0209345498833 -0.000150424339465 -8.2369928359e-06
BPMWB.4L1.B2 26507.7127 0.0179097020155 -0.0232887213015 -0.000149128198866 2.13565372384e-05
BPMSY.4L1.B2 26600.5687 0.0171070545616 -0.0238845274474 -0.00013441403138 6.80307761411e-05
BPMS.2L1.B2 26627.3542 0.0167882903953 -0.024109651023 -0.000129665525524 7.66955031217e-05
BPMSW.1L1.B2 26637.4082 0.0166524310497 -0.0242036879357 -0.000126044209319 8.25114528166e-05
