BPMSW.1R1.B2 21.475 -0.0285780134433 0.00987332398766 3.88988046363e-05 -0.000110497506386
BPMS.2R1.B2 31.529 -0.0286331001193 0.00971241370699 3.38343665168e-05 -0.000112151182859
BPMSY.4R1.B2 58.3145 -0.0287595935057 0.00933119105642 2.64109206778e-05 -0.000114128418961
BPMWB.4R1.B2 151.1705 -0.0290604530052 0.00834718006714 -1.15644892047e-05 -0.000116572278572
BPMYA.4R1.B2 172.227 -0.0298606505332 0.0047462500939 -3.41512050794e-05 -0.000112055943887
BPMR.5R1.B2 199.635 -0.0299270363261 -0.00430788120078 -8.13188111849e-05 -8.43213241856e-05
BPM.6R1.B2 231.535 -0.0100363755882 -0.0285211589579 -9.57288898512e-05 6.75189705e-05
BPMRA.7R1.B2 259.259 -0.00230556948157 -0.0301474657804 -5.56975182037e-06 0.000117012011119
BPM.8R1.B2 300.6960106 -0.00192039132417 -0.0301744501251 0.000114083181236 2.66056962455e-05
BPM.9R1.B2 339.7610212 -0.00845291282764 -0.0290298744108 5.26400878987e-06 -0.000117026164529
BPM.10R1.B2 380.2240318 -0.018736892466 -0.0237300275031 -0.000114468434187 2.48961259649e-05
BPM.11R1.B2 433.0047424 -0.00304346559852 -0.0300819324674 5.9341903035e-05 0.000101001844497
BPM.12R1.B2 487.7282583 -0.01232273697 -0.0276104237099 0.00010393501311 -5.40402204496e-05
BPM.13R1.B2 541.1767742 -0.0136612932576 -0.0269732165317 -4.5490586575e-05 -0.000107951097965
BPM.14R1.B2 594.6252901 -0.0189627143102 -0.0235499641201 -0.000106541325825 4.87009343803e-05
BPM.15R1.B2 648.073806 -0.0169997532233 -0.0250038743784 4.98789746929e-05 0.000105994912604
BPM.16R1.B2 701.5223219 -0.0218186715986 -0.0209315769354 0.000104453622421 -5.30308792503e-05
BPM.17R1.B2 754.9708378 -0.0200589333826 -0.0226235394056 -5.41865334989e-05 -0.000103858815522
BPM.18R1.B2 808.4193537 -0.0243175436459 -0.0179678161032 -0.00010219217876 5.72677459368e-05
BPM.19R1.B2 861.8678696 -0.022787833794 -0.019872090348 5.8396965519e-05 0.00010155110682
BPM.20R1.B2 915.3163855 -0.026415808816 -0.0147102136994 9.97563137123e-05 -6.14126612022e-05
BPM.21R1.B2 968.7649014 -0.0251428785224 -0.0167934809821 -6.25157090979e-05 -9.90687620874e-05
BPM.22R1.B2 1022.213417 -0.0280807526413 -0.0112096688123 -9.7155611289e-05 6.5449379826e-05
BPM.23R1.B2 1075.661933 -0.0270843756098 -0.0134395662691 6.65223151799e-05 9.64241418153e-05
BPM.24R1.B2 1129.110449 -0.0294054275408 -0.00750328777034 9.45130933035e-05 5.40672540407e-05
BPM.25R1.B2 1182.558965 -0.0287040316209 -0.009851754441 5.30126294466e-05 -9.5108632627e-05
BPM.26R1.B2 1236.007481 -0.0301237054285 -0.00367979184443 -9.66521905658e-05 -5.01432506759e-05
BPM.27R1.B2 1289.455997 -0.0297285058224 -0.00609872433188 -4.90716663595e-05 9.72006332003e-05
BPM.28R1.B2 1342.904513 -0.0304686538842 0.000226670179967 9.87448051568e-05 0.000169599121624
BPM.29R1.B2 1396.353029 -0.0303875688731 -0.00223291445452 0.000168487094354 -0.000100630474068
BPM.30R1.B2 1449.801545 -0.0301893450682 0.00412234074279 -0.000105630695961 -0.000165398168884
BPM.31R1.B2 1503.25006 -0.0304235496764 0.00167268467253 -0.000164223628967 0.000107447660355
BPM.32R1.B2 1556.698576 -0.0294139464745 0.00795047179354 0.000112311624497 0.000160936307211
BPM.33R1.B2 1610.147092 -0.0299595955655 0.00555093527334 0.000159673462252 -0.000114099877373
BPM.34R1.B2 1663.595608 -0.0281554369792 0.0116473867224 -0.000118828894059 -0.000156186079934
BPM.33L2.B2 1717.044124 -0.0290035548511 0.0093372402127 -0.000154866361254 0.000120543808522
BPM.32L2.B2 1770.49264 -0.0264338747698 0.0151538943352 0.000125123256599 0.000151190505586
BPM.31L2.B2 1823.941156 -0.0275705175816 0.012971384239 0.000149785889159 -0.000126801359367
BPM.30L2.B2 1877.389672 -0.0242787735132 0.0184100897709 -0.000131227477983 -0.000145923769275
BPM.29L2.B2 1930.838188 -0.0256852879791 0.0163907361047 -0.000144467063056 0.000132829470057
BPM.28L2.B2 1984.286704 -0.0217234966777 0.0213653911896 0.000137093376492 0.000140427231796
BPM.27L2.B2 2037.73522 -0.0233767668461 0.0195426973744 0.000138891055372 -0.000138649452451
BPM.26L2.B2 2091.183735 -0.0189340844745 0.0239916530183 -0.000142623828595 -1.12295583638e-05
BPM.25L2.B2 2144.632251 -0.020807917444 0.0223859228264 -9.65106117701e-06 0.000142739338689
BPM.24L2.B2 2198.080767 -0.0157081558042 0.0262174142649 0.000142964350565 5.37203725281e-06
BPM.23L2.B2 2251.529283 -0.0177732541289 0.0248638373516 3.78298029272e-06 -0.000143015215276
BPM.22L2.B2 2304.977799 -0.0123476772917 0.0280343977501 -0.000142948029929 0.000123955099854
BPM.21L2.B2 2358.426315 -0.0145682455008 0.0269473341124 0.000125531855414 0.000141565380858
BPM.20L2.B2 2411.874831 -0.00865832344653 0.0293841118075 0.000137742092452 -0.000129715547213
BPM.19L2.B2 2465.323347 -0.0110029906075 0.028588927742 -0.000131235781097 -0.000136294467371
BPM.18L2.B2 2518.771863 -0.00483022034292 0.0302499845121 -0.000132308404241 0.000135253435955
BPM.17L2.B2 2572.220379 -0.00725378437723 0.0297619758103 0.000136711823572 0.000130800911444
BPM.16L2.B2 2625.668894 -0.000919148231955 0.030619401666 0.000126649789513 -0.000140566139255
BPM.15L2.B2 2679.11741 -0.00338895114684 0.0304451572873 -0.000141962531545 -0.000125082569553
BPM.14L2.B2 2732.565926 0.00300346283455 0.0304855999253 -0.000120778386119 0.000145641994795
BPM.13L2.B2 2786.014442 0.000535425965782 0.0306285146645 0.000146971917933 0.000119156488851
BPM.12L2.B2 2839.462958 0.00755144052078 0.0296878483196 0.000116712156931 -0.000148920385079
BPM.11L2.B2 2892.911474 0.00173287713175 0.0305841417765 -0.000136973417208 -0.000130526970338
BPM.10L2.B2 2944.750185 0.00420897673068 0.0303426614945 -0.000153733831236 0.000110294708435
BPM.9L2.B2 2983.815195 0.0102014662895 0.0288846443183 7.67282306263e-05 0.000172950233946
BPM.8L2.B2 3024.278206 0.0206034346809 0.0226691656419 6.78419355989e-05 -0.000176625246178
BPM.7L2.B2 3063.344216 -0.0110212599238 0.0285818897314 -0.000184228424376 -4.31149848395e-05
BPM.6L2.B2 3095.450216 -0.0137180727226 0.0273899082289 -0.000183283157815 4.69712557644e-05
BPMYB.5L2.B2 3167.649216 -0.0063676244744 0.0299640776672 3.6099582117e-05 0.000185730520186
BPMYB.4L2.B2 3188.219216 -0.000462059848358 0.030629709312 0.000137625880648 0.000129838841818
BPMWB.4L2.B2 3212.610716 -0.00619655794959 0.029999921025 0.000186389085409 -3.25287142646e-05
BPMSX.4L2.B2 3262.843716 0.00954490332294 0.0291082018037 -8.5533204956e-05 -0.00016876928985
BPMS.2L2.B2 3300.755216 0.00958065463289 0.0290964542349 -0.000174028663865 -7.42498976502e-05
BPMSW.1L2.B2 3310.689216 0.00848114559033 0.0294357395218 -0.000187299817231 -2.67915440847e-05
BPMSW.1R2.B2 3353.879216 0.00848276471083 0.0294352729687 5.69924799112e-05 -0.000180418587671
BPMS.2R2.B2 3363.813216 0.00958183838088 0.0290960644335 8.4703795386e-06 -0.000189016560399
BPMSX.4R2.B2 3401.724716 0.00954469811972 0.0291082690986 -0.000115056010977 -0.000150203611535
BPMWB.4R2.B2 3451.881716 -0.00620354255514 0.0299984774873 -0.000110550648404 0.000153549870492
BPMYB.4R2.B2 3476.349216 -0.000597534270297 0.0306273659429 5.72788453613e-05 0.000180327875637
BPM.5R2.B2 3505.883216 -0.0188587191243 0.0241400353199 0.000187258528847 2.7078603501e-05
BPMR.6R2.B2 3579.179216 -0.0222780410498 0.0210257337038 3.81870511957e-05 -0.000185312601971
BPM_A.7R2.B2 3592.054216 -0.021363345848 0.0219544994396 4.60198805052e-06 -0.000189150268248
BPM.8R2.B2 3633.493206 -0.0114024278357 0.028431975506 -0.000164447076169 -9.35743937417e-05
BPM.9R2.B2 3672.560195 0.0192513214816 0.0238281181152 -2.18055816524e-05 0.000187945538272
BPM.10R2.B2 3713.025185 0.0209532717614 0.0223462075987 0.00016801133011 8.70126353951e-05
BPM.11R2.B2 3764.865874 0.0225809004009 0.0207001335449 0.000102887314991 -0.000158786684445
BPM.12R2.B2 3819.592358 0.021226432542 0.0220869000407 -0.000167248989944 -8.84691060933e-05
BPM.13R2.B2 3873.043842 0.026935194688 0.0145906778467 -6.99634936689e-05 0.000175795671759
BPM.14R2.B2 3926.495326 0.0256704652256 0.0167158549586 0.000176566284779 6.79952769184e-05
BPM.15R2.B2 3979.94681 0.028580770596 0.011024161829 6.2668989976e-05 -0.000178526215314
BPM.16R2.B2 4033.398294 0.0275974156546 0.0132956850495 -0.000179218693173 -6.06602605737e-05
BPM.17R2.B2 4086.849779 0.0297561418712 0.00727767903561 -5.52390485373e-05 0.000180963156138
BPM.18R2.B2 4140.301263 0.0290718441378 0.00965507484518 0.000181569157225 5.32132381218e-05
BPM.19R2.B2 4193.752747 0.0304426895605 0.00341104736478 4.77440196045e-05 -0.000183083371815
BPM.20R2.B2 4247.204231 0.0300679925291 0.00585733873705 -0.000183608217248 -4.56840322101e-05
BPM.21R2.B2 4300.655715 0.0306289271344 -0.000511287009674 -4.01374310423e-05 0.000184899958486
BPM.22R2.B2 4354.107199 0.0305702759391 0.00196235086059 0.000185336794536 3.80694311646e-05
BPM.23R2.B2 4407.558683 0.0303118532715 -0.00442539751487 3.24937343218e-05 -0.000186395201892
BPM.24R2.B2 4461.010167 0.0303030720138 -0.0019809913897 -0.000190781510497 0.000236215092382
BPM.25R2.B2 4514.461651 0.0292321431054 -0.00822692591236 0.000241837272141 0.000183602548243
BPM.26R2.B2 4567.913135 0.0298007237594 -0.0058410070854 0.000180905552439 -0.000243861300148
BPM.27R2.B2 4621.36462 0.027939015224 -0.0119000810402 -0.000249189809416 -0.000173492359322
BPM.28R2.B2 4674.816104 0.028541770629 -0.00962171080578 -0.000174666926872 0.000517695164637
BPM.29R2.B2 4728.267588 0.0259243282535 -0.0153342490832 0.000522695331196 0.000159079907786
BPM.30R2.B2 4781.719072 0.027076735067 -0.0131931955181 0.000153290290744 -0.000524422462426
BPM.31R2.B2 4835.170556 0.0237469872931 -0.0185281025766 -0.00052880320812 -0.000137419011525
BPM.32R2.B2 4888.62204 0.0251660001811 -0.0165493934779 -0.000131415400491 0.000530327091909
BPM.33R2.B2 4942.073524 0.0211853068477 -0.0214101089131 0.00053402573386 0.000115470031205
BPM.34R2.B2 4995.525008 0.0228427228672 -0.0196321166068 0.000109542268409 -0.000535273117638
BPM.33L3.B2 5048.976492 0.0182676151321 -0.0239479482942 -0.000538330388698 -9.33660882894e-05
BPM.32L3.B2 5102.427976 0.0201429152376 -0.0223935918526 -8.72745905764e-05 0.000539351445689
BPM.31L3.B2 5155.87946 0.0150596130552 -0.0260848240361 0.000541724437699 7.10735141024e-05
BPM.30L3.B2 5209.330945 0.0171132821494 -0.0247859953146 6.50445311322e-05 -0.000542481367747
BPM.29L3.B2 5262.782429 0.0115923898299 -0.0277997569858 -0.000544194015866 -4.86796382658e-05
BPM.28L3.B2 5316.233913 0.0138013970391 -0.0267718402528 -4.2544058831e-05 0.000544708019218
BPM.27L3.B2 5369.685397 0.00794803719494 -0.0290523440584 0.000545738803144 2.61913396206e-05
BPM.26L3.B2 5423.136881 0.00999898275972 -0.0283332735602 1.60194190008e-05 -0.000279417441428
BPM.25L3.B2 5476.588365 0.0038983701481 -0.029791890807 -0.000279772746354 -7.61121485818e-06
BPM.24L3.B2 5530.039849 0.0062922165716 -0.029379619779 -4.47142623987e-06 0.000279840551717
BPM.23L3.B2 5583.491333 5.92466487181e-05 -0.0300458073212 0.000279848613748 -3.93391928602e-06
BPM.22L3.B2 5636.942817 0.00221775531886 -0.0299598165425 -1.113214542e-05 -1.32206936073e-05
BPM.21L3.B2 5690.394301 -0.00404894995136 -0.0297676846537 -1.28802417565e-05 1.15243226409e-05
BPM.20L3.B2 5743.845786 -0.00163286210961 -0.0299973800081 1.1667932394e-05 1.27502870769e-05
BPM.19L3.B2 5797.29727 -0.00782348768349 -0.029005207907 1.2394004624e-05 -1.20457441221e-05
BPM.18L3.B2 5850.748754 -0.00545717959008 -0.029541974154 -1.21838059029e-05 -1.22582958891e-05
BPM.17L3.B2 5904.200238 -0.0114700137052 -0.0277659473274 -1.18867128831e-05 1.25465905721e-05
BPM.16L3.B2 5957.651722 -0.00919129727879 -0.0286012080165 1.26790048056e-05 1.17453782488e-05
BPM.15L3.B2 6011.103206 -0.0149275393606 -0.0260706274193 1.13591248337e-05 -1.30261849368e-05
BPM.14L3.B2 6064.55469 -0.0127748742897 -0.0271902856323 -1.31525780818e-05 -1.12125089101e-05
BPM.13L3.B2 6118.006174 -0.0181402335927 -0.0239466275469 -1.08123457654e-05 1.34834792922e-05
BPM.12L3.B2 6171.457658 -0.0122280636713 -0.0274405449116 1.26255125511e-05 1.18028511039e-05
BPM.11L3.B2 6224.909142 -0.00937336957836 -0.0285420564982 1.23475607124e-05 -1.20933220399e-05
BPM.10L3.B2 6277.691832 0.00306488062587 -0.029885038945 -1.1066058467e-05 -1.32760479356e-05
BPM.9L3.B2 6316.758821 -0.0019972811353 -0.0299753217482 -1.72828851219e-05 -1.11816637291e-07
BPM.8L3.B2 6357.223811 -0.0076421380908 -0.0290535156373 -1.01037117438e-05 1.40223385251e-05
BPM.7L3.B2 6396.2898 -0.0191351674173 -0.0231593267064 7.87253560426e-06 1.5386178792e-05
BPMR.6L3.B2 6468.9288 -0.0300322108085 0.000758524435442 9.84041546662e-06 -1.42083662888e-05
BPMWE.5L3.B2 6511.9823 -0.030009525401 0.00139191628436 -4.30354473529e-07 -1.72779285889e-05
BPMW.5L3.B2 6539.5273 -0.0290120033204 -0.00779825039322 -8.05586537557e-06 -1.52909723631e-05
BPMWE.4L3.B2 6614.6553 -0.0299196734088 0.00270595427835 -1.69754444753e-05 3.24734224197e-06
BPMW.4L3.B2 6642.2003 -0.0175498339827 0.0243826244044 -6.46204084784e-06 1.60297551933e-05
BPMW.4R3.B2 6687.1653 -0.0118067559043 0.0276244377489 4.74930410838e-06 1.66179172981e-05
BPMWE.4R3.B2 6714.7103 -0.0168402173342 0.0248780249434 1.06046139176e-05 1.3647467178e-05
BPMW.5R3.B2 6789.8383 -0.0118895969734 0.0275888841679 1.69364793924e-05 -3.44483956254e-06
BPMWE.5R3.B2 6817.3833 8.80602551479e-05 0.0300416592548 1.20947987651e-05 -1.23461099042e-05
BPMWC.6R3.B2 6858.3743 0.002960860758 0.029895523911 2.27626221585e-06 -1.71326992562e-05
BPM.6R3.B2 6870.5288 -0.000267654514496 0.0300405959847 -1.54569317232e-06 -1.72140007324e-05
BPM_A.7R3.B2 6926.3528 0.000404230223653 0.0300390686173 -1.62082313252e-05 -6.00031634621e-06
BPM.8R3.B2 6965.418789 -0.0159115613566 0.0254819791306 -7.060934518e-06 1.57751313455e-05
BPM.9R3.B2 7004.485779 -0.0300406130375 0.000265731496156 1.67409734312e-05 4.2954892775e-06
BPM.10R3.B2 7044.950768 -0.0298098018032 0.00372622624303 1.46106492719e-05 -9.23256146343e-06
BPM.11R3.B2 7097.733458 -0.0270881808556 0.0129899770298 -6.1148296161e-06 -1.61653876383e-05
BPM.12R3.B2 7152.459942 -0.0215600261461 0.0209206672633 -1.4446433827e-05 9.48744817598e-06
BPM.13R3.B2 7205.911426 -0.0244645403743 0.0174354612968 1.03931938612e-05 1.38091357445e-05
BPM.14R3.B2 7259.36291 -0.020313217679 0.0221332833785 1.34906890636e-05 -1.08033504702e-05
BPM.15R3.B2 7312.814394 -0.0220334821983 0.0204214276644 -1.09538635367e-05 -1.33687642369e-05
BPM.16R3.B2 7366.265878 -0.0173149958556 0.0245499483517 -1.30337115395e-05 1.13504796593e-05
BPM.17R3.B2 7419.717362 -0.0192398154009 0.0230724630185 1.14957506273e-05 1.29057672623e-05
BPM.18R3.B2 7473.168846 -0.0140319835447 0.0265633673193 1.25545068639e-05 -1.18783720868e-05
BPM.19R3.B2 7526.62033 -0.0161303666136 0.0253440391166 -1.20183143359e-05 -1.24205725317e-05
BPM.20R3.B2 7580.071814 -0.0105187007471 0.0281401133666 -1.20539707399e-05 1.23859966216e-05
BPM.21R3.B2 7633.523299 -0.0127553989826 0.0271994272542 1.2520225259e-05 1.19144656457e-05
BPM.22R3.B2 7686.974783 -0.00683220331564 0.0292545730402 1.15329137471e-05 -1.28725827479e-05
BPM.23R3.B2 7740.426267 -0.00917134156493 0.0286076133202 -1.30010165906e-05 -1.13878936378e-05
BPM.24R3.B2 7793.877751 -0.00304467386645 0.0298903094721 -1.09800496483e-05 2.44474920451e-05
BPM.25R3.B2 7847.329235 -0.00544689777044 0.0295471139772 2.4568925649e-05 1.07055104542e-05
BPM.26R3.B2 7900.780719 0.000804330398991 0.0300342086927 9.96250171e-06 -2.48795100513e-05
BPM.27R3.B2 7954.232203 -0.00162275212002 0.0300011218861 -2.49895806344e-05 -9.68304748471e-06
BPM.28R3.B2 8007.683687 0.00462885687765 0.0296866465366 -8.91569199828e-06 3.63794576958e-05
BPM.29R3.B2 8061.135171 0.00221812301172 0.0299633647671 3.64770429028e-05 8.5076984243e-06
BPM.30R3.B2 8114.586655 0.00838873756621 0.0288505178386 7.4079982006e-06 -3.67161563707e-05
BPM.31R3.B2 8168.03814 0.00603238905323 0.0294335451532 -3.67968891167e-05 -6.99598935742e-06
BPM.32R3.B2 8221.489624 0.0120103933539 0.0275404021293 -5.88723201614e-06 3.69904739358e-05
BPM.33R3.B2 8274.941108 0.00974875607903 0.0284198003685 3.70540852466e-05 5.47264403839e-06
BPM.34R3.B2 8328.392592 0.0154350158195 0.0257775791073 4.35710730703e-06 -3.72017570284e-05
BPM.33L4.B2 8381.844076 0.0133037699572 0.0269394321253 -3.72482656554e-05 -3.93975571177e-06
BPM.32L4.B2 8435.29556 0.0186057142587 0.0235913267013 -2.81869119464e-06 3.73498282722e-05
BPM.31L4.B2 8488.747044 0.0166412103857 0.0250158632653 3.73790425641e-05 2.40036698614e-06
BPM.30L4.B2 8542.198528 0.0214709065994 0.0210172183529 1.27652594314e-06 -3.74343007481e-05
BPM.29L4.B2 8595.650012 0.0197042815076 0.0226818118369 -3.7446240842e-05 -8.56703614357e-07
BPM.28L4.B2 8649.101496 0.0239830785386 0.0180979347232 2.68973622399e-07 3.74550655623e-05
BPM.27L4.B2 8702.55298 0.0224443106724 0.0199743890187 3.7449729586e-05 -6.88233678541e-07
BPM.26L4.B2 8756.004465 0.0260903829306 0.0148830725434 -1.80066617479e-06 -2.63017998522e-05
BPM.25L4.B2 8809.455949 0.0248039087272 0.0169404852957 -2.62799804931e-05 2.09547433093e-06
BPM.24L4.B2 8862.907433 0.0277799121432 0.0114232399895 2.88423739056e-06 2.62051459644e-05
BPM.23L4.B2 8916.358917 0.0267673737971 0.0136279723345 2.61711973147e-05 -3.17740345841e-06
BPM.22L4.B2 8969.810401 0.0290020928566 0.00777751089225 -3.9499591723e-06 -1.49536765033e-05
BPM.21L4.B2 9023.261885 0.0282796946197 0.0100930638401 -1.49084435089e-05 4.11736440003e-06
BPM.20L4.B2 9076.713369 0.0297587357306 0.00400358755016 4.56346570322e-06 1.47780025553e-05
BPM.19L4.B2 9130.164853 0.0293385354291 0.00639229257366 1.47259764382e-05 -4.72865200902e-06
BPM.18L4.B2 9183.616337 0.0300263932877 0.000163620528296 -5.16886222673e-06 -1.45772965021e-05
BPM.17L4.B2 9237.067821 0.0299152175885 0.00258666235076 -1.45184114437e-05 5.33196082583e-06
BPM.16L4.B2 9290.519306 0.0298006334529 -0.00367876491137 5.76580340836e-06 1.43516619973e-05
BPM.15L4.B2 9343.97079 0.0300003244242 -0.00126158627594 1.42861923183e-05 -5.92614245024e-06
BPM.14L4.B2 9397.422274 0.0290851302019 -0.0074609829623 -6.35261595198e-06 -1.41017217956e-05
BPM.13L4.B2 9450.873758 0.0295924393324 -0.00508906670201 -1.40296228727e-05 6.51030759201e-06
BPM.12L4.B2 9504.325242 0.0266400097558 -0.0138535535405 6.1381065107e-06 1.4196408692e-05
BPM.11L4.B2 9557.776726 0.0271182623366 -0.0128922811541 1.50120217749e-05 -3.7220313414e-06
BPMC.10L4.B2 9609.617415 0.0253103508074 -0.0161554079991 -1.59184841678e-06 -1.53844143503e-05
BPMC.9L4.B2 9648.684405 0.0236937866993 -0.0184449325606 -1.54145059551e-05 -1.26789910464e-06
BPMC.8L4.B2 9689.149394 0.0168394158974 -0.0248605136161 1.00074766738e-05 1.17925583588e-05
BPMC.7L4.B2 9728.215384 0.0298577355282 -0.00318224675024 1.07147163537e-05 -1.11538854427e-05
BPMYA.6L4.B2 9824.819384 0.0290636316988 -0.00754429443329 -7.67919606878e-06 -1.34254912251e-05
BPMYB.5L4.B2 9861.819384 0.029077173809 -0.00749193077246 -1.10086420767e-05 -1.08639131057e-05
BPMWA.B5L4.B2 9964.209884 0.0213004787098 -0.021163663963 -1.49250706517e-05 4.05667913328e-06
BPMWA.A5L4.B2 9973.094884 0.0205344147442 -0.0219077355458 -1.44799126263e-05 5.4356625138e-06
BPMWA.A5R4.B2 10021.14388 0.0179290919788 -0.0240864843093 -1.04242009132e-05 1.14258707595e-05
BPMWA.B5R4.B2 10030.02888 0.0177795932106 -0.0241970479762 -9.46786827473e-06 1.2230035758e-05
BPMYA.5R4.B2 10132.49538 0.0214655453798 -0.0209962239704 2.52199356533e-06 1.52595211037e-05
BPMYB.6R4.B2 10164.05938 0.0209301229378 -0.0215300028649 5.75287844099e-06 1.4356845596e-05
BPMCA.7R4.B2 10260.57538 0.0270913564027 -0.0129487247841 1.3630597472e-05 -7.30897824566e-06
BPMC.8R4.B2 10298.36637 0.0295602709035 -0.00527270797227 -8.16159448832e-06 -1.31378394093e-05
BPMC.9R4.B2 10337.43336 0.0190721508561 -0.0231918978778 -8.92964980287e-06 1.26283656493e-05
BPMC.10R4.B2 10377.89835 0.0181499391533 -0.0239205094846 9.7687418305e-06 1.19910951557e-05
BPM.11R4.B2 10429.73904 0.00919755032808 -0.0285834940768 1.28276676725e-05 -8.6409044503e-06
BPM.12R4.B2 10484.46553 0.00819044472522 -0.0288881927515 -8.01963810322e-06 -1.32249768542e-05
BPM.13R4.B2 10537.91701 0.00196188237412 -0.0299626781721 -1.29664619243e-05 8.43122006414e-06
BPM.14R4.B2 10591.36849 0.00437405157859 -0.0297065436992 8.57602564364e-06 1.28711484713e-05
BPM.15R4.B2 10644.81998 -0.00188695716122 -0.0299674900218 1.26076948146e-05 -8.9588366434e-06
BPM.16R4.B2 10698.27146 0.000537680319588 -0.0300220246722 -9.09951857581e-06 -1.25065462516e-05
BPM.17R4.B2 10751.72295 -0.00570541012598 -0.0294798127654 -1.22275280772e-05 9.47111290812e-06
BPM.18R4.B2 10805.17443 -0.00330719302717 -0.0298441542003 9.60756499145e-06 1.21206154643e-05
BPM.19R4.B2 10858.62591 -0.00942949352234 -0.0285078185423 1.18264687542e-05 -9.96738771332e-06
BPM.20R4.B2 10912.0774 -0.00709804402285 -0.0291758262396 -1.00992083802e-05 -1.17140906002e-05
BPM.21R4.B2 10965.52888 -0.012999204506 -0.027067171032 -1.14054284926e-05 1.04465543329e-05
BPM.22R4.B2 11018.98037 -0.0107719500275 -0.0280281315466 1.05737239317e-05 1.12876319594e-05
BPM.23R4.B2 11072.43185 -0.0163547706867 -0.0251819884331 1.096482907e-05 -1.09081049185e-05
BPM.24R4.B2 11125.88333 -0.014286274792 -0.026420918681 -1.12934771527e-05 6.42178354787e-06
BPM.25R4.B2 11179.33482 -0.0194590056759 -0.0228803341165 6.75813863875e-06 1.10954542401e-05
BPM.26R4.B2 11232.7863 -0.0175487324743 -0.0243763118549 1.10189955907e-05 -6.88208494355e-06
BPM.27R4.B2 11286.23779 -0.0222260776538 -0.0202030706273 -7.21005596773e-06 -1.08072536446e-05
BPM.28R4.B2 11339.68927 -0.0205402058727 -0.0219321809551 -1.09891319986e-05 2.45945052168e-05
BPM.29R4.B2 11393.14075 -0.0246450506687 -0.0171913378147 2.49135621051e-05 1.02452844854e-05
BPM.30R4.B2 11446.59224 -0.0231771041889 -0.0191243943697 9.96530213718e-06 -2.50268464602e-05
BPM.31R4.B2 11500.04372 -0.0266418095792 -0.0138972875575 -2.53149522035e-05 -9.20891995448e-06
BPM.32R4.B2 11553.49521 -0.0254332182771 -0.0160022507022 -8.92494257741e-06 2.54164668726e-05
BPM.33R4.B2 11606.94669 -0.0282007426127 -0.0103749088836 2.56731387744e-05 8.15728099526e-06
BPM.34R4.B2 11660.39818 -0.0272713600256 -0.0126171922894 7.86890443673e-06 -2.57629675905e-05
BPM.33L5.B2 11713.84966 -0.0292962572142 -0.00668206044797 -2.5987741282e-05 -7.09139126066e-06
BPM.32L5.B2 11767.30114 -0.0286613605901 -0.00902480071785 -6.79998969011e-06 2.60655108275e-05
BPM.31L5.B2 11820.75263 -0.029910368611 -0.00287931737011 2.62580477074e-05 6.01377354842e-06
BPM.30L5.B2 11874.20411 -0.0295803885306 -0.0052840546281 5.71900402487e-06 -2.63238346185e-05
BPM.29L5.B2 11927.6556 -0.030032958623 0.000970574768907 -2.64837490226e-05 -4.92561836819e-06
BPM.28L5.B2 11981.10708 -0.0300133138459 -0.00145657505862 -4.62877827447e-06 2.65372357906e-05
BPM.27L5.B2 12034.55856 -0.029662011071 0.00480475995483 2.66643285967e-05 3.82936322982e-06
BPM.26L5.B2 12088.01005 -0.0299703329921 0.00239391120405 3.26720724968e-06 -9.4417465781e-06
BPM.25L5.B2 12141.46153 -0.0288208159133 0.0085622567456 -9.53562898579e-06 -2.98205494177e-06
BPM.24L5.B2 12194.91302 -0.029417858549 0.00620816148042 -2.87505305462e-06 9.56843367131e-06
BPM.23L5.B2 12248.3645 -0.027488618585 0.0121789785541 9.65048034368e-06 2.58631195537e-06
BPM.22L5.B2 12301.81598 -0.0283991961198 0.00991955710541 2.2148543107e-06 7.58520730405e-06
BPM.21L5.B2 12355.26747 -0.0257218857261 0.01559796615 7.51521891323e-06 -2.44179061955e-06
BPM.20L5.B2 12408.71895 -0.0268969304831 0.0134709719223 -2.52585379343e-06 -7.48738107007e-06
BPM.19L5.B2 12462.17044 -0.0235151504942 0.0187603211635 -7.40811788044e-06 2.74960490861e-06
BPM.18L5.B2 12515.62192 -0.0249525669195 0.0168012308171 2.83243482726e-06 7.37688124299e-06
BPM.17L5.B2 12569.07341 -0.0209219722878 0.0216144171446 7.28844200662e-06 -3.05281092711e-06
BPM.16L5.B2 12622.52489 -0.0225983100481 0.0198551841281 -3.1342966971e-06 -7.25374785611e-06
BPM.15L5.B2 12675.97637 -0.0179850470358 0.0241132751163 -7.15634561657e-06 3.35076974627e-06
BPM.14L5.B2 12729.42786 -0.0198725110033 0.0225830746284 3.43073121666e-06 7.11836002003e-06
BPM.13L5.B2 12782.87934 -0.0147524788321 0.026215955473 7.01204489396e-06 -3.64306268014e-06
BPM.12L5.B2 12836.33083 -0.0200366456157 0.0224375753288 -3.15052659203e-06 -7.2467325786e-06
BPM.11L5.B2 12889.78231 -0.0219233514308 0.0205980245461 -7.32708478542e-06 2.95881880758e-06
BPM.10L5.B2 12942.565 -0.0232039101738 0.0191439417684 4.1306590316e-06 6.73634809101e-06
BPM.9L5.B2 12981.63199 -0.0184941936581 0.0237250237982 6.93511733116e-06 -3.78748834645e-06
BPM.8L5.B2 13022.09698 -0.0298723994215 0.00354283873268 -6.78540518517e-06 -4.04957628044e-06
BPM.7L5.B2 13061.16497 -0.0255619712897 0.0158586751339 -4.60439941997e-06 6.42184402018e-06
BPMR.6L5.B2 13098.05897 -0.0235648639776 0.0186978378014 4.39255567511e-06 6.56856298045e-06
BPMWT.B6L5.B2 13109.36897 -0.0116968843412 0.0277145241756 7.40974103448e-06 2.74526883588e-06
BPMWT.A6L5.B2 13115.19097 -0.0049603888311 0.0296699594808 7.88732295945e-06 4.80553180645e-07
BPM.5L5.B2 13129.95897 0.00566302501305 0.0295439012509 7.16127429779e-06 -3.34018492048e-06
BPMYA.4L5.B2 13157.36497 0.0141554603818 0.026543076197 4.86329682843e-06 -6.22806734873e-06
BPMWB.4L5.B2 13178.42347 0.0172826298276 0.024621589296 3.55047838795e-06 -7.05938876123e-06
BPMWT.B4L5.B2 13178.89297 0.0173199022386 0.0245953845236 3.52829235228e-06 -7.07050268154e-06
BPMWT.A4L5.B2 13180.87497 0.0174675600606 0.0244907390495 3.43706977e-06 -7.11529149564e-06
BPMSY.4L5.B2 13271.27947 0.0181102727441 0.024019366655 1.10043283769e-06 -7.82493103214e-06
BPMS.2L5.B2 13298.06497 0.0184277316735 0.0237766836678 5.85753174072e-07 -7.88016509654e-06
BPMSW.1L5.B2 13308.11897 0.0185611719126 0.0236726609492 2.26885684565e-07 -7.89887605523e-06
BPMSW.1R5.B2 13351.06897 0.0185611984278 0.023672640307 2.39322140225e-06 -7.53091304094e-06
BPMS.2R5.B2 13361.12297 0.0184277485064 0.0237766695712 2.04709321184e-06 -7.6319083572e-06
BPMSY.4R5.B2 13387.90847 0.0181102781803 0.0240193625439 1.54272845062e-06 -7.74988296378e-06
BPMWB.4R5.B2 13480.76447 0.017282505734 0.0246216763985 -1.02273270083e-06 -7.83550425705e-06
BPMYA.4R5.B2 13501.82097 0.014155589029 0.0265430075939 -2.53621960579e-06 -7.4838744669e-06
BPMR.5R5.B2 13522.93897 0.00801510701392 0.028994310009 -4.8660503088e-06 -6.22593220684e-06
BPM.6R5.B2 13554.83897 -0.0177241564416 0.0243056831176 -7.54157993707e-06 2.35910295166e-06
BPMRA.7R5.B2 13588.85297 -0.0276049288715 0.011953236071 -1.31348024231e-07 7.90084486226e-06
BPM.8R5.B2 13630.28998 -0.0277550324319 0.0116004365393 7.74727840308e-06 1.55578383268e-06
BPM.9R5.B2 13669.35499 -0.0245586307191 0.0173719777144 1.10755396283e-07 -7.90116291382e-06
BPM.10R5.B2 13709.818 -0.0162369218058 0.0253233947938 -7.66578262004e-06 1.9174406039e-06
BPM.11R5.B2 13762.59871 -0.0273036212964 0.0126263303601 4.21169560971e-06 6.68597497405e-06
BPM.12R5.B2 13817.32223 -0.0219671913862 0.0205512641013 6.89480496771e-06 -3.86036984503e-06
BPM.13R5.B2 13870.77074 -0.0209341313192 0.0216026410052 -3.29228172853e-06 -7.18341700632e-06
BPM.14R5.B2 13924.21926 -0.0159942388173 0.0254773679554 -7.08163298297e-06 3.5059008473e-06
BPM.15R5.B2 13977.66777 -0.0179979541613 0.0241036428738 3.58419038084e-06 7.04232264557e-06
BPM.16R5.B2 14031.11629 -0.0126037107965 0.0273140701369 6.93187093465e-06 -3.79336214e-06
BPM.17R5.B2 14084.56481 -0.0147669140281 0.026207827144 -3.87004202876e-06 -6.88940005893e-06
BPM.18R5.B2 14138.01332 -0.00900625957704 0.028701903099 -6.7705132214e-06 4.07444308696e-06
BPM.19R5.B2 14191.46184 -0.0112929386771 0.0278815618191 4.14924578009e-06 6.72490462724e-06
BPM.20R5.B2 14244.91035 -0.00526062198538 0.0296182006514 6.59771452608e-06 -4.34866193086e-06
BPM.21R5.B2 14298.35887 -0.0076337492302 0.0290970415341 -4.42158426279e-06 -6.54906762145e-06
BPM.22R5.B2 14351.80738 -0.00142878637786 0.03004780396 -6.4138333665e-06 4.61557064346e-06
BPM.23R5.B2 14405.2559 -0.00384876050044 0.0298345269054 4.6863962852e-06 6.36225791377e-06
BPM.24R5.B2 14458.70442 0.0025871820744 0.0299528947846 6.05762007855e-06 -0.000169361296702
BPM.25R5.B2 14512.15293 0.000160249089811 0.0300639940339 -0.000169418092067 -4.1780676643e-06
BPM.26R5.B2 14565.60145 0.00639739177244 0.029375887994 8.94921766137e-07 0.000169467229217
BPM.27R5.B2 14619.04996 0.00400723888715 0.0297961650764 0.000169446918226 -2.77231132902e-06
BPM.28R5.B2 14672.49848 0.0102630969428 0.028285834953 -7.99538656572e-06 -0.000333777852296
BPM.29R5.B2 14725.947 0.00794472767544 0.0290224209771 -0.000333668315392 1.17064417769e-05
BPM.30R5.B2 14779.39551 0.0137971908512 0.0267405523981 2.16978088519e-05 0.000333167818599
BPM.31R5.B2 14832.84403 0.011596298563 0.0277659049426 0.000332907735462 -2.53776016206e-05
BPM.32R5.B2 14886.29254 0.0171042656191 0.0247560844101 -3.53150899536e-05 -0.00033200064566
BPM.33R5.B2 14939.74106 0.015049002335 0.0260566142543 -0.000331586565206 3.90119652887e-05
BPM.34R5.B2 14993.18958 0.0201308115612 0.0223644817111 4.89330347222e-05 0.000330268290468
BPM.33L6.B2 15046.63809 0.0182617746061 0.0239149995952 0.000329708613259 -5.25719852676e-05
BPM.32L6.B2 15100.08661 0.0228259856907 0.0196059683241 -6.23984930146e-05 -0.00032799087882
BPM.31L6.B2 15153.53512 0.0211683069071 0.0213850976178 -0.000327273899753 6.60558523945e-05
BPM.30L6.B2 15206.98364 0.0251467136722 0.0165246001097 7.58376508134e-05 0.000325146486951
BPM.29L6.B2 15260.43215 0.0237319716192 0.0184990037705 0.000324292000352 -7.94121050607e-05
BPM.28L6.B2 15313.88067 0.0270537336771 0.0131725134567 -8.90637936001e-05 -0.000321775118721
BPM.27L6.B2 15367.32919 0.0259019857272 0.0153136133141 -0.000320759232438 9.26558142473e-05
BPM.26L6.B2 15420.7777 0.0286785017501 0.00957307305847 0.000102056183478 0.000153361116022
BPM.25L6.B2 15474.22622 0.0278125673557 0.0118558545419 0.00015222606709 -0.000103741576868
BPM.24L6.B2 15527.67473 0.0296674236486 0.00582616201834 -0.000108248692955 -0.000149054729938
BPM.23L6.B2 15581.12325 0.0291004354774 0.00820151478673 -0.000147838266178 0.000109904235504
BPM.22L6.B2 15634.57177 0.0303311208475 0.0019526369105 0.000114120430522 -2.00112076701e-05
BPM.21L6.B2 15688.02028 0.0300746303237 0.00439389277514 -2.12728484505e-05 -0.000113891990651
BPM.20L6.B2 15741.4688 0.0303317115091 -0.00194344015508 -0.000113203611112 2.46752039507e-05
BPM.19L6.B2 15794.91731 0.0303896166418 0.000510767195397 2.59316671772e-05 0.000112922407732
BPM.18L6.B2 15848.36583 0.0298339759227 -0.00580719928492 0.000112096755516 -2.92957695025e-05
BPM.17L6.B2 15901.81435 0.0302052735197 -0.00338099608493 -3.05346739832e-05 -0.000111765622286
BPM.16L6.B2 15955.26286 0.0288458670398 -0.00957630603954 -0.000110800705987 3.38692430622e-05
BPM.15L6.B2 16008.71138 0.0295246751889 -0.0072168717298 3.50981244803e-05 0.000110417576197
BPM.14L6.B2 16062.15989 0.0273841826046 -0.0131869718199 0.000109319003625 -3.83833007574e-05
BPM.13L6.B2 16115.60841 0.0283588431481 -0.010934610087 -3.95913046334e-05 -0.000108887337127
BPM.12L6.B2 16169.05693 0.0252205216167 -0.016962162959 -0.000108031485218 4.1870308419e-05
BPM.11L6.B2 16222.50544 0.0277393963723 -0.0124223818355 3.41060096934e-05 0.000110728036002
BPM.10L6.B2 16274.34415 0.0251818836508 -0.0170194717479 0.000115033782155 -1.38257801444e-05
BPM.9L6.B2 16313.40916 0.0226083227188 -0.0203138727806 2.72583699183e-05 -0.000112609523325
BPM.8L6.B2 16353.87217 0.00781943614524 -0.0293708375967 -0.000114541230429 1.74420543173e-05
BPMYB.5L6.B2 16450.96018 0.0282807188746 -0.0111351076458 0.000100843726835 5.70478889163e-05
BPMYA.4L6.B2 16487.36018 0.0278220923313 -0.0122360473316 0.000111316335374 3.21336005186e-05
BPMSB.B4L6.B2 16518.13068 0.0290284816766 -0.00900760426056 0.000115700386804 6.11096849178e-06
BPMSB.A4L6.B2 16518.76568 0.0290519825115 -0.00893151695726 0.000115730685754 5.50728532358e-06
BPMSA.4L6.B2 16615.57568 0.0301522267007 0.00382529836493 6.88706373672e-05 -9.31705899882e-05
BPMSE.4R6.B2 16707.14568 0.0300221840619 0.00473900277639 -4.12321797623e-05 -0.000108276635234
BPMSA.A4R6.B2 16803.82068 0.0297240082096 -0.00634610264669 -0.000111088036321 -3.2914592908e-05
BPMSA.B4R6.B2 16804.40568 0.0297095936222 -0.00641324643812 -0.000111237307764 -3.24065538002e-05
BPMYB.4R6.B2 16830.96018 0.0289588897263 -0.00922888880672 -0.000115376810608 -1.05883587324e-05
BPMYA.5R6.B2 16867.36018 0.0288656719048 -0.00951644185314 -0.000114973878031 1.43158564338e-05
BPM.8R6.B2 16963.08519 0.021792545795 -0.0211866616099 3.13744324277e-05 0.000111532814445
BPM.9R6.B2 17002.1502 0.00159437820881 -0.0303520615598 0.000107458642385 -4.33193410557e-05
BPM.10R6.B2 17042.61322 -0.00451900092134 -0.0300560861275 -1.20483253695e-05 -0.000115233494251
BPM.11R6.B2 17094.45193 -0.0121407643489 -0.0278638031086 -0.000112736357427 2.67289428877e-05
BPM.12R6.B2 17149.17544 -0.00593588206649 -0.0298086394696 4.17753328825e-05 0.000108068253994
BPM.13R6.B2 17202.62396 -0.0120322264195 -0.0279108439602 0.000106720279042 -4.51076880866e-05
BPM.14R6.B2 17256.07247 -0.00974155226139 -0.0287904818019 -4.62887750259e-05 -0.000106213332061
BPM.15R6.B2 17309.52099 -0.0155048922639 -0.0261416908145 -0.000104781339613 4.94448468927e-05
BPM.16R6.B2 17362.96951 -0.0133439230215 -0.0273080464552 5.06033166147e-05 0.000104226809075
BPM.17R6.B2 17416.41802 -0.0187205743751 -0.0239443057568 0.000102664651732 -5.37018677295e-05
BPM.18R6.B2 17469.86654 -0.0167279601149 -0.0253764661297 -5.48376763329e-05 -0.000102062491758
BPM.19R6.B2 17523.31505 -0.0216304844032 -0.021352091881 -0.000100377168058 5.78649023227e-05
BPM.20R6.B2 17576.76357 -0.0198362972248 -0.0230284822687 5.89739113471e-05 9.9729630345e-05
BPM.21R6.B2 17630.21209 -0.0241835657804 -0.0184104543458 9.7918346342e-05 -6.19347980146e-05
BPM.22R6.B2 17683.6606 -0.0226194375293 -0.020301495725 -6.30174977152e-05 -9.72250872191e-05
BPM.23R6.B2 17737.10912 -0.0263403239913 -0.0151649930888 -9.52978112109e-05 6.58957613043e-05
BPM.24R6.B2 17790.55763 -0.024955997543 -0.0172365313016 6.80911856305e-05 2.0122725536e-05
BPM.25R6.B2 17844.00615 -0.0279899168429 -0.0116817968841 1.80746982757e-05 -6.86632197472e-05
BPM.26R6.B2 17897.45466 -0.026956016464 -0.0139022660278 -6.88592858799e-05 -1.73128201699e-05
BPM.27R6.B2 17950.90318 -0.0292543133897 -0.0080053090304 -1.52457853076e-05 6.93462275739e-05
BPM.28R6.B2 18004.3517 -0.0284383645602 -0.0103351462821 7.06517035106e-05 -5.99602911777e-05
BPM.29R6.B2 18057.80021 -0.0299641299616 -0.00420793812281 -6.20479350535e-05 -6.88255266442e-05
BPM.30R6.B2 18111.24873 -0.0295268220296 -0.0066123073445 -6.8135053217e-05 6.28053700949e-05
BPM.31R6.B2 18164.69724 -0.0302562376825 -0.000340453805888 6.48161965712e-05 6.62250772553e-05
BPM.32R6.B2 18218.14576 -0.0301300903953 -0.00278091355073 6.55002518871e-05 -6.55485673939e-05
BPM.33R6.B2 18271.59428 -0.0300512243871 0.00353266758663 -6.74792769808e-05 -6.35094146001e-05
BPM.34R6.B2 18325.04279 -0.0302382961047 0.00109602748231 -6.27591642087e-05 6.81775884326e-05
BPM.33L7.B2 18378.49131 -0.0293524022413 0.00734794598344 7.00254032607e-05 6.06905487288e-05
BPM.32L7.B2 18431.93982 -0.0298496329251 0.00495532458133 5.99082551961e-05 -7.06958438214e-05
BPM.31L7.B2 18485.38834 -0.028171424066 0.0110420420936 -7.24566836436e-05 -5.77661469175e-05
BPM.30L7.B2 18538.83686 -0.0289706167756 0.00873265086377 -5.69610314004e-05 7.30913246441e-05
BPM.29L7.B2 18592.28537 -0.0265272793659 0.0145553865295 7.47635563645e-05 5.47476959801e-05
BPM.28L7.B2 18645.73389 -0.0276153693878 0.0123671824441 5.3913336669e-05 -7.53674453294e-05
BPM.27L7.B2 18699.1824 -0.0244477665065 0.0178286999044 -7.69466699615e-05 -5.16343766467e-05
BPM.26L7.B2 18752.63092 -0.0257324108671 0.0158020479158 -4.96346065327e-05 3.08048973175e-06
BPM.25L7.B2 18806.07943 -0.0218924537925 0.0207986094428 4.56416171504e-06 4.95202050163e-05
BPM.24L7.B2 18859.52795 -0.0234993017783 0.0189642954777 4.94665268551e-05 -5.11335162181e-06
BPM.23L7.B2 18912.97647 -0.0190520770321 0.023428189185 -6.59162855167e-06 -4.9291316487e-05
BPM.22L7.B2 18966.42498 -0.0208066234206 0.0218184177815 -4.80724539942e-05 -6.72926130613e-05
BPM.21L7.B2 19019.8735 -0.0158255828942 0.0256614469361 -6.58246614549e-05 5.00636748837e-05
BPM.20L7.B2 19073.32201 -0.0178442027064 0.024301097976 5.07901336502e-05 6.52657482145e-05
BPM.19L7.B2 19126.77053 -0.0124121846153 0.0274753818108 6.37159085349e-05 -5.27213657983e-05
BPM.18L7.B2 19180.21905 -0.0145896053263 0.0263837516031 -5.34250874251e-05 -6.31270010111e-05
BPM.17L7.B2 19233.66756 -0.00879642602439 0.0288371604385 -6.1500496449e-05 5.52896803704e-05
BPM.16L7.B2 19287.11608 -0.011094069347 0.0280335612802 5.5968005292e-05 6.0883838042e-05
BPM.15L7.B2 19340.56459 -0.00503443726748 0.0297256349673 5.91813174139e-05 -5.77653163751e-05
BPM.14L7.B2 19394.01311 -0.00741764766779 0.0292222079182 -5.84183358648e-05 -5.85367757945e-05
BPM.13L7.B2 19447.46163 -0.0011914815753 0.0301253930148 -5.67625245288e-05 6.0143780046e-05
BPM.12L7.B2 19500.91014 -0.00425217996928 0.0298475777582 6.00101985799e-05 5.69037409049e-05
BPM.11L7.B2 19554.35866 0.00271876806522 0.0300261091924 5.77928389125e-05 -5.91544358289e-05
BPM.10L7.B2 19607.13937 0.0028731037255 0.0300117344979 -5.65122074325e-05 -6.03790145506e-05
BPM.9L7.B2 19646.20438 0.0141528241937 0.0266206029401 -7.70772525129e-05 2.99725639981e-05
BPM.8L7.B2 19686.66739 0.0225330636037 0.0200304762023 2.08952118816e-05 8.00165483584e-05
BPM.7L7.B2 19725.7314 0.0301167954014 0.00139196520477 8.14740736064e-05 -1.41856197604e-05
BPMR.6L7.B2 19760.5494 0.0300973603127 0.00176290523834 4.74566242259e-05 -6.77283293715e-05
BPMWC.6L7.B2 19772.7279 0.0300443917631 -0.00250867623978 2.65729573309e-05 -7.83143435175e-05
BPMWE.5L7.B2 19849.7819 0.0272751437008 0.0128462239169 -7.94619158992e-05 -2.29142271194e-05
BPMW.5L7.B2 19872.9869 0.0218624442697 0.0207603579781 -8.15144097085e-05 1.39519983903e-05
BPMWE.4L7.B2 19908.0719 0.0218967145357 0.0207242086799 -6.90788037232e-05 4.54683852593e-05
BPMW.4L7.B2 19936.1769 0.0282723234987 0.0104706569418 -3.4823750852e-05 7.50104312421e-05
BPMW.4R7.B2 20052.2239 0.0299327164117 0.0036043613883 8.20772615712e-05 -1.01282621626e-05
BPMWE.4R7.B2 20080.3289 0.0267212196046 0.0139619252009 6.57734302346e-05 -5.0130954918e-05
BPMW.5R7.B2 20115.4139 0.0273330229415 0.0127226094197 3.52455581671e-05 -7.48131831128e-05
BPMWE.5R7.B2 20138.6189 0.0299904683519 -0.00308718978201 -1.97834425724e-05 -8.02986522008e-05
BPM.6R7.B2 20217.7584 0.0250220940955 -0.0168182561504 -6.93853054712e-05 4.49992907193e-05
BPM_A.7R7.B2 20255.7944 0.0292028263103 -0.00749358842541 -1.44753435831e-05 8.14231139047e-05
BPM.8R7.B2 20294.85841 0.0292669538699 -0.00723908447167 5.73970675778e-05 5.95385224024e-05
BPM.9R7.B2 20333.92342 0.0212115183464 -0.0214249952636 6.14957530455e-05 -5.5294942521e-05
BPM.10R7.B2 20374.38643 0.00871056520741 -0.028863211645 -4.84727274676e-05 -6.70048821791e-05
BPM.11R7.B2 20427.16714 0.00958366620962 -0.0285851757929 -7.29580398493e-05 3.89407532598e-05
BPM.12R7.B2 20481.89066 0.00570176507812 -0.0296048781033 3.94668469058e-05 7.26748126781e-05
BPM.13R7.B2 20535.33917 0.00836859757527 -0.0289642108043 7.19266414734e-05 -4.08144230172e-05
BPM.14R7.B2 20588.78769 0.0021744856858 -0.0300704264145 -4.29483790789e-05 -7.06731435488e-05
BPM.15R7.B2 20642.23621 0.00459377958315 -0.0297969146435 -7.01924813318e-05 4.3729555387e-05
BPM.16R7.B2 20695.68472 -0.00168939153216 -0.0301015761935 4.58105662151e-05 6.88523766375e-05
BPM.17R7.B2 20749.13324 0.000745482409888 -0.0301397277465 6.83399747083e-05 -4.65715092974e-05
BPM.18R7.B2 20802.58175 -0.00552668231807 -0.0296380619377 -4.85957957754e-05 -6.69156651489e-05
BPM.19R7.B2 20856.03027 -0.00311712699005 -0.0299873715451 -6.63729282857e-05 4.93344884691e-05
BPM.20R7.B2 20909.47879 -0.00927198493811 -0.0286877888333 5.12985967981e-05 6.48668744759e-05
BPM.21R7.B2 20962.9273 -0.00692651823336 -0.029342499523 6.42934984612e-05 -5.20154160032e-05
BPM.22R7.B2 21016.37582 -0.0128660845502 -0.0272657807602 -5.39162166787e-05 -6.27080360321e-05
BPM.23R7.B2 21069.82433 -0.0106239772571 -0.0282150676056 -6.21069402733e-05 5.46075531295e-05
BPM.24R7.B2 21123.27285 -0.0164289194228 -0.0253623897412 5.66183687935e-05 0.000245850300625
BPM.25R7.B2 21176.72137 -0.0143274775765 -0.0266060818928 0.000245204920539 -5.93510754669e-05
BPM.26R7.B2 21230.16988 -0.0195387466399 -0.0230520625101 -6.66695158642e-05 -0.000243317032995
BPM.27R7.B2 21283.6184 -0.0176157166158 -0.0245529373984 -0.00024256605654 6.93520337623e-05
BPM.28R7.B2 21337.06691 -0.0225083152723 -0.0203300573511 7.67362592561e-05 0.000425806191206
BPM.29R7.B2 21390.51543 -0.0207928526353 -0.0220815028499 0.000424921765223 -8.14915291031e-05
BPM.30R7.B2 21443.96394 -0.0249243780536 -0.0172832539854 -9.42000761019e-05 -0.000422286311187
BPM.31R7.B2 21497.41246 -0.0234494326212 -0.0192369331959 -0.000421225701224 9.88345697671e-05
BPM.32R7.B2 21550.86098 -0.0269301809474 -0.0139535243858 0.000111366672924 0.000418087136119
BPM.33R7.B2 21604.30949 -0.0257156022998 -0.0160823906052 0.000416813307028 -0.000116043273349
BPM.34R7.B2 21657.75801 -0.0284940646578 -0.0103934483345 -0.000128493405012 -0.000413145031854
BPM.33L8.B2 21711.20652 -0.0275628469237 -0.0126579997913 -0.000411710918241 0.00013301689769
BPM.32L8.B2 21764.65504 -0.0295893995273 -0.00666355196392 0.000145250953602 0.000407555552381
BPM.31L8.B2 21818.10356 -0.0289549285515 -0.00903037107748 0.000405900237881 -0.00014981445922
BPM.30L8.B2 21871.55207 -0.0301987305812 -0.00282350146552 -0.000161919329927 -0.000401225003351
BPM.29L8.B2 21925.00059 -0.029872479461 -0.00525075804629 -0.000399427227471 0.000166304764415
BPM.28L8.B2 21978.4491 -0.0303118146929 0.00106272255287 0.00017816114057 0.000394281595976
BPM.27L8.B2 22031.89762 -0.0302987015443 -0.00138714595553 0.00039225624164 -0.00018257716787
BPM.26L8.B2 22085.34614 -0.0301097011629 0.00496597059014 -0.00019405769522 -0.000201219453222
BPM.25L8.B2 22138.79465 -0.03041222674 0.00252020488423 -0.000199073542363 0.000196258455901
BPM.24L8.B2 22192.24317 -0.0292268865799 0.00877747508834 0.000202128125841 0.000193111057099
BPM.23L8.B2 22245.69168 -0.0298399411517 0.00639006099452 0.000190838768347 -0.0002042748901
BPM.22L8.B2 22299.1402 -0.0280470322201 0.0124783896289 -0.000209716952883 7.72544215748e-07
BPM.21L8.B2 22352.58871 -0.0289622970876 0.0101750464913 3.08844366105e-06 0.000209695616169
BPM.20L8.B2 22406.03723 -0.0262196263818 0.0159648807166 0.000209508848032 -9.37218410958e-06
BPM.19L8.B2 22459.48575 -0.0274228670189 0.0137961077063 -1.17039517642e-05 -0.000209391543153
BPM.18L8.B2 22512.93426 -0.0239631088065 0.0191863399526 -0.000208948325378 1.79554968277e-05
BPM.17L8.B2 22566.38278 -0.0254326274581 0.0171909186732 2.0263597634e-05 0.000208737123129
BPM.16L8.B2 22619.83129 -0.0213104545096 0.0220954916809 0.000208036083212 -2.65100176892e-05
BPM.15L8.B2 22673.27981 -0.0230248792553 0.020302737726 -2.88224309112e-05 -0.000207728339408
BPM.14L8.B2 22726.72833 -0.0183107814804 0.024638618181 -0.000206774145357 3.50179551203e-05
BPM.13L8.B2 22780.17684 -0.0202382419818 0.0230815897528 3.73029818808e-05 0.000206374144507
BPM.12L8.B2 22833.62536 -0.0124748968145 0.0280485859485 0.00020715535639 -3.26873503553e-05
BPM.11L8.B2 22887.07387 -0.0135757809787 0.0275326060453 -1.29389051053e-06 -0.00020971439584
BPM.10L8.B2 22938.91258 -0.0115117519953 0.0284574382218 -0.000208994338594 -1.74116731321e-05
BPM.9L8.B2 22977.9776 -0.0137501692876 0.0274459298953 -5.5716739368e-05 0.000202181700546
BPM.8L8.B2 23018.44061 0.017488805724 0.025228711794 0.000209702129019 -2.61012041066e-06
BPM.7L8.B2 23057.50662 0.0179599673006 0.0248954975705 0.000155077190849 -0.000141183814588
BPM.6L8.B2 23089.97562 0.000270401580407 0.030696467339 -2.17652487551e-05 -0.000208585886455
BPMR.5L8.B2 23150.39462 0.0181206324753 0.0247787994611 0.000195386186345 7.61973620629e-05
BPMYB.4L8.B2 23171.16162 0.0221194379383 0.021285598259 0.000209710790481 1.7930598761e-06
BPMWB.4L8.B2 23195.62912 0.0210081488 0.0223831165848 0.000204933643299 -4.45421720104e-05
BPMSX.4L8.B2 23245.78612 0.0214547210262 0.0219554359751 0.000183115387008 -0.000102227970308
BPMS.2L8.B2 23283.69762 0.0211818365809 0.02221882166 0.000161668509136 -0.000133585934967
BPMSW.1L8.B2 23293.63162 0.0209315124793 0.0224547992488 0.000149225775133 -0.000147354942956
BPMSW.1R8.B2 23336.82162 0.0209317033151 0.022454621457 0.000204340447844 -4.71892419196e-05
BPMS.2R8.B2 23346.75562 0.0211819636395 0.0222187002066 0.000199368806816 -6.50686577344e-05
BPMSX.4R8.B2 23384.66712 0.0214547231331 0.0219554339189 0.000184358667868 -9.99683711623e-05
BPMWI.4R8.B2 23434.90012 0.0210094323312 0.0223819118403 0.000147221089363 -0.000149357789342
BPMYB.4R8.B2 23459.29162 0.0221197066125 0.0212853189103 0.000110722841738 -0.000178107377816
BPMYB.5R8.B2 23479.86862 0.018364354706 0.0245987134055 4.23538457527e-05 -0.000205397049516
BPMR.6R8.B2 23563.97662 0.000566608269545 0.0306924286865 0.00018386704946 0.000100869741462
BPM_A.7R8.B2 23586.21662 0.00857957023004 0.0294743481138 0.000208625922183 2.13774349359e-05
BPM.8R8.B2 23627.65561 0.0224614301394 0.0209243967724 0.000115164409583 -0.000175268241583
BPM.9R8.B2 23666.7226 0.030558903851 0.00291541071692 -0.000207278787404 3.18951505145e-05
BPM.10R8.B2 23707.18758 0.0175413545307 0.0251922032655 0.00011715718948 0.000173942498428
BPM.11R8.B2 23759.02827 0.0234272726126 0.019837064352 0.000186567657181 -9.5782619544e-05
BPM.12R8.B2 23813.75476 0.0241008239301 0.0190130615663 -9.24698513097e-05 -0.000188231574668
BPM.13R8.B2 23867.20624 0.0280678447348 0.0124315050002 -0.000182098870373 0.000104027866757
BPM.14R8.B2 23920.65773 0.0269733996414 0.0146554404877 0.000106063154075 0.000180920990127
BPM.15R8.B2 23974.10921 0.029427870133 0.00873765890661 0.000177659869097 -0.000111439527326
BPM.16R8.B2 24027.56069 0.0286264169479 0.0110848760361 -0.000113420914839 -0.00017640151547
BPM.17R8.B2 24081.01218 0.0303037652397 0.00490184007552 -0.000172906454769 0.000118680899712
BPM.18R8.B2 24134.46366 0.0298093446491 0.00733138429723 0.000120612490823 0.000171564649344
BPM.19R8.B2 24187.91515 0.0306818633873 0.000984623279511 0.000167872200938 -0.000125700914089
BPM.20R8.B2 24241.36663 0.0305022842367 0.00345787222216 -0.000127572427915 -0.000166454420639
BPM.21R8.B2 24294.81811 0.030555726703 -0.00294852330759 -0.000162537363995 0.000132526973895
BPM.22R8.B2 24348.2696 0.0306940214904 -0.000472513293251 0.00013434079155 0.000161041454811
BPM.23R8.B2 24401.72108 0.0299275420535 -0.00683289475809 0.000156942318954 -0.000139107566706
BPM.24R8.B2 24455.17257 0.030151720966 -0.00440953696754 -0.000144343901562 7.39012756721e-05
BPM.25R8.B2 24508.62405 0.0285800313869 -0.0105712865469 7.82061591103e-05 0.000142057585591
BPM.26R8.B2 24562.07554 0.0293400434642 -0.00822995397151 0.00014117646626 -7.97857311801e-05
BPM.27R8.B2 24615.52702 0.0269925824593 -0.0141411027002 -8.39899819501e-05 -0.000138716414517
BPM.28R8.B2 24668.9785 0.0278166131267 -0.0119299345085 -0.000141226106893 0.000314784732308
BPM.29R8.B2 24722.42999 0.0247357673582 -0.0174421648965 0.000318879363976 0.00013172009633
BPM.30R8.B2 24775.88147 0.0260624114412 -0.0153895423083 0.000128168543246 -0.000320323364746
BPM.31R8.B2 24829.33296 0.0222991393256 -0.0204654755171 -0.000324035126762 -0.000118471414979
BPM.32R8.B2 24882.78444 0.0238788661322 -0.0185980390135 -0.000114806855045 0.000325351532865
BPM.33R8.B2 24936.23592 0.0195005625948 -0.023147685879 0.000328648763714 0.000104996272745
BPM.34R8.B2 24989.68741 0.0213042792269 -0.0214991857745 0.000101330817034 -0.000329797355526
BPM.33L1.B2 25043.13889 0.0163757569708 -0.0254543097933 -0.000332697054482 -9.13613348772e-05
BPM.32L1.B2 25096.59038 0.0183780413682 -0.0240485945234 -8.76084712226e-05 0.000333704940647
BPM.31L1.B2 25150.04186 0.0129888870889 -0.0273381805412 0.00033618302602 7.75577994024e-05
BPM.30L1.B2 25203.49334 0.0151514605478 -0.0262015370877 7.38018938949e-05 -0.000337027469481
BPM.29L1.B2 25256.94483 0.00938040990192 -0.0287766435339 -0.00033909501416 -6.36303227637e-05
BPM.28L1.B2 25310.39631 0.0116742716214 -0.0279248757524 -5.98157072929e-05 0.000339788640138
BPM.27L1.B2 25363.8478 0.00562687425909 -0.0297392936844 0.000341430778381 4.95908586278e-05
BPM.26L1.B2 25417.29928 0.00777940679095 -0.0292025628088 4.22687889628e-05 -0.000112724500973
BPM.25L1.B2 25470.75077 0.00154758938149 -0.0301813487305 -0.000113943824008 -3.88621500489e-05
BPM.24L1.B2 25524.20225 0.00397915889718 -0.0299578894232 -3.7582889254e-05 0.000114372153978
BPM.23L1.B2 25577.65373 -0.00232434640533 -0.0301314828339 0.000115449465067 3.41304297605e-05
BPM.22L1.B2 25631.10522 -0.000112658371251 -0.0302352881901 2.93410379205e-05 0.000113410478109
BPM.21L1.B2 25684.5567 -0.00638523480112 -0.029553580497 0.000112477709717 -3.27352869137e-05
BPM.20L1.B2 25738.00819 -0.00398002827721 -0.0299723992816 -3.39933432417e-05 -0.000112103902002
BPM.19L1.B2 25791.45967 -0.0101148360847 -0.028493427911 -0.000111032256443 3.73452707012e-05
BPM.18L1.B2 25844.91115 -0.00778117779533 -0.0292170945776 3.85867936236e-05 0.000110606937406
BPM.17L1.B2 25898.36264 -0.0136755707258 -0.0269659805762 0.000109397293248 -4.18935543171e-05
BPM.16L1.B2 25951.81412 -0.0114553266864 -0.027981437315 -4.31169289439e-05 -0.00010892091307
BPM.15L1.B2 26005.26561 -0.0170139403413 -0.0249942228971 -0.000107577080474 4.63681732839e-05
BPM.14L1.B2 26058.71709 -0.0149403586081 -0.0262863277841 4.75701372203e-05 0.000107050993622
BPM.13L1.B2 26112.16857 -0.0200707033173 -0.0226130982547 0.000105572518387 -5.07668711241e-05
BPM.12L1.B2 26165.62006 -0.0147488405016 -0.0263942616386 -4.33607316602e-05 -0.000108824083992
BPM.11L1.B2 26219.07154 -0.0123827815945 -0.0275835469746 -0.000109927343874 4.04822669783e-05
BPM.10L1.B2 26271.85423 -0.0105803119761 -0.0283238828926 5.81173226027e-05 0.000101711416683
BPM.9L1.B2 26310.92122 -0.0164770434576 -0.0253513783106 0.000104498695291 -5.29420285621e-05
BPM.8L1.B2 26351.38621 0.00642819912358 -0.02954426508 -9.86863935786e-05 -6.31175877566e-05
BPM.7L1.B2 26390.4542 -0.0066865296885 -0.0294868727568 -7.11717953463e-05 9.30452051899e-05
BPMR.6L1.B2 26433.6382 -0.0172838885325 -0.024808315963 9.18026693781e-05 7.27674518737e-05
BPM.5L1.B2 26465.5382 -0.0301763176403 -0.00189081942723 0.000100458926684 -6.02564563342e-05
BPMYA.4L1.B2 26486.6562 -0.0298605909968 0.00474662483541 7.49151391322e-05 -9.00586574795e-05
BPMWB.4L1.B2 26507.7127 -0.0290603967613 0.00834737581676 5.58449314371e-05 -0.00010297660152
BPMSY.4L1.B2 26600.5687 -0.0287595975968 0.00933117833911 1.98909461832e-05 -0.000115443380284
BPMS.2L1.B2 26627.3542 -0.028633112808 0.00971237100465 1.22814885137e-05 -0.000116498733791
BPMSW.1L1.B2 26637.4082 -0.0285780359136 0.00987325863015 6.97097842235e-06 -0.00011693692181
