BPMSW.1R1.B2 21.475 -0.0230892644284 0.0199558327618 0.000122273088423 -0.000121576764144
BPMS.2R1.B2 31.529 -0.0232011621778 0.0198256245639 0.00011662112068 -0.000127010290755
BPMSY.4R1.B2 58.3145 -0.023462502374 0.019515644133 0.000108042649066 -0.000134381783709
BPMWB.4R1.B2 151.1705 -0.0241130779166 0.0187058509373 5.9267386191e-05 -0.000161922944807
BPMYA.4R1.B2 172.227 -0.0262115917512 0.0156301581402 2.64364919795e-05 -0.000170390066028
BPMR.5R1.B2 199.635 -0.0296642428577 0.00716812952804 -5.383596109e-05 -0.000163808897056
BPM.6R1.B2 231.535 -0.0200872192221 -0.0229750518816 -0.0001701003843 2.82405709728e-05
BPMRA.7R1.B2 259.259 -0.0134502042598 -0.0273941853375 -8.22640253551e-05 0.000151539758479
BPM.8R1.B2 300.6960106 -0.0130987337213 -0.0275639721398 0.000134195990826 0.000108273304391
BPM.9R1.B2 339.7610212 -0.0187929143902 -0.0240452854787 8.18633103537e-05 -0.000151756604428
BPM.10R1.B2 380.2240318 -0.0264480831396 -0.0152265650631 -0.000167665639752 -4.02480351509e-05
BPM.11R1.B2 433.0047424 -0.0141171421548 -0.0270565275439 1.40240744753e-05 0.000171857473646
BPM.12R1.B2 487.7282583 -0.021888858609 -0.021265635524 0.000172352646971 -5.12161198599e-06
BPM.13R1.B2 541.1767742 -0.0229048347338 -0.020167248976 8.77707509399e-06 -0.00017220520089
BPM.14R1.B2 594.6252901 -0.026592353153 -0.014973180631 -0.000172390686688 -3.62152982736e-06
BPM.15R1.B2 648.073806 -0.0252970063398 -0.0170707602401 -1.71534760772e-06 0.000172420202134
BPM.16R1.B2 701.5223219 -0.0282888355227 -0.0114495052047 0.000172394199154 -3.45114112872e-06
BPM.17R1.B2 754.9708378 -0.0272728188592 -0.0136946243728 -5.36880672011e-06 -0.000172345130604
BPM.18R1.B2 808.4193537 -0.0295212500764 -0.00773596656085 -0.000172107668364 1.05174155576e-05
BPM.19R1.B2 861.8678696 -0.028800590915 -0.0100933318584 1.24192463859e-05 0.000171980893831
BPM.20R1.B2 915.3163855 -0.0302682361479 -0.00389657102552 0.000171531479345 -1.7567519852e-05
BPM.21R1.B2 968.7649014 -0.0298551048588 -0.00632630216423 -1.94747934459e-05 -0.00017132542691
BPM.22R1.B2 1022.213417 -0.0305180164573 7.53636762628e-06 -0.000170666982195 2.45855397536e-05
BPM.23R1.B2 1075.661933 -0.03041909414 -0.0024552183032 2.64707558265e-05 0.000170384770251
BPM.24R1.B2 1129.110449 -0.0302188221951 0.00390239918639 0.000169463303572 -7.97395329416e-05
BPM.25R1.B2 1182.558965 -0.0304351923633 0.00145086184495 -8.16176039153e-05 -0.000168566807439
BPM.26R1.B2 1236.007481 -0.0294714728986 0.00773551675521 -0.000166053936017 8.66157773247e-05
BPM.27R1.B2 1289.455997 -0.0299995193384 0.00533242662651 8.84487417115e-05 0.000165084903981
BPM.28R1.B2 1342.904513 -0.028192115791 0.0114334208208 0.000162306033835 -0.000141530643041
BPM.29R1.B2 1396.353029 -0.0290230545888 0.0091203512487 -0.000143322875967 -0.000160725625721
BPM.30R1.B2 1449.801545 -0.0264984100242 0.014944991488 -0.00015637437757 0.000148058164537
BPM.31R1.B2 1503.25006 -0.0276175921492 0.0127588051787 0.000149782593392 0.000154723431359
BPM.32R1.B2 1556.698576 -0.0243682691508 0.018212796681 0.000150162183684 -0.000154355079186
BPM.33R1.B2 1610.147092 -0.0257592000905 0.0161858615657 -0.000156011139802 -0.000148440853055
BPM.34R1.B2 1663.595608 -0.0218392200219 0.0211793997408 -0.000143714673506 0.000160375370178
BPM.33L2.B2 1717.044124 -0.0234761950311 0.0193490767523 0.00016195921702 0.000141927383141
BPM.32L2.B2 1770.49264 -0.0189494098377 0.0237999657848 0.000137008718943 -0.000166140835235
BPM.31L2.B2 1823.941156 -0.0208094286875 0.0221920297186 -0.000167649963471 -0.000135157955709
BPM.30L2.B2 1877.389672 -0.0157505649852 0.0260276431364 -0.000130087659473 0.000171614027462
BPM.29L2.B2 1930.838188 -0.0177981043166 0.0246727782514 0.000173046273712 0.000128176298307
BPM.28L2.B2 1984.286704 -0.0122902794201 0.0278292568387 0.000122934228279 -0.000176808787058
BPM.27L2.B2 2037.73522 -0.0144976681381 0.0267457683274 -0.000178161118139 -0.000120966058668
BPM.26L2.B2 2091.183735 -0.00858388542846 0.0291631432211 -0.00011563040688 0.000133526183545
BPM.25L2.B2 2144.632251 -0.0109077146691 0.0283759365039 0.000134799908601 0.000114142912415
BPM.24L2.B2 2198.080767 -0.00478128394332 0.0300218476374 0.000110055682459 -0.000138157043389
BPM.23L2.B2 2251.529283 -0.00719009683789 0.0295376796576 -0.000139369418148 -0.000108516331535
BPM.22L2.B2 2304.977799 -0.000856179832139 0.0303776967749 -0.00010434493196 9.43822111122e-05
BPM.21L2.B2 2358.426315 -0.00330339417026 0.0302096854088 9.55330989818e-05 0.000103292258605
BPM.20L2.B2 2411.874831 0.00303822513015 0.0302375047483 0.000100386975252 -9.858154816e-05
BPM.19L2.B2 2465.323347 0.000586779723893 0.0303840944424 -9.96891613587e-05 -9.92871237715e-05
BPM.18L2.B2 2518.771863 0.00687985183277 0.0296007625708 -9.62588503507e-05 0.000102616262613
BPM.17L2.B2 2572.220379 0.00447008366275 0.0300592058749 0.000103677009441 9.51153971989e-05
BPM.16L2.B2 2625.668894 0.0106110931208 0.0284770470359 9.19713385082e-05 -0.000106475993038
BPM.15L2.B2 2679.11741 0.00827712871389 0.0292408386684 -0.000107489828339 -9.0784364456e-05
BPM.14L2.B2 2732.565926 0.0141656022999 0.0268863016573 -8.75251215155e-05 0.000110159961034
BPM.13L2.B2 2786.014442 0.0119509251903 0.0279412400021 0.0001111233185 8.62987492477e-05
BPM.12L2.B2 2839.462958 0.0180453355201 0.0244520627352 8.44528639422e-05 -0.000112532580047
BPM.11L2.B2 2892.911474 0.013035079336 0.0274522168877 -0.000103865467642 -9.49095858454e-05
BPM.10L2.B2 2944.750185 0.0152198153557 0.0263038918375 -0.000112576880985 8.43937992572e-05
BPM.9L2.B2 2983.815195 0.020179754877 0.0227225658503 5.97378754532e-05 0.000127386233417
BPM.8L2.B2 3024.278206 0.0274116965118 0.0131200762357 4.7687827962e-05 -0.000132369708608
BPM.7L2.B2 3063.344216 0.000567426049369 0.0303844620353 -0.000137637302784 -2.91863263442e-05
BPM.6L2.B2 3095.450216 -0.00235641153807 0.0302982644686 -0.000135531850157 3.77753666733e-05
BPMYB.5L2.B2 3167.649216 0.00536004800906 0.0299133313292 2.97323100293e-05 0.000137520381937
BPMYB.4L2.B2 3188.219216 0.0110349066753 0.0283155141307 0.000104341433686 9.43860880367e-05
BPMWB.4L2.B2 3212.610716 0.00553039236334 0.0298823069016 0.00013806611563 -2.70853196737e-05
BPMSX.4L2.B2 3262.843716 0.0196604602497 0.0231733426256 -6.62171208657e-05 -0.000124141677391
BPMS.2L2.B2 3300.755216 0.0196890876296 0.0231490244632 -0.000130538864756 -5.24925067184e-05
BPMSW.1L2.B2 3310.689216 0.0188058294424 0.0238721236027 -0.000139666660198 -1.70023809122e-05
BPMSW.1R2.B2 3353.879216 0.0188066568774 0.023871471736 3.95636554046e-05 -0.000135020677728
BPMS.2R2.B2 3363.813216 0.0196896705636 0.0231485286398 3.35554576684e-06 -0.00014065770867
BPMSX.4R2.B2 3401.724716 0.0196603549605 0.0231734319533 -8.7877207541e-05 -0.000109879296948
BPMWB.4R2.B2 3451.881716 0.00552390213807 0.0298835073373 -7.97976601566e-05 0.000115880104307
BPMYB.4R2.B2 3476.349216 0.0109097078321 0.028363987387 4.53936702962e-05 0.000133173871728
BPM.5R2.B2 3505.883216 -0.00829575528418 0.0292355596719 0.000139640526554 1.72159618303e-05
BPMR.6R2.B2 3579.179216 -0.0126025448905 0.0276534512816 2.5507675749e-05 -0.000138366268679
BPM_A.7R2.B2 3592.054216 -0.011414642252 0.0281645778903 4.78949821554e-07 -0.000140696960948
BPM.8R2.B2 3633.493206 0.000161089978739 0.0303893329174 -0.000123715880048 -6.70092917554e-05
BPM.9R2.B2 3672.560195 0.0266030964178 0.0146905672331 -1.32850634109e-05 0.000140069167047
BPM.10R2.B2 3713.025185 0.0276121767726 0.012692722298 0.000126264142205 6.20744180086e-05
BPM.11R2.B2 3764.865874 0.0284918837629 0.0105711903737 7.40201595535e-05 -0.000119653184098
BPM.12R2.B2 3819.592358 0.0277665395444 0.0123513880708 -0.000125720043252 -6.31691020374e-05
BPM.13R2.B2 3873.043842 0.0302069555472 0.00332826413075 -4.9278511232e-05 0.000131785782009
BPM.14R2.B2 3926.495326 0.0298399149206 0.00575473571346 0.000132328207247 4.78028391268e-05
BPM.15R2.B2 3979.94681 0.0303845263867 -0.000563969640929 4.38113313954e-05 -0.000133702794497
BPM.16R2.B2 4033.398294 0.0303309088787 0.0018903629543 -0.000134186142895 -4.2307750604e-05
BPM.17R2.B2 4086.849779 0.030062737369 -0.00444627118016 -3.82516061976e-05 0.000135398214564
BPM.18R2.B2 4140.301263 0.0303235265887 -0.00200530316795 0.000135817478612 3.67352413769e-05
BPM.19R2.B2 4193.752747 0.029246933717 -0.00825556622128 3.26436963463e-05 -0.000136858511968
BPM.20R2.B2 4247.204231 0.0298177973828 -0.00586825908317 -0.000137216385379 -3.11051415411e-05
BPM.21R2.B2 4300.655715 0.0279505036881 -0.0119292434466 -2.69634539133e-05 0.000138089977063
BPM.22R2.B2 4354.107199 0.0288222505099 -0.00963407392828 0.000138382793656 2.54177902002e-05
BPM.23R2.B2 4407.558683 0.026194816042 -0.0154067880512 2.12536875179e-05 -0.000139083231683
BPM.24R2.B2 4461.010167 0.0271756968117 -0.0132530619969 -0.000141999125253 0.000157376802403
BPM.25R2.B2 4514.461651 0.023833838046 -0.0186040402309 0.000161570901718 0.000137208085469
BPM.26R2.B2 4567.913135 0.0252575091968 -0.0166198790182 0.000135398622541 -0.000163090251528
BPM.27R2.B2 4621.36462 0.0212568796222 -0.0215013306099 -0.000167085705085 -0.000130436098703
BPM.28R2.B2 4674.816104 0.0227466495668 -0.0197254633397 -0.000131223526015 0.000345592898695
BPM.29R2.B2 4728.267588 0.0181592087182 -0.0240155597337 0.000349373979823 0.000120796913386
BPM.30R2.B2 4781.719072 0.0200372297908 -0.0224725030481 0.000116900611198 -0.000350696897713
BPM.31R2.B2 4835.170556 0.0149340626137 -0.0261434072798 -0.000354055138879 -0.000106296850836
BPM.32R2.B2 4888.62204 0.0169967839589 -0.024851826994 -0.000102301853763 0.000355230057648
BPM.33R2.B2 4942.073524 0.0114712082876 -0.0278373014286 0.000358139715615 9.15970195294e-05
BPM.34R2.B2 4995.525008 0.0136789145733 -0.0268214702532 8.75956942487e-05 -0.00035913933485
BPM.33L3.B2 5048.976492 0.00781105387412 -0.029077334946 -0.00036161137866 -7.67546023028e-05
BPM.32L3.B2 5102.427976 0.0101343892853 -0.0283513337396 -7.26859461693e-05 0.000362451123438
BPM.31L3.B2 5155.87946 0.00403220165583 -0.0298369790676 0.000364469678136 6.1773143541e-05
BPM.30L3.B2 5209.330945 0.00642506347118 -0.0294146652151 5.7693343589e-05 -0.000365137700517
BPM.29L3.B2 5262.782429 0.000176861879339 -0.0301076848994 -0.000366706953486 -4.66912246183e-05
BPM.28L3.B2 5316.233913 0.00260867510782 -0.0299949793217 -4.25768037525e-05 0.000367207417428
BPM.27L3.B2 5369.685397 -0.00367092606898 -0.029883578636 0.000368320604959 3.15278168914e-05
BPM.26L3.B2 5423.136881 -0.0014249230402 -0.0300935489925 2.4700080616e-05 -0.000191599375698
BPM.25L3.B2 5476.588365 -0.00764150774082 -0.0291420564697 -0.000192254913301 -1.89331104053e-05
BPM.24L3.B2 5530.039849 -0.00526326039298 -0.0296639543243 -1.67794280924e-05 0.000192454844251
BPM.23L3.B2 5583.491333 -0.0113043273934 -0.0279260501806 0.000192872159498 1.09882256792e-05
BPM.22L3.B2 5636.942817 -0.00919034195998 -0.0287586978494 6.12781073493e-06 -1.59294169942e-05
BPM.21L3.B2 5690.394301 -0.0149594242241 -0.0262248110336 -1.61062993878e-05 -5.64649529342e-06
BPM.20L3.B2 5743.845786 -0.0127939098427 -0.027346680943 -5.46571430601e-06 1.61685661632e-05
BPM.19L3.B2 5797.29727 -0.0181912017933 -0.0240957520121 1.63254778671e-05 4.97744434952e-06
BPM.18L3.B2 5850.748754 -0.0161870996501 -0.0254853466192 4.79419829475e-06 -1.63802308398e-05
BPM.17L3.B2 5904.200238 -0.0211243680842 -0.0215704928285 -1.65168664953e-05 -4.29995891652e-06
BPM.16L3.B2 5957.651722 -0.0193144141886 -0.0232051393411 -4.11465996644e-06 1.65640035529e-05
BPM.15L3.B2 6011.103206 -0.0237101344763 -0.0186910302332 1.66801384634e-05 3.61511439685e-06
BPM.14L3.B2 6064.55469 -0.0221242321078 -0.0205436959027 3.42798180121e-06 -1.67196200092e-05
BPM.13L3.B2 6118.006174 -0.0259064895753 -0.0155041570545 -1.68150554554e-05 -2.92417618764e-06
BPM.12L3.B2 6171.457658 -0.0217088133246 -0.0209821951071 -4.18985079085e-06 1.65451310967e-05
BPM.11L3.B2 6224.909142 -0.0194618026488 -0.0230816664318 1.63445132442e-05 4.91462319737e-06
BPM.10L3.B2 6277.691832 -0.00837264373422 -0.0290073081259 6.20719519992e-06 -1.58986551786e-05
BPM.9L3.B2 6316.758821 -0.013125008698 -0.0271893220571 -8.14125720317e-06 -1.50005436959e-05
BPM.8L3.B2 6357.223811 -0.0180402745329 -0.0242089566566 -1.69433203564e-05 -2.0544760662e-06
BPM.7L3.B2 6396.2898 -0.0265381024905 -0.0143963260846 -9.5544331281e-06 1.41424614529e-05
BPMR.6L3.B2 6468.9288 -0.0277077227261 0.0119919634794 1.69786891209e-05 1.73820445666e-06
BPMWE.5L3.B2 6511.9823 -0.0274485825118 0.0125737984087 1.4737837376e-05 -8.60767046327e-06
BPMW.5L3.B2 6539.5273 -0.0299721164781 0.00363281186894 9.38470109522e-06 -1.4255662069e-05
BPMWE.4L3.B2 6614.6553 -0.0268711316704 0.0137647146407 -1.08999030302e-05 -1.31334707877e-05
BPMW.4L3.B2 6642.2003 -0.00719616988076 0.0293213271673 -1.69435945128e-05 2.05194828779e-06
BPMW.4R3.B2 6687.1653 -0.000625014263207 0.0301850036423 -1.21083297258e-05 1.20285034285e-05
BPMWE.4R3.B2 6714.7103 -0.00634864625749 0.0295164323456 -6.74838814352e-06 1.56766024152e-05
BPMW.5R3.B2 6789.8383 -0.000715507715277 0.0301829941533 1.1052104011e-05 1.30056696225e-05
BPMWE.5R3.B2 6817.3833 0.0113704788753 0.0279685054694 1.64426711351e-05 4.57550205665e-06
BPMWC.6R3.B2 6858.3743 0.0139933713411 0.0267527689657 1.5902394153e-05 -6.19768770782e-06
BPM.6R3.B2 6870.5288 0.0110386506294 0.0281011259568 1.4150942981e-05 -9.54187145304e-06
BPM_A.7R3.B2 6926.3528 0.0116643732216 0.0278472168249 -2.53621350566e-06 -1.68779167864e-05
BPM.8R3.B2 6965.418789 -0.00525605090805 0.0297304392259 -1.70088559209e-05 1.4126062876e-06
BPM.9R3.B2 7004.485779 -0.0279007460996 0.0115357467759 4.26459888998e-06 1.65260552935e-05
BPM.10R3.B2 7044.950768 -0.0263852739715 0.0146745495688 1.49490018526e-05 8.23551085968e-06
BPM.11R3.B2 7097.733458 -0.0203675029292 0.0222865410461 1.1066175297e-05 -1.29937088241e-05
BPM.12R3.B2 7152.459942 -0.0122348332062 0.0276013395362 -1.50912666899e-05 -7.97185351238e-06
BPM.13R3.B2 7205.911426 -0.0162517715017 0.0254441547474 -6.98897787713e-06 1.5570819566e-05
BPM.14R3.B2 7259.36291 -0.0106169800235 0.0282631354079 1.57736991145e-05 6.51815078641e-06
BPM.15R3.B2 7312.814394 -0.0128635892099 0.0273139737169 6.34095796851e-06 -1.58457781405e-05
BPM.16R3.B2 7366.265878 -0.00691434352645 0.0293890615933 -1.60291050455e-05 -5.86203703032e-06
BPM.17R3.B2 7419.717362 -0.00926373291274 0.0287351412082 -5.68214215408e-06 1.6093773333e-05
BPM.18R3.B2 7473.168846 -0.00309765954989 0.0300321426613 1.6257237258e-05 5.19604873738e-06
BPM.19R3.B2 7526.62033 -0.00551159570182 0.0296841270817 5.01354065887e-06 -1.63144426033e-05
BPM.20R3.B2 7580.071814 0.000769474288295 0.0301816665694 -1.64577088969e-05 -4.52113497919e-06
BPM.21R3.B2 7633.523299 -0.00166894482073 0.0301453099337 -4.33650580803e-06 1.65073102181e-05
BPM.22R3.B2 7686.974783 0.00462443094493 0.0298352094993 1.66301268777e-05 3.83859363054e-06
BPM.23R3.B2 7740.426267 0.00220119044485 0.0301111249912 3.65200895278e-06 -1.66721180454e-05
BPM.24R3.B2 7793.877751 0.00853209215042 0.0289740258706 -1.69187460962e-05 -0.000135567550815
BPM.25R3.B2 7847.329235 0.00616489897959 0.0295683072189 -0.000135369341341 1.84376897465e-05
BPM.26R3.B2 7900.780719 0.012168794578 0.0276443703211 2.24978686952e-05 0.000134754062474
BPM.27R3.B2 7954.232203 0.00989859437103 0.0285360929441 0.000134493836271 -2.40044856104e-05
BPM.28R3.B2 8007.683687 0.0157343662395 0.0258364687734 -2.81719627317e-05 -0.000266135071096
BPM.29R3.B2 8061.135171 0.0135963462266 0.0270228194167 -0.000265801680566 3.11610374696e-05
BPM.30R3.B2 8114.586655 0.0189105881897 0.0236110790698 3.91419575741e-05 0.000264744127949
BPM.31R3.B2 8168.03814 0.016944337742 0.0250595853599 0.000264290749369 -4.20943221644e-05
BPM.32R3.B2 8221.489624 0.0217753535541 0.0209982708201 -5.00052425401e-05 -0.00026290875458
BPM.33R3.B2 8274.941108 0.0200086214886 0.0226880688133 -0.000262329259368 5.29612519109e-05
BPM.34R3.B2 8328.392592 0.0242830082789 0.0180396482461 6.08293483876e-05 0.000260617203227
BPM.33L4.B2 8381.844076 0.0227484247454 0.0199399742221 0.000259923126571 -6.37300096747e-05
BPM.32L4.B2 8435.29556 0.0263909705498 0.0147854682809 -7.1499369533e-05 -0.000257894138922
BPM.31L4.B2 8488.747044 0.0251110687708 0.0168679466755 -0.000257071878465 7.44014790576e-05
BPM.30L4.B2 8542.198528 0.0280657862255 0.01128738427 8.21018169486e-05 0.000254717160587
BPM.29L4.B2 8595.650012 0.0270634687378 0.0135152528613 0.000253787513973 -8.49319336795e-05
BPM.28L4.B2 8649.101496 0.0292790327703 0.00760471174985 -9.25081882379e-05 -0.000251125013882
BPM.27L4.B2 8702.55298 0.0285695790283 0.00994346791099 -0.000250065299227 9.53356004872e-05
BPM.26L4.B2 8756.004465 0.0301418419448 0.0037718436497 0.000102662297462 0.000114672485011
BPM.25L4.B2 8809.455949 0.029739088266 0.00619225883909 0.000113520246499 -0.000103934951647
BPM.24L4.B2 8862.907433 0.0303767054088 -0.000114930230507 -0.000107298355077 -0.000110346670362
BPM.23L4.B2 8916.358917 0.0302868723973 0.00233726353593 -0.000109132011512 0.000108533526623
BPM.22L4.B2 8969.810401 0.0302429881309 -0.00402480333785 0.000111620455041 -2.66020545896e-05
BPM.21L4.B2 9023.261885 0.0304691626308 -0.00157082829441 -2.78488649431e-05 -0.000111315943964
BPM.20L4.B2 9076.713369 0.0294795620039 -0.00786083946296 -0.000110427949874 3.1184354622e-05
BPM.19L4.B2 9130.164853 0.0300178903405 -0.00545560562758 3.24215968592e-05 0.000110071056456
BPM.18L4.B2 9183.616337 0.0282318913843 -0.0115670947855 0.000109048520709 -3.57101472855e-05
BPM.17L4.B2 9237.067821 0.0290732686643 -0.00925107685414 -3.69279173013e-05 -0.000108642186537
BPM.16L4.B2 9290.519306 0.0265198940098 -0.0150841835937 -0.000107482378197 4.01788129229e-05
BPM.15L4.B2 9343.97079 0.0276510575736 -0.0128940446921 4.138209982e-05 0.000107024871573
BPM.14L4.B2 9397.422274 0.0243727766396 -0.0183522514248 0.000105734709208 -4.4575420453e-05
BPM.13L4.B2 9450.873758 0.0257741602289 -0.0163257476837 -4.57559249999e-05 -0.000105229255311
BPM.12L4.B2 9504.325242 0.0195828597721 -0.0233954905152 -0.000106398142205 4.29677723312e-05
BPM.11L4.B2 9557.776726 0.0204073170123 -0.0226799203318 2.49032865261e-05 0.000112011728255
BPMC.10L4.B2 9609.617415 0.0174380344106 -0.0250350220533 0.000114390399179 -9.03534884842e-06
BPMC.9L4.B2 9648.684405 0.0150273444759 -0.0265521428803 1.21820911258e-05 -0.000114098182012
BPMC.8L4.B2 9689.149394 0.00609206483398 -0.029895219002 -8.9266398637e-05 7.2099294447e-05
BPMC.7L4.B2 9728.215384 0.0267676414222 -0.0146400391022 8.07978212609e-05 8.14770460134e-05
BPMYA.6L4.B2 9824.819384 0.0243200762659 -0.0184220320045 0.000100958475603 -5.45360845249e-05
BPMYB.5L4.B2 9861.819384 0.0243531661211 -0.0183782661945 8.25599210602e-05 -7.96909042238e-05
BPMWA.B5L4.B2 9964.209884 0.011720682687 -0.0281684747604 -2.73977312818e-05 -0.000111427834298
BPMWA.A5L4.B2 9973.094884 0.0107115161293 -0.0285674779282 -3.77057068008e-05 -0.00010837469931
BPMWA.A5R4.B2 10021.14388 0.00741663224878 -0.0295944410153 -8.28652016309e-05 -7.93735148435e-05
BPMWA.B5R4.B2 10030.02888 0.00723317810407 -0.0296398128804 -8.90019106268e-05 -7.24255244409e-05
BPMYA.5R4.B2 10132.49538 0.0119402667618 -0.0280761002088 -0.000113631791576 1.59564624636e-05
BPMYB.6R4.B2 10164.05938 0.0112296306075 -0.0283678122295 -0.000107518866634 4.00809064103e-05
BPMCA.7R4.B2 10260.57538 0.0203601587097 -0.0227222646406 5.17556808104e-05 0.00010241165343
BPMC.8R4.B2 10298.36637 0.0256726331038 -0.0164849410923 9.8911875292e-05 -5.81656099417e-05
BPMC.9R4.B2 10337.43336 0.00883808257385 -0.0292014669041 -9.20532075585e-05 -6.85054992791e-05
BPMC.10R4.B2 10377.89835 0.0076884168896 -0.0295249998934 -9.06957502688e-05 7.02928032811e-05
BPM.11R4.B2 10429.73904 -0.00252905569822 -0.030404625482 6.17770269599e-05 9.66974478176e-05
BPM.12R4.B2 10484.46553 -0.003592306994 -0.0302974042365 9.95318314006e-05 -5.70982281311e-05
BPM.13R4.B2 10537.91701 -0.00985581874026 -0.0288738672457 -6.01977098915e-05 -9.76884210081e-05
BPM.14R4.B2 10591.36849 -0.00749345222424 -0.0295750832089 -9.70084828625e-05 6.12874447065e-05
BPM.15R4.B2 10644.81998 -0.0134678145106 -0.0273761820743 6.4173922395e-05 9.51236408002e-05
BPM.16R4.B2 10698.27146 -0.0112141080046 -0.0283739520439 9.4397696366e-05 -6.52370430698e-05
BPM.17R4.B2 10751.72295 -0.0168600156359 -0.0254278832375 -6.80439461917e-05 -9.23949093247e-05
BPM.18R4.B2 10805.17443 -0.0147528304103 -0.0267056429981 -9.162806246e-05 6.90731065685e-05
BPM.19R4.B2 10858.62591 -0.0199737741571 -0.0230626477171 7.1794456017e-05 8.95117313451e-05
BPM.20R4.B2 10912.0774 -0.0180470780507 -0.02459960055 8.87000362962e-05 -7.27949197005e-05
BPM.21R4.B2 10965.52888 -0.0227605036544 -0.0203174025663 -7.54271176184e-05 -8.64728358729e-05
BPM.22R4.B2 11018.98037 -0.0210464715404 -0.0220880829565 -8.56243810662e-05 7.63889011187e-05
BPM.23R4.B2 11072.43185 -0.0251722438334 -0.0172393594537 7.89267583971e-05 8.32908363182e-05
BPM.24R4.B2 11125.88333 -0.0235764773799 -0.0192065210646 8.42558849025e-05 -0.000202298620262
BPM.25R4.B2 11179.33482 -0.0270500105663 -0.0138937995537 -0.000204736771554 -7.81449747295e-05
BPM.26R4.B2 11232.7863 -0.0258401806601 -0.0160320242144 -7.58581077874e-05 0.000205595060236
BPM.27R4.B2 11286.23779 -0.02860474319 -0.01032033932 0.000207783302777 6.96411107122e-05
BPM.28R4.B2 11339.68927 -0.0275561017691 -0.0125869843596 6.9145032382e-05 -0.000330984800644
BPM.29R4.B2 11393.14075 -0.0295686993785 -0.00659264260072 -0.000332909121454 -5.91902735568e-05
BPM.30R4.B2 11446.59224 -0.0289400239604 -0.00895800944616 -5.54867710751e-05 0.00033354639217
BPM.31R4.B2 11500.04372 -0.0301690612296 -0.00275656752053 0.000335065932192 4.5418039112e-05
BPM.32R4.B2 11553.49521 -0.0298481656291 -0.00518246355744 4.1630840385e-05 -0.000335557526943
BPM.33R4.B2 11606.94669 -0.0302738156041 0.00112561475693 -0.000336654436931 -3.15556961903e-05
BPM.34R4.B2 11660.39818 -0.0302659047392 -0.00132133654336 -2.7811636456e-05 0.000336984417684
BPM.33L5.B2 11713.84966 -0.0298809910257 0.0049897189533 0.000337669233199 1.76484207959e-05
BPM.32L5.B2 11767.30114 -0.0301862724846 0.00256122499666 1.38352775776e-05 -0.000337846949505
BPM.31L5.B2 11820.75263 -0.0289974917026 0.00877019925394 -0.000338109811599 -3.70652505193e-06
BPM.30L5.B2 11874.20411 -0.0296105766351 0.00640192716088 5.46518002661e-08 0.000338130120135
BPM.29L5.B2 11927.6556 -0.0276365749467 0.0124092967269 0.000337974998899 -1.02411893e-05
BPM.28L5.B2 11981.10708 -0.0285483620072 0.0101371567086 -1.40524246838e-05 -0.000337837987153
BPM.27L5.B2 12034.55856 -0.0258232366887 0.0158408133226 -0.000337265285918 2.41681491468e-05
BPM.26L5.B2 12088.01005 -0.0268945163926 0.0137133452309 2.98020864028e-05 0.000214529361473
BPM.25L5.B2 12141.46153 -0.0234619963765 0.0189975149903 0.000213535217304 -3.62452370044e-05
BPM.24L5.B2 12194.91302 -0.0249194590301 0.0170408747322 -3.86432286682e-05 -0.000213114328685
BPM.23L5.B2 12248.3645 -0.0208404633042 0.021841381335 -0.000211859389 4.50177913339e-05
BPM.22L5.B2 12301.81598 -0.0224123553374 0.0200961659493 4.92533178689e-05 8.89069714963e-05
BPM.21L5.B2 12355.26747 -0.0177529788635 0.0243105182882 8.73858501582e-05 -5.19042351094e-05
BPM.20L5.B2 12408.71895 -0.0196578716145 0.0227977551701 -5.28807321835e-05 -8.67984047789e-05
BPM.19L5.B2 12462.17044 -0.0144980979497 0.026381332676 -8.51716480893e-05 5.54628573098e-05
BPM.18L5.B2 12515.62192 -0.016579272791 0.025125629768 5.64130667288e-05 8.45452710105e-05
BPM.17L5.B2 12569.07341 -0.0110030399657 0.0280196835988 8.28113067646e-05 -5.89289914678e-05
BPM.16L5.B2 12622.52489 -0.0132295825825 0.0270397430241 -5.98535911945e-05 -8.21455420519e-05
BPM.15L5.B2 12675.97637 -0.00732929293236 0.029196763911 -8.03109973869e-05 6.22935128103e-05
BPM.14L5.B2 12729.42786 -0.00966087842384 0.0285102961264 6.31890329701e-05 7.96083287232e-05
BPM.13L5.B2 12782.87934 -0.00353286759425 0.0298946216553 7.76734897479e-05 -6.55527882803e-05
BPM.12L5.B2 12836.33083 -0.00986926755717 0.0284388311081 -6.00369401841e-05 -8.20115788853e-05
BPM.11L5.B2 12889.78231 -0.0123203159145 0.027465967539 -8.35627065315e-05 5.78585572312e-05
BPM.10L5.B2 12942.565 -0.0140620434188 0.0266163200364 7.08903197315e-05 7.28347443942e-05
BPM.9L5.B2 12981.63199 -0.00794800834321 0.0290344402566 7.62992345028e-05 -6.7147356912e-05
BPM.8L5.B2 13022.09698 -0.0262284853593 0.0147728166745 -9.65978966631e-05 -3.16098567568e-05
BPM.7L5.B2 13061.16497 -0.0175055277435 0.0244893049264 -3.96017568391e-05 9.36057653755e-05
BPMR.6L5.B2 13098.05897 -0.0145671849504 0.0263432473465 7.37015957349e-05 6.99886506913e-05
BPMWT.B6L5.B2 13109.36897 -0.00013341578472 0.0301023546885 0.000100740654703 1.34781218883e-05
BPMWT.A6L5.B2 13115.19097 0.00684166874246 0.0293148618732 0.000100324467131 -1.62892358309e-05
BPM.5L5.B2 13129.95897 0.0166054013288 0.025108369205 8.04035957442e-05 -6.2173956211e-05
BPMYA.4L5.B2 13157.36497 0.0232940658648 0.0190671459244 4.33995481405e-05 -9.19065770961e-05
BPMWB.4L5.B2 13178.42347 0.0254427148752 0.016088437385 2.45749622337e-05 -9.86225502068e-05
BPMWT.B4L5.B2 13178.89297 0.0254670528817 0.0160498839584 2.4265120265e-05 -9.86992533951e-05
BPMWT.A4L5.B2 13180.87497 0.025563149285 0.0158963818676 2.29936121231e-05 -9.90031808857e-05
BPMSY.4L5.B2 13271.27947 0.0259752828423 0.0152136201961 -8.33314383148e-06 -0.00010129603926
BPMS.2L5.B2 13298.06497 0.0261750705542 0.0148672555955 -1.49547665546e-05 -0.00010053141931
BPMSW.1L5.B2 13308.11897 0.0262582720195 0.0147198080689 -1.95097034568e-05 -9.9748222547e-05
BPMSW.1R5.B2 13351.06897 0.0262583215088 0.0147197172205 8.70758175147e-06 -0.000101264537911
BPMS.2R5.B2 13361.12297 0.0261751053926 0.0148671929895 4.09577888251e-06 -0.000101555385223
BPMSY.4R5.B2 13387.90847 0.0259752939207 0.015213601262 -2.57064412581e-06 -0.000101605760597
BPMWB.4R5.B2 13480.76447 0.0254425433611 0.0160887086172 -3.50031217135e-05 -9.54207598939e-05
BPMYA.4R5.B2 13501.82097 0.0232939398753 0.0190672999087 -5.29983125017e-05 -8.67267277026e-05
BPMR.5R5.B2 13522.93897 0.0185657212213 0.0236956441776 -7.86729861517e-05 -6.43498496183e-05
BPM.6R5.B2 13554.83897 -0.00701429099117 0.0292740376291 -8.79509273897e-05 5.0940881059e-05
BPMRA.7R5.B2 13588.85297 -0.0208958465176 0.0216687137675 2.0707400293e-05 9.95064890436e-05
BPM.8R5.B2 13630.28998 -0.0211700019733 0.0214009479709 0.000101609891796 -2.40176850143e-06
BPM.9R5.B2 13669.35499 -0.0159960592788 0.0255008949813 -2.09695641062e-05 -9.94515688262e-05
BPM.10R5.B2 13709.818 -0.00524878923473 0.0296415210319 -9.07590379e-05 4.57508234858e-05
BPM.11R5.B2 13762.59871 -0.0203581831835 0.0221746236821 7.17644188584e-05 7.19736193991e-05
BPM.12R5.B2 13817.32223 -0.0123778479563 0.0274400881466 7.5587145037e-05 -6.79479350516e-05
BPM.13R5.B2 13870.77074 -0.011019696699 0.0280131369673 -6.16369343643e-05 -8.08160157915e-05
BPM.14R5.B2 13924.21926 -0.00496527470922 0.0296903284687 -7.89346396902e-05 6.40286091642e-05
BPM.15R5.B2 13977.66777 -0.00734396712349 0.0291930763043 6.48996868382e-05 7.82199984357e-05
BPM.16R5.B2 14031.11629 -0.00112535178562 0.0300816080199 7.62424792512e-05 -6.72117796485e-05
BPM.17R5.B2 14084.56481 -0.00355031908672 0.0298925541145 -6.80534527039e-05 -7.5492134821e-05
BPM.18R5.B2 14138.01332 0.00273079410658 0.0299785310063 -7.34217511752e-05 7.02821728158e-05
BPM.19R5.B2 14191.46184 0.000303795656463 0.0301011173498 7.1091803447e-05 7.26381197004e-05
BPM.20R5.B2 14244.91035 0.0065442503737 0.029382687826 7.04784380046e-05 -7.32333633857e-05
BPM.21R5.B2 14298.35887 0.00415069323955 0.0298151186997 -7.40107549411e-05 -6.96616603873e-05
BPM.22R5.B2 14351.80738 0.0102481547551 0.0283045028422 -6.74148977351e-05 7.60629461908e-05
BPM.23R5.B2 14405.2559 0.00793163543828 0.0290389172821 7.68055283462e-05 6.65676041577e-05
BPM.24R5.B2 14458.70442 0.0139519795563 0.0267293292628 6.40802118263e-05 -0.000249245942503
BPM.25R5.B2 14512.15293 0.0117474998366 0.0277688858977 -0.000249942760229 -6.13060168534e-05
BPM.26R5.B2 14565.60145 0.017255906523 0.024725461885 -5.3788503231e-05 0.000251667649046
BPM.27R5.B2 14619.04996 0.0152060206639 0.0260363536587 0.000252247081757 5.10020771929e-05
BPM.28R5.B2 14672.49848 0.0204443786992 0.0222835224224 4.32950085005e-05 -0.000424153962368
BPM.29R5.B2 14725.947 0.0185773092112 0.0238623464076 -0.000424610529024 -3.85609264489e-05
BPM.30R5.B2 14779.39551 0.0231266382978 0.0194855483189 -2.58011109214e-05 0.00042557649507
BPM.31R5.B2 14832.84403 0.0214804308519 0.0212865939826 0.000425834812493 2.11125222647e-05
BPM.32R5.B2 14886.29254 0.0254293522216 0.0163669190255 8.39790751554e-06 -0.000426275168677
BPM.33R5.B2 14939.74106 0.0240244360734 0.0183672116763 -0.000426342405326 -3.63289545445e-06
BPM.34R5.B2 14993.18958 0.0273140482531 0.0129796287332 9.16730776522e-06 0.000426259310452
BPM.33L6.B2 15046.63809 0.0261783288 0.0151401154049 0.000426132788871 -1.38524824949e-05
BPM.32L6.B2 15100.08661 0.0287499986382 0.00937899632876 -2.65582923323e-05 -0.00042552989346
BPM.31L6.B2 15153.53512 0.0278989054314 0.0116695787768 -0.000425205896434 3.13206755121e-05
BPM.30L6.B2 15206.98364 0.0297135667112 0.00562422850766 4.40711506531e-05 0.000424074016016
BPM.29L6.B2 15260.43215 0.0291630099484 0.00800292721117 0.00042356471242 -4.87235010352e-05
BPM.28L6.B2 15313.88067 0.0301889052519 0.00177707421806 -6.13389070177e-05 -0.000421922474833
BPM.27L6.B2 15367.32919 0.0299469769258 0.00420791707125 -0.000421208494162 6.60640268858e-05
BPM.26L6.B2 15420.7777 0.030336308536 -0.00213104388559 7.84850482504e-05 0.000248566224744
BPM.25L6.B2 15474.22622 0.0304093418246 0.000323872260984 0.00024768702278 -8.12170048539e-05
BPM.24L6.B2 15527.67473 0.029814430085 -0.00599439089838 -8.85833067381e-05 -0.000245149069125
BPM.23L6.B2 15581.12325 0.030200925531 -0.00356890188031 -0.00024414430232 9.13160754474e-05
BPM.22L6.B2 15634.57177 0.0289708449011 -0.00979091327584 9.841572539e-05 7.08081190143e-05
BPM.21L6.B2 15688.02028 0.0296664282009 -0.00742124486128 6.97162356222e-05 -9.91921988817e-05
BPM.20L6.B2 15741.4688 0.0274801088928 -0.0134169837192 -0.000101234605228 -6.67158059927e-05
BPM.19L6.B2 15794.91731 0.0284732827464 -0.0111554473858 -6.55852571063e-05 0.000101970681921
BPM.18L6.B2 15848.36583 0.0255385030355 -0.016821316831 0.000103887120977 6.2505279795e-05
BPM.17L6.B2 15901.81435 0.0268125396426 -0.0147057660506 6.1352919886e-05 -0.000104571814664
BPM.16L6.B2 15955.26286 0.0231762707929 -0.0199507470781 -0.00010636161125 -5.81949613139e-05
BPM.15L6.B2 16008.71138 0.0247108494348 -0.0180151535355 -5.7008541956e-05 0.000107002201301
BPM.14L6.B2 16062.15989 0.0204346392398 -0.022750766057 0.000108659728846 5.37820227131e-05
BPM.13L6.B2 16115.60841 0.0222036862914 -0.0210277947652 5.25766875194e-05 -0.000109248049106
BPM.12L6.B2 16169.05693 0.0169761562561 -0.0254358399857 -0.000110327593244 -5.02718903331e-05
BPM.11L6.B2 16222.50544 0.0210572924256 -0.0221757135644 -5.79664585135e-05 0.000106486320341
BPM.10L6.B2 16274.34415 0.0169185229262 -0.0254742108601 9.44519659405e-05 7.60149439038e-05
BPM.9L6.B2 16313.40916 0.0132634173238 -0.0275545567598 0.000104236367669 -6.19211253041e-05
BPM.8L6.B2 16353.87217 -0.00396441218524 -0.0303225208922 -9.67987143202e-05 -7.30031116948e-05
BPMYB.5L6.B2 16450.96018 0.0220538766338 -0.0211848616311 3.10156905908e-05 0.000117206954554
BPMYA.4L6.B2 16487.36018 0.0212058377881 -0.0220337077417 5.73252571535e-05 0.000106832785973
BPMSB.B4L6.B2 16518.13068 0.0235640681923 -0.0194911910149 8.00134262536e-05 9.10894933215e-05
BPMSB.A4L6.B2 16518.76568 0.0236150574812 -0.0194293823103 8.04875443983e-05 9.06708398418e-05
BPMSA.4L6.B2 16615.57568 0.0295210709182 -0.00797986271043 0.000120105555333 -1.65559399371e-05
BPMSE.4R6.B2 16707.14568 0.0297496885063 -0.00708010385143 5.09204080872e-05 -0.000110029802618
BPMSA.A4R6.B2 16803.82068 0.0252297726572 -0.0172809261455 -5.65714139393e-05 -0.000107233953853
BPMSA.B4R6.B2 16804.40568 0.0251906622984 -0.0173378882763 -5.70609100012e-05 -0.000106974285438
BPMYB.4R6.B2 16830.96018 0.0234145080678 -0.0196706036745 -7.64222095598e-05 -9.41227287437e-05
BPMYA.5R6.B2 16867.36018 0.0232176568432 -0.0199025688192 -9.47730816874e-05 -7.56142402545e-05
BPM.8R6.B2 16963.08519 0.0121692607067 -0.0280549626798 -6.0566229015e-05 0.000105029407379
BPM.9R6.B2 17002.1502 -0.0101325952688 -0.0288531168183 0.000110994096011 4.87827081733e-05
BPM.10R6.B2 17042.61322 -0.0157073931554 -0.0262383238273 7.74643408028e-05 -9.32669339729e-05
BPM.11R6.B2 17094.45193 -0.0219607967159 -0.0212813355772 -0.000102432842727 -6.48610485331e-05
BPM.12R6.B2 17149.17544 -0.0169320454641 -0.0254652247857 -5.03684422717e-05 0.000110283569855
BPM.13R6.B2 17202.62396 -0.0218780980398 -0.0213663441843 0.000111792813387 4.69234434697e-05
BPM.14R6.B2 17256.07247 -0.0200827301052 -0.0230619987937 4.56778468157e-05 -0.000112307512364
BPM.15R6.B2 17309.52099 -0.0244321444153 -0.0183913609022 -0.000113623703227 -4.22977156618e-05
BPM.16R6.B2 17362.96951 -0.0228681512173 -0.0203031893212 -4.1038355503e-05 0.000114084594077
BPM.17R6.B2 17416.41802 -0.0265836157107 -0.0151156611809 0.000115262123869 3.76043340106e-05
BPM.18R6.B2 17469.86654 -0.0252772278919 -0.0172114376668 3.63201877391e-05 -0.000115673204402
BPM.19R6.B2 17523.31505 -0.0282990626216 -0.0115902929982 -0.000116707768823 -3.28442013412e-05
BPM.20R6.B2 17576.76357 -0.027271382879 -0.01383631139 -3.15517429815e-05 0.000117063785253
BPM.21R6.B2 17630.21209 -0.0295490747297 -0.00787553300989 0.000117956105237 2.80321174612e-05
BPM.22R6.B2 17683.6606 -0.0288171935374 -0.0102343145122 2.6718330871e-05 -0.000118260630491
BPM.23R6.B2 17737.10912 -0.030313785542 -0.00403066286894 -0.000119006733581 -2.31698686292e-05
BPM.24R6.B2 17790.55763 -0.0297894759061 -0.00645730741384 -2.03127557809e-05 1.92283374575e-05
BPM.25R6.B2 17844.00615 -0.0304810048056 -0.000134312807334 1.98275849875e-05 1.97282508237e-05
BPM.26R6.B2 17897.45466 -0.0303707483915 -0.00259371083807 1.95069512059e-05 -2.00453458802e-05
BPM.27R6.B2 17950.90318 -0.0302477812459 0.00376582307764 -2.06201202277e-05 -1.88983393963e-05
BPM.28R6.B2 18004.3517 -0.0303528255832 0.00131889212558 -1.71335911026e-05 -7.91919560208e-05
BPM.29R6.B2 18057.80021 -0.0294182725325 0.00758938328136 -7.86442447524e-05 1.94938821448e-05
BPM.30R6.B2 18111.24873 -0.0299347575601 0.00519074051811 2.03637250942e-05 7.84235196076e-05
BPM.31R6.B2 18164.69724 -0.0282056453899 0.0112904856157 7.77784027358e-05 -2.27034264166e-05
BPM.32R6.B2 18218.14576 -0.0290248366802 0.00897732434369 -2.35655554256e-05 -7.75215514451e-05
BPM.33R6.B2 18271.59428 -0.0265298649652 0.0148053963871 -7.67822527532e-05 2.5873014432e-05
BPM.34R6.B2 18325.04279 -0.0276379805907 0.0126164783565 2.67220742955e-05 7.64908958953e-05
BPM.33L7.B2 18378.49131 -0.0244176742365 0.0180779059097 7.56562764176e-05 -2.90009805138e-05
BPM.32L7.B2 18431.93982 -0.0257971021321 0.0160481468823 -2.98389105324e-05 -7.53297084071e-05
BPM.31L7.B2 18485.38834 -0.0219050250598 0.0210523959209 -7.4403753867e-05 3.20781757607e-05
BPM.30L7.B2 18538.83686 -0.0235321597041 0.0192164241457 3.2900737965e-05 7.4043701672e-05
BPM.29L7.B2 18592.28537 -0.0190314513302 0.0236820049279 7.302520986e-05 -3.510336334e-05
BPM.28L7.B2 18645.73389 -0.0208808942879 0.0220685692919 -3.59114827645e-05 -7.26312106096e-05
BPM.27L7.B2 18699.1824 -0.0158464335529 0.0259214976566 -7.15247102628e-05 3.80676188575e-05
BPM.26L7.B2 18752.63092 -0.0177865820152 0.0245643534824 4.03937304342e-05 -2.89216673301e-05
BPM.25L7.B2 18806.07943 -0.0123016842865 0.0277207237574 -3.01176139481e-05 -3.95100736914e-05
BPM.24L7.B2 18859.52795 -0.0144986045565 0.0266375754904 -3.91739054518e-05 3.05535967043e-05
BPM.23L7.B2 18912.97647 -0.00865419114353 0.0290667324794 3.17121774641e-05 3.82420463224e-05
BPM.22L7.B2 18966.42498 -0.010872336328 0.0282795236018 3.94216527475e-05 -0.000132151531362
BPM.21L7.B2 19019.8735 -0.00476776044246 0.0299200202623 -0.000133271806621 -3.54503182687e-05
BPM.20L7.B2 19073.32201 -0.0071660028488 0.0294378592175 -3.39715125509e-05 0.000133656390527
BPM.19L7.B2 19126.77053 -0.000899302465742 0.0302841609941 0.000134613305579 2.99558022468e-05
BPM.18L7.B2 19180.21905 -0.0033410024299 0.0301127357634 2.84604500102e-05 -0.000134937375191
BPM.17L7.B2 19233.66756 0.00298007143942 0.0301505941305 -0.000135728611122 -2.44098951622e-05
BPM.16L7.B2 19287.11608 0.000538057810848 0.0302927325566 -2.29031860722e-05 0.000135990949264
BPM.15L7.B2 19340.56459 0.00681433514516 0.0295212463939 0.000136615413414 1.88234657209e-05
BPM.14L7.B2 19394.01311 0.00440899009935 0.0299749888831 1.73078824131e-05 -0.000136815678867
BPM.13L7.B2 19447.46163 0.0105329131612 0.0284076907265 -0.000137272420692 -1.32050857922e-05
BPM.12L7.B2 19500.91014 0.00758612064037 0.029332404024 -1.35259621449e-05 0.00013724117925
BPM.11L7.B2 19554.35866 0.0141229116247 0.0268045242316 0.000137023959745 1.55732655018e-05
BPM.10L7.B2 19607.13937 0.0142606454722 0.0267315009377 2.16846598921e-05 -0.000136190557271
BPM.9L7.B2 19646.20438 0.0234141658626 0.0192280001492 -0.000118328541798 -7.08268757487e-05
BPM.8L7.B2 19686.66739 0.0286423588565 0.00987696469579 -8.39817203519e-05 0.000109385414286
BPM.7L7.B2 19725.7314 0.0284770998234 -0.0103437874017 0.000102043224333 9.27646148539e-05
BPMR.6L7.B2 19760.5494 0.0286024092061 -0.00999206382215 0.000137737801769 -6.81106705072e-06
BPMWC.6L7.B2 19772.7279 0.0269030625507 -0.0139342878366 0.000130309058123 -4.51402581763e-05
BPMWE.5L7.B2 19849.7819 0.0302660830704 0.00137962590545 -5.11275076816e-05 -0.000128078381983
BPMW.5L7.B2 19872.9869 0.0283023585187 0.0108127543037 -0.000101772372822 -9.30616390763e-05
BPMWE.4L7.B2 19908.0719 0.0283201416229 0.010766091767 -0.000130549392056 -4.44403492456e-05
BPMW.4L7.B2 19936.1769 0.0302733637537 -0.00120937966658 -0.000134401356908 3.08928558021e-05
BPMW.4R7.B2 20052.2239 0.02916104684 -0.0082202493464 9.73179917993e-05 9.77103002622e-05
BPMWE.4R7.B2 20080.3289 0.0301832260841 0.00262907114303 0.000133308421257 3.53122857322e-05
BPMW.5R7.B2 20115.4139 0.0302720044942 0.00124293798455 0.000134572544261 -3.01383252541e-05
BPMWE.5R7.B2 20138.6189 0.0266294905552 -0.0144502382424 8.54920680647e-05 -0.00010820906336
BPM.6R7.B2 20217.7584 0.0167148676264 -0.025269593429 -0.000130245524844 -4.53232912849e-05
BPM_A.7R7.B2 20255.7944 0.0241959230619 -0.0182344854441 -0.00012202551473 6.42484895515e-05
BPM.8R7.B2 20294.85841 0.0243539387387 -0.0180228970966 -1.96690704449e-05 0.000136496231988
BPM.9R7.B2 20333.92342 0.0114010122314 -0.0280705552501 0.000135730893312 2.43971242486e-05
BPM.10R7.B2 20374.38643 -0.00306969005281 -0.0301416017261 3.86319021504e-05 -0.000132384552934
BPM.11R7.B2 20427.16714 -0.00215330896019 -0.030220893647 -0.000125924015995 -5.62248462356e-05
BPM.12R7.B2 20481.89066 -0.00614876954719 -0.0296670150953 -5.53148748974e-05 0.000126326392627
BPM.13R7.B2 20535.33917 -0.00342619092178 -0.0301031620925 0.00012733590059 5.29495818652e-05
BPM.14R7.B2 20588.78769 -0.00959958928351 -0.0287365105258 4.91140797626e-05 -0.000128863887301
BPM.15R7.B2 20642.23621 -0.00725053514516 -0.0294171530299 -0.00012940019025 -4.76831429706e-05
BPM.16R7.B2 20695.68472 -0.0131972995377 -0.0272721549818 -4.3791394791e-05 0.000130768533338
BPM.17R7.B2 20749.13324 -0.0109523285095 -0.0282486398356 0.000131246630229 4.23369678081e-05
BPM.18R7.B2 20802.58175 -0.0165770261586 -0.0253602317727 3.83876625153e-05 -0.000132455582477
BPM.19R7.B2 20856.03027 -0.0144774155892 -0.0266147250577 -0.000132872599893 -3.69183414258e-05
BPM.20R7.B2 20909.47879 -0.019685280942 -0.0230310413455 -3.29287179399e-05 0.000133917107654
BPM.21R7.B2 20962.9273 -0.0177617041238 -0.0245450813588 0.000134274612258 3.14392017912e-05
BPM.22R7.B2 21016.37582 -0.0224694086186 -0.0203239963619 2.74030906314e-05 -0.000135156079319
BPM.23R7.B2 21069.82433 -0.0207566662317 -0.0220703411594 -0.000135451114258 -2.59053795069e-05
BPM.24R7.B2 21123.27285 -0.0249836097223 -0.0172641931284 -2.17533226767e-05 0.000236822639664
BPM.25R7.B2 21176.72137 -0.023508162635 -0.0192249683708 0.000237050152605 1.91152712318e-05
BPM.26R7.B2 21230.16988 -0.0269866813028 -0.0139266705311 1.2000057711e-05 -0.00023751666074
BPM.27R7.B2 21283.6184 -0.0257753430276 -0.0160581696133 -0.000237634691441 -9.37699821604e-06
BPM.28R7.B2 21337.06691 -0.0286455598189 -0.0103415839552 -2.18861070037e-06 0.000338473777805
BPM.29R7.B2 21390.51543 -0.0277171377961 -0.0126204884024 0.000338477126151 -1.59119311152e-06
BPM.30R7.B2 21443.96394 -0.029733095146 -0.00659238261308 -1.17462696543e-05 -0.000338276989955
BPM.31R7.B2 21497.41246 -0.0291043577503 -0.00896954932197 -0.000338127198649 1.54689766599e-05
BPM.32R7.B2 21550.86098 -0.0303321245229 -0.00273471699593 2.55548097057e-05 0.000337514798169
BPM.33R7.B2 21604.30949 -0.0300124338657 -0.00517399928429 0.000337208090767 -2.93256929075e-05
BPM.34R7.B2 21657.75801 -0.0304327596775 0.00116773005716 -3.94286370679e-05 -0.000336176550086
BPM.33L8.B2 21711.20652 -0.0304277471391 -0.00129176590619 -0.000335722532951 4.31239050287e-05
BPM.32L8.B2 21764.65504 -0.0300333378991 0.00505124437307 5.3128242951e-05 0.000334285325665
BPM.31L8.B2 21818.10356 -0.030343005459 0.00261122095288 0.000333670344853 -5.6862924463e-05
BPM.30L8.B2 21871.55207 -0.0291405325242 0.0088513173809 -6.68438602954e-05 -0.000331815008652
BPM.29L8.B2 21925.00059 -0.0297598441295 0.00647055889139 -0.000331059808328 7.04889900348e-05
BPM.28L8.B2 21978.4491 -0.0277686850798 0.012506661584 8.03460918155e-05 0.000328806631526
BPM.27L8.B2 22031.89762 -0.028687212914 0.0102254716377 0.000327887793157 -8.40171996984e-05
BPM.26L8.B2 22085.34614 -0.0260400859173 0.0159747841024 -9.37004928372e-05 -0.000224573988431
BPM.25L8.B2 22138.79465 -0.0272444418373 0.0138210053696 -0.000223527332671 9.61705765353e-05
BPM.24L8.B2 22192.24317 -0.023782109881 0.0191752718578 0.000102811943538 0.000220551499183
BPM.23L8.B2 22245.69168 -0.0252517379864 0.0171938806235 0.000219391343087 -0.000105264864444
BPM.22L8.B2 22299.1402 -0.02123341391 0.0220785622129 -0.000111685407992 -0.000115485237893
BPM.21L8.B2 22352.58871 -0.0229458053924 0.0202931217329 -0.000114243837232 0.000112954917133
BPM.20L8.B2 22406.03723 -0.0182336387179 0.0246141259129 0.000116323494175 0.000110812068298
BPM.19L8.B2 22459.48575 -0.0201605759465 0.0230623492457 0.00010951138025 -0.000117548826015
BPM.18L8.B2 22512.93426 -0.014936507478 0.0267436257866 -0.00012077295282 -0.000105945102675
BPM.17L8.B2 22566.38278 -0.0170458109505 0.0254511513356 -0.00010460256833 0.000121937578317
BPM.16L8.B2 22619.83129 -0.0113912511598 0.0284351924933 0.00012501381813 0.000100905983011
BPM.15L8.B2 22673.27981 -0.0136489649674 0.027423102136 9.95107131809e-05 -0.000126127268932
BPM.14L8.B2 22726.72833 -0.00766195585048 0.0296583075758 -0.00012904820429 -9.56923832003e-05
BPM.13L8.B2 22780.17684 -0.0100300706979 0.0289433663796 -9.42573416134e-05 0.000130100047979
BPM.12L8.B2 22833.62536 -0.000986410214093 0.0306161357849 0.000127961394961 9.71409216534e-05
BPM.11L8.B2 22887.07387 -0.00219665338661 0.0305531584177 0.000115211615153 -0.000111967651536
BPM.10L8.B2 22938.91258 5.86904993606e-05 0.0306319658328 -0.000101250226133 -0.000124735168835
BPM.9L8.B2 22977.9776 -0.00239199996765 0.0305384857481 -0.000141289521055 7.6470546558e-05
BPM.8L8.B2 23018.44061 0.0256498174544 0.0167453767085 0.000112693778076 0.000114501444111
BPM.7L8.B2 23057.50662 0.0259603269746 0.0162598339103 0.000160293034765 1.07985247397e-05
BPM.6L8.B2 23089.97562 0.0117911816566 0.0282716962927 0.000103726843451 -0.000122683401047
BPMR.5L8.B2 23150.39462 0.0260646563881 0.0160920620957 6.15474525318e-05 0.000148399394276
BPMYB.4L8.B2 23171.16162 0.0284477856604 0.0113597649669 0.000110265176874 0.000116841951481
BPMWB.4L8.B2 23195.62912 0.0278331962873 0.012791948993 0.000133336874567 8.96199980667e-05
BPMSX.4L8.B2 23245.78612 0.0280852674973 0.0122285945527 0.000153640198714 4.69591080128e-05
BPMS.2L8.B2 23283.69762 0.0279320991084 0.0125745232418 0.000159591438431 1.8471044965e-05
BPMSW.1L8.B2 23293.63162 0.0277894587678 0.0128866888876 0.000160598949768 4.29049319429e-06
BPMSW.1R8.B2 23336.82162 0.027789417976 0.0128867768783 0.00013448486905 8.78878071853e-05
BPMS.2R8.B2 23346.75562 0.027932072101 0.0125745827173 0.000141728051542 7.56548965686e-05
BPMSX.4R8.B2 23384.66712 0.0280852655788 0.0122285990144 0.00015305112445 4.88449081137e-05
BPMWI.4R8.B2 23434.90012 0.0278340852731 0.0127900145889 0.000160642388925 2.12015684394e-06
BPMYB.4R8.B2 23459.29162 0.0284481498718 0.0113588533701 0.000157167115651 -3.33015112684e-05
BPMYB.5R8.B2 23479.86862 0.0262228290389 0.0158330039138 0.000135977786121 -8.5560002042e-05
BPMR.6R8.B2 23563.97662 0.0120616801173 0.0281573551564 4.18010618785e-05 0.000155122998079
BPM_A.7R8.B2 23586.21662 0.0190106391676 0.0240190834517 9.88660002489e-05 0.000126633181093
BPM.8R8.B2 23627.65561 0.0286283179892 0.0108967969913 0.000157954355776 -2.93409709599e-05
BPM.9R8.B2 23666.7226 0.0293424688122 -0.00879433336564 -0.00012758634293 -9.76329466357e-05
BPM.10R8.B2 23707.18758 0.0256846671267 0.0166918737754 -3.39728379749e-05 0.000157023313723
BPM.11R8.B2 23759.02827 0.0291121866487 0.00952897500607 0.000151909994254 5.2286033479e-05
BPM.12R8.B2 23813.75476 0.0294252953331 0.00851309403157 5.49676201889e-05 -0.000150960358979
BPM.13R8.B2 23867.20624 0.0306176548007 0.00093807780422 -0.000154092728168 -4.54521824734e-05
BPM.14R8.B2 23920.65773 0.0304420653272 0.00340608776829 -4.37163451931e-05 0.000154594160004
BPM.15R8.B2 23974.10921 0.030486087336 -0.00298651208232 0.000155836698535 3.90562780895e-05
BPM.16R8.B2 24027.56069 0.0306276696018 -0.000516362411093 3.73149881954e-05 -0.0001562628066
BPM.17R8.B2 24081.01218 0.0298534522428 -0.00686237310976 -0.000157314269162 -3.25989262105e-05
BPM.18R8.B2 24134.46366 0.0303099706809 -0.00443017524731 -3.08273766456e-05 0.000157670985971
BPM.19R8.B2 24187.91515 0.0287305272892 -0.0106243859677 0.000158525179999 2.60813115231e-05
BPM.20R8.B2 24241.36663 0.0294941931895 -0.00827123595345 2.43101794064e-05 -0.000158806445216
BPM.21R8.B2 24294.81811 0.0271348697321 -0.0142133606222 -0.000159465723526 -1.95231703383e-05
BPM.22R8.B2 24348.2696 0.0281937391156 -0.0119763872089 -1.77291046736e-05 0.00015967515064
BPM.23R8.B2 24401.72108 0.0250943572166 -0.0175668440822 0.000160135293937 1.29288679879e-05
BPM.24R8.B2 24455.17257 0.0262999325458 -0.01549225686 9.14910700911e-06 -3.0039115403e-05
BPM.25R8.B2 24508.62405 0.0225115614478 -0.0206137351146 -3.03004432216e-05 -8.24242880955e-06
BPM.26R8.B2 24562.07554 0.0241019727367 -0.0187294256468 -7.90219435453e-06 3.03909669611e-05
BPM.27R8.B2 24615.52702 0.0196897737691 -0.0233240065887 3.06146461281e-05 6.98565643843e-06
BPM.28R8.B2 24668.9785 0.0213782518008 -0.021666309892 4.65886172443e-06 9.95304746107e-05
BPM.29R8.B2 24722.42999 0.0164162243795 -0.0256313521126 9.93457447855e-05 -7.6449467255e-06
BPM.30R8.B2 24775.88147 0.0184308875814 -0.0242231504321 -8.75619581814e-06 -9.92539709668e-05
BPM.31R8.B2 24829.33296 0.0130012052996 -0.0275213970337 -9.89458760532e-05 1.17359929878e-05
BPM.32R8.B2 24882.78444 0.0151807335521 -0.0263818870269 1.28448677995e-05 9.88080446546e-05
BPM.33R8.B2 24936.23592 0.00937499977732 -0.0289580388377 9.83777991124e-05 -1.58060513763e-05
BPM.34R8.B2 24989.68741 0.0116809058044 -0.0281072067923 -1.69065680785e-05 -9.81946443053e-05
BPM.33L1.B2 25043.13889 0.00559202162058 -0.0299196913119 -9.76421315302e-05 1.98502615443e-05
BPM.32L1.B2 25096.59038 0.00798949765606 -0.0293705049565 2.0943423704e-05 9.74135276795e-05
BPM.31L1.B2 25150.04186 0.00172003524766 -0.0303891446517 9.67405510667e-05 -2.3859740984e-05
BPM.30L1.B2 25203.49334 0.00416625909871 -0.0301513004488 -2.49419769242e-05 -9.64672042256e-05
BPM.29L1.B2 25256.94483 -0.00218317034517 -0.0303593873639 -9.56741665031e-05 2.78293654529e-05
BPM.28L1.B2 25310.39631 0.000275270165982 -0.0304365382419 2.88994724772e-05 9.53563922971e-05
BPM.27L1.B2 25363.8478 -0.00604757915171 -0.0298309473557 9.44451472307e-05 -3.17512107743e-05
BPM.26L1.B2 25417.29928 -0.00375017972413 -0.0302300251713 -3.47924280329e-05 3.61375557634e-05
BPM.25L1.B2 25470.75077 -0.00994252774593 -0.0287934786311 3.71665295522e-05 3.36910127188e-05
BPM.24L1.B2 25524.20225 -0.00758608287976 -0.0295020273296 3.32723812786e-05 -3.75417827805e-05
BPM.23L1.B2 25577.65373 -0.0135446881369 -0.02728478867 -3.85244355271e-05 -3.21294535412e-05
BPM.22L1.B2 25631.10522 -0.0114275895797 -0.0282976956918 -3.36838044833e-05 0.000169106688224
BPM.21L1.B2 25684.5567 -0.0170510816838 -0.0253102745727 0.000170042655821 2.85859848827e-05
BPM.20L1.B2 25738.00819 -0.0149533185033 -0.0266035270393 2.66752953698e-05 -0.000170352859423
BPM.19L1.B2 25791.45967 -0.0201503013028 -0.0229197456947 -0.000171077011338 -2.15481853944e-05
BPM.18L1.B2 25844.91115 -0.018234057007 -0.024471790912 -1.9634602027e-05 0.000171307189903
BPM.17L1.B2 25898.36264 -0.0229156350693 -0.0201549759423 0.00017182004685 1.44752903789e-05
BPM.16L1.B2 25951.81412 -0.0212146384186 -0.0219382884863 1.25442182816e-05 -0.000171971834568
BPM.15L1.B2 26005.26561 -0.0253065630583 -0.0170565896641 -0.000172270870281 -7.37656124387e-06
BPM.14L1.B2 26058.71709 -0.0238469462386 -0.0190439633465 -5.45154614787e-06 0.000172342525864
BPM.13L1.B2 26112.16857 -0.0272800610944 -0.0136801919072 0.000172428542809 2.65902785561e-07
BPM.12L1.B2 26165.62006 -0.0237074364133 -0.0192173578857 1.21589490532e-05 -0.000171999497328
BPM.11L1.B2 26219.07154 -0.0219353434415 -0.021217683497 -0.000171619790011 -1.66827720329e-05
BPM.10L1.B2 26271.85423 -0.0205232015404 -0.0225864469035 1.19462375014e-05 0.000172014407523
BPM.9L1.B2 26310.92122 -0.0249369484676 -0.0175925548599 0.00017239705857 -3.30486349565e-06
BPM.8L1.B2 26351.38621 -0.00503753256156 -0.0300993795725 -9.0424507798e-05 -0.000146816473397
BPM.7L1.B2 26390.4542 -0.0173091012975 -0.0251345260066 -0.000153884065347 7.77905063658e-05
BPMR.6L1.B2 26433.6382 -0.0254900627701 -0.0167811228902 7.51198133838e-05 0.000155205286595
BPM.5L1.B2 26465.5382 -0.0289926498977 0.00952762494772 0.000171722976916 -1.55848526919e-05
BPMYA.4L1.B2 26486.6562 -0.0262112023479 0.0156308111484 0.000156934821382 -7.14361760252e-05
BPMWB.4L1.B2 26507.7127 -0.0241128072334 0.0187061998472 0.000139922835329 -0.000100763450629
BPMSY.4L1.B2 26600.5687 -0.0234625256329 0.0195156162356 0.000100241420321 -0.000140297230968
BPMS.2L1.B2 26627.3542 -0.0232012407731 0.0198255320752 9.08311816741e-05 -0.000146566255708
BPMSW.1L1.B2 26637.4082 -0.0230893843509 0.0199556953652 8.40701708355e-05 -0.000150544294204
