BPMSW.1R1.B2 21.475 0.0248281886693 -0.0174635086425 1.00759622686e-05 -1.71881526558e-05
BPMS.2R1.B2 31.529 0.0249260207754 -0.0173235831137 9.28331933187e-06 -1.76285763654e-05
BPMSY.4R1.B2 58.3145 0.0251539397451 -0.0169909505337 8.10854180141e-06 -1.81991834631e-05
BPMWB.4R1.B2 151.1705 0.0257174895757 -0.0161252539169 1.84729530169e-06 -1.98379821108e-05
BPMYA.4R1.B2 172.227 0.0274897372906 -0.0128735164763 -2.07027925013e-06 -1.98159332516e-05
BPMR.5R1.B2 199.635 0.0300688331472 -0.00415672435752 -1.08445057193e-05 -1.6713918747e-05
BPM.6R1.B2 231.535 0.0176042828426 0.0247285727413 -1.81710697253e-05 8.17133093233e-06
BPMRA.7R1.B2 259.259 0.0105983972016 0.0284444557112 -4.72162648732e-06 1.93562452214e-05
BPM.8R1.B2 300.6960106 0.0102353326384 0.0285771070801 1.81855526858e-05 8.13902873954e-06
BPM.9R1.B2 339.7610212 0.0162186944092 0.0256586639435 4.67114595138e-06 -1.9368501246e-05
BPM.10R1.B2 380.2240318 0.024667473491 0.0176897946364 -1.99188034114e-05 4.47647446578e-07
BPM.11R1.B2 433.0047424 0.0112926444658 0.0281760406168 6.6350185087e-06 1.87865555873e-05
BPM.12R1.B2 487.7282583 0.0195585168149 0.0232137352505 1.91045302798e-05 -5.65465912581e-06
BPM.13R1.B2 541.1767742 0.0206718944324 0.0222280423032 -4.0969958921e-06 -1.94980226039e-05
BPM.14R1.B2 594.6252901 0.0248353612561 0.0174533067201 -1.93665628432e-05 4.67913579577e-06
BPM.15R1.B2 648.073806 0.0233461877822 0.0194002216359 4.89355995935e-06 1.93134983148e-05
BPM.16R1.B2 701.5223219 0.0268642015553 0.014132507177 1.91584384922e-05 -5.4692497793e-06
BPM.17R1.B2 754.9708378 0.0256359019297 0.0162546490482 -5.68139566696e-06 -1.90965986016e-05
BPM.18R1.B2 808.4193537 0.0284511449725 0.0105804269249 -1.89179726557e-05 6.25047709448e-06
BPM.19R1.B2 861.8678696 0.0275046958666 0.012841525965 6.45985909617e-06 1.8847509908e-05
BPM.20R1.B2 915.3163855 0.0295709549104 0.00685359099053 1.86458111791e-05 -7.02083116156e-06
BPM.21R1.B2 968.7649014 0.0289213342019 0.00921789086409 -7.2271929097e-06 -1.85667926186e-05
BPM.22R1.B2 1022.213417 0.0302046825195 0.00301500213184 -1.83421123879e-05 7.77978439691e-06
BPM.23R1.B2 1075.661933 0.0298629237509 0.00544232201599 7.98268934927e-06 1.82547262734e-05
BPM.24R1.B2 1129.110449 0.0305562409695 -0.000914388367621 1.78091668336e-05 -0.000225621302985
BPM.25R1.B2 1182.558965 0.030530356027 0.00155477620208 -0.000225805755017 -1.52937486041e-05
BPM.26R1.B2 1236.007481 0.030188291154 -0.00481529286297 -8.5149811071e-06 0.000226162845625
BPM.27R1.B2 1289.455997 0.0304784111125 -0.00236356175794 0.000226243035102 6.01894824284e-06
BPM.28R1.B2 1342.904513 0.0295382155611 -0.00867880012857 -9.18711330606e-07 -0.00044345312594
BPM.29R1.B2 1396.353029 0.0301421508763 -0.00626725544108 -0.000443415053716 5.88395735054e-06
BPM.30R1.B2 1449.801545 0.0281854993827 -0.0123856923425 1.91972324438e-05 0.000443038359309
BPM.31R1.B2 1503.25006 0.0290933465796 -0.0100700017247 0.000442800786649 -2.40621890249e-05
BPM.32R1.B2 1556.698576 0.0263693319322 -0.0158898106853 -3.72608000123e-05 -0.000441885916371
BPM.33R1.B2 1610.147092 0.0275650928272 -0.0137110687814 -0.000441441168416 4.22045549131e-05
BPM.34R1.B2 1663.595608 0.0241204728411 -0.0191319246309 5.54328347752e-05 0.000439975831313
BPM.33L2.B2 1717.044124 0.0255865118592 -0.0171218620779 0.000439339937695 -6.02656007566e-05
BPM.32L2.B2 1770.49264 0.021474356152 -0.0220608199673 -7.33551108191e-05 -0.000437344890914
BPM.31L2.B2 1823.941156 0.0231834991214 -0.0202571744962 -0.000436497421518 7.82401813438e-05
BPM.30L2.B2 1877.389672 0.018476812366 -0.0246259041509 9.12931085618e-05 0.000433955180916
BPM.29L2.B2 1930.838188 0.0204051696503 -0.0230533468767 0.000432923828821 -9.60650083704e-05
BPM.28L2.B2 1984.286704 0.015173670712 -0.0267878231223 -0.000108957920516 -0.000429860088362
BPM.27L2.B2 2037.73522 0.0172843283026 -0.0254770435012 -0.000428617477433 0.00011374786027
BPM.26L2.B2 2091.183735 0.0118360572095 -0.0285497613298 0.000126315012666 0.000207917691538
BPM.25L2.B2 2144.632251 0.0141018079758 -0.0275012751171 0.000206508454054 -0.000128605991603
BPM.24L2.B2 2198.080767 0.00808488009285 -0.0298297810322 -0.000134726783878 -0.000202568360804
BPM.23L2.B2 2251.529283 0.0104652751886 -0.0290802190209 -0.000201058426895 0.000136969881964
BPM.22L2.B2 2304.977799 0.00441648138924 -0.0306598381851 0.000142713212926 -2.0251683685e-05
BPM.21L2.B2 2358.426315 0.00687511495697 -0.0302037047393 -2.1832173512e-05 -0.000142479964055
BPM.20L2.B2 2411.874831 0.000456055741113 -0.0309729397795 -0.00014176284316 2.60861066724e-05
BPM.19L2.B2 2465.323347 0.00295521934426 -0.0308350071203 2.765696945e-05 0.000141464758111
BPM.18L2.B2 2518.771863 -0.00350763890434 -0.0307770605357 0.000140573525033 -3.187891814e-05
BPM.17L2.B2 2572.220379 -0.0010137467244 -0.0309597045036 -3.34360321116e-05 -0.000140211342204
BPM.16L2.B2 2625.668894 -0.00741778010198 -0.0300750315706 -0.000139148366974 3.76154078592e-05
BPM.15L2.B2 2679.11741 -0.00496543279738 -0.0305757332278 3.91556728395e-05 0.000138722823649
BPM.14L2.B2 2732.565926 -0.0112022331879 -0.0288797672658 0.000137488187673 -4.32918397753e-05
BPM.13L2.B2 2786.014442 -0.00883623611619 -0.029689255919 -4.48148060233e-05 -0.000136999352306
BPM.12L2.B2 2839.462958 -0.015415762214 -0.0268679225392 -0.00013624099094 4.70699979454e-05
BPM.11L2.B2 2892.911474 -0.0099921967156 -0.029320419337 3.37124971925e-05 0.000140145120901
BPM.10L2.B2 2944.750185 -0.0123379005944 -0.0284131517903 0.000143970459459 -7.04940337131e-06
BPM.9L2.B2 2983.815195 -0.017778403477 -0.0253665006522 2.23725609802e-05 -0.000142396120615
BPM.8L2.B2 3024.278206 -0.0262238105483 -0.0164876543423 -0.000116414434907 8.49992089045e-05
BPM.7L2.B2 3063.344216 0.00297513837483 -0.0308330915962 0.000100083070125 0.000103733162247
BPM.6L2.B2 3095.450216 0.00592601623038 -0.0304041661214 0.000136710731522 4.56876499082e-05
BPMYB.5L2.B2 3167.649216 -0.00193185687992 -0.0309159977154 5.3655344115e-05 -0.000133784485696
BPMYB.4L2.B2 3188.219216 -0.00786493007166 -0.0299612059268 -3.44187041238e-05 -0.000139973356369
BPMWB.4L2.B2 3212.610716 -0.00210858006934 -0.0309044475078 -0.000132729186784 -5.62152332081e-05
BPMSX.4L2.B2 3262.843716 -0.0172007960799 -0.0257616692014 -1.50131305493e-05 0.000143358974829
BPMS.2L2.B2 3300.755216 -0.0172324870943 -0.0257404812339 8.06862353657e-05 0.000119444176034
BPMSW.1L2.B2 3310.689216 -0.0162535438571 -0.0263695524711 0.000108794188661 9.45569134875e-05
BPMSW.1R2.B2 3353.879216 -0.0162546096449 -0.026368895528 -0.000111039882305 9.1909359553e-05
BPMS.2R2.B2 3363.813216 -0.0172332386743 -0.0257399780555 -8.35405728588e-05 0.000117465547172
BPMSX.4R2.B2 3401.724716 -0.0172006622749 -0.0257617585367 1.15537003754e-05 0.000143679151405
BPMWB.4R2.B2 3451.881716 -0.00210150292393 -0.0309049295597 0.000134210404462 -5.25809373931e-05
BPMYB.4R2.B2 3476.349216 -0.00773240790907 -0.0299956805778 3.7868391465e-05 -0.000139079738963
BPM.5R2.B2 3505.883216 0.0118161015606 -0.0286340833551 -0.000108650121437 -9.47224310693e-05
BPMR.6R2.B2 3579.179216 0.0159915568288 -0.0265292498144 -0.000101029560884 0.000102811555337
BPM_A.7R2.B2 3592.054216 0.0148483783529 -0.0271855962929 -8.112213071e-05 0.000119148607871
BPM.8R2.B2 3633.493206 0.00338699966546 -0.0307905702924 6.65681887825e-05 0.000127850939906
BPM.9R2.B2 3672.560195 -0.0252212537645 -0.017983863415 9.1631722307e-05 -0.000111269131234
BPM.10R2.B2 3713.025185 -0.0264764843216 -0.0160787674841 -7.15643218882e-05 -0.000125122885015
BPM.11R2.B2 3764.865874 -0.0276153289445 -0.0140329823142 -0.000131470164065 5.90997503592e-05
BPM.12R2.B2 3819.592358 -0.0266729550136 -0.0157506970227 7.04705902242e-05 0.000125742131743
BPM.13R2.B2 3873.043842 -0.0301981577378 -0.00689943877812 0.000117431467591 -8.35884783206e-05
BPM.14R2.B2 3926.495326 -0.0295429521228 -0.00931369773767 -8.48989778592e-05 -0.000116487550366
BPM.15R2.B2 3979.94681 -0.0308327201492 -0.00297898538403 -0.000113888601202 8.83548212857e-05
BPM.16R2.B2 4033.398294 -0.0304916995982 -0.00545776888757 8.96242237119e-05 0.000112892368483
BPM.17R2.B2 4086.849779 -0.0309604760282 0.000989903857166 0.000110144267587 -9.29808024364e-05
BPM.18R2.B2 4140.301263 -0.0309393520969 -0.00151244088673 -9.42099077625e-05 -0.000109094821599
BPM.19R2.B2 4193.752747 -0.0305795034951 0.00494216062193 -0.000106219884224 9.74398537289e-05
BPM.20R2.B2 4247.204231 -0.0308785934596 0.0024583432304 9.86230999961e-05 0.000105122176319
BPM.21R2.B2 4300.655715 -0.0296958802627 0.00881394809582 0.000102107020371 -0.000101741573512
BPM.22R2.B2 4354.107199 -0.0303105110984 0.00638779323143 -0.000102879740842 -0.000100960122251
BPM.23R2.B2 4407.558683 -0.0283246073124 0.012539840758 -9.78283647893e-05 0.000105862144494
BPM.24R2.B2 4461.010167 -0.0288834011447 0.0102348582572 0.000112420618487 -0.000263858941963
BPM.25R2.B2 4514.461651 -0.026130813098 0.0160057424562 -0.000267112837394 -0.00010445417146
BPM.26R2.B2 4567.913135 -0.0273371797908 0.0138449191592 -0.000101474948771 0.000268258797213
BPM.27R2.B2 4621.36462 -0.0238671650759 0.0192187829056 0.000271190573041 9.33574481742e-05
BPM.28R2.B2 4674.816104 -0.0249811687847 0.017249926879 9.57151957757e-05 -0.000632640916929
BPM.29R2.B2 4728.267588 -0.020859591362 0.0220566592801 -0.000635221725777 -7.67416382879e-05
BPM.30R2.B2 4781.719072 -0.0225698242279 0.0203032461344 -6.96984781147e-05 0.000636033049748
BPM.31R2.B2 4835.170556 -0.0178608251854 0.0245481097836 0.000637845714003 5.04853780489e-05
BPM.32R2.B2 4888.62204 -0.0197864751199 0.0230242084168 4.32693868452e-05 -0.00063837581612
BPM.33R2.B2 4942.073524 -0.0145805950479 0.0266275237025 -0.00063938507055 -2.41383531416e-05
BPM.34R2.B2 4995.525008 -0.0166788936328 0.0253659866238 -1.70266206177e-05 0.000639613954708
BPM.33L3.B2 5048.976492 -0.0110465486637 0.0282770672638 0.000639836555361 -2.25671247344e-06
BPM.32L3.B2 5102.427976 -0.0132967392685 0.0272913080571 -9.46561226221e-06 -0.000639770534945
BPM.31L3.B2 5155.87946 -0.00734703026332 0.0294557280791 -0.000639199557866 2.8632849863e-05
BPM.30L3.B2 5209.330945 -0.0096959523194 0.0287681643321 3.57653032957e-05 0.000638840182723
BPM.29L3.B2 5262.782429 -0.00350936125231 0.0301546539334 0.000637474059764 -5.49793385223e-05
BPM.28L3.B2 5316.233913 -0.00593674619673 0.0297720307539 -6.21331182454e-05 -0.000636816615326
BPM.27L3.B2 5369.685397 0.000367760913658 0.0303559470739 -0.000634665450567 8.12136222607e-05
BPM.26L3.B2 5423.136881 -0.00172102010763 0.0303094920007 9.38128647051e-05 0.000273278649976
BPM.25L3.B2 5476.588365 0.00460867884547 0.030006454217 0.000270335803929 -0.000101983438676
BPM.24L3.B2 5530.039849 0.00216897185005 0.0302807327638 -0.000105004762585 -0.00026917666387
BPM.23L3.B2 5583.491333 0.00840571113422 0.029171411265 -0.000265900171339 0.000113045066562
BPM.22L3.B2 5636.942817 0.00638396369191 0.0297776830285 0.000121513351507 -9.58235515641e-05
BPM.21L3.B2 5690.394301 0.0124240797662 0.0278048132641 -9.94313259244e-05 -0.000118579357724
BPM.20L3.B2 5743.845786 0.0101390884682 0.0287169685754 -0.000117456251464 0.000100755549151
BPM.19L3.B2 5797.29727 0.0158800368726 0.0259863392493 0.000104238545686 0.000114376470246
BPM.18L3.B2 5850.748754 0.0137310751095 0.0271831376988 0.000113203755285 -0.000105510939366
BPM.17L3.B2 5904.200238 0.0190729821054 0.0237420882137 -0.000108864631333 -0.000109982464478
BPM.16L3.B2 5957.651722 0.0170942842173 0.0252041831116 -0.00010875271437 0.000110093121555
BPM.15L3.B2 6011.103206 0.0219542909684 0.0211062670069 0.000113310372828 0.000105396430172
BPM.14L3.B2 6064.55469 0.0201793183964 0.0228092197952 0.000104124153681 -0.000114480619056
BPM.13L3.B2 6118.006174 0.0244733643688 0.0181251161611 -0.000117557599366 -0.000100637269658
BPM.12L3.B2 6171.457658 0.0197177173214 0.0232094166848 -0.000109251438518 0.000109598238096
BPM.11L3.B2 6224.909142 0.0172557286165 0.0250939281323 0.000104677830707 0.000113974556562
BPM.10L3.B2 6277.691832 0.00553854933482 0.0299464500463 0.000121989759369 -9.52163139444e-05
BPM.9L3.B2 6316.758821 0.0104880171932 0.0285913779654 5.96815410399e-06 -0.000154635161092
BPM.8L3.B2 6357.223811 0.0157159887125 0.0260858792787 -0.000122584470571 -9.44494373262e-05
BPM.7L3.B2 6396.2898 0.025216779615 0.0170756969053 -0.000139954256085 6.60337620319e-05
BPMR.6L3.B2 6468.9288 0.0289999132855 -0.00929894773535 0.000124326935102 9.21437114971e-05
BPMWE.5L3.B2 6511.9823 0.0287972723016 -0.00990870865541 0.000154746273087 1.11398511104e-06
BPMW.5L3.B2 6539.5273 0.0304466271518 -0.000684320440019 0.000139157625378 -6.76964086059e-05
BPMWE.4L3.B2 6614.6553 0.0283351189993 -0.0111618291702 -2.41774243014e-05 -0.000152849934683
BPMW.4L3.B2 6642.2003 0.010121206618 -0.0287232758526 -0.00014159531616 -6.24372644906e-05
BPMW.4R3.B2 6687.1653 0.00360997955395 -0.030239600637 -0.000150081057153 3.77269876525e-05
BPMWE.4R3.B2 6714.7103 0.00928991346245 -0.0290028086057 -0.000125179914696 9.0981518837e-05
BPMW.5R3.B2 6789.8383 0.00370208170082 -0.0302284632428 2.59633556046e-05 0.000152556713036
BPMWE.5R3.B2 6817.3833 -0.00864880983545 -0.0292004021977 0.000107011847036 0.000111786003059
BPMWC.6R3.B2 6858.3743 -0.0114016732656 -0.0282394625602 0.000152669317115 2.52928154846e-05
BPM.6R3.B2 6870.5288 -0.00830219787435 -0.0293008346231 0.000154494878147 -8.88720451639e-06
BPM_A.7R3.B2 6926.3528 -0.00895616154411 -0.0291076032966 5.83542298854e-05 -0.000143326317924
BPM.8R3.B2 6965.418789 0.00821402478374 -0.0293256746881 -0.00013914436068 -6.77236735927e-05
BPM.9R3.B2 7004.485779 0.0291485280005 -0.00882205848166 -4.32460755849e-05 0.000148584778852
BPM.10R3.B2 7044.950768 0.0279375937146 -0.0121225515715 7.84291985448e-05 0.000133403567093
BPM.11R3.B2 7097.733458 0.0226493446506 -0.0203585997916 0.000146424216501 -5.00759034195e-05
BPM.12R3.B2 7152.459942 0.015009705199 -0.0264985688191 -8.07506946665e-05 -0.00013201125687
BPM.13R3.B2 7205.911426 0.0188289684574 -0.0239360678922 -0.000126565301929 8.90442268023e-05
BPM.14R3.B2 7259.36291 0.013452313912 -0.0273221640715 9.28066294886e-05 0.00012383287842
BPM.15R3.B2 7312.814394 0.0156136706455 -0.0261472501102 0.000122788054197 -9.41846280008e-05
BPM.16R3.B2 7366.265878 0.00984524880396 -0.0288190297335 -9.78300829223e-05 -0.00011990382648
BPM.17R3.B2 7419.717362 0.0121391304893 -0.0279303940202 -0.000118797861649 9.917014663e-05
BPM.18R3.B2 7473.168846 0.00607907369458 -0.029841418566 0.000102695278028 0.00011576412872
BPM.19R3.B2 7526.62033 0.00846781234966 -0.029253402424 0.000114608119714 -0.000103983801258
BPM.20R3.B2 7580.071814 0.0022100561048 -0.030374019341 -0.000107379437728 -0.000111432955339
BPM.21R3.B2 7633.523299 0.00465437539616 -0.0300965477887 -0.000110221636004 0.000108622461596
BPM.22R3.B2 7686.974783 -0.00169213645767 -0.0304072700737 0.000111885399739 0.000106907944989
BPM.23R3.B2 7740.426267 0.000767593029326 -0.0304446415652 0.000105648225025 -0.000113075642463
BPM.24R3.B2 7793.877751 -0.0052228676165 -0.0300069670674 -0.000116594545805 -0.000458003249833
BPM.25R3.B2 7847.329235 -0.0027864782445 -0.0303303801037 -0.000456670373873 0.000121710423878
BPM.26R3.B2 7900.780719 -0.00901695527284 -0.0290927986985 0.000135365784648 0.000452810515928
BPM.27R3.B2 7954.232203 -0.00663707590329 -0.0297261777218 0.000451260395193 -0.000140446909081
BPM.28R3.B2 8007.683687 -0.0123191159035 -0.0277648916779 -0.000154382952632 -0.000802601769379
BPM.29R3.B2 8061.135171 -0.010042339777 -0.028667075867 -0.000800836757458 0.000163291674404
BPM.30R3.B2 8114.586655 -0.0157679320933 -0.0259619364499 0.000187212605931 0.000795584781571
BPM.31R3.B2 8168.03814 -0.0136173399905 -0.027151756462 0.000793413412958 -0.000196211227949
BPM.32R3.B2 8221.489624 -0.0189614518406 -0.0237300057287 -0.000220032860265 -0.00078713992515
BPM.33R3.B2 8274.941108 -0.0169873344575 -0.0251809510377 -0.000784659702434 0.000228720028436
BPM.34R3.B2 8328.392592 -0.0218396461619 -0.0211111269907 0.000252112477904 0.000777459326304
BPM.33L4.B2 8381.844076 -0.020062124002 -0.022807038548 0.000774539480982 -0.00026094502423
BPM.32L4.B2 8435.29556 -0.0243623417316 -0.0181418337769 -0.000284176591016 -0.000766320689408
BPM.31L4.B2 8488.747044 -0.0228203300929 -0.0200470038105 -0.000763148052809 0.000292589750651
BPM.30L4.B2 8542.198528 -0.0264818782121 -0.0148781703527 0.000315307285995 0.000754045772745
BPM.29L4.B2 8595.650012 -0.0251934570584 -0.0169687815904 0.000750392785815 -0.000323904882691
BPM.28L4.B2 8649.101496 -0.0281683537701 -0.0113663394982 -0.000346376511638 -0.000740288471381
BPM.27L4.B2 8702.55298 -0.0271597961862 -0.0136012976689 -0.000736447812946 0.000354469055312
BPM.26L4.B2 8756.004465 -0.0290402613582 -0.0077362984364 0.00037602366532 0.000369639647131
BPM.25L4.B2 8809.455949 -0.0283209860455 -0.010055289299 0.00036533561794 -0.000380206729304
BPM.24L4.B2 8862.907433 -0.0297914584975 -0.00395677823089 -0.000391010548689 -0.000353748512021
BPM.23L4.B2 8916.358917 -0.0293749772 -0.00634805544382 -0.000349418007494 0.000394885178171
BPM.22L4.B2 8969.810401 -0.0297022014249 -0.000179600771495 0.00040479427434 -1.83880611949e-05
BPM.21L4.B2 9023.261885 -0.0295907887811 -0.00257647923856 -2.2963491091e-05 -0.000404560492229
BPM.20L4.B2 9076.713369 -0.0294811963297 0.00362106185534 -0.000403691621393 3.50656389776e-05
BPM.19L4.B2 9130.164853 -0.0296772531857 0.0012303127168 3.95468471739e-05 0.000403277285668
BPM.18L4.B2 9183.616337 -0.0287754203722 0.00736398047358 0.000401901598152 -5.16878546499e-05
BPM.17L4.B2 9237.067821 -0.0292760599601 0.0050165066747 -5.62246281097e-05 -0.000401292050485
BPM.16L4.B2 9290.519306 -0.0275976797545 0.0109827636818 -0.000399429115106 6.82121584351e-05
BPM.15L4.B2 9343.97079 -0.0283936760071 0.00872079061091 7.26489512948e-05 0.000398646006337
BPM.14L4.B2 9397.422274 -0.025964633117 0.0144253545204 0.000396274378762 -8.46352873694e-05
BPM.13L4.B2 9450.873758 -0.0270449603676 0.0122810075 -8.91005487796e-05 -0.000395294353992
BPM.12L4.B2 9504.325242 -0.022025762472 0.0199278401641 -0.000397514384401 7.8605525882e-05
BPM.11L4.B2 9557.776726 -0.0227228081125 0.0191292189205 1.2195856357e-05 0.000405028125959
BPMC.10L4.B2 9609.617415 -0.0201738998422 0.0218006144725 0.000402773195801 4.43876646114e-05
BPMC.9L4.B2 9648.684405 -0.01805456172 0.0235857123464 0.0001177607137 -0.000387722764169
BPMC.8L4.B2 9689.149394 -0.00989121765364 0.028007442569 -0.000357374373148 0.00019099756697
BPMC.7L4.B2 9728.215384 -0.0277760436428 0.0105235176724 0.000226299036545 0.00033613282634
BPMYA.6L4.B2 9824.819384 -0.0259232065938 0.0144996684928 0.000386298524697 -0.000122351852186
BPMYB.5L4.B2 9861.819384 -0.0259493706718 0.0144527918951 0.000339121574384 -0.000221794940594
BPMWA.B5L4.B2 9964.209884 -0.0150839991489 0.0255876141052 -2.12973905727e-05 -0.000404651634729
BPMWA.A5L4.B2 9973.094884 -0.0141647652933 0.0261077086325 -5.9072496229e-05 -0.000400882729381
BPMWA.A5R4.B2 10021.14388 -0.0111270243741 0.0275398321446 -0.000234907938803 -0.000330173867616
BPMWA.B5R4.B2 10030.02888 -0.0109564387329 0.0276081414839 -0.000260792643127 -0.000310135005028
BPMYA.5R4.B2 10132.49538 -0.0152859637832 0.0254674760658 -0.000404724225066 -1.98699968672e-05
BPMYB.6R4.B2 10164.05938 -0.0146399285125 0.0258442550752 -0.000399490245775 6.78533690772e-05
BPMCA.7R4.B2 10260.57538 -0.0226826167412 0.0191768590672 0.000111698055384 0.000389512603116
BPMC.8R4.B2 10298.36637 -0.0269675621359 0.0124500449066 0.000381600832417 -0.000136298663274
BPMC.9R4.B2 10337.43336 -0.0124451255771 0.0269698326896 -0.000273972540822 -0.000298555813926
BPMC.10R4.B2 10377.89835 -0.0113807066036 0.0274359716904 -0.000361136945539 0.000183784173476
BPM.11R4.B2 10429.73904 -0.00164229490683 0.0296573075895 0.000150276553284 0.000376315654825
BPM.12R4.B2 10484.46553 -0.00060050168522 0.0296966736136 0.00038305050361 -0.000132169732515
BPM.13R4.B2 10537.91701 0.00562538065476 0.0291651867636 -0.000144133751956 -0.000378710935934
BPM.14R4.B2 10591.36849 0.00325112357305 0.0295242818965 -0.000377068300565 0.00014837798354
BPM.15R4.B2 10644.81998 0.00931190010185 0.0282053459837 0.000159648587448 0.000372436362038
BPM.16R4.B2 10698.27146 0.00700674615248 0.028864485697 0.000370631390058 -0.000163795239915
BPM.17R4.B2 10751.72295 0.0128418745647 0.0267831903179 -0.000174845308876 -0.000365548405267
BPM.18R4.B2 10805.17443 0.0106367880417 0.0277328643714 -0.000363555825899 0.000178951592448
BPM.19R4.B2 10858.62591 0.0161643062444 0.0249192341413 0.000189805346767 0.000358009003258
BPM.20R4.B2 10912.0774 0.0141015057579 0.0261419310943 0.000355874540576 -0.000193777825299
BPM.21R4.B2 10965.52888 0.0192178352259 0.0226479101922 -0.000204369583353 -0.000349899414763
BPM.22R4.B2 11018.98037 0.0173262410685 0.0241258035408 -0.000347568974625 0.000208308266877
BPM.23R4.B2 11072.43185 0.0219584743079 0.0200019607202 0.000218668487493 0.000341146049552
BPM.24R4.B2 11125.88333 0.0206072128557 0.0217311979378 0.000343880958773 -0.000557706219608
BPM.25R4.B2 11179.33482 0.0246666044412 0.0169841340735 -0.000567792876293 -0.000326958118178
BPM.26R4.B2 11232.7863 0.0232157006952 0.018919128592 -0.000320476742127 0.000571476146376
BPM.27R4.B2 11286.23779 0.0266384733969 0.0136855369504 0.000580835865829 0.000303183194091
BPM.28R4.B2 11339.68927 0.0257816842651 0.0158140496607 0.000302008715056 -0.000919478697561
BPM.29R4.B2 11393.14075 0.0285014124244 0.0101217043837 -0.000928168948539 -0.000274139980346
BPM.30R4.B2 11446.59224 0.0275920195229 0.0123878920204 -0.000263476409428 0.000931252099246
BPM.31R4.B2 11500.04372 0.0295628246797 0.00638895978446 0.000938714905793 0.000235509322229
BPM.32R4.B2 11553.49521 0.0289504705369 0.00875497948047 0.000225232656142 -0.000941233536779
BPM.33R4.B2 11606.94669 0.030137080159 0.00255652295145 -0.000947606550275 -0.000196703203763
BPM.34R4.B2 11660.39818 0.0298324610819 0.00498032888993 -0.000185815283336 0.000949801544581
BPM.33L5.B2 11713.84966 0.0302164993214 -0.00132006774804 0.00095492769024 0.000157363997754
BPM.32L5.B2 11767.30114 0.0302244770133 0.00112267514867 0.00014691154796 -0.000956591509498
BPM.31L5.B2 11820.75263 0.0297991024969 -0.0051761859012 -0.000960595846698 -0.000117923431866
BPM.30L5.B2 11874.20411 0.0301197634703 -0.00275304531482 -0.000106904236968 0.000961884503892
BPM.29L5.B2 11927.6556 0.0288930396327 -0.0089426881234 0.000964646414869 7.81511944859e-05
BPM.28L5.B2 11981.10708 0.0295201368155 -0.0065833830552 6.75758216397e-05 -0.000965444880264
BPM.27L5.B2 12034.55856 0.0275095952726 -0.01256986786 -0.000967047225099 -3.83402350305e-05
BPM.26L5.B2 12088.01005 0.0287707185403 -0.010286057223 -2.22967762743e-05 0.000632190539345
BPM.25L5.B2 12141.46153 0.0260105142247 -0.0160315429302 0.000632574618584 3.37498845991e-06
BPM.24L5.B2 12194.91302 0.0272185310164 -0.0138819591058 -3.62679783435e-06 -0.000632573227675
BPM.23L5.B2 12248.3645 0.0237426551042 -0.0192313168518 -0.000632175835521 2.27097922577e-05
BPM.22L5.B2 12301.81598 0.0255536869652 -0.0172305555899 3.49200190206e-05 0.000296569708891
BPM.21L5.B2 12355.26747 0.0214218690801 -0.0221582149411 0.000295388958415 -4.3799055193e-05
BPM.20L5.B2 12408.71895 0.0231393717698 -0.0203581049612 -4.70929750592e-05 -0.000294881768617
BPM.19L5.B2 12462.17044 0.0184087760345 -0.0247184127556 -0.000293331191285 5.5944753584e-05
BPM.18L5.B2 12515.62192 0.0203451178011 -0.0231507914487 5.92384161344e-05 0.000292683792032
BPM.17L5.B2 12569.07341 0.0150982686963 -0.0268686666207 0.000290774772668 -6.79928670462e-05
BPM.16L5.B2 12622.52489 0.0172159880673 -0.0255635036574 -7.12378745785e-05 -0.000289996824734
BPM.15L5.B2 12675.97637 0.0115337312604 -0.0285806929089 -0.000287722933944 7.99281427692e-05
BPM.14L5.B2 12729.42786 0.0138048109415 -0.0275555830714 8.31532196979e-05 0.000286807500139
BPM.13L5.B2 12782.87934 0.00778626137497 -0.0298204141038 0.00028418226283 -9.17248311455e-05
BPM.12L5.B2 12836.33083 0.0140046771682 -0.0274545439224 -7.18882549838e-05 -0.000289836290152
BPM.11L5.B2 12889.78231 0.0163524362262 -0.0261243333466 -0.000291624684341 6.424985423e-05
BPM.10L5.B2 12942.565 0.0180021388058 -0.0250161140521 0.000111637464978 0.000276965845655
BPM.9L5.B2 12981.63199 0.0121427489931 -0.0283273120921 0.00028222216281 -9.75891837542e-05
BPM.8L5.B2 13022.09698 0.028675148694 -0.0112968496412 -0.000227420231962 -0.000193527877141
BPM.7L5.B2 13061.16497 0.0211936349742 -0.0223766127997 -0.000211905056267 0.000210402573867
BPMR.6L5.B2 13098.05897 0.0184760950916 -0.0246681347898 0.000122450327718 0.0002723580683
BPMWT.B6L5.B2 13109.36897 0.00436789705955 -0.0305090878147 0.000258886174407 0.000148831945177
BPMWT.A6L5.B2 13115.19097 -0.00281629660321 -0.0306912273679 0.000290904012381 6.74378273357e-05
BPM.5L5.B2 13129.95897 -0.0133098546399 -0.0277980347011 0.000287840588674 -7.95034096616e-05
BPMYA.4L5.B2 13157.36497 -0.0209431141642 -0.0226112567719 0.000220336807864 -0.000201555669813
BPMWB.4L5.B2 13178.42347 -0.0235411252683 -0.019892168931 0.000176630547868 -0.000240779265666
BPMWT.B4L5.B2 13178.89297 -0.0235712301378 -0.019856486936 0.000175873491209 -0.000241332791523
BPMWT.A4L5.B2 13180.87497 -0.0236902762098 -0.0197143038615 0.000172754657066 -0.000243575094706
BPMSY.4L5.B2 13271.27947 -0.0242044772214 -0.0190794718506 9.01312965215e-05 -0.000284691645774
BPMS.2L5.B2 13298.06497 -0.0244558305776 -0.018756208631 7.12737977773e-05 -0.000289987608762
BPMSW.1L5.B2 13308.11897 -0.0245609707221 -0.0186183169175 5.80162258503e-05 -0.000292928339535
BPMSW.1R5.B2 13351.06897 -0.0245608067292 -0.0186185325915 0.000136430166739 -0.000265630792368
BPMS.2R5.B2 13361.12297 -0.0244557183882 -0.0187563548171 0.000124211747107 -0.000271558983048
BPMSY.4R5.B2 13387.90847 -0.0242044420456 -0.0190795164754 0.000106144092539 -0.000279117265683
BPMWB.4R5.B2 13480.76447 -0.0235414699357 -0.0198917610343 1.1076642552e-05 -0.000298412981613
BPMYA.4R5.B2 13501.82097 -0.0209441585961 -0.0226102893143 -4.75282325378e-05 -0.000294811930926
BPMR.5R5.B2 13522.93897 -0.0154993621606 -0.0266393080998 -0.000142245037604 -0.00026256303185
BPM.6R5.B2 13554.83897 0.01122503083 -0.0287033385938 -0.000295852050059 4.05532464067e-05
BPMRA.7R5.B2 13588.85297 0.0242364145447 -0.019038885805 -5.44965881421e-05 0.000293603710647
BPM.8R5.B2 13630.28998 0.0244779567367 -0.0187273222323 0.000278935482345 0.00010662081898
BPM.9R5.B2 13669.35499 0.0198061080079 -0.0236135776413 5.37556101089e-05 -0.00029374025993
BPM.10R5.B2 13709.818 0.00948608213598 -0.029324003986 -0.000297706972 2.33145919325e-05
BPM.11R5.B2 13762.59871 0.0237628911447 -0.0196267156555 0.000114977080071 0.000275596213126
BPM.12R5.B2 13817.32223 0.016410887136 -0.0260876550825 0.000281178297749 -0.000100557304958
BPM.13R5.B2 13870.77074 0.0151115402376 -0.026861204654 -7.75689094029e-05 -0.00028836792515
BPM.14R5.B2 13924.21926 0.00920553188089 -0.0294132818064 -0.000285913222992 8.61778331578e-05
BPM.15R5.B2 13977.66777 0.0115511656081 -0.0285736510989 8.93484791002e-05 0.000284938324473
BPM.16R5.B2 14031.11629 0.00537101826511 -0.0303485605339 0.000282138914095 -9.78295985653e-05
BPM.17R5.B2 14084.56481 0.0078003101174 -0.0298167423864 -0.000100949095018 -0.000281037871387
BPM.18R5.B2 14138.01332 0.00144099731141 -0.0307864660246 -0.000277889771947 0.000109317335877
BPM.19R5.B2 14191.46184 0.00392309892419 -0.030569466109 0.000112394041282 0.000276659682278
BPM.20R5.B2 14244.91035 -0.00250535909946 -0.0307181727968 0.000273172399901 -0.000120622694439
BPM.21R5.B2 14298.35887 -2.07369890127e-05 -0.0308201644039 -0.00012364444216 -0.000271818048879
BPM.22R5.B2 14351.80738 -0.00641772682096 -0.0301445807068 -0.000267997391176 0.000131720893291
BPM.23R5.B2 14405.2559 -0.0039617712268 -0.0305644782821 0.00013468395427 0.000266520619857
BPM.24R5.B2 14458.70442 -0.0105769285232 -0.0290092243492 0.000262732422189 0.000225510256385
BPM.25R5.B2 14512.15293 -0.00820115837259 -0.0297682299708 0.000222573048257 -0.000265225257897
BPM.26R5.B2 14565.60145 -0.0142038140981 -0.0274163852385 -0.000271769339405 -0.000214533533202
BPM.27R5.B2 14619.04996 -0.0119452021292 -0.0284731217169 -0.000211520493742 0.000274120921604
BPM.28R5.B2 14672.49848 -0.0179514034014 -0.0253089754153 0.000280661788333 0.000571380927975
BPM.29R5.B2 14725.947 -0.015848334523 -0.0266763455819 0.000568200159799 -0.000287046679216
BPM.30R5.B2 14779.39551 -0.0210437735959 -0.0228025593603 -0.000303957989728 -0.000559335980878
BPM.31R5.B2 14832.84403 -0.0191366777143 -0.0244250831503 -0.000555974037471 0.000310064627641
BPM.32R5.B2 14886.29254 -0.023785792599 -0.0199256917517 0.000326528136335 0.000546467360155
BPM.33R5.B2 14939.74106 -0.022099032801 -0.0217814110971 0.000542758806538 -0.000332656097381
BPM.34R5.B2 14993.18958 -0.0261408244242 -0.0167168902202 -0.000348783272868 -0.000532538675173
BPM.33L6.B2 15046.63809 -0.024707387742 -0.018770778124 -0.000528702418099 0.000354571513525
BPM.32L6.B2 15100.08661 -0.0280633897541 -0.0132379483099 0.000370204384329 0.000517876374748
BPM.31L6.B2 15153.53512 -0.0269030517247 -0.0154603663911 0.000513664274433 -0.000376026874896
BPM.30L6.B2 15206.98364 -0.0295268753377 -0.00953733473629 -0.000391256018305 -0.000502161264561
BPM.29L6.B2 15260.43215 -0.0286612397435 -0.011888248699 -0.000497875785683 0.000396694966724
BPM.28L6.B2 15313.88067 -0.0305040298219 -0.00568342197328 0.00041139627434 0.000485798637477
BPM.27L6.B2 15367.32919 -0.02994574824 -0.00812707100443 0.000481113553906 -0.000416865641512
BPM.26L6.B2 15420.7777 -0.0313434415558 -0.00166552683386 -0.000430729557035 -0.000100335040137
BPM.25L6.B2 15474.22622 -0.031106819802 -0.00418939972217 -9.56104986986e-05 0.000431802837369
BPM.24L6.B2 15527.67473 -0.0312990012862 0.00235750437483 0.00043447644312 8.26152964873e-05
BPM.23L6.B2 15581.12325 -0.0313871667493 -0.000176271476826 7.77335958013e-05 -0.000435376354245
BPM.22L6.B2 15634.57177 -0.03110353343 0.00641057198654 -0.000437216124872 0.000303475452829
BPM.21L6.B2 15688.02028 -0.0315192931409 0.00388064231705 0.000308288804857 0.000433835543122
BPM.20L6.B2 15741.4688 -0.0300274754838 0.010338082079 0.000424362138918 -0.000321204051859
BPM.19L6.B2 15794.91731 -0.0307642147482 0.00787961389481 -0.000325904017985 -0.000420763407071
BPM.18L6.B2 15848.36583 -0.0284593266065 0.0140922657535 -0.000410876395622 0.000338283697186
BPM.17L6.B2 15901.81435 -0.029502881151 0.0117518181203 0.000342808650396 0.000407108699085
BPM.16L6.B2 15955.26286 -0.0264212716558 0.0176193538366 0.000396613339712 -0.000354898774365
BPM.15L6.B2 16008.71138 -0.027758357793 0.0154272096303 -0.000359283469439 -0.000392645717097
BPM.14L6.B2 16062.15989 -0.0239525592165 0.020851861593 -0.000381770484964 0.000370818799822
BPM.13L6.B2 16115.60841 -0.0255550874097 0.0188537193349 0.000375023799418 0.000377640600297
BPM.12L6.B2 16169.05693 -0.0207273242902 0.0240604083996 0.000369641049914 -0.000382910896522
BPM.11L6.B2 16222.50544 -0.0245217660099 0.0201794008011 -0.000355743494083 -0.000395855817619
BPM.10L6.B2 16274.34415 -0.020675222892 0.024105194114 -0.000452943625037 0.000279459021949
BPM.9L6.B2 16313.40916 -0.0171697222956 0.026715648237 0.00010348809013 0.000522058903267
BPM.8L6.B2 16353.87217 0.000236469490835 0.0317564057689 0.000443908015234 -0.000293599967998
BPMYB.5L6.B2 16450.96018 -0.0254230593089 0.0190313761984 -0.000530446980545 -4.33736334954e-05
BPMYA.4L6.B2 16487.36018 -0.0246568654877 0.020014100191 -0.000526065612565 8.06854690784e-05
BPMSB.B4L6.B2 16518.13068 -0.0267639450873 0.017094340234 -0.000494166262943 0.000197623333119
BPMSB.A4L6.B2 16518.76568 -0.0268086359086 0.0170241671054 -0.000493128640667 0.00020019842883
BPMSA.4L6.B2 16615.57568 -0.0314404647456 0.00447463982717 -0.000107511910813 0.00052124510579
BPMSE.4R6.B2 16707.14568 -0.0315617787609 0.00351842949901 0.000380683079949 0.000371935029814
BPMSA.A4R6.B2 16803.82068 -0.0281984766538 0.0146072290077 0.000526616803622 -7.70065931414e-05
BPMSA.B4R6.B2 16804.40568 -0.0281653984019 0.0146709085581 0.000526259337125 -7.94127485438e-05
BPMYB.4R6.B2 16830.96018 -0.0266309327622 0.0173008278664 0.00050143896342 -0.000178365452142
BPMYA.5R6.B2 16867.36018 -0.0264576516773 0.0175646775024 0.000451725768979 -0.000281423242903
BPM.8R6.B2 16963.08519 -0.0161088963126 0.0273683884175 -0.000345900197503 -0.000404485260919
BPM.9R6.B2 17002.1502 0.00677608122192 0.0310259560304 -0.000364468062578 0.000387837996063
BPM.10R6.B2 17042.61322 0.0128579442193 0.0290378803543 0.000272465516575 0.00045718466046
BPM.11R6.B2 17094.45193 0.0199325187175 0.0247228623638 0.000418487631595 -0.000328821208097
BPM.12R6.B2 17149.17544 0.0142140316246 0.0283987064836 -0.000382557751761 -0.000370006543684
BPM.13R6.B2 17202.62396 0.0198336591331 0.0248022416265 -0.000357928704926 0.000393881095584
BPM.14R6.B2 17256.07247 0.0177711619463 0.0263194040175 0.00039782139247 0.000353544062343
BPM.15R6.B2 17309.52099 0.0228462523408 0.022058421945 0.00034152615372 -0.000408185183809
BPM.16R6.B2 17362.96951 0.0209886766088 0.0238327648302 -0.000411953442472 -0.000336971252437
BPM.17R6.B2 17416.41802 0.0254781857166 0.0189575124175 -0.000324438418555 0.000421894523968
BPM.18R6.B2 17469.86654 0.0238675490538 0.0209491127954 0.000425459369123 0.000319749270801
BPM.19R6.B2 17523.31505 0.0276953041108 0.0155401208201 0.000306935167095 -0.000434794274331
BPM.20R6.B2 17576.76357 0.0263492979878 0.017726807968 -0.000438179882181 -0.000302082207196
BPM.21R6.B2 17630.21209 0.0294548240465 0.0118717549987 -0.000288766104572 0.000447067561338
BPM.22R6.B2 17683.6606 0.0284017593437 0.0142079305764 0.00045023270766 0.00028380588001
BPM.23R6.B2 17737.10912 0.0307318802269 0.00800479623281 0.000270278306123 -0.000458481100636
BPM.24R6.B2 17790.55763 0.0299848059468 0.0104602328902 -0.000461465981425 -0.000264830203336
BPM.25R6.B2 17844.00615 0.0315029130332 0.00400893133041 -0.000250824800878 0.000469225747007
BPM.26R6.B2 17897.45466 0.0310768611962 0.00653710624782 0.00047196704773 0.000245627757578
BPM.27R6.B2 17950.90318 0.031756922108 -5.43897851833e-05 0.000231473037606 -0.00047906797808
BPM.28R6.B2 18004.3517 0.0316573834881 0.00250882359295 -0.000481622315479 -0.000225792553923
BPM.29R6.B2 18057.80021 0.0314887532283 -0.00411613231336 -0.00021119847516 0.000488198252767
BPM.30R6.B2 18111.24873 0.0317182348806 -0.00156131387781 0.000490498658269 0.000205799412973
BPM.31R6.B2 18164.69724 0.0307036000233 -0.00811005984401 0.000191107605842 -0.000496407305634
BPM.32R6.B2 18218.14576 0.0312577638236 -0.00560681068858 -0.00049850736344 -0.000185560597343
BPM.33R6.B2 18271.59428 0.029413695312 -0.011971576891 -0.000170482907589 0.000503862997706
BPM.34R6.B2 18325.04279 0.0302843069605 -0.0095574513776 0.000505712282263 0.000164916415326
BPM.33L7.B2 18378.49131 0.0276410572949 -0.0156350911991 0.000149780739301 -0.000510399897545
BPM.32L7.B2 18431.93982 0.0288117629712 -0.0133553898716 -0.000512038691082 -0.000144078907508
BPM.31L7.B2 18485.38834 0.0254133591341 -0.0190432482171 -0.00012862474081 0.000516137590789
BPM.30L7.B2 18538.83686 0.0268685841502 -0.016928180951 0.000517524649127 0.000122925049161
BPM.29L7.B2 18592.28537 0.0227692933162 -0.0221369240642 0.00010744208362 -0.000520959239191
BPM.28L7.B2 18645.73389 0.0244795577793 -0.0202295668593 -0.000522124700556 -0.000101627475975
BPM.27L7.B2 18699.1824 0.0197496933266 -0.0248683280133 -8.59054413143e-05 0.000524940561244
BPM.26L7.B2 18752.63092 0.0216941873211 -0.0231912279098 0.000525851593483 8.04350318629e-05
BPM.25L7.B2 18806.07943 0.0164067713876 -0.027189863344 6.47051465299e-05 -0.00052801794132
BPM.24L7.B2 18859.52795 0.0185445412512 -0.0257792708506 -0.000528705761356 -5.88211999663e-05
BPM.23L7.B2 18912.97647 0.0127931482092 -0.0290655496249 -4.29394578513e-05 0.000530231935131
BPM.22L7.B2 18966.42498 0.0150999257181 -0.0279366119472 0.000530669110475 3.74044253753e-05
BPM.21L7.B2 19019.8735 0.00897024104217 -0.0304630402104 2.15307771908e-05 -0.000531549822662
BPM.20L7.B2 19073.32201 0.0113957007294 -0.0296411883763 -0.000531756302943 -1.56211363669e-05
BPM.19L7.B2 19126.77053 0.00499937539935 -0.0313602979722 3.13508897018e-07 0.00053198560927
BPM.18L7.B2 19180.21905 0.00751755049301 -0.0308536623086 0.000531949504968 -6.20641592217e-06
BPM.17L7.B2 19233.66756 0.000946808601106 -0.0317421737898 -2.21175488261e-05 -0.000531525720985
BPM.16L7.B2 19287.11608 0.00350145025743 -0.0315626660748 -0.000531247799178 2.80096532396e-05
BPM.15L7.B2 19340.56459 -0.00312124426947 -0.0316025296111 4.38917197838e-05 0.000530171946503
BPM.14L7.B2 19394.01311 -0.000557093853925 -0.0317514045327 0.000529651703419 -4.97778953406e-05
BPM.13L7.B2 19447.46163 -0.00713860302909 -0.0309435355218 -6.56171107254e-05 -0.000527923462834
BPM.12L7.B2 19500.91014 -0.00395395243322 -0.0315091780829 -0.000528078131306 6.43606151063e-05
BPM.11L7.B2 19554.35866 -0.0110833484792 -0.0297593923043 5.64553952734e-05 0.000528981628069
BPM.10L7.B2 19607.13937 -0.0112338086033 -0.029702922211 0.000530974815872 -3.27800523297e-05
BPM.9L7.B2 19646.20438 -0.0217591062885 -0.0231301391399 0.000167211360919 -0.000505023900024
BPM.8L7.B2 19686.66739 -0.0284498506659 -0.0141091474162 -0.000482393646863 -0.000224288103264
BPM.7L7.B2 19725.7314 -0.030990594661 0.00693145630082 -0.000263591103574 0.000462091474604
BPMR.6L7.B2 19760.5494 -0.0310735158626 0.00654970651796 0.000141295674919 0.000512878463066
BPMWC.6L7.B2 19772.7279 -0.0298357025822 0.0108762537126 0.000279382311808 0.000452718786982
BPMWE.5L7.B2 19849.7819 -0.0312770784175 -0.00549603576983 0.000439236128957 -0.000300133963736
BPMW.5L7.B2 19872.9869 -0.0279696809405 -0.0150385834312 0.000264828425471 -0.00046138344006
BPMWE.4L7.B2 19908.0719 -0.0279947954684 -0.0149917800759 5.75842198122e-05 -0.000528859940093
BPMW.4L7.B2 19936.1769 -0.0316321616586 -0.00280506544122 -0.00022927021163 -0.000480045775934
BPMW.4R7.B2 20052.2239 -0.0314166213063 0.00463227255933 -0.000286179444931 0.0004484530233
BPMWE.4R7.B2 20080.3289 -0.0310234455705 -0.00678291001511 -2.10286221489e-05 0.000531569911418
BPMW.5R7.B2 20115.4139 -0.0313016698175 -0.00535420454847 0.000226473616238 0.000481371478803
BPMWE.5R7.B2 20138.6189 -0.0296204011806 0.0114496234395 0.000479220908341 0.000230989418418
BPM.6R7.B2 20217.7584 -0.0207666466016 0.024025162484 6.11803786716e-05 -0.000528456000175
BPM_A.7R7.B2 20255.7944 -0.0275999250962 0.0157068831731 -0.000344437553807 -0.000405427600513
BPM.8R7.B2 20294.85841 -0.0277358217783 0.0154656468892 -0.00053043422429 4.05994150138e-05
BPM.9R7.B2 20333.92342 -0.0156173050803 0.0276507111229 2.21360892697e-05 0.000531524942959
BPM.10R7.B2 20374.38643 -0.000849330664723 0.0317449315776 0.000530882664861 3.42403782859e-05
BPM.11R7.B2 20427.16714 -0.00181677447378 0.0317042800518 0.000105897398727 -0.000521339158772
BPM.12R7.B2 20481.89066 0.00240680027433 0.0316649546928 -0.000522090071463 -0.000102131019935
BPM.13R7.B2 20535.33917 -0.000477593259542 0.0317526998511 -9.23830556423e-05 0.00052390280291
BPM.14R7.B2 20588.78769 0.00612706963255 0.0311596062395 0.000526432636824 7.66645306461e-05
BPM.15R7.B2 20642.23621 0.00358954038446 0.0315527691809 7.08289257903e-05 -0.000527249505785
BPM.16R7.B2 20695.68472 0.0100556883666 0.0301221708211 -0.000529133783323 -5.50111170336e-05
BPM.17R7.B2 20749.13324 0.00759509034207 0.0308346663053 -4.91238640093e-05 0.000529712776201
BPM.18R7.B2 20802.58175 0.0138326569159 0.0285853047255 0.000530944639275 3.32654095296e-05
BPM.19R7.B2 20856.03027 0.0114779071749 0.0296094527172 2.73991014249e-05 -0.000531279651225
BPM.20R7.B2 20909.47879 0.0173700463741 0.0265846484242 -0.000531862178094 -1.14637654865e-05
BPM.21R7.B2 20962.9273 0.0151706754144 0.027898255335 -5.53406764682e-06 0.000531956912033
BPM.22R7.B2 21016.37582 0.020632717707 0.0241402776251 0.000531884898384 -1.03551129189e-05
BPM.23R7.B2 21069.82433 0.0186150815834 0.0257282098284 -1.62163850685e-05 -0.000531738476518
BPM.24R7.B2 21123.27285 0.0233091071625 0.021350801548 -0.000530731391594 0.000275523959496
BPM.25R7.B2 21176.72137 0.0215130161885 0.0231594762288 0.000281409919672 0.000527634070394
BPM.26R7.B2 21230.16988 0.0258515079372 0.0181898526921 0.000519019019321 -0.000296999155123
BPM.27R7.B2 21283.6184 0.0242971284275 0.0202193163822 -0.000302720086263 -0.000515703202101
BPM.28R7.B2 21337.06691 0.027725080302 0.0147810987147 -0.000506040459106 0.000561424796262
BPM.29R7.B2 21390.51543 0.0264439014479 0.0169670572888 0.000566990089063 0.000499796947427
BPM.30R7.B2 21443.96394 0.0293891058033 0.0111104193251 0.00048274047451 -0.000581580956615
BPM.31R7.B2 21497.41246 0.0283954371932 0.013448423838 -0.000586914487757 -0.000476241678454
BPM.32R7.B2 21550.86098 0.0305684618056 0.00726154935667 -0.000458318655241 0.000601014777902
BPM.33R7.B2 21604.30949 0.0298833618343 0.00970286774973 0.000606041230171 0.000451651174405
BPM.34R7.B2 21657.75801 0.0312463269175 0.00329059432556 0.000433466298769 -0.000619178258405
BPM.33L8.B2 21711.20652 0.0308787048974 0.00580228754952 -0.000623969389778 -0.000426540693783
BPM.32L8.B2 21764.65504 0.031410559833 -0.000733272037869 -0.000407518221217 0.000636556093443
BPM.31L8.B2 21818.10356 0.031367287292 0.00180395257533 0.000641011969629 0.000400472723834
BPM.30L8.B2 21871.55207 0.0310587900275 -0.00474473591681 0.000381270584645 -0.000652615882756
BPM.29L8.B2 21925.00059 0.0313403131204 -0.00222389985799 -0.000656829446824 -0.00037396500922
BPM.28L8.B2 21978.4491 0.0301963651592 -0.00867988987728 -0.000353983195347 0.000667810353847
BPM.27L8.B2 22031.89762 0.0307987180291 -0.00621288378303 0.000671669198591 0.000346605305034
BPM.26L8.B2 22085.34614 0.0285989248701 -0.0124233906653 0.00032665537759 -0.000438327594896
BPM.25L8.B2 22138.79465 0.029507488114 -0.0100770672325 -0.000441930382979 -0.000321764437818
BPM.24L8.B2 22192.24317 0.0267737304774 -0.0159814422283 -0.000308323984838 0.000451410143858
BPM.23L8.B2 22245.69168 0.0279773155297 -0.0137662251336 0.000454793918942 0.000303310534109
BPM.22L8.B2 22299.1402 0.0242718061686 -0.0192263462091 0.000289818610148 -0.000220323175564
BPM.21L8.B2 22352.58871 0.0257429007982 -0.0172068597588 -0.000223517744204 -0.000287362044368
BPM.20L8.B2 22406.03723 0.0216110776915 -0.0221750825147 -0.000280523987794 0.000232041842401
BPM.19L8.B2 22459.48575 0.023331815386 -0.02035680116 0.000235143264764 0.000277929433454
BPM.18L8.B2 22512.93426 0.0185992356131 -0.0247556336553 0.000270786891038 -0.000243334310403
BPM.17L8.B2 22566.38278 0.0205341077573 -0.0231759224736 -0.000246318507219 -0.000268075198446
BPM.16L8.B2 22619.83129 0.0152770114874 -0.0269329887528 -0.000260567243484 0.000254247596061
BPM.15L8.B2 22673.27981 0.0174032680836 -0.0256105295301 0.000257124705799 0.000257728561794
BPM.14L8.B2 22726.72833 0.0117092228215 -0.0286647355485 0.000249932233403 -0.000264709296733
BPM.13L8.B2 22780.17684 0.0139811960276 -0.0276278685446 -0.000267462062411 -0.000246984165898
BPM.12L8.B2 22833.62536 0.00515148412485 -0.0305325265026 -0.00025289262197 0.000261882515902
BPM.11L8.B2 22887.07387 0.00635832121374 -0.0303042029182 0.000221051539388 0.00028926343433
BPM.10L8.B2 22938.91258 0.00410906105488 -0.0306902033356 0.000307821892247 -0.000194377993143
BPM.9L8.B2 22977.9776 0.00654772012005 -0.0302638451693 -0.00013417566857 -0.000338428738925
BPM.8L8.B2 23018.44061 -0.0234150537189 -0.0202610025262 -0.000287877837445 0.000222853065198
BPM.7L8.B2 23057.50662 -0.0237913858857 -0.0198177425845 -6.73058483744e-05 0.000357780724403
BPM.6L8.B2 23089.97562 -0.00796294480275 -0.029922641463 0.000248238532061 0.000266298242006
BPMR.5L8.B2 23150.39462 -0.0239196682954 -0.0196627168062 -0.000350428056691 9.8677785203e-05
BPMYB.4L8.B2 23171.16162 -0.0269499227452 -0.0152471187886 -0.000292494103869 0.000216758779159
BPMWB.4L8.B2 23195.62912 -0.0261394530052 -0.0165982517458 -0.000237433135063 0.000275975764532
BPMSX.4L8.B2 23245.78612 -0.0264683645982 -0.0160685605258 -0.000146889862894 0.000333107347223
BPMS.2L8.B2 23283.69762 -0.0262677681069 -0.0163944294113 -8.43839423782e-05 0.000354141780009
BPMSW.1L8.B2 23293.63162 -0.0260823668128 -0.0166878131432 -5.27460179194e-05 0.000360215235897
BPMSW.1R8.B2 23336.82162 -0.026082698946 -0.0166872939331 -0.000233843536182 0.000279023837177
BPMS.2R8.B2 23346.75562 -0.026267987302 -0.0163940790773 -0.000208262612498 0.000298603481081
BPMSX.4R8.B2 23384.66712 -0.0264683700617 -0.0160685515694 -0.000150975109999 0.00033127578461
BPMWI.4R8.B2 23434.90012 -0.0261402081643 -0.0165970623668 -4.78739725836e-05 0.000360894991016
BPMYB.4R8.B2 23459.29162 -0.0269498421364 -0.0152472610908 3.27635905674e-05 0.000362579250737
BPMYB.5R8.B2 23479.86862 -0.0241118233195 -0.019426603906 0.000156044529846 0.000328918276952
BPMR.6R8.B2 23563.97662 -0.00825380636062 -0.0298437203396 -0.000360258152412 5.245187024e-05
BPM_A.7R8.B2 23586.21662 -0.0157761623689 -0.0266436796315 -0.000311462101045 0.000188490064186
BPM.8R8.B2 23627.65561 -0.027193182907 -0.0148089083498 2.36399821844e-05 0.000363288147826
BPM.9R8.B2 23666.7226 -0.0305869719303 0.0048176873462 0.000253879807366 -0.000260925591634
BPM.10R8.B2 23707.18758 -0.0234576811952 -0.0202116341905 -0.000344211874186 -0.000118555118219
BPM.11R8.B2 23759.02827 -0.0278641684756 -0.0135041133341 -0.000158412912832 0.000327784191529
BPM.12R8.B2 23813.75476 -0.0283154649553 -0.0125302596815 0.000324941285157 0.000164165431178
BPM.13R8.B2 23867.20624 -0.0305404333395 -0.00510439960298 0.000143565719558 -0.000334553457531
BPM.14R8.B2 23920.65773 -0.0300290383459 -0.00755180899851 -0.000336133957378 -0.000139825210414
BPM.15R8.B2 23974.10921 -0.0309425161099 -0.00115484208975 -0.000129700319867 0.000340169007237
BPM.16R8.B2 24027.56069 -0.0307483204676 -0.00364880140682 0.000341607006142 0.000125864128132
BPM.17R8.B2 24081.01218 -0.0308360374675 0.00281278448132 0.000115507448982 -0.000345246503251
BPM.18R8.B2 24134.46366 -0.0309624601827 0.000314678769361 -0.000346513188994 -0.00011165006521
BPM.19R8.B2 24187.91515 -0.0302228344049 0.00673448170823 -0.000101225303194 0.000349700685465
BPM.20R8.B2 24241.36663 -0.0306677152626 0.00427366398122 0.000350818093417 9.72820458364e-05
BPM.21R8.B2 24294.81811 -0.0291129632132 0.0105455363187 8.66638268976e-05 -0.000353590894036
BPM.22R8.B2 24348.2696 -0.0298693554405 0.00816054952445 -0.000354535169418 -8.27160255969e-05
BPM.23R8.B2 24401.72108 -0.0275247799394 0.0141830692208 -7.20596335274e-05 0.00035685366419
BPM.24R8.B2 24455.17257 -0.0280906216966 0.0119449952675 0.000364997256275 -0.00042065077213
BPM.25R8.B2 24508.62405 -0.025001369346 0.0175127801951 -0.000431416642869 -0.000352206959579
BPM.26R8.B2 24562.07554 -0.0263329498641 0.015438318916 -0.00034741894101 0.000435281685812
BPM.27R8.B2 24615.52702 -0.0225526683782 0.0205704421035 0.000445534437445 0.000334169314472
BPM.28R8.B2 24668.9785 -0.0236526408231 0.0187105074372 0.000336366907775 -0.00093783973119
BPM.29R8.B2 24722.42999 -0.0192593560986 0.0232079234054 -0.000947480550401 -0.000308166655008
BPM.30R8.B2 24775.88147 -0.0210668732506 0.0215804855716 -0.000297728861465 0.000950812065587
BPM.31R8.B2 24829.33296 -0.0161225347836 0.0254871414215 0.000959362445272 0.000268904761729
BPM.32R8.B2 24882.78444 -0.0181306961738 0.0240999660337 0.000257972249154 -0.000962359789706
BPM.33R8.B2 24936.23592 -0.0127409338527 0.0273349430326 -0.000969648422524 -0.000229058889632
BPM.34R8.B2 24989.68741 -0.014901095166 0.0262199898774 -0.000218314812882 0.000972123804744
BPM.33L1.B2 25043.13889 -0.00912659724391 0.0287443164575 0.0009782635835 0.000188908463018
BPM.32L1.B2 25096.59038 -0.0114221714849 0.027911727012 0.000177836142181 -0.000980336861872
BPM.31L1.B2 25150.04186 -0.00538827594248 0.0296731695036 -0.000985224609871 -0.000148386343019
BPM.30L1.B2 25203.49334 -0.00775959307128 0.0291430818752 -0.00013740381275 0.000986816225241
BPM.29L1.B2 25256.94483 -0.00153356831353 0.0301194069388 0.000990505312881 0.000107634978226
BPM.28L1.B2 25310.39631 -0.00396619414683 0.0298964849164 9.64996441365e-05 -0.000991652100944
BPM.27L1.B2 25363.8478 0.00231755298415 0.0300692443222 -0.000994101502089 -6.66952068391e-05
BPM.26L1.B2 25417.29928 0.000374246748869 0.0301891164853 -4.81069599627e-05 0.000506222076595
BPM.25L1.B2 25470.75077 0.00663597552537 0.0294531262055 0.000507439003986 3.2874574574e-05
BPM.24L1.B2 25524.20225 0.00423349850165 0.0298931481297 2.71944551011e-05 -0.000507775083018
BPM.23L1.B2 25577.65373 0.0103423797014 0.0283647315629 -0.000508363044819 -1.19201923603e-05
BPM.22L1.B2 25631.10522 0.00850749375938 0.0291382160415 1.22382380073e-06 1.98861884312e-05
BPM.21L1.B2 25684.5567 0.0143702542264 0.0267377799593 1.98404349356e-05 -1.82077361414e-06
BPM.20L1.B2 25738.00819 0.0121649209965 0.0278105695874 -2.04303306535e-06 -1.98187862919e-05
BPM.19L1.B2 25791.45967 0.0176721630422 0.0246801081407 -1.97484527685e-05 2.63751330743e-06
BPM.18L1.B2 25844.91115 0.0156229156713 0.0260257101697 2.85854483435e-06 1.97176831131e-05
BPM.17L1.B2 25898.36264 0.0206846529969 0.0222161700992 1.96229065431e-05 -3.44960135536e-06
BPM.16L1.B2 25951.81412 0.018823717934 0.0238134568517 -3.66929965503e-06 -1.95830107529e-05
BPM.15L1.B2 26005.26561 0.0233563655576 0.0193879671934 -1.94639220411e-05 4.25604891497e-06
BPM.14L1.B2 26058.71709 0.0217156351877 0.0212095325849 4.47381557655e-06 1.94150282131e-05
BPM.13L1.B2 26112.16857 0.0256450045881 0.0162402839986 1.92718914907e-05 -5.05498914131e-06
BPM.12L1.B2 26165.62006 0.0215603234831 0.0213673942072 -3.71308134611e-06 -1.9574762998e-05
BPM.11L1.B2 26219.07154 0.0196075048809 0.0231723722724 -1.96656163713e-05 3.19710600899e-06
BPM.10L1.B2 26271.85423 0.018075390949 0.0243863348303 6.40772341193e-06 1.88652985764e-05
BPM.9L1.B2 26310.92122 0.0229387659917 0.0198802942299 1.91630618082e-05 -5.45300790837e-06
BPM.8L1.B2 26351.38621 0.00200402631081 0.0302885615819 -1.44318999446e-05 -1.37360562749e-05
BPM.7L1.B2 26390.4542 0.0146408964338 0.0265905478717 -1.48980694982e-05 1.32289719517e-05
BPMR.6L1.B2 26433.6382 0.0235662066838 0.0191323544424 1.29698537262e-05 1.51241934435e-05
BPM.5L1.B2 26465.5382 0.0296378731349 -0.00655816737274 1.87256547458e-05 -6.8049724111e-06
BPMYA.4L1.B2 26486.6562 0.0274896049194 -0.0128737991902 1.54267400794e-05 -1.26084575307e-05
BPMWB.4L1.B2 26507.7127 0.0257174445656 -0.0161253256801 1.26614195184e-05 -1.53833433058e-05
BPMSY.4L1.B2 26600.5687 0.02515393956 -0.0169909507546 7.06253345944e-06 -1.86300331128e-05
BPMS.2L1.B2 26627.3542 0.024926021338 -0.0173235845079 5.82689676335e-06 -1.90529286204e-05
BPMSW.1L1.B2 26637.4082 0.024828187143 -0.0174635110414 4.95412901216e-06 -1.92982756794e-05
