BPMSW.1R1.B2 21.475 -0.027649848487 0.00952160683341 0.000111608681727 5.06091951972e-05
BPMS.2R1.B2 31.529 -0.0277029685314 0.00936593392841 0.00011379291166 4.54828884141e-05
BPMSY.4R1.B2 58.3145 -0.0278249382961 0.00899710854407 0.000116530338722 3.79251905418e-05
BPMWB.4R1.B2 151.1705 -0.0281149598243 0.00804513433266 0.000122538172242 -1.42859432231e-06
BPMYA.4R1.B2 172.227 -0.0288854283186 0.004561489515 0.000119889600219 -2.5379350179e-05
BPMR.5R1.B2 199.635 -0.0289407830951 -0.00419597745176 9.5283007254e-05 -7.70635438816e-05
BPM.6R1.B2 231.535 -0.0096789021319 -0.0275951808362 -6.16444893128e-05 -0.000105913188614
BPMRA.7R1.B2 259.259 -0.00220116840445 -0.0291604185488 -0.000121435389899 -1.64645826634e-05
BPM.8R1.B2 300.6960106 -0.00182884019394 -0.029186135336 -3.8120684947e-05 0.000116466550517
BPM.9R1.B2 339.7610212 -0.00814642806505 -0.0280857768621 0.000121477934456 1.61480050476e-05
BPM.10R1.B2 380.2240318 -0.0180983978875 -0.0229700488809 -1.55195681696e-05 -0.000121559832348
BPM.11R1.B2 433.0047424 -0.00291526549755 -0.0290977040223 -0.000110664339289 5.26407262636e-05
BPM.12R1.B2 487.7282583 -0.0118916983303 -0.0267163370039 4.6846784369e-05 0.00011323879841
BPM.13R1.B2 541.1767742 -0.0131857712896 -0.0261019268924 0.000116644579556 -3.7572381874e-05
BPM.14R1.B2 594.6252901 -0.0183171216277 -0.0227960129594 -4.10497739041e-05 -0.000115466714036
BPM.15R1.B2 648.073806 -0.0164181843402 -0.0241995531924 -0.000115005372004 4.23250202407e-05
BPM.16R1.B2 701.5223219 -0.0210824622645 -0.0202658564351 4.57463349502e-05 0.000113687800922
BPM.17R1.B2 754.9708378 -0.0193779758908 -0.0219013516122 0.000113172211506 -4.70074208636e-05
BPM.18R1.B2 808.4193537 -0.023501843552 -0.017402255628 -5.03744984953e-05 -0.00011171415967
BPM.19R1.B2 861.8678696 -0.0220211003348 -0.0192417850601 -0.000111150230115 5.16068563698e-05
BPM.20R1.B2 915.3163855 -0.0255347214585 -0.0142531804186 5.49087041672e-05 0.000109556729945
BPM.21R1.B2 968.7649014 -0.0243010724402 -0.0162675452962 0.000108939179578 -5.61239693505e-05
BPM.22R1.B2 1022.213417 -0.0271482810119 -0.0108694981644 -5.93601648179e-05 -0.000107210145935
BPM.23R1.B2 1075.661933 -0.0261827009978 -0.0130246428214 -0.000106547460481 6.05415857749e-05
BPM.24R1.B2 1129.110449 -0.0283131721416 -0.00730799760751 6.36995188512e-05 0.000102189508388
BPM.25R1.B2 1182.558965 -0.0276310269108 -0.0095691638983 0.000101474371218 -6.48326701031e-05
BPM.26R1.B2 1236.007481 -0.029015407626 -0.00362610895897 -6.78411933644e-05 -9.948816364e-05
BPM.27R1.B2 1289.455997 -0.0286281885398 -0.0059556164131 -9.87323795114e-05 6.89364920199e-05
BPM.28R1.B2 1342.904513 -0.0292384198422 0.00011491642718 7.18572033468e-05 9.41265329622e-05
BPM.29R1.B2 1396.353029 -0.0291523250976 -0.00224507058592 9.33210436399e-05 -7.29002488569e-05
BPM.30R1.B2 1449.801545 -0.0289835375112 0.00385395301933 -7.56607218199e-05 -9.10972966457e-05
BPM.31R1.B2 1503.25006 -0.0292000111196 0.00150258149557 -9.02555985645e-05 7.66628429903e-05
BPM.32R1.B2 1556.698576 -0.0282523477257 0.00753015594401 7.93292381648e-05 8.79211784482e-05
BPM.33R1.B2 1610.147092 -0.0287678936394 0.0052255809409 8.70329986362e-05 -8.03026728967e-05
BPM.34R1.B2 1663.595608 -0.0270571601666 0.0110818989431 -8.28713377979e-05 -8.45908006748e-05
BPM.33L2.B2 1717.044124 -0.0278631695795 0.00886240274039 -8.3669638541e-05 8.38012971047e-05
BPM.32L2.B2 1770.49264 -0.0254169884366 0.0144525118657 8.62677006112e-05 8.11242667497e-05
BPM.31L2.B2 1823.941156 -0.026500436118 0.0123541607119 8.01595797847e-05 -8.71648117774e-05
BPM.30L2.B2 1877.389672 -0.0233598613814 0.017584518097 -8.95244314926e-05 -7.7515404295e-05
BPM.29L2.B2 1930.838188 -0.0247026332646 0.0156421964442 -7.65206708003e-05 9.03761591356e-05
BPM.28L2.B2 1984.286704 -0.0209179357193 0.0204288611 9.26258428295e-05 7.37815324808e-05
BPM.27L2.B2 2037.73522 -0.0224983956763 0.0186740620474 7.27471103016e-05 -9.34404491168e-05
BPM.26L2.B2 2091.183735 -0.0181311748596 0.022935736484 -9.5577774852e-05 -7.24175737159e-05
BPM.25L2.B2 2144.632251 -0.0199227667187 0.0213979175724 -7.13556145424e-05 9.63732151481e-05
BPM.24L2.B2 2198.080767 -0.0150473251268 0.0250672199578 9.84657210957e-05 6.84391794522e-05
BPM.23L2.B2 2251.529283 -0.0170213168462 0.0237710387325 6.73409067206e-05 -9.92200707318e-05
BPM.22L2.B2 2304.977799 -0.0117158052952 0.0267851546351 -0.000101193029064 -6.68408916561e-05
BPM.21L2.B2 2358.426315 -0.0138388768501 0.0257524773477 -6.57163032895e-05 0.00010192693689
BPM.20L2.B2 2411.874831 -0.00819193905046 0.028064153953 0.000103848167868 6.26362090841e-05
BPM.19L2.B2 2465.323347 -0.0104302242575 0.0273114449331 6.14793896467e-05 -0.000104537161494
BPM.18L2.B2 2518.771863 -0.00453606567022 0.0288812865141 -0.000106329946374 -5.83238539473e-05
BPM.17L2.B2 2572.220379 -0.00685160794983 0.0284211201605 -5.71419364175e-05 0.000106969770939
BPM.16L2.B2 2625.668894 -0.00080287502549 0.0292243048499 0.000108632000859 5.39149046613e-05
BPM.15L2.B2 2679.11741 -0.00315897078277 0.0290641618898 5.27065512573e-05 -0.000109223409515
BPM.14L2.B2 2732.565926 0.00294061683804 0.0290870654194 -0.000110751760998 -4.94144351551e-05
BPM.13L2.B2 2786.014442 0.000584156391894 0.0292294947623 -4.81829964989e-05 0.000111293001187
BPM.12L2.B2 2839.462958 0.0072789585018 0.0283146846324 0.00011207411515 4.63370512136e-05
BPM.11L2.B2 2892.911474 0.0017294701699 0.0291841315683 5.6928458441e-05 -0.00010708353784
BPM.10L2.B2 2944.750185 0.00409109653348 0.028947668847 -9.46208556165e-05 -7.58592593908e-05
BPM.9L2.B2 2983.815195 0.00980514505926 0.0275420357468 -9.35154236041e-05 7.72178604189e-05
BPM.8L2.B2 3024.278206 0.0197184660019 0.0215844087666 0.000120739834392 1.13853746945e-05
BPM.7L2.B2 3063.344216 -0.0104477679699 0.0273047385449 -5.18791128602e-06 -0.000121164419695
BPM.6L2.B2 3095.450216 -0.0130248090415 0.0261736308541 -6.06348818685e-05 -0.000105029247039
BPMYB.5L2.B2 3167.649216 -0.00600510241878 0.0286119441439 -0.000108417050525 5.43458833667e-05
BPMYB.4L2.B2 3188.219216 -0.000367796418318 0.029233017778 -5.63904059263e-05 0.000107367852091
BPMWB.4L2.B2 3212.610716 -0.00584168128214 0.0286457564479 5.22536657742e-05 0.000109440795419
BPMSX.4L2.B2 3262.843716 0.0091811585851 0.027756277301 8.9414050495e-05 -8.19320406723e-05
BPMS.2L2.B2 3300.755216 0.00921536478262 0.0277449392657 1.57931763899e-05 -0.000120242706269
BPMSW.1L2.B2 3310.689216 0.00816677581073 0.0280714868749 -1.57929192223e-05 -0.000120242743237
BPMSW.1R2.B2 3353.879216 0.00816759916505 0.0280712473243 0.000121208270615 4.03550206867e-06
BPMS.2R2.B2 3363.813216 0.00921596337766 0.0277447404295 0.000118139490406 -2.74006817273e-05
BPMSX.4R2.B2 3401.724716 0.00918104878409 0.0277563136252 7.28576409814e-05 -9.69510130224e-05
BPMWB.4R2.B2 3451.881716 -0.00584752247627 0.0286445646408 -0.000113868239104 -4.17343647284e-05
BPMYB.4R2.B2 3476.349216 -0.000496851792228 0.0292311091269 -0.000101426347303 6.64863131351e-05
BPM.5R2.B2 3505.883216 -0.0179400771987 0.0230837222516 1.56081237085e-05 0.000120266865371
BPMR.6R2.B2 3579.179216 -0.0212099562464 0.0201206947689 0.00012098331359 -8.41271207851e-06
BPM_A.7R2.B2 3592.054216 -0.0203346238023 0.0210049440897 0.000117555353164 -2.98073496996e-05
BPM.8R2.B2 3633.493206 -0.0108118269032 0.027162639816 2.93753275083e-05 -0.000117664032015
BPM.9R2.B2 3672.560195 0.0184303565781 0.0226941965911 -0.000119780959438 1.89803831572e-05
BPM.10R2.B2 3713.025185 0.0200506821403 0.0212761544599 -2.47086896095e-05 0.000118731691213
BPM.11R2.B2 3764.865874 0.0216007410066 0.0197005733447 0.000115778702625 3.60973964056e-05
BPM.12R2.B2 3819.592358 0.0203121672354 0.0210266608134 2.57409226963e-05 -0.000118512181092
BPM.13R2.B2 3873.043842 0.0257414328146 0.0138594097778 -0.000120593165027 -1.28460236199e-05
BPM.14R2.B2 3926.495326 0.0245392253729 0.0158912246477 -1.14921928333e-05 0.000120729703437
BPM.15R2.B2 3979.94681 0.0273033088771 0.0104515036044 0.000121020306503 7.86262421901e-06
BPM.16R2.B2 4033.398294 0.026370589171 0.0126212768538 6.5094653873e-06 -0.000121100612337
BPM.17R2.B2 4086.849779 0.0284158971681 0.00687323722421 -0.000121241608156 -2.86523568121e-06
BPM.18R2.B2 4140.301263 0.0277684745621 0.00914420161097 -1.50332571575e-06 0.000121266126318
BPM.19R2.B2 4193.752747 0.0290617189765 0.00318136647999 0.000121256605059 -2.137286388e-06
BPM.20R2.B2 4247.204231 0.0287101286808 0.00551662159081 -3.49239258235e-06 -0.000121225147382
BPM.21R2.B2 4300.655715 0.0292299194291 -0.000562505733501 -0.000121065301566 7.13635063957e-06
BPM.22R2.B2 4354.107199 0.0291799519505 0.00179861244512 8.49555143867e-06 0.000120977510798
BPM.23R2.B2 4407.558683 0.0289178198269 -0.00429701048639 0.000120668046275 -1.21226698484e-05
BPM.24R2.B2 4461.010167 0.0290795462477 -0.00195479809356 -1.48545591847e-05 -2.99174605238e-05
BPM.25R2.B2 4514.461651 0.0280405395659 -0.00794791710822 -2.94575288218e-05 1.57469654348e-05
BPM.26R2.B2 4567.913135 0.0285905743988 -0.00565864834807 1.60761293942e-05 2.92791848629e-05
BPM.27R2.B2 4621.36462 0.0267934551662 -0.0114696122794 2.87831363755e-05 -1.6948251814e-05
BPM.28R2.B2 4674.816104 0.0275410886702 -0.00927522227677 -1.86494790729e-05 6.20105239818e-05
BPM.29R2.B2 4728.267588 0.0250163264381 -0.014789344962 6.254264783e-05 1.67787801735e-05
BPM.30R2.B2 4781.719072 0.0261283348259 -0.0127220843902 1.60779297055e-05 -6.2726464822e-05
BPM.31R2.B2 4835.170556 0.0229185443805 -0.0178684536757 -6.31813623404e-05 -1.41854117166e-05
BPM.32R2.B2 4888.62204 0.0242860529697 -0.0159602300621 -1.34758119899e-05 6.3336504241e-05
BPM.33R2.B2 4942.073524 0.0204447782613 -0.0206531439452 6.37126217593e-05 1.15676500558e-05
BPM.34R2.B2 4995.525008 0.0220448873511 -0.0189357929432 1.08537971622e-05 -6.38381032178e-05
BPM.33L3.B2 5048.976492 0.0176341966048 -0.0230992732125 -6.41354885748e-05 -8.93024142498e-06
BPM.32L3.B2 5102.427976 0.0194412421106 -0.0216004494927 -8.21051524129e-06 6.42316006623e-05
BPM.31L3.B2 5155.87946 0.0145349080365 -0.0251650106593 6.4449198963e-05 6.27778722459e-06
BPM.30L3.B2 5209.330945 0.0165183380421 -0.0239099523356 5.55574716013e-06 -6.4515449383e-05
BPM.29L3.B2 5262.782429 0.0111954931097 -0.0268179463584 -6.46532775426e-05 -3.61434007116e-06
BPM.28L3.B2 5316.233913 0.0133238092048 -0.0258266804242 -2.88941445659e-06 6.46897376134e-05
BPM.27L3.B2 5369.685397 0.00767355823858 -0.0280295882378 6.4747316648e-05 9.45178585523e-07
BPM.26L3.B2 5423.136881 0.00982053946684 -0.0273243698288 -1.16116627479e-06 2.58467403654e-05
BPM.25L3.B2 5476.588365 0.00393545488554 -0.028767627238 2.58699586374e-05 3.84121929462e-07
BPM.24L3.B2 5530.039849 0.00624432205269 -0.0283561743588 9.4349901239e-08 -2.58726309906e-05
BPM.23L3.B2 5583.491333 0.000222614368008 -0.0290347141326 -2.58637792652e-05 6.8299172337e-07
BPM.22L3.B2 5636.942817 0.00247567393121 -0.0289276578475 -4.0766292925e-07 0.000116454433751
BPM.21L3.B2 5690.394301 -0.00358162197461 -0.02881163539 0.000116414127151 -3.09109491369e-06
BPM.20L3.B2 5743.845786 -0.00124530366409 -0.0290066814476 -4.39502038841e-06 -0.000116372191208
BPM.19L3.B2 5797.29727 -0.00723947319354 -0.0281163364948 -0.000116187630368 7.88892938816e-06
BPM.18L3.B2 5850.748754 -0.00494574137247 -0.0286090543761 9.19003558317e-06 0.000116091971804
BPM.17L3.B2 5904.200238 -0.0107754301744 -0.0269597561945 0.000115763379905 -1.2674451227e-05
BPM.16L3.B2 5957.651722 -0.0085650748371 -0.0277412660654 -1.3971174633e-05 -0.000115614043964
BPM.15L3.B2 6011.103206 -0.0141370175379 -0.0253590828947 -0.000115142311422 1.74370556464e-05
BPM.14L3.B2 6064.55469 -0.0120434145962 -0.0264176932151 1.87252428067e-05 0.000114939837564
BPM.13L3.B2 6118.006174 -0.0172638982471 -0.0233430110975 0.000114325056702 -2.21716613531e-05
BPM.12L3.B2 6171.457658 -0.011512565177 -0.0266533148594 -1.34461894348e-05 -0.00011567627988
BPM.11L3.B2 6224.909142 -0.00874234813184 -0.0276859115594 -0.000116156417943 8.33572609524e-06
BPM.10L3.B2 6277.691832 0.00329347837133 -0.0288459936506 -9.88478680217e-07 0.000116450944743
BPM.9L3.B2 6316.758821 -0.00159678693947 -0.0289894570714 8.83289222819e-05 7.58933460076e-05
BPM.8L3.B2 6357.223811 -0.00706197155968 -0.0281614436358 0.00011303182034 -2.80287350749e-05
BPM.7L3.B2 6396.2898 -0.018234611333 -0.0225928594782 2.65943705698e-05 -0.000113377868997
BPMR.6L3.B2 6468.9288 -0.0290306461439 0.000399917752917 -0.000112489887404 3.01301377363e-05
BPMWE.5L3.B2 6511.9823 -0.029015748169 0.00101227887356 -7.30881116914e-05 9.0663845774e-05
BPMW.5L3.B2 6539.5273 -0.0279498533741 -0.00785773797822 -2.52428867604e-05 0.000113686400371
BPMWE.4L3.B2 6614.6553 -0.0289434956859 0.00228306980626 0.000101387222212 5.72925050495e-05
BPMW.4L3.B2 6642.2003 -0.0172296985066 0.0233682656487 0.000103065357726 -5.42156208673e-05
BPMW.4R3.B2 6687.1653 -0.0117159806865 0.0265645279746 4.80130515583e-05 -0.000106096895028
BPMWE.4R3.B2 6714.7103 -0.0165499827378 0.0238544842991 4.97687189992e-06 -0.000116348740375
BPMW.5R3.B2 6789.8383 -0.0117965429548 0.0265288507958 -0.000102048882082 -5.61054999021e-05
BPMWE.5R3.B2 6817.3833 -0.000249095530091 0.0290323320056 -0.000115959089032 1.07371594245e-05
BPMWC.6R3.B2 6858.3743 0.00252901154565 0.0289230435913 -8.63617407371e-05 7.81245803488e-05
BPM.6R3.B2 6870.5288 -0.000592360017721 0.0290273570938 -6.70755243102e-05 9.5198092653e-05
BPM_A.7R3.B2 6926.3528 5.79352190722e-05 0.0290333427922 5.71435916181e-05 0.000101471227553
BPM.8R3.B2 6965.418789 -0.015658653083 0.024448822747 0.000105033460852 -5.02968942498e-05
BPM.9R3.B2 7004.485779 -0.0290332997832 -7.6511920589e-05 -6.73134904371e-05 -9.50299614286e-05
BPM.10R3.B2 7044.950768 -0.0288486470448 0.00327015496274 -0.000115318986097 -1.62275127916e-05
BPM.11R3.B2 7097.733458 -0.0263213139032 0.0122526235606 -3.9028170662e-05 0.000109720580502
BPM.12R3.B2 7152.459942 -0.0210666525856 0.019978350749 0.000115585887984 1.42023300042e-05
BPM.13R3.B2 7205.911426 -0.0238353002371 0.0165775997395 6.76695183091e-06 -0.000116258379152
BPM.14R3.B2 7259.36291 -0.0198760937479 0.0211631577771 -0.000116409101763 -3.27453069646e-06
BPM.15R3.B2 7312.814394 -0.0215189638111 0.0194903192886 -1.97270445425e-06 0.000116438445056
BPM.16R3.B2 7366.265878 -0.0170044857629 0.0235326542049 0.000116445126633 -1.52857813118e-06
BPM.17R3.B2 7419.717362 -0.018848879766 0.0220829817133 -2.83541062321e-06 -0.000116420623925
BPM.18R3.B2 7473.168846 -0.0138554619221 0.0255140064422 -0.00011628299756 6.32984366964e-06
BPM.19R3.B2 7526.62033 -0.0158689087803 0.0243128789788 7.6303568532e-06 0.000116204911517
BPM.20R3.B2 7580.071814 -0.0104763868155 0.0270773645146 0.000115923037535 -1.11197632634e-05
BPM.21R3.B2 7633.523299 -0.0126284004077 0.0261431033528 -1.24194322547e-05 -0.000115791020708
BPM.22R3.B2 7686.974783 -0.00692781936822 0.0281947454058 -0.00011536582045 1.58912567406e-05
BPM.23R3.B2 7740.426267 -0.00918003444021 0.0275438798439 1.71816293553e-05 0.000115180690903
BPM.24R3.B2 7793.877751 -0.00303937755315 0.0288062426999 0.000114356960066 -0.00024926750042
BPM.25R3.B2 7847.329235 -0.00535683120403 0.0284665030131 -0.000250533299132 -0.000111556605093
BPM.26R3.B2 7900.780719 0.000669216301628 0.0289584112802 -0.000103980236941 0.000253771377442
BPM.27R3.B2 7954.232203 -0.00166784947045 0.0289180862564 0.000254919864318 0.000101131868014
BPM.28R3.B2 8007.683687 0.00459266247747 0.0285919970272 9.31835227282e-05 -0.000486472074655
BPM.29R3.B2 8061.135171 0.00226611259057 0.0288696999715 -0.000487487149608 -8.77184979203e-05
BPM.30R3.B2 8114.586655 0.00821153237977 0.027769868183 -7.30176070474e-05 0.000489904767928
BPM.31R3.B2 8168.03814 0.00594700555249 0.0283412767458 0.000490690057219 6.75390522961e-05
BPM.32R3.B2 8221.489624 0.0116973457495 0.0264908841944 5.27897906752e-05 -0.000492495163398
BPM.33R3.B2 8274.941108 0.00951779376681 0.0273497064862 -0.000493057774033 -4.72470509599e-05
BPM.34R3.B2 8328.392592 0.0149896394763 0.0247771175022 -3.23826024265e-05 0.000494256626143
BPM.33L4.B2 8381.844076 0.0129437733649 0.0259047017612 0.000494586883728 2.68712832465e-05
BPM.32L4.B2 8435.29556 0.0180363890153 0.0226557611462 1.20357817509e-05 -0.000495170060649
BPM.31L4.B2 8488.747044 0.0161465956975 0.024039182389 -0.00049527429555 -6.45189938269e-06
BPM.30L4.B2 8542.198528 0.0207863992266 0.0201623522995 8.47092221704e-06 0.00049524386861
BPM.29L4.B2 8595.650012 0.0190931232101 0.0217726316383 0.000495119072531 -1.39771188101e-05
BPM.28L4.B2 8649.101496 0.0231948769543 0.0173376043928 -2.88024588656e-05 -0.000494478173368
BPM.27L4.B2 8702.55298 0.0217184533255 0.0191547286005 -0.000494121075292 3.43890925733e-05
BPM.26L4.B2 8756.004465 0.0254469326149 0.0141860048617 4.89809460962e-05 0.000264247603557
BPM.25L4.B2 8809.455949 0.0242194336579 0.0161928424325 0.00026368546006 -5.1922039928e-05
BPM.24L4.B2 8862.907433 0.0270525408746 0.0108143027929 -5.98089699434e-05 -0.000262009206065
BPM.23L4.B2 8916.358917 0.0260911260402 0.0129631113102 -0.000261318372339 6.27585702662e-05
BPM.22L4.B2 8969.810401 0.0284388594277 0.00722245745494 7.03316929293e-05 3.06723643867e-05
BPM.21L4.B2 9023.261885 0.0277631505191 0.00949421353355 2.98838723601e-05 -7.0670316784e-05
BPM.20L4.B2 9076.713369 0.0291291295868 0.00352511375512 -7.15365232278e-05 -2.77464671532e-05
BPM.19L4.B2 9130.164853 0.0287495650832 0.00586473569823 -2.69417464132e-05 7.18434594812e-05
BPM.18L4.B2 9183.616337 0.0293407500601 -0.00023022447632 7.26201691498e-05 2.47719987964e-05
BPM.17L4.B2 9237.067821 0.0292636150697 0.00213856271812 2.39583007774e-05 -7.28926671347e-05
BPM.16L4.B2 9290.519306 0.0290702045718 -0.00398193717023 -7.35798118824e-05 -2.17566551129e-05
BPM.15L4.B2 9343.97079 0.0292967597574 -0.00162249347247 -2.09294085952e-05 7.38193848783e-05
BPM.14L4.B2 9397.422274 0.0283220222775 -0.00766783355971 7.44146119132e-05 1.87031213123e-05
BPM.13L4.B2 9450.873758 0.0288484689309 -0.00535709413663 1.78696519971e-05 -7.46191447802e-05
BPM.12L4.B2 9504.325242 0.0258496166197 -0.0138827208391 -7.4122152213e-05 -1.9830471089e-05
BPM.11L4.B2 9557.776726 0.0263295203073 -0.0129494778639 -3.17385295117e-05 6.98570483206e-05
BPMC.10L4.B2 9609.617415 0.0245208388439 -0.0161140026012 6.47474619085e-05 4.11716752509e-05
BPMC.9L4.B2 9648.684405 0.0229115473207 -0.0183301286568 5.23899524043e-05 -5.60591924836e-05
BPMC.8L4.B2 9689.149394 0.0161301923723 -0.0245101919877 -7.66841564898e-05 2.62281677764e-06
BPMC.7L4.B2 9728.215384 0.0291324861767 -0.00349726532573 1.04025700406e-05 7.60205949851e-05
BPMYA.6L4.B2 9824.819384 0.0282999340914 -0.00774895788151 7.58682362902e-05 1.14608824009e-05
BPMYB.5L4.B2 9861.819384 0.0283138415888 -0.00769798639061 7.61539442416e-05 -9.37681970876e-06
BPMWA.B5L4.B2 9964.209884 0.0205376925241 -0.0209555673561 3.0170577686e-05 -7.05484025024e-05
BPMWA.A5L4.B2 9973.094884 0.0197794880723 -0.0216726664016 2.34358024292e-05 -7.30623293911e-05
BPMWA.A5R4.B2 10021.14388 0.0172053703973 -0.023767790115 -1.23528231464e-05 -7.57281248149e-05
BPMWA.B5R4.B2 10030.02888 0.0170578260476 -0.023873901818 -1.84253416397e-05 -7.44838752149e-05
BPMYA.5R4.B2 10132.49538 0.0207007329878 -0.0207945251778 -6.71246468282e-05 -3.71699694228e-05
BPMYB.6R4.B2 10164.05938 0.0201705952004 -0.0213091461728 -7.35600254263e-05 -2.18231869639e-05
BPMCA.7R4.B2 10260.57538 0.0263025316506 -0.0130042087774 -1.35318441878e-05 7.55263537199e-05
BPMC.8R4.B2 10298.36637 0.0288146922684 -0.0055358944143 7.62343369605e-05 8.69871059428e-06
BPMC.9R4.B2 10337.43336 0.0183338221385 -0.0229085919065 -2.16318617289e-05 -7.36165962383e-05
BPMC.10R4.B2 10377.89835 0.017422941378 -0.0236087638682 -7.67213679401e-05 1.08283582739e-06
BPM.11R4.B2 10429.73904 0.00861529826004 -0.0280483378018 -5.87949880949e-06 7.65034160997e-05
BPM.12R4.B2 10484.46553 0.00762796671518 -0.0283327856308 7.6136226968e-05 9.5193350443e-06
BPM.13R4.B2 10537.91701 0.00152773863277 -0.0293018537342 7.12250000651e-06 -7.63977156772e-05
BPM.14R4.B2 10591.36849 0.00388724997226 -0.0290830174692 -7.64726979373e-05 -6.26628626633e-06
BPM.15R4.B2 10644.81998 -0.00223333092871 -0.0292565351766 -3.96594644842e-06 7.66264524912e-05
BPM.16R4.B2 10698.27146 0.000135788969433 -0.0293413390736 7.66660867692e-05 3.10685977322e-06
BPM.17R4.B2 10751.72295 -0.0059576828175 -0.0287304478307 8.02027049371e-07 -7.67248116946e-05
BPM.18R4.B2 10805.17443 -0.00361983328932 -0.0291175106087 -7.67290012239e-05 5.71793781886e-08
BPM.19R4.B2 10858.62591 -0.00958409904948 -0.0277322495204 2.36207886838e-06 7.66926458298e-05
BPM.20R4.B2 10912.0774 -0.00731408176813 -0.0284154328638 7.66613167067e-05 -3.22184234331e-06
BPM.21R4.B2 10965.52888 -0.0130530922632 -0.0262783066331 -5.52394973579e-06 -7.65299113018e-05
BPM.22R4.B2 11018.98037 -0.0108899290632 -0.0272459549664 -7.64632882012e-05 6.38022562985e-06
BPM.23R4.B2 11072.43185 -0.0163074926547 -0.0243925870079 8.67406704022e-06 7.62371361069e-05
BPM.24R4.B2 11125.88333 -0.0143186092985 -0.0256316642209 7.56231008135e-05 2.40908300204e-05
BPM.25R4.B2 11179.33482 -0.0193270499658 -0.0221013556816 2.18071133006e-05 -7.63129768969e-05
BPM.26R4.B2 11232.7863 -0.0174805797112 -0.023588855761 -7.65522754897e-05 -2.09515336677e-05
BPM.27R4.B2 11286.23779 -0.0219957790419 -0.0194471202728 -1.86431803992e-05 7.71469530169e-05
BPM.28R4.B2 11339.68927 -0.0203875750414 -0.0211616027884 7.68390943907e-05 5.13968958805e-05
BPM.29R4.B2 11393.14075 -0.0243359117142 -0.0164690634066 4.90636210141e-05 -7.83495246048e-05
BPM.30R4.B2 11446.59224 -0.0229276114364 -0.0183790990802 -7.88939619575e-05 -4.81832743643e-05
BPM.31R4.B2 11500.04372 -0.0262429845039 -0.0132201518077 -4.57930666399e-05 8.03049286974e-05
BPM.32R4.B2 11553.49521 -0.0250901061469 -0.0152955295059 8.08132945998e-05 4.48898035274e-05
BPM.33R4.B2 11606.94669 -0.0277184585524 -0.00975467598483 4.24396872199e-05 -8.21264723411e-05
BPM.34R4.B2 11660.39818 -0.0268408625919 -0.0119597133855 -8.25964394325e-05 -4.15176211134e-05
BPM.33L5.B2 11713.84966 -0.0287386539616 -0.00612832907543 -3.90194906996e-05 8.38055210141e-05
BPM.32L5.B2 11767.30114 -0.0281501863407 -0.00842814676523 8.42378207675e-05 3.80772356604e-05
BPM.31L5.B2 11820.75263 -0.0292864871127 -0.00240173300746 3.55270691484e-05 -8.53446750803e-05
BPM.30L5.B2 11874.20411 -0.0289971217543 -0.00475747609367 -8.57369798046e-05 -3.45695723791e-05
BPM.29L5.B2 11927.6556 -0.029353097561 0.00136466566982 -3.19803850156e-05 8.67360362388e-05
BPM.28L5.B2 11981.10708 -0.0293674742409 -0.00100901218601 8.70892611974e-05 3.1005578591e-05
BPM.27L5.B2 12034.55856 -0.0289373586777 0.00510841674022 2.83728671406e-05 -8.79821971012e-05
BPM.26L5.B2 12088.01005 -0.0292889265539 0.00275409160608 -8.88074871407e-05 6.23259612552e-06
BPM.25L5.B2 12141.46153 -0.0280794258488 0.00877337352516 8.89636160409e-06 8.85802959611e-05
BPM.24L5.B2 12194.91302 -0.0286959248725 0.00647843612646 8.84748669193e-05 -9.8900671714e-06
BPM.23L5.B2 12248.3645 -0.0267264378074 0.0122932404667 -1.25450355903e-05 -8.81376062468e-05
BPM.22L5.B2 12301.81598 -0.0276651014556 0.0100939316 -8.85055697114e-05 4.71498651593e-05
BPM.21L5.B2 12355.26747 -0.0249673407746 0.0156165677557 4.97870097256e-05 8.70494016812e-05
BPM.20L5.B2 12408.71895 -0.0261463263264 0.0135504580676 8.6484810756e-05 -5.07614212916e-05
BPM.19L5.B2 12462.17044 -0.0227647481266 0.0186818504548 -5.33372163449e-05 -8.49204705362e-05
BPM.18L5.B2 12515.62192 -0.0241983208883 0.0167835204706 -8.43188262518e-05 5.42833227575e-05
BPM.17L5.B2 12569.07341 -0.0201873560737 0.0214409875921 5.67917352755e-05 8.26501226505e-05
BPM.16L5.B2 12622.52489 -0.0218520325331 0.0197416809802 8.20074069232e-05 -5.77159522823e-05
BPM.15L5.B2 12675.97637 -0.0172791699807 0.0238469196859 -6.01538514103e-05 -8.02362714627e-05
BPM.14L5.B2 12729.42786 -0.0191475141418 0.0223744943378 -7.95584130013e-05 6.10475713095e-05
BPM.13L5.B2 12782.87934 -0.0140858614346 0.0258618213132 6.34101126558e-05 7.76884942228e-05
BPM.12L5.B2 12836.33083 -0.0193094853002 0.0222348616195 8.18781892692e-05 -5.78991147003e-05
BPM.11L5.B2 12889.78231 -0.021181751988 0.0204591954026 -5.57264710519e-05 -8.33720893358e-05
BPM.10L5.B2 12942.565 -0.0224549381842 0.0190531111548 -7.30009614246e-05 6.87546649084e-05
BPM.9L5.B2 12981.63199 -0.0177822521979 0.0234741730551 6.50051018071e-05 7.63588943022e-05
BPM.8L5.B2 13022.09698 -0.0291933666135 0.00387203305826 3.27469258687e-05 -9.47838689504e-05
BPM.7L5.B2 13061.16497 -0.0248076161576 0.0158690728901 -9.17030461135e-05 -4.05819640118e-05
BPMR.6L5.B2 13098.05897 -0.022814281781 0.0186213275624 -7.02388144772e-05 7.15741065393e-05
BPMWT.B6L5.B2 13109.36897 -0.0110750009793 0.0272871700161 -1.49286357396e-05 9.91639100393e-05
BPMWT.A6L5.B2 13115.19097 -0.00445422518863 0.0291102245195 1.44446253364e-05 9.92355709418e-05
BPM.5L5.B2 13129.95897 0.00594330652042 0.0288430650514 6.00343768963e-05 8.03256942465e-05
BPMYA.4L5.B2 13157.36497 0.0142158249489 0.0257906109857 8.99653952748e-05 4.43009692837e-05
BPMWB.4L5.B2 13178.42347 0.0172509165759 0.0238673662373 9.68953288962e-05 2.5838705882e-05
BPMWT.B4L5.B2 13178.89297 0.0172870468012 0.0238412102671 9.69760060351e-05 2.5534297125e-05
BPMWT.A4L5.B2 13180.87497 0.0174301684302 0.0237367757388 9.72963953297e-05 2.42848265827e-05
BPMSY.4L5.B2 13271.27947 0.0180529537523 0.023266631793 0.000100065114083 -6.58206366409e-06
BPMS.2L5.B2 13298.06497 0.0183604179077 0.0230247768776 9.94181805497e-05 -1.31270586777e-05
BPMSW.1L5.B2 13308.11897 0.0184896302262 0.022921144277 9.87184741733e-05 -1.76335130593e-05
BPMSW.1R5.B2 13351.06897 0.0184896310973 0.0229211447436 9.97593247806e-05 1.02287992299e-05
BPMS.2R5.B2 13361.12297 0.0183604178986 0.0230247766025 0.00010012021539 5.6831585458e-06
BPMSY.4R5.B2 13387.90847 0.0180529537114 0.0232666318274 0.000100277381181 -8.92345748852e-07
BPMWB.4R5.B2 13480.76447 0.0172508520881 0.0238674128432 9.47005998076e-05 -3.29869580685e-05
BPMYA.4R5.B2 13501.82097 0.0142160418739 0.0257904913998 8.6415195818e-05 -5.08798000898e-05
BPMR.5R5.B2 13522.93897 0.00823844501614 0.0282731907925 6.47562070301e-05 -7.65700709855e-05
BPM.6R5.B2 13554.83897 -0.0170211373246 0.0240317743373 -4.88306214527e-05 -8.75894657106e-05
BPMRA.7R5.B2 13588.85297 -0.0268601578448 0.0120738234842 -9.84998903545e-05 1.8817879467e-05
BPM.8R5.B2 13630.28998 -0.0270117084861 0.0117308524372 7.21669163041e-07 0.000100278728415
BPM.9R5.B2 13669.35499 -0.023804538654 0.0173375094154 9.84504559323e-05 -1.90749706144e-05
BPM.10R5.B2 13709.818 -0.0155515408839 0.0250078961448 -4.36649483238e-05 -9.02757827113e-05
BPM.11R5.B2 13762.59871 -0.026556072819 0.0127287191408 -7.21655769042e-05 6.96309921275e-05
BPM.12R5.B2 13817.32223 -0.0212248578922 0.0204144728439 6.58060814296e-05 7.56696986733e-05
BPM.13R5.B2 13870.77074 -0.0201993325355 0.0214297050568 8.07246515868e-05 -5.94968639723e-05
BPM.14R5.B2 13924.21926 -0.0153119988622 0.0251552774695 -6.18876495192e-05 -7.8906680812e-05
BPM.15R5.B2 13977.66777 -0.0172920319062 0.0238375948053 -7.82165459344e-05 6.27576056202e-05
BPM.16R5.B2 14031.11629 -0.0119676100357 0.0269076495433 6.5070145746e-05 7.63034927475e-05
BPM.17R5.B2 14084.56481 -0.0140999993652 0.0258541159438 7.55763238679e-05 -6.59133198431e-05
BPM.18R5.B2 14138.01332 -0.00842812111751 0.0282172299888 -6.81455112733e-05 -7.35699436587e-05
BPM.19R5.B2 14191.46184 -0.0106776646874 0.0274450864672 -7.28103686546e-05 6.89564753824e-05
BPM.20R5.B2 14244.91035 -0.00474842328953 0.0290636847317 7.11045210253e-05 7.07141503514e-05
BPM.21R5.B2 14298.35887 -0.00707838740924 0.0285856909374 6.99208316288e-05 -7.18847694039e-05
BPM.22R5.B2 14351.80738 -0.000992576394029 0.029432296647 -7.39450122893e-05 -6.77383399934e-05
BPM.23R5.B2 14405.2559 -0.00336437775569 0.0292562173929 -6.69143078669e-05 7.46915042646e-05
BPM.24R5.B2 14458.70442 0.00288370492946 0.0292977624467 7.65575594884e-05 -4.0093346586e-05
BPM.25R5.B2 14512.15293 0.00050919403715 0.0294349343515 -4.09399471483e-05 -7.61082204916e-05
BPM.26R5.B2 14565.60145 0.00660681512777 0.0286884058882 -7.48487140317e-05 4.31996566052e-05
BPM.27R5.B2 14619.04996 0.00427097489951 0.0291278803214 4.40270473165e-05 7.43650453497e-05
BPM.28R5.B2 14672.49848 0.0103254386545 0.0275879203839 7.29141131113e-05 -0.00015097479411
BPM.29R5.B2 14725.947 0.00806405110287 0.0283315921687 -0.000151774750012 -7.12340311128e-05
BPM.30R5.B2 14779.39551 0.0137689298059 0.0260408257864 -6.66563438486e-05 0.000153840145413
BPM.31R5.B2 14832.84403 0.0116238400156 0.0270664807102 0.000154569100097 6.49480771074e-05
BPM.32R5.B2 14886.29254 0.0169874879773 0.024065188256 6.02980507377e-05 -0.000156441688094
BPM.33R5.B2 14939.74106 0.0149889978801 0.0253581934955 -0.000157101686467 -5.8556993529e-05
BPM.34R5.B2 14993.18958 0.0199259436042 0.0216948105724 -5.382382771e-05 0.000158785562358
BPM.33L6.B2 15046.63809 0.0181110973808 0.0232313621252 0.000159371681368 5.20627195613e-05
BPM.32L6.B2 15100.08661 0.0225376901157 0.0189673550883 4.72763052631e-05 -0.000160856491354
BPM.31L6.B2 15153.53512 0.0209328915028 0.020724914664 -0.000161371952555 -4.54857635493e-05
BPM.30L6.B2 15206.98364 0.0247786764969 0.0159287547205 -4.06293834496e-05 0.00016266257147
BPM.29L6.B2 15260.43215 0.0234129155467 0.0178757774788 0.000163102084066 3.88274297746e-05
BPM.28L6.B2 15313.88067 0.0266127814478 0.0126280599388 3.39362249195e-05 -0.000164189510607
BPM.27L6.B2 15367.32919 0.025506623646 0.0147349986522 -0.000164556733447 -3.21082705511e-05
BPM.26L6.B2 15420.7777 0.0281125727021 0.0091008887906 -2.72712700343e-05 6.07037462337e-05
BPM.25L6.B2 15474.22622 0.0272865209511 0.0113396955362 6.10021612154e-05 2.65970372635e-05
BPM.24L6.B2 15527.67473 0.029045801642 0.0054299472708 2.47608520277e-05 -6.17702789317e-05
BPM.23L6.B2 15581.12325 0.0285128654411 0.00775625068774 -6.20413322124e-05 -2.40736208489e-05
BPM.22L6.B2 15634.57177 0.0296050069432 0.00165035401831 -2.23092126863e-05 -4.20137665974e-05
BPM.21L6.B2 15688.02028 0.0293752589058 0.0040341379097 -4.17634955486e-05 2.2774304358e-05
BPM.20L6.B2 15741.4688 0.02957290401 -0.0021502215872 2.40140994888e-05 4.10631303022e-05
BPM.19L6.B2 15794.91731 0.0296499741204 0.000243185390367 4.07946233851e-05 -2.44674706985e-05
BPM.18L6.B2 15848.36583 0.0290548800706 -0.00591557677949 -2.56771524723e-05 -4.00442497122e-05
BPM.17L6.B2 15901.81435 0.029437503805 -0.00355154534892 -3.97566773962e-05 2.61201877164e-05
BPM.16L6.B2 15955.26286 0.0280594973669 -0.00958356468278 2.72983898856e-05 3.89571003043e-05
BPM.15L6.B2 16008.71138 0.0287413459744 -0.00728801320809 3.86523466151e-05 -2.77282294136e-05
BPM.14L6.B2 16062.15989 0.0266029886075 -0.0130943156224 -2.88723926244e-05 -3.78053304839e-05
BPM.13L6.B2 16115.60841 0.0275729274187 -0.0109047594205 -3.74824376502e-05 2.92903619912e-05
BPM.12L6.B2 16169.05693 0.0244611390404 -0.016758066146 3.00703868987e-05 3.68595911377e-05
BPM.11L6.B2 16222.50544 0.026956086395 -0.0123510934895 3.88994993596e-05 -2.7380419321e-05
BPM.10L6.B2 16274.34415 0.0244223213516 -0.0168145866512 -2.00101558766e-05 -4.31561325435e-05
BPM.9L6.B2 16313.40916 0.0218842470093 -0.0200064948814 -4.74282639068e-05 3.66303125351e-06
BPM.8L6.B2 16353.87217 0.00738248295812 -0.0287172256643 2.13600190675e-05 4.25041946884e-05
BPMYB.5L6.B2 16450.96018 0.0274948671404 -0.0111001074427 9.46407360292e-06 -4.66185571575e-05
BPMYA.4L6.B2 16487.36018 0.0270381903447 -0.0121703064377 -1.59387489539e-06 -4.75427927532e-05
BPMSB.B4L6.B2 16518.13068 0.0282421957996 -0.00903097340908 -1.2310766154e-05 -4.59489124345e-05
BPMSB.A4L6.B2 16518.76568 0.0282657611642 -0.00895694424301 -1.25503110787e-05 -4.58840690582e-05
BPMSA.4L6.B2 16615.57568 0.0294461884841 0.0034788055359 -4.51250557116e-05 -1.50528021132e-05
BPMSE.4R6.B2 16707.14568 0.0293269925973 0.00437122514987 -3.70354680105e-05 2.98535062247e-05
BPMSA.A4R6.B2 16803.82068 0.0289431878555 -0.00643987430575 1.2614926411e-06 4.75527741624e-05
BPMSA.B4R6.B2 16804.40568 0.0289285637914 -0.00650525180801 1.47880407471e-06 4.75465060264e-05
BPMYB.4R6.B2 16830.96018 0.0281726641446 -0.00924559892615 1.05227862254e-05 4.63910513752e-05
BPMYA.5R6.B2 16867.36018 0.0280793219261 -0.00952532320591 2.01945201837e-05 4.30701711017e-05
BPM.8R6.B2 16963.08519 0.0210812950181 -0.0208508777922 3.95604847564e-05 -2.64163922774e-05
BPM.9R6.B2 17002.1502 0.00129975631975 -0.0296224701546 -3.05631655065e-05 -3.64520349638e-05
BPM.10R6.B2 17042.61322 -0.00466078362448 -0.0292823701268 -4.34598681293e-05 1.93415967056e-05
BPM.11R6.B2 17094.45193 -0.0120765750265 -0.0270801853887 2.47564626239e-05 4.0619869773e-05
BPM.12R6.B2 17149.17544 -0.00604065798914 -0.0290291328807 3.68858526969e-05 -3.00381971205e-05
BPM.13R6.B2 17202.62396 -0.011972625006 -0.0271263037489 -3.11675973977e-05 -3.59366183118e-05
BPM.14R6.B2 17256.07247 -0.00974461634961 -0.0280039739488 -3.55888820096e-05 3.15640560149e-05
BPM.15R6.B2 17309.52099 -0.0153439883595 -0.0253720737354 3.26149468765e-05 3.462835395e-05
BPM.16R6.B2 17362.96951 -0.0132464074692 -0.0265275855253 3.42643542685e-05 -3.29971414129e-05
BPM.17R6.B2 17416.41802 -0.0184637503526 -0.0232006471366 -3.40077603191e-05 -3.3261552141e-05
BPM.18R6.B2 17469.86654 -0.016531333983 -0.0246149365459 -3.28825885688e-05 3.43743095822e-05
BPM.19R6.B2 17523.31505 -0.021279677367 -0.0206483760859 3.53429687302e-05 3.1839193171e-05
BPM.20R6.B2 17576.76357 -0.0195439532967 -0.0222982957703 3.14449650277e-05 -3.56941229357e-05
BPM.21R6.B2 17630.21209 -0.0237463443045 -0.0177564421405 -3.66191642034e-05 -3.03627268683e-05
BPM.22R6.B2 17683.6606 -0.0222360168582 -0.0196147816279 -2.99551096168e-05 3.69533355694e-05
BPM.23R6.B2 17737.10912 -0.0258225367091 -0.0145731500133 3.78332544329e-05 2.88358228209e-05
BPM.24R6.B2 17790.55763 -0.0244484603714 -0.0166017808213 3.01590594667e-05 -0.000152112136838
BPM.25R6.B2 17844.00615 -0.0273618422886 -0.0111658374865 -0.000152945927484 -2.55970996113e-05
BPM.26R6.B2 17897.45466 -0.0263714216472 -0.0133377082377 -2.39048005311e-05 0.000153219553991
BPM.27R6.B2 17950.90318 -0.0285652129513 -0.00757462540163 0.000153866824051 1.93046991013e-05
BPM.28R6.B2 18004.3517 -0.0277468215211 -0.00984740226334 1.93302828227e-05 -0.00026802402908
BPM.29R6.B2 18057.80021 -0.029186440882 -0.00387415856417 -0.000268481840323 -1.13157618818e-05
BPM.30R6.B2 18111.24873 -0.0287785768812 -0.00621698870926 -8.35444728204e-06 0.000268590304724
BPM.31R6.B2 18164.69724 -0.0294422407263 -0.000109072536 0.000268720034821 2.96683508178e-07
BPM.32R6.B2 18218.14576 -0.0293374124602 -0.00248468632868 -2.69991552451e-06 -0.00026870662288
BPM.33R6.B2 18271.59428 -0.0292143373626 0.00365785844481 -0.000268506171671 1.0722831647e-05
BPM.34R6.B2 18325.04279 -0.0294142276285 0.00128866169248 1.3683946149e-05 0.000268371557259
BPM.33L7.B2 18378.49131 -0.0285062521278 0.0073655295438 0.000267840418718 -2.17267790812e-05
BPM.32L7.B2 18431.93982 -0.0290077552291 0.00504059247067 -2.4710767958e-05 -0.00026758162197
BPM.31L7.B2 18485.38834 -0.0273302753418 0.010950501613 -0.000266724474229 3.26894327959e-05
BPM.30L7.B2 18538.83686 -0.0281245935702 0.00871003287248 3.56314438076e-05 0.000266347414781
BPM.29L7.B2 18592.28537 -0.0257042209437 0.0143579407153 0.000265158909938 -4.36038176358e-05
BPM.28L7.B2 18645.73389 -0.0267794793088 0.0122358867044 -4.6554274296e-05 -0.000264656826091
BPM.27L7.B2 18699.1824 -0.0236575237787 0.0175265228978 -0.000263148638764 5.44365084646e-05
BPM.26L7.B2 18752.63092 -0.0248802619201 0.0155679759263 5.90975619673e-05 0.000148568007914
BPM.25L7.B2 18806.07943 -0.0211073253722 0.0203928939416 0.000146730442586 -6.35227863814e-05
BPM.24L7.B2 18859.52795 -0.0226847755302 0.0186223056248 -6.51485536783e-05 -0.000146015882461
BPM.23L7.B2 18912.97647 -0.0183263618069 0.0229245233284 -0.000144003282285 6.94839735347e-05
BPM.22L7.B2 18966.42498 -0.0200022640208 0.0213782166032 7.28258854159e-05 2.92692878919e-05
BPM.21L7.B2 19019.8735 -0.0151302062958 0.0250638298975 2.70758827874e-05 -7.36695106716e-05
BPM.20L7.B2 19073.32201 -0.017103914095 0.0237607835369 -7.39651520297e-05 -2.62574960634e-05
BPM.19L7.B2 19126.77053 -0.011799972376 0.0267932708612 -2.40329817828e-05 7.47175689039e-05
BPM.18L7.B2 19180.21905 -0.0139231395824 0.0257539297162 7.4979552965e-05 2.32027346051e-05
BPM.17L7.B2 19233.66756 -0.00827543331499 0.0280826621731 2.09479726557e-05 -7.56404810894e-05
BPM.16L7.B2 19287.11608 -0.0105152207302 0.0273230460359 -7.58681163928e-05 -2.0107939807e-05
BPM.15L7.B2 19340.56459 -0.00461532532608 0.0289105081914 -1.78288234863e-05 7.64358122845e-05
BPM.14L7.B2 19394.01311 -0.00693270615665 0.0284439149371 7.66288351657e-05 1.69801156368e-05
BPM.13L7.B2 19447.46163 -0.000879017920054 0.0292633907621 1.46792082298e-05 -7.71026673085e-05
BPM.12L7.B2 19500.91014 -0.00385500703982 0.0290216752114 -7.7068057383e-05 -1.48598699706e-05
BPM.11L7.B2 19554.35866 0.00291596592272 0.0291310118959 -1.60080247064e-05 7.6837766081e-05
BPM.10L7.B2 19607.13937 0.00306709375825 0.0291154881023 7.60453523104e-05 1.94268517525e-05
BPM.9L7.B2 19646.20438 0.0139885186912 0.0257184769523 4.63412537085e-05 -6.33465606261e-05
BPM.8L7.B2 19686.66739 0.0220643915667 0.0192426956664 -5.75867914387e-05 -5.3329737651e-05
BPM.7L7.B2 19725.7314 0.0292568720583 0.00107431316453 -5.79208547821e-05 5.29667227023e-05
BPMR.6L7.B2 19760.5494 0.0292414122744 0.00143475423459 -3.35854423124e-06 7.84156875632e-05
BPMWC.6L7.B2 19772.7279 0.0291506557185 -0.00271256018977 1.87532320357e-05 7.6214277942e-05
BPMWE.5L7.B2 19849.7819 0.0266032141009 0.0122224265667 7.52638857031e-05 -2.22631621941e-05
BPMW.5L7.B2 19872.9869 0.0214205326899 0.0199569409232 5.8073981519e-05 -5.27987968104e-05
BPMWE.4L7.B2 19908.0719 0.0214533831553 0.0199216229933 3.20285785258e-05 -7.16552092108e-05
BPMW.4L7.B2 19936.1769 0.0275495122379 0.00990671928689 -1.04606200926e-05 -7.77873774704e-05
BPMW.4R7.B2 20052.2239 0.0290984917593 0.00322435868154 -6.0476050217e-05 5.00294526771e-05
BPMWE.4R7.B2 20080.3289 0.0260752964401 0.0133115599386 -2.69993826303e-05 7.36975628424e-05
BPMW.5R7.B2 20115.4139 0.0266580434696 0.0121023729736 1.00277677577e-05 7.78443597397e-05
BPMWE.5R7.B2 20138.6189 0.0290929780865 -0.00327373449394 5.68446125107e-05 5.41201374297e-05
BPM.6R7.B2 20217.7584 0.0241423165255 -0.0165610164045 3.25131886001e-05 -7.14366461936e-05
BPM_A.7R7.B2 20255.7944 0.0282875277605 -0.00754549424953 -3.00125350871e-05 -7.25227553534e-05
BPM.8R7.B2 20294.85841 0.0283520939697 -0.0072991423559 -7.63234092817e-05 -1.83040074926e-05
BPM.9R7.B2 20333.92342 0.0203992658082 -0.0209997301443 -2.09405105017e-05 7.56425559843e-05
BPM.10R7.B2 20374.38643 0.00819311878021 -0.028106787727 7.29997560151e-05 2.88328437842e-05
BPM.11R7.B2 20427.16714 0.00904339556323 -0.0278448506516 3.84645878825e-05 -6.84161935006e-05
BPM.12R7.B2 20481.89066 0.00526318791105 -0.028799610494 -6.86921897895e-05 -3.79694810296e-05
BPM.13R7.B2 20535.33917 0.00785865915894 -0.0282021309136 -3.66820301807e-05 6.93882435113e-05
BPM.14R7.B2 20588.78769 0.00183530882616 -0.0292190067049 7.04548304892e-05 3.45893092328e-05
BPM.15R7.B2 20642.23621 0.00418696418232 -0.02897564568 3.38060161791e-05 -7.08339870668e-05
BPM.16R7.B2 20695.68472 -0.00191841558927 -0.0292136679202 -7.18139631076e-05 -3.16710876953e-05
BPM.17R7.B2 20749.13324 0.000445623599349 -0.0292731981682 -3.08727946086e-05 7.21607338676e-05
BPM.18R7.B2 20802.58175 -0.00563870663793 -0.0287284475518 7.30523506952e-05 2.86993919218e-05
BPM.19R7.B2 20856.03027 -0.00330229149929 -0.0290897504669 2.78872457866e-05 -7.33662219004e-05
BPM.20R7.B2 20909.47879 -0.00926820575217 -0.0277708313373 -7.41678264673e-05 -2.56794061356e-05
BPM.21R7.B2 20962.9273 -0.0069966232785 -0.0284282601391 -2.48557820578e-05 7.44479045104e-05
BPM.22R7.B2 21016.37582 -0.0127436792376 -0.0263574913597 7.51585071458e-05 2.26163844556e-05
BPM.23R7.B2 21069.82433 -0.0105754062471 -0.0272998075839 2.17808374859e-05 -7.54048733738e-05
BPM.24R7.B2 21123.27285 -0.0161024405128 -0.0244932682065 -7.59329799628e-05 7.36698718153e-05
BPM.25R7.B2 21176.72137 -0.0140726136339 -0.0257132324585 7.45074991865e-05 7.51112328311e-05
BPM.26R7.B2 21230.16988 -0.0191027417801 -0.0222327244099 7.28461541359e-05 -7.67235677953e-05
BPM.27R7.B2 21283.6184 -0.0172469266876 -0.0237013142602 -7.7526514801e-05 -7.19910152439e-05
BPM.28R7.B2 21337.06691 -0.0218815708606 -0.0195890128888 -6.95547904013e-05 0.000172832704817
BPM.29R7.B2 21390.51543 -0.0202285839815 -0.0212917110405 0.000173594764615 6.76303924529e-05
BPM.30R7.B2 21443.96394 -0.0242073359147 -0.0166294154156 6.23969809153e-05 -0.000175543824361
BPM.31R7.B2 21497.41246 -0.0227870282536 -0.0185279225044 -0.000176223566262 -6.04505591067e-05
BPM.32R7.B2 21550.86098 -0.026135851133 -0.0133958894384 -5.51586111687e-05 0.000177950951891
BPM.33R7.B2 21604.30949 -0.0249691865854 -0.0154619626749 0.000178553144467 5.31769353098e-05
BPM.34R7.B2 21657.75801 -0.0276346522996 -0.00994276429002 4.78005100762e-05 -0.000180066992182
BPM.33L8.B2 21711.20652 -0.0267423966001 -0.0121398843917 -0.000180584611352 -4.58062158381e-05
BPM.32L8.B2 21764.65504 -0.0286795198006 -0.0063259554787 -4.03910009544e-05 0.000181872411602
BPM.31L8.B2 21818.10356 -0.0280753840941 -0.00862005666102 0.00018231046546 3.83654358053e-05
BPM.30L8.B2 21871.55207 -0.0292531152175 -0.00260534434155 3.28829654451e-05 -0.000183378632711
BPM.29L8.B2 21925.00059 -0.0289474916012 -0.00495734796111 -0.000183730899611 -3.08540008414e-05
BPM.28L8.B2 21978.4491 -0.0293460634151 0.00115807209179 -2.5351154898e-05 0.000184570654051
BPM.27L8.B2 22031.89762 -0.0293438087733 -0.00121385980316 0.000184841346459 2.32956604029e-05
BPM.26L8.B2 22085.34614 -0.0290486739248 0.0049200739249 1.7842941824e-05 -9.22714946344e-05
BPM.25L8.B2 22138.79465 -0.0293509865886 0.00255972079892 -9.24633943973e-05 -1.68202128673e-05
BPM.24L8.B2 22192.24317 -0.0281806758641 0.00859546927672 -1.40478708019e-05 9.29250024542e-05
BPM.23L8.B2 22245.69168 -0.0287823576109 0.00629352640648 9.30753171858e-05 1.30147833048e-05
BPM.22L8.B2 22299.1402 -0.0269413602697 0.0121475285477 1.03152869204e-05 -2.32340376433e-07
BPM.21L8.B2 22352.58871 -0.0278338031733 0.00993371751073 -3.46727727827e-07 -1.03120566979e-05
BPM.20L8.B2 22406.03723 -0.0251661616463 0.0154939875727 -1.02970749644e-05 6.5516317063e-07
BPM.19L8.B2 22459.48575 -0.0263343803217 0.0134126714565 7.69301695202e-07 1.02891879766e-05
BPM.18L8.B2 22512.93426 -0.0229773717759 0.018586008952 1.02615492969e-05 -1.07686652536e-06
BPM.17L8.B2 22566.38278 -0.0244023385172 0.0166710892845 -1.19062629193e-06 -1.0248966344e-05
BPM.16L8.B2 22619.83129 -0.020411157346 0.0213725056652 -1.02087342535e-05 1.49678916919e-06
BPM.15L8.B2 22673.27981 -0.0220692474676 0.01965572841 1.60988532068e-06 1.01915114674e-05
BPM.14L8.B2 22726.72833 -0.0175094308444 0.0238079645099 1.01387810344e-05 -1.91416173946e-06
BPM.13L8.B2 22780.17684 -0.0193736519334 0.0223172792685 -2.02650897619e-06 -1.01169344014e-05
BPM.12L8.B2 22833.62536 -0.0118771229398 0.0270616572635 -1.01597103499e-05 1.79986274475e-06
BPM.11L8.B2 22887.07387 -0.0129380889817 0.0265707582911 2.5777137441e-07 1.03146789379e-05
BPM.10L8.B2 22938.91258 -0.0109453637052 0.0274517459632 1.02965789521e-05 6.62865507643e-07
BPM.9L8.B2 22977.9776 -0.0131061930746 0.0264882435301 2.55316201127e-06 -9.99701631701e-06
BPM.8L8.B2 23018.44061 0.0169560642437 0.0242051901202 -1.03128344286e-05 3.22753330386e-07
BPM.7L8.B2 23057.50662 0.0174083137251 0.0238820006762 -7.49724480506e-06 7.0887211978e-06
BPM.6L8.B2 23089.97562 0.000406980837565 0.029550528075 1.26393137436e-06 1.024018655e-05
BPMR.5L8.B2 23150.39462 0.01756230365 0.023768988895 -9.68165505221e-06 -3.56716158481e-06
BPMYB.4L8.B2 23171.16162 0.0213955035526 0.0203870491414 -1.03172961569e-05 1.06175601372e-07
BPMWB.4L8.B2 23195.62912 0.0203308201061 0.0214489416308 -1.00393940048e-05 2.38105314955e-06
BPMSX.4L8.B2 23245.78612 0.0207587914745 0.0210350165223 -8.912612413e-06 5.19848193175e-06
BPMS.2L8.B2 23283.69762 0.0204973927536 0.0212898149311 -7.82883962025e-06 6.72111339736e-06
BPMSW.1L8.B2 23293.63162 0.0202575600773 0.0215181461589 -7.20338699995e-06 7.38681737005e-06
BPMSW.1R8.B2 23336.82162 0.0202575629598 0.0215181432935 -1.00076489785e-05 2.51067961431e-06
BPMS.2R8.B2 23346.75562 0.020497395412 0.0212898127718 -9.74653891927e-06 3.38563607333e-06
BPMSX.4R8.B2 23384.66712 0.0207587896428 0.0210350183258 -8.97587800814e-06 5.08846189726e-06
BPMWI.4R8.B2 23434.90012 0.0203322368619 0.0214475986398 -7.10319818631e-06 7.48354482091e-06
BPMYB.4R8.B2 23459.29162 0.0213960441365 0.0203864816831 -5.28116788118e-06 8.86388227575e-06
BPMYB.5R8.B2 23479.86862 0.017796714562 0.0235939885016 -1.89273303555e-06 1.01428063577e-05
BPMR.6R8.B2 23563.97662 0.000690619480535 0.0295452599932 -9.13784866982e-06 -4.79138186333e-06
BPM_A.7R8.B2 23586.21662 0.00839893339197 0.0283347359056 -1.02822097622e-05 -8.58181723042e-07
BPM.8R8.B2 23627.65561 0.0217233018756 0.0200374024838 -5.50223770021e-06 8.72836356087e-06
BPM.9R8.B2 23666.7226 0.029433309917 0.00266075351636 1.01664989196e-05 -1.76091699077e-06
BPM.10R8.B2 23707.18758 0.0170069592481 0.0241694575953 -5.92396584267e-06 -8.44781185935e-06
BPM.11R8.B2 23759.02827 0.0226477939748 0.0189862258531 -9.08839104994e-06 4.88464349688e-06
BPM.12R8.B2 23813.75476 0.0232930529057 0.0181888160492 4.72335496303e-06 9.17326880273e-06
BPM.13R8.B2 23867.20624 0.0270807612886 0.0118334994895 8.8611796549e-06 -5.28566029224e-06
BPM.14R8.B2 23920.65773 0.0260374014927 0.0139804530114 -5.38457009918e-06 -8.80143244722e-06
BPM.15R8.B2 23974.10921 0.028372118858 0.00827177211162 -8.6356840964e-06 5.6465851761e-06
BPM.16R8.B2 24027.56069 0.0276119234048 0.0105347533845 5.74299594602e-06 8.57186042385e-06
BPM.17R8.B2 24081.01218 0.0291971899109 0.004574215153 8.39547500777e-06 -5.99788858881e-06
BPM.18R8.B2 24134.46366 0.0287327455525 0.00691582794094 -6.09159045429e-06 -8.32774635965e-06
BPM.19R8.B2 24187.91515 0.0295424583285 0.000801560246085 -8.14096650936e-06 6.33906155675e-06
BPM.20R8.B2 24241.36663 0.029381377806 0.00318339145088 6.42986078572e-06 8.06943283426e-06
BPM.21R8.B2 24294.81811 0.0294022646374 -0.00298432189848 7.87263544392e-06 -6.66939101624e-06
BPM.22R8.B2 24348.2696 0.0295472083748 -0.000601514973912 -6.75716252714e-06 -7.79740944592e-06
BPM.23R8.B2 24401.72108 0.0287789134911 -0.00672112202643 -7.59086557387e-06 6.98838665203e-06
BPM.24R8.B2 24455.17257 0.0290731076529 -0.00438578429287 4.72835869864e-06 0.000161709166959
BPM.25R8.B2 24508.62405 0.0275297836696 -0.0103243258127 0.000161494469917 -9.57827260225e-06
BPM.26R8.B2 24562.07554 0.02827314303 -0.00806908143884 -1.13814453234e-05 -0.000161377418876
BPM.27R8.B2 24615.52702 0.0259824258265 -0.0137620580071 -0.000160962024559 1.62308755636e-05
BPM.28R8.B2 24668.9785 0.026854499532 -0.0116286458055 1.57032245037e-05 0.000314951373752
BPM.29R8.B2 24722.42999 0.0238567252781 -0.0169483393835 0.000314339209852 -2.51358153009e-05
BPM.30R8.B2 24775.88147 0.0251461302783 -0.0149686900185 -2.86373584995e-05 -0.000314039586721
BPM.31R8.B2 24829.33296 0.0214907659558 -0.0198629435958 -0.000313034814663 3.80808372599e-05
BPM.32R8.B2 24882.78444 0.0230248290956 -0.018062303131 4.16021355777e-05 0.000312586335868
BPM.33R8.B2 24936.23592 0.0187755168088 -0.0224470380614 0.000311198644998 -5.09543800439e-05
BPM.34R8.B2 24989.68741 0.0205246470718 -0.020859731815 -5.44238341302e-05 -0.00031061067914
BPM.33L1.B2 25043.13889 0.0157468323553 -0.024666309412 -0.000308831678901 6.37491486419e-05
BPM.32L1.B2 25096.59038 0.0176880235947 -0.0233135876796 6.72168691248e-05 0.000308095515443
BPM.31L1.B2 25150.04186 0.0124652581524 -0.0264765346723 0.000305940894234 -7.64271801742e-05
BPM.30L1.B2 25203.49334 0.0145595062982 -0.0253852383386 -7.98409732392e-05 -0.000305067826906
BPM.29L1.B2 25256.94483 0.00897213251709 -0.0278548090499 -0.000302527701958 8.89828332518e-05
BPM.28L1.B2 25310.39631 0.0111934215552 -0.0270388029181 9.23736759585e-05 0.000301509622348
BPM.27L1.B2 25363.8478 0.00533892748057 -0.0287729978075 0.000298601490241 -0.000101380970524
BPM.26L1.B2 25417.29928 0.00748827405095 -0.0282582668536 -0.000107068889231 -0.000143255742672
BPM.25L1.B2 25470.75077 0.00145972246421 -0.0291971420575 -0.000139973152006 0.000111325986918
BPM.24L1.B2 25524.20225 0.00381321573455 -0.0289838451499 0.000112888040698 0.000138716437162
BPM.23L1.B2 25577.65373 -0.00228548285846 -0.0291441325535 0.000135262654762 -0.000117004141318
BPM.22L1.B2 25631.10522 -8.03642354622e-05 -0.0292432674981 -0.000120862630388 2.02450899014e-05
BPM.21L1.B2 25684.5567 -0.00614735189068 -0.0285899495751 2.38665926231e-05 0.000120199966004
BPM.20L1.B2 25738.00819 -0.00381908742274 -0.0289929254036 0.000119924786656 -2.5212868489e-05
BPM.19L1.B2 25791.45967 -0.00975453444182 -0.0275685365921 -2.88052183016e-05 -0.000119112979404
BPM.18L1.B2 25844.91115 -0.00749821384433 -0.0282657379394 -0.000118783162178 3.01364003506e-05
BPM.17L1.B2 25898.36264 -0.0132008571292 -0.0260943005815 3.36904214545e-05 0.000117824458567
BPM.16L1.B2 25951.81412 -0.0110511451452 -0.02707484705 0.000117438990696 -3.50104386451e-05
BPM.15L1.B2 26005.26561 -0.0164308340219 -0.0241909662038 -3.85241086813e-05 -0.000116333742495
BPM.14L1.B2 26058.71709 -0.0144251829367 -0.0254379490089 -0.000115895660375 3.98226003207e-05
BPM.13L1.B2 26112.16857 -0.0193902479162 -0.0218904873703 4.32852274982e-05 0.000114647451723
BPM.12L1.B2 26165.62006 -0.0142382442177 -0.0255430529491 0.000117360350524 -3.5273119384e-05
BPM.11L1.B2 26219.07154 -0.0119490001017 -0.0266907577359 -3.21754030505e-05 -0.000118247148121
BPM.10L1.B2 26271.85423 -0.010206384088 -0.0274044681787 -0.000111292105837 5.1300213122e-05
BPM.9L1.B2 26310.92122 -0.0159118667213 -0.0245354366179 4.56503626021e-05 0.000113726373274
BPM.8L1.B2 26351.38621 0.00624728129341 -0.0285682801085 7.47677914603e-05 -9.70949136121e-05
BPM.7L1.B2 26390.4542 -0.00643836425919 -0.028525823712 -9.048286148e-05 -8.26468489962e-05
BPMR.6L1.B2 26433.6382 -0.0166932441086 -0.0240106383327 -8.41978008053e-05 8.90414216421e-05
BPM.5L1.B2 26465.5382 -0.0291842809348 -0.00185819809753 5.36391970725e-05 0.000110183824302
BPMYA.4L1.B2 26486.6562 -0.0288853863221 0.00456175505108 8.70252688363e-05 8.62800489407e-05
BPMWB.4L1.B2 26507.7127 -0.0281149415045 0.00804519833283 0.000102225825492 6.75834710517e-05
BPMSY.4L1.B2 26600.5687 -0.0278249377985 0.00899711005819 0.000118495020545 3.125015953e-05
BPMS.2L1.B2 26627.3542 -0.0277029654927 0.00936593993214 0.00012028922245 2.3415420512e-05
BPMSW.1L1.B2 26637.4082 -0.0276498462398 0.00952161533168 0.000121228818919 1.79221646905e-05
