BPMSW.1R1.B2 21.475 -0.0303572689344 0.00240700579912 4.96942465634e-05 -2.33873960296e-05
BPMS.2R1.B2 31.529 -0.0303703254716 0.00223621592547 4.85816452118e-05 -2.56230147746e-05
BPMSY.4R1.B2 58.3145 -0.0303973526253 0.00183258709566 4.67959871628e-05 -2.87518521043e-05
BPMWB.4R1.B2 151.1705 -0.0304421059617 0.000797249471121 3.5110892594e-05 -4.22345761488e-05
BPMYA.4R1.B2 172.227 -0.0303126343346 -0.00291575437916 2.61677895549e-05 -4.82884957068e-05
BPMR.5R1.B2 199.635 -0.0280900989246 -0.011760262095 1.38141676187e-06 -5.49055993704e-05
BPM.6R1.B2 231.535 -0.00258012101239 -0.0303430452991 -5.4053895628e-05 -9.73185704235e-06
BPMRA.7R1.B2 259.259 0.00536764427979 -0.0299757538177 -4.08973754767e-05 3.665976122e-05
BPM.8R1.B2 300.6960106 0.00574967669104 -0.0299048263693 2.86728134334e-05 4.68444479009e-05
BPM.9R1.B2 339.7610212 -0.000907768386025 -0.0304390108033 4.08017691764e-05 -3.67661246982e-05
BPM.10R1.B2 380.2240318 -0.0122732510035 -0.0278697816929 -4.59934359487e-05 -3.00189422633e-05
BPM.11R1.B2 433.0047424 0.00463140181829 -0.0300982979533 -1.41841281607e-05 5.30598075469e-05
BPM.12R1.B2 487.7282583 -0.00503988726196 -0.0300325982711 5.22552664373e-05 1.69091226696e-05
BPM.13R1.B2 541.1767742 -0.00650524503206 -0.0297496085543 2.10643946327e-05 -5.07230124635e-05
BPM.14R1.B2 594.6252901 -0.0125389798126 -0.0277512415392 -5.13310209583e-05 -1.95360757237e-05
BPM.15R1.B2 648.073806 -0.0102584347344 -0.0286726688533 -1.8965885983e-05 5.15444151782e-05
BPM.16R1.B2 701.5223219 -0.0159853408109 -0.0259196122998 5.2088937344e-05 1.74147681392e-05
BPM.17R1.B2 754.9708378 -0.0138417149827 -0.0271249764723 1.68356760462e-05 -5.22789895111e-05
BPM.18R1.B2 808.4193537 -0.0191701114901 -0.0236614506778 -5.27593434038e-05 -1.52638118953e-05
BPM.19R1.B2 861.8678696 -0.0171980002381 -0.025131378992 -1.46782460051e-05 5.292524312e-05
BPM.20R1.B2 915.3163855 -0.0220389953547 -0.021015235073 5.3340881889e-05 1.30875954295e-05
BPM.21R1.B2 968.7649014 -0.020271362869 -0.0227250801991 1.24947019013e-05 -5.34828459752e-05
BPM.22R1.B2 1022.213417 -0.0245464885228 -0.0180229665712 -5.38327497719e-05 -1.0888927442e-05
BPM.23R1.B2 1075.661933 -0.0230119060761 -0.0199451648411 -1.02918386421e-05 5.39500631848e-05
BPM.24R1.B2 1129.110449 -0.0265881820381 -0.0147467744989 5.41704566923e-05 -5.43629630039e-05
BPM.25R1.B2 1182.558965 -0.0253116513894 -0.0168439628851 -5.49603051486e-05 -5.35643317715e-05
BPM.26R1.B2 1236.007481 -0.0282562731148 -0.011224161959 -5.18969047245e-05 5.65374651295e-05
BPM.27R1.B2 1289.455997 -0.0272582121878 -0.0134680603635 5.71096226151e-05 5.12665880423e-05
BPM.28R1.B2 1342.904513 -0.029397796097 -0.00752923529782 4.9467538246e-05 -0.000121652105738
BPM.29R1.B2 1396.353029 -0.0286944426924 -0.0098766774736 -0.000122192336078 -4.81175978848e-05
BPM.30R1.B2 1449.801545 -0.0301194338289 -0.00370668382794 -4.44442607349e-05 0.000123575792327
BPM.31R1.B2 1503.25006 -0.0297220369857 -0.00612538298587 0.000124061929433 4.30686459376e-05
BPM.32R1.B2 1556.698576 -0.03034614673 0.000176572477272 3.93317277717e-05 -0.000125296797883
BPM.33R1.B2 1610.147092 -0.0302614291389 -0.00227281892884 -0.000125724463374 -3.79424608779e-05
BPM.34R1.B2 1663.595608 -0.0300742538197 0.00405697627513 -3.4167962544e-05 0.000126802292147
BPM.33L2.B2 1717.044124 -0.0303035549529 0.00161689717908 0.000127174155987 3.27567726306e-05
BPM.32L2.B2 1770.49264 -0.0293081987555 0.00787078681512 2.89315835348e-05 -0.000128098539362
BPM.31L2.B2 1823.941156 -0.0298478106227 0.00547978105262 -0.000128410866081 -2.75122038505e-05
BPM.30L2.B2 1877.389672 -0.0280606251833 0.0115551336437 -2.36615401821e-05 0.000129175868963
BPM.29L2.B2 1930.838188 -0.0289014779414 0.00925334381923 0.00012943084483 2.222450408e-05
BPM.28L2.B2 1984.286704 -0.0263519194885 0.0150497886577 1.8337116257e-05 -0.000130038543387
BPM.27L2.B2 2037.73522 -0.0274806607493 0.012873736208 -0.000130233504657 -1.68969153846e-05
BPM.26L2.B2 2091.183735 -0.0241483615184 0.0182848936072 -1.30549980296e-05 6.76461194187e-05
BPM.25L2.B2 2144.632251 -0.0255449911282 0.0162767972059 6.77868552057e-05 1.2303332869e-05
BPM.24L2.B2 2198.080767 -0.0216109264874 0.0212237733373 1.02683163962e-05 -6.81248296616e-05
BPM.23L2.B2 2251.529283 -0.0232533920133 0.0194103183506 -6.82344262981e-05 -9.51283624084e-06
BPM.22L2.B2 2304.977799 -0.0186567118167 0.0238016895135 -7.52856541481e-06 5.4565910534e-06
BPM.21L2.B2 2358.426315 -0.0205165718853 0.0222185417634 5.53973442894e-06 7.46758922433e-06
BPM.20L2.B2 2411.874831 -0.0154586923041 0.0259927326664 7.29844924488e-06 -5.76074200267e-06
BPM.19L2.B2 2465.323347 -0.0175058913582 0.0246604356551 -5.84131418981e-06 -7.23409990796e-06
BPM.18L2.B2 2518.771863 -0.0120067697528 0.027756635228 -7.05606042418e-06 6.05519974576e-06
BPM.17L2.B2 2572.220379 -0.0142074557315 0.0266972193396 6.13307061136e-06 6.98848988529e-06
BPM.16L2.B2 2625.668894 -0.00835745131109 0.0290645200734 6.80181547978e-06 -6.33946303425e-06
BPM.15L2.B2 2679.11741 -0.0106757144957 0.028295272392 -6.41452170911e-06 -6.73108792564e-06
BPM.14L2.B2 2732.565926 -0.00457094030377 0.0298948126639 -6.5361227928e-06 6.61306393375e-06
BPM.13L2.B2 2786.014442 -0.00696841059137 0.0294284653548 6.68514579564e-06 6.4623902617e-06
BPM.12L2.B2 2839.462958 -2.73060293206e-05 0.0302422316276 6.35102981294e-06 -6.7910380505e-06
BPM.11L2.B2 2892.911474 -0.00581031998632 0.029678839288 -6.14700682032e-06 -6.97624724504e-06
BPM.10L2.B2 2944.750185 -0.00338267691046 0.0300524677283 -7.99818249708e-06 4.74156968049e-06
BPM.9L2.B2 2983.815195 0.00270405740953 0.0301211120778 3.01598468693e-06 8.79531379513e-06
BPM.8L2.B2 3024.278206 0.0141721268358 0.026715990349 4.07696013815e-06 -8.35654678532e-06
BPM.7L2.B2 3063.344216 -0.0175213765511 0.0246494357304 -8.83446630698e-06 -2.89923747118e-06
BPM.6L2.B2 3095.450216 -0.019810050865 0.0228507156231 -9.17376292398e-06 1.51512742696e-06
BPMYB.5L2.B2 3167.649216 -0.0134085728086 0.0271072590805 9.72460955312e-07 9.24704482299e-06
BPMYB.4L2.B2 3188.219216 -0.00792278619614 0.0291860031211 6.18188835248e-06 6.94534362367e-06
BPMWB.4L2.B2 3212.610716 -0.0132545876525 0.0271828847923 9.2640160283e-06 -7.94751619407e-07
BPMSX.4L2.B2 3262.843716 0.00202240211953 0.0301745457137 -3.46512498545e-06 -8.62823493514e-06
BPMS.2L2.B2 3300.755216 0.00206004137928 0.0301719994172 -8.20200743473e-06 -4.3797239377e-06
BPMSW.1L2.B2 3310.689216 0.000925548718223 0.0302280776619 -9.05472195596e-06 -2.11319314822e-06
BPMSW.1R2.B2 3353.879216 0.0009256245992 0.0302280753359 3.56216965378e-06 -8.58862833092e-06
BPMS.2R2.B2 3363.813216 0.0020600984422 0.0301719955241 1.22340435204e-06 -9.2171872656e-06
BPMSX.4R2.B2 3401.724716 0.00202237885206 0.030174547274 -4.98987236063e-06 -7.84567944638e-06
BPMWB.4R2.B2 3451.881716 -0.0132591626781 0.0271806534973 -6.06919383099e-06 7.04403539201e-06
BPMYB.4R2.B2 3476.349216 -0.00805128083714 0.0291508181112 2.03235935315e-06 9.07320385523e-06
BPM.5R2.B2 3505.883216 -0.0239351632247 0.0184851637977 9.05147613484e-06 2.12704751191e-06
BPMR.6R2.B2 3579.179216 -0.0264448977462 0.0146717654544 2.66286504165e-06 -8.90858810635e-06
BPM_A.7R2.B2 3592.054216 -0.0257966761109 0.0157836885286 1.03501679564e-06 -9.24024430368e-06
BPM.8R2.B2 3633.493206 -0.0178494902702 0.0244128862737 -7.6500826961e-06 -5.2848673941e-06
BPM.9R2.B2 3672.560195 0.0125961801775 0.0274941732683 -1.87212424076e-06 9.10762577774e-06
BPM.10R2.B2 3713.025185 0.0145852462693 0.0264927143004 7.85265410164e-06 4.9789170917e-06
BPM.11R2.B2 3764.865874 0.0165444439285 0.0253155030595 5.71630620104e-06 -7.33331876035e-06
BPM.12R2.B2 3819.592358 0.0149112647617 0.0263105967712 -7.80921048517e-06 -5.04675602102e-06
BPM.13R2.B2 3873.043842 0.0222021163028 0.0205343456519 -4.17775818009e-06 8.30660456656e-06
BPM.14R2.B2 3926.495326 0.0204727116205 0.0222589622107 8.35285771634e-06 4.08453243479e-06
BPM.15R2.B2 3979.94681 0.0246468921498 0.0175249544203 3.83176236608e-06 -8.47178824476e-06
BPM.16R2.B2 4033.398294 0.0231519744577 0.0194571169099 -8.5141902824e-06 -3.7365748673e-06
BPM.17R2.B2 4086.849779 0.0266862683361 0.01422801471 -3.47906815097e-06 8.62263431873e-06
BPM.18R2.B2 4140.301263 0.0254508672922 0.0163354422435 8.66104462299e-06 3.38227333227e-06
BPM.19R2.B2 4193.752747 0.0282871666261 0.0106971736389 3.12054963349e-06 -8.7587423262e-06
BPM.20R2.B2 4247.204231 0.0273314726705 0.0129454208551 -8.79317364204e-06 -3.02220182718e-06
BPM.21R2.B2 4300.655715 0.0294231921282 0.00699064264372 -2.756646688e-06 8.88000939786e-06
BPM.22R2.B2 4354.107199 0.0287629850468 0.00934259121396 8.91032768809e-06 2.65700087584e-06
BPM.23R2.B2 4407.558683 0.0300757350625 0.00316914498347 2.38812213845e-06 -8.98613030262e-06
BPM.24R2.B2 4461.010167 0.0296085856235 0.00557900054268 -1.07324406688e-05 0.000110776221979
BPM.25R2.B2 4514.461651 0.0301217578063 -0.000687965357466 0.000111048457228 7.40227243723e-06
BPM.26R2.B2 4567.913135 0.0300790146833 0.00174541263486 6.1607564121e-06 -0.000111124250071
BPM.27R2.B2 4621.36462 0.0297862292653 -0.00453587211019 -0.000111259248849 -2.81649278258e-06
BPM.28R2.B2 4674.816104 0.0299419182948 -0.00212382636252 -3.2809157916e-06 0.00022433807431
BPM.29R2.B2 4728.267588 0.0288491764119 -0.00829181102216 0.000224335570441 -3.44812760522e-06
BPM.30R2.B2 4781.719072 0.0294242064753 -0.00593676535762 -5.94977000201e-06 -0.000224283167525
BPM.31R2.B2 4835.170556 0.0275509487177 -0.0119152983303 -0.000224002453567 1.26978098267e-05
BPM.32R2.B2 4888.62204 0.02842299274 -0.00965207716728 1.52174206406e-05 0.000223845396819
BPM.33R2.B2 4942.073524 0.0258010600327 -0.0153406131191 0.000223288398786 -2.19232201474e-05
BPM.34R2.B2 4995.525008 0.0269546420513 -0.0132089508083 -2.44139527227e-05 -0.00022302980965
BPM.33L3.B2 5048.976492 0.0236254555816 -0.0185166670427 -0.00022219396434 3.11154798105e-05
BPM.32L3.B2 5102.427976 0.0250435211179 -0.0165484488544 3.36114335744e-05 0.000221830107215
BPM.31L3.B2 5155.87946 0.0210640946435 -0.0213853460624 0.000220722229368 -4.02495215502e-05
BPM.30L3.B2 5209.330945 0.0227205298139 -0.0196164888584 -4.27127514707e-05 -0.00022025883693
BPM.29L3.B2 5262.782429 0.0181533412152 -0.023905758988 -0.000218873859561 4.93210503247e-05
BPM.28L3.B2 5316.233913 0.0200247506779 -0.0223615399816 5.17761857805e-05 0.000218306109975
BPM.27L3.B2 5369.685397 0.0149482816145 -0.0260303282056 0.00021665445163 -5.83024787421e-05
BPM.26L3.B2 5423.136881 0.0168866306803 -0.0247464555603 -6.24483099098e-05 -0.000102927396914
BPM.25L3.B2 5476.588365 0.0113822855032 -0.0277126133006 -0.000101003476755 6.55143924754e-05
BPM.24L3.B2 5530.039849 0.0135828840976 -0.0267030076868 6.66424167584e-05 0.000100262810178
BPM.23L3.B2 5583.491333 0.00774490907574 -0.0289406589846 9.82164470235e-05 -6.96230837241e-05
BPM.22L3.B2 5636.942817 0.00994220953748 -0.028228300027 -7.24419920321e-05 1.56262630506e-05
BPM.21L3.B2 5690.394301 0.00386729740157 -0.0296770696752 1.77956567857e-05 7.19397882954e-05
BPM.20L3.B2 5743.845786 0.00625036445315 -0.0292680268922 7.17359725733e-05 -1.86003326603e-05
BPM.19L3.B2 5797.29727 3.87858846513e-05 -0.0299279626674 -2.07472020461e-05 -7.11447361353e-05
BPM.18L3.B2 5850.748754 0.0024538069388 -0.0298272239005 -7.09077865851e-05 2.15430571886e-05
BPM.17L3.B2 5904.200238 -0.00378983460428 -0.0296870612829 2.36634167426e-05 7.02286421289e-05
BPM.16L3.B2 5957.651722 -0.00138101716041 -0.0298961075207 6.99590490157e-05 -2.44489545268e-05
BPM.15L3.B2 6011.103206 -0.00755678372014 -0.0289582367074 -2.6540025408e-05 -6.91928225624e-05
BPM.14L3.B2 6064.55469 -0.00519518741721 -0.0294736234806 -6.88912673342e-05 2.73132354043e-05
BPM.13L3.B2 6118.006174 -0.0111988959256 -0.0277537237746 2.93702585127e-05 6.80397570143e-05
BPM.12L3.B2 6171.457658 -0.0046034360925 -0.0295718249281 7.00693654636e-05 -2.41309743331e-05
BPM.11L3.B2 6224.909142 -0.00157216432908 -0.029886665136 -2.10207516738e-05 -7.10643981501e-05
BPM.10L3.B2 6277.691832 0.0107372336616 -0.0279355735061 -7.2519019438e-05 1.52647194906e-05
BPM.9L3.B2 6316.758821 0.005893775882 -0.0293419130129 -3.5129455727e-05 6.52528977097e-05
BPM.8L3.B2 6357.223811 0.000226365963123 -0.0299271317067 3.28350960967e-05 6.64370160766e-05
BPM.7L3.B2 6396.2898 -0.0123606475507 -0.0272561707859 7.41004114982e-05 1.07166565531e-06
BPMR.6L3.B2 6468.9288 -0.0290736966312 -0.00709962089225 -3.40691118313e-05 -6.58127425868e-05
BPMWE.5L3.B2 6511.9823 -0.0292170100641 -0.0064846570638 -6.63226121902e-05 -3.30655884506e-05
BPMW.5L3.B2 6539.5273 -0.0258622294685 -0.0150608612151 -7.41079395851e-05 -1.86355662193e-07
BPMWE.4L3.B2 6614.6553 -0.0294731362831 -0.0051979506666 -2.1787197794e-05 7.08331752573e-05
BPMW.4L3.B2 6642.2003 -0.0232302820832 0.0188689811037 4.77527098523e-05 5.66718583458e-05
BPMW.4R3.B2 6687.1653 -0.0185533009036 0.023483174385 7.24951649705e-05 1.53776503253e-05
BPMWE.4R3.B2 6714.7103 -0.0226771209253 0.0195303005578 7.29995012245e-05 -1.27708183251e-05
BPMW.5R3.B2 6789.8383 -0.0186239603771 0.0234271755379 2.09586746192e-05 -7.10827238927e-05
BPMWE.5R3.B2 6817.3833 -0.00774711604272 0.028907899383 -2.2486483236e-05 -7.06142978238e-05
BPMWC.6R3.B2 6858.3743 -0.00494700840702 0.0295162931501 -6.03373591191e-05 -4.3028153781e-05
BPM.6R3.B2 6870.5288 -0.00808902930054 0.0288140947988 -6.83202355961e-05 -2.87118013811e-05
BPM_A.7R3.B2 6926.3528 -0.0074423993667 0.0289878447872 -5.52809818948e-05 4.93561900407e-05
BPM.8R3.B2 6965.418789 -0.0219416521108 0.0203530920716 4.55853026499e-05 5.84294314776e-05
BPM.9R3.B2 7004.485779 -0.028953258365 -0.00757583550223 4.98908635593e-05 -5.47988928564e-05
BPM.10R3.B2 7044.950768 -0.0296334740485 -0.00418827755162 -5.63916156961e-06 -7.389331567e-05
BPM.11R3.B2 7097.733458 -0.0294315928593 0.0054282405392 -7.35228318287e-05 -9.2958984027e-06
BPM.12R3.B2 7152.459942 -0.0261836823464 0.0144948001829 6.93252170668e-06 7.37831890654e-05
BPM.13R3.B2 7205.911426 -0.0280678216402 0.0103866184584 7.31874619339e-05 -1.16453151987e-05
BPM.14R3.B2 7259.36291 -0.0253010865549 0.0159856020514 -1.38391590274e-05 -7.28045090391e-05
BPM.15R3.B2 7312.814394 -0.0265088644559 0.0138911683968 -7.26451721779e-05 1.4652676975e-05
BPM.16R3.B2 7366.265878 -0.0230481533023 0.0190910210008 1.68277659552e-05 7.21723463244e-05
BPM.17R3.B2 7419.717362 -0.0245136852234 0.0171686833972 7.19789881279e-05 -1.76365415818e-05
BPM.18R3.B2 7473.168846 -0.0204166361182 0.0218825369366 -1.97916995138e-05 -7.14164438042e-05
BPM.19R3.B2 7526.62033 -0.0221163833471 0.0201630861047 -7.11905308624e-05 2.05895140984e-05
BPM.20R3.B2 7580.071814 -0.0174493568739 0.0243146951063 2.27185543291e-05 7.05399756784e-05
BPM.21R3.B2 7633.523299 -0.0193546917499 0.0228271847009 7.02806736064e-05 -2.35084292571e-05
BPM.22R3.B2 7686.974783 -0.0141957159412 0.0263470321433 -2.5609577064e-05 -6.9542578343e-05
BPM.23R3.B2 7740.426267 -0.0162761549835 0.0251151594246 -6.92515802234e-05 2.63863487581e-05
BPM.24R3.B2 7793.877751 -0.0105599240022 0.0279176152972 2.82870290212e-05 -8.33865608912e-05
BPM.25R3.B2 7847.329235 -0.0127793715479 0.0269739300351 -8.36981500219e-05 -2.73513086421e-05
BPM.26R3.B2 7900.780719 -0.0069020732923 0.0290390534164 -2.48250366362e-05 8.44819022359e-05
BPM.27R3.B2 7954.232203 -0.00922267093778 0.0283874546188 8.47548060901e-05 2.38766947865e-05
BPM.28R3.B2 8007.683687 -0.00298208283121 0.0296547176124 2.11508161775e-05 -0.000237242183878
BPM.29R3.B2 8061.135171 -0.00536757258103 0.0293169619748 -0.000237464174284 -1.84926013191e-05
BPM.30R3.B2 8114.586655 0.000835840298909 0.029792557215 -1.13500432623e-05 0.000237912566154
BPM.31R3.B2 8168.03814 -0.00156976450122 0.0297629120611 0.000238024781576 8.68409517484e-06
BPM.32R3.B2 8221.489624 0.00464031605958 0.0294408315322 1.53095581239e-06 -0.00023817821976
BPM.33R3.B2 8274.941108 0.0022473001809 0.0297194336554 -0.000238180435189 1.13970825071e-06
BPM.34R3.B2 8328.392592 0.00836851306095 0.0286052981904 8.29847899883e-06 0.000238038541422
BPM.33L4.B2 8381.844076 0.00603396690147 0.0291870919782 0.000237930803008 -1.09611278146e-05
BPM.32L4.B2 8435.29556 0.0119589744537 0.0272997806623 -1.80994694227e-05 -0.000237494465686
BPM.31L4.B2 8488.747044 0.00971517608975 0.0281764165234 -0.00023727627378 2.07648185109e-05
BPM.30L4.B2 8542.198528 0.0153533353608 0.0255454533963 2.78902305223e-05 0.000236544594008
BPM.29L4.B2 8595.650012 0.0132426071722 0.0267007200219 0.000236218224501 -3.05312661135e-05
BPM.28L4.B2 8649.101496 0.0184948390317 0.0233716927747 -3.76071805963e-05 -0.000235195477678
BPM.27L4.B2 8702.55298 0.0165471638128 0.024788837506 -0.000234757781439 4.02491464346e-05
BPM.26L4.B2 8756.004465 0.0214817740153 0.0207857304381 4.71183243326e-05 8.16351424158e-05
BPM.25L4.B2 8809.455949 0.0197341886087 0.0224516147158 8.11030796182e-05 -4.80283505288e-05
BPM.24L4.B2 8862.907433 0.0239640575508 0.0178672087598 -5.04427813746e-05 -7.96238681476e-05
BPM.23L4.B2 8916.358917 0.0224436768274 0.0197432158963 -7.90525121803e-05 5.13335379886e-05
BPM.22L4.B2 8969.810401 0.0262021940333 0.01462674486 5.35212909099e-05 -7.43415210057e-05
BPM.21L4.B2 9023.261885 0.0249358953042 0.0166942433828 -7.49368420759e-05 -5.26845084273e-05
BPM.20L4.B2 9076.713369 0.0278579395193 0.0111549021558 -5.04072053496e-05 7.64872658031e-05
BPM.19L4.B2 9130.164853 0.0268668863852 0.0133666395295 7.70468417367e-05 4.95476745111e-05
BPM.18L4.B2 9183.616337 0.0290561144545 0.00749925657389 4.72128822458e-05 -7.84992551881e-05
BPM.17L4.B2 9237.067821 0.0283559578361 0.00982019813314 -7.90237149485e-05 -4.63296952135e-05
BPM.16L4.B2 9290.519306 0.0297767177727 0.00372071428928 -4.39322301417e-05 8.03812697341e-05
BPM.15L4.B2 9343.97079 0.0293792947307 0.00611176548892 8.08679984571e-05 4.30296996217e-05
BPM.14L4.B2 9397.422274 0.0300080395946 -0.000119146181804 4.05832064227e-05 -8.21230251349e-05
BPM.13L4.B2 9450.873758 0.0299197526099 0.00230326722511 -8.25730216046e-05 -3.9659603712e-05
BPM.12L4.B2 9504.325242 0.0292014695944 -0.00691164306583 -4.18211871925e-05 8.14995660745e-05
BPM.11L4.B2 9557.776726 0.029429942387 -0.00586303055491 7.35200477835e-05 5.46442255644e-05
BPMC.10L4.B2 9609.617415 0.0284758501852 -0.00946692096679 6.43658423911e-05 -6.51784313566e-05
BPMC.9L4.B2 9648.684405 0.0274690136655 -0.0120809736289 -5.22130990133e-05 -7.52660707781e-05
BPMC.8L4.B2 9689.149394 0.0223953743163 -0.0199735786793 -1.62654739158e-05 9.0147786167e-05
BPMC.7L4.B2 9728.215384 0.029710666991 0.00421579214315 9.13338559953e-05 7.02251895084e-06
BPMYA.6L4.B2 9824.819384 0.0300075749975 -0.000205132312997 3.24982889518e-05 -8.56449031111e-05
BPMYB.5L4.B2 9861.819384 0.0300078957619 -0.000151086554942 8.25361806165e-06 -9.12308313092e-05
BPMWA.B5L4.B2 9964.209884 0.0258144486953 -0.0153006821533 -7.47219966548e-05 -5.29887759345e-05
BPMWA.A5L4.B2 9973.094884 0.0252540014509 -0.016209011293 -7.93531704899e-05 -4.57631322554e-05
BPMWA.A5R4.B2 10021.14388 0.0232619439836 -0.0189572835155 -9.14842695094e-05 -4.67084188453e-06
BPMWA.B5R4.B2 10030.02888 0.0231440984599 -0.0191009775272 -9.15627663621e-05 2.72919348338e-06
BPMYA.5R4.B2 10132.49538 0.025933428474 -0.0150981431853 -6.02922513521e-05 6.8963970884e-05
BPMYB.6R4.B2 10164.05938 0.0255451027358 -0.0157462489535 -4.40053051098e-05 8.03413531322e-05
BPMCA.7R4.B2 10260.57538 0.0294176760829 -0.00592426957725 8.47245028989e-05 3.48273962849e-05
BPMC.8R4.B2 10298.36637 0.029933475428 0.00211747139518 2.93672556654e-05 -8.67683690709e-05
BPMC.9R4.B2 10337.43336 0.0241509019128 -0.0178109677738 -9.13588242971e-05 6.6897600204e-06
BPMC.10R4.B2 10377.89835 0.0234354923538 -0.0187423139665 -1.80718764819e-05 8.98031041538e-05
BPM.11R4.B2 10429.73904 0.0159009191774 -0.0254491140379 8.77935954882e-05 2.61432935305e-05
BPM.12R4.B2 10484.46553 0.0149993717298 -0.0259906807205 3.02992285047e-05 -8.64473553125e-05
BPM.13R4.B2 10537.91701 0.00922580285896 -0.0285548804585 -8.73569079442e-05 -2.75673048853e-05
BPM.14R4.B2 10591.36849 0.0115008365439 -0.0277169153221 -2.65859930094e-05 8.76605515978e-05
BPM.15R4.B2 10644.81998 0.00549830993688 -0.0295002580357 8.8419574392e-05 2.39409091934e-05
BPM.16R4.B2 10698.27146 0.00786089657947 -0.0289603684467 2.29493058747e-05 -8.86821136294e-05
BPM.17R4.B2 10751.72295 0.00167795096388 -0.0299613270147 -8.9331634562e-05 -2.02742615215e-05
BPM.18R4.B2 10805.17443 0.00409124102405 -0.0297280739847 -1.92718661866e-05 8.95532448455e-05
BPM.19R4.B2 10858.62591 -0.00216737052813 -0.0299299038007 9.00917700947e-05 1.65728591658e-05
BPM.20R4.B2 10912.0774 0.000254824898031 -0.0300071941457 1.5562391094e-05 -9.02718066001e-05
BPM.21R4.B2 10965.52888 -0.00597968829024 -0.0294064612633 -9.0698617589e-05 -1.28433577767e-05
BPM.22R4.B2 11018.98037 -0.00358615736516 -0.0297932225765 -1.18266734934e-05 9.08367628172e-05
BPM.23R4.B2 11072.43185 -0.00969121807012 -0.0284002980285 9.11511143565e-05 9.09197882423e-06
BPM.24R4.B2 11125.88333 -0.00748427887159 -0.029097406249 6.28229059326e-06 2.6047010671e-05
BPM.25R4.B2 11179.33482 -0.0133605756259 -0.0269103790283 2.58465139823e-05 -7.06200973219e-06
BPM.26R4.B2 11232.7863 -0.0111451875881 -0.027900865123 -7.35119088658e-06 -2.57657495959e-05
BPM.27R4.B2 11286.23779 -0.0166936115793 -0.0249799282181 -2.55332836159e-05 8.12191684483e-06
BPM.28R4.B2 11339.68927 -0.0147393910063 -0.0262538288658 6.61742601296e-06 0.000142739451102
BPM.29R4.B2 11393.14075 -0.0198670441675 -0.022623300685 0.000142476020521 -1.0905157622e-05
BPM.30R4.B2 11446.59224 -0.0179769359709 -0.0241524936605 -1.25034203839e-05 -0.000142344670354
BPM.31R4.B2 11500.04372 -0.0225988921025 -0.0198948046895 -0.000141905141372 1.67712506527e-05
BPM.32R4.B2 11553.49521 -0.0209188653733 -0.0216544279273 1.83571945951e-05 0.000141708700529
BPM.33R4.B2 11606.94669 -0.0249575886464 -0.0168413760276 0.0001410926255 -2.26099895637e-05
BPM.34R4.B2 11660.39818 -0.0235172978736 -0.0188002627095 -2.41924622079e-05 -0.000140829917729
BPM.33L5.B2 11713.84966 -0.0269074559193 -0.0135093298414 -0.000140040386316 2.84082777623e-05
BPM.32L5.B2 11767.30114 -0.0257290081671 -0.0156374971107 2.99723539723e-05 0.000139713992479
BPM.31L5.B2 11820.75263 -0.0284143130451 -0.0099569067256 0.00013874927953 -3.4161068119e-05
BPM.30L5.B2 11874.20411 -0.0275181588342 -0.0122173692594 -3.5716617595e-05 -0.000138357023188
BPM.29L5.B2 11927.6556 -0.0294547216131 -0.00623959547653 -0.000137223019992 3.98520139583e-05
BPM.28L5.B2 11981.10708 -0.0288549261148 -0.00859688409582 4.13839082404e-05 0.000136768840656
BPM.27L5.B2 12034.55856 -0.0300108964971 -0.00242059263084 0.000135461932628 -4.54797461243e-05
BPM.26L5.B2 12088.01005 -0.0298351266396 -0.00484229999235 -4.8783172425e-05 -1.76466344766e-05
BPM.25L5.B2 12141.46153 -0.0301904598747 0.00145560412206 -1.6173764453e-05 4.92910688278e-05
BPM.24L5.B2 12194.91302 -0.0302094459443 -0.000985914060818 4.94693186241e-05 1.56201009744e-05
BPM.23L5.B2 12248.3645 -0.0297561947268 0.00530580118375 1.41261216316e-05 -4.99164586411e-05
BPM.22L5.B2 12301.81598 -0.0302048496389 0.00287959160985 -5.18641374798e-05 0.000103739676327
BPM.21L5.B2 12355.26747 -0.0289493117082 0.0090863821862 0.000105251755866 4.87224637615e-05
BPM.20L5.B2 12408.71895 -0.0295882864804 0.00671999202661 4.75363973244e-05 -0.000105792732802
BPM.19L5.B2 12462.17044 -0.0275493104591 0.0127145775679 -0.000107172410252 -4.43382986835e-05
BPM.18L5.B2 12515.62192 -0.0284855507627 0.010449803173 -4.31383642648e-05 0.000107660987071
BPM.17L5.B2 12569.07341 -0.0256960014984 0.0161350703902 0.00010890909346 3.9882566717e-05
BPM.16L5.B2 12622.52489 -0.0269146173017 0.014008153557 3.86564234929e-05 -0.000109350305613
BPM.15L5.B2 12675.97637 -0.0234213810421 0.0192889579718 -0.00011046171282 -3.53556335587e-05
BPM.14L5.B2 12729.42786 -0.0249015675813 0.0173360007439 -3.41189408166e-05 0.000110849925558
BPM.13L5.B2 12782.87934 -0.0207605376073 0.0221274731458 0.000111825450226 3.07713365342e-05
BPM.12L5.B2 12836.33083 -0.0250270982646 0.0171542805717 3.84119479391e-05 -0.000109436408815
BPM.11L5.B2 12889.78231 -0.0264325880661 0.0148977608449 -0.000108387915318 -4.12779584344e-05
BPM.10L5.B2 12942.565 -0.0273367036301 0.0131654709144 -2.2773708567e-05 0.00011372409295
BPM.9L5.B2 12981.63199 -0.023826000623 0.0187868753077 0.000112438682928 2.84491227198e-05
BPM.8L5.B2 13022.09698 -0.0301127781708 -0.00372096499433 -3.26172077427e-05 -0.000111301046412
BPM.7L5.B2 13061.16497 -0.0288556017233 0.00937972487459 -0.000113645191193 2.31641513273e-05
BPMR.6L5.B2 13098.05897 -0.0275828570679 0.012641637003 -1.82808404328e-05 0.000114532172392
BPMWT.B6L5.B2 13109.36897 -0.0181285590489 0.0243306460297 5.23495410254e-05 0.000103495590908
BPMWT.A6L5.B2 13115.19097 -0.0120006903704 0.0278676949215 8.0091998297e-05 8.38873182415e-05
BPM.5L5.B2 13129.95897 -0.00156445413939 0.0303014434123 0.00011040900249 3.55198790232e-05
BPMYA.4L5.B2 13157.36497 0.00747624233777 0.0294063052697 0.000114497810184 -1.84947684404e-05
BPMWB.4L5.B2 13178.42347 0.0110017709349 0.0282769521996 0.00010866474303 -4.05436107286e-05
BPMWT.B4L5.B2 13178.89297 0.011044586033 0.0282602567073 0.000108536890915 -4.08846620256e-05
BPMWT.A4L5.B2 13180.87497 0.0112144020226 0.0281933002125 0.000108002036357 -4.22773189113e-05
BPMSY.4L5.B2 13271.27947 0.0119573124912 0.0278863347854 8.99361231047e-05 -7.32345772809e-05
BPMS.2L5.B2 13298.06497 0.0123266500278 0.027725054246 8.49399835563e-05 -7.89725216719e-05
BPMSW.1L5.B2 13308.11897 0.0124823770276 0.0276552932797 8.12637899662e-05 -8.27525090506e-05
BPMSW.1R5.B2 13351.06897 0.0124824998826 0.0276552378528 0.000100907469079 -5.71790856235e-05
BPMS.2R5.B2 13361.12297 0.0123267362435 0.0277250173633 9.82045085563e-05 -6.17076330586e-05
BPMSY.4R5.B2 13387.90847 0.0119573380738 0.0278863238084 9.39476022888e-05 -6.80122221053e-05
BPMWB.4R5.B2 13480.76447 0.0110014235687 0.0282770873548 6.7190743069e-05 -9.4536829788e-05
BPMYA.4R5.B2 13501.82097 0.00747602210624 0.0294063612745 4.73931009928e-05 -0.000105857020173
BPMR.5R5.B2 13522.93897 0.000871123008741 0.0303292949861 9.76284638064e-06 -0.000115570302927
BPM.6R5.B2 13554.83897 -0.0232121448441 0.0195402487547 -0.00010471139444 -4.98731749166e-05
BPMRA.7R5.B2 13588.85297 -0.0299164504206 0.00506270528879 -8.02652872097e-05 8.37215600167e-05
BPM.8R5.B2 13630.28998 -0.0299785098231 0.00468123255889 6.78525417494e-05 9.40629649997e-05
BPM.9R5.B2 13669.35499 -0.0282369487131 0.0111040405859 8.00436099621e-05 -8.39334809573e-05
BPM.10R5.B2 13709.818 -0.0220004247189 0.0208951262744 -0.00010164051814 -5.58660527349e-05
BPM.11R5.B2 13762.59871 -0.0297833408356 0.00579461798786 -2.13989972068e-05 0.000113990755465
BPM.12R5.B2 13817.32223 -0.0264638811744 0.0148421016953 0.000112732247082 2.72626018647e-05
BPM.13R5.B2 13870.77074 -0.0257052059976 0.016120402422 3.62540665859e-05 -0.000110170091231
BPM.14R5.B2 13924.21926 -0.021799829119 0.0211043227745 -0.000111205768248 -3.29406308581e-05
BPM.15R5.B2 13977.66777 -0.0234315070362 0.0192766560364 -3.17082850981e-05 0.000111563399358
BPM.16R5.B2 14031.11629 -0.0189201144091 0.0237203343269 0.000112462788407 2.83536004893e-05
BPM.17R5.B2 14084.56481 -0.0207729976565 0.0221157762321 2.71020762527e-05 -0.000112770959169
BPM.18R5.B2 14138.01332 -0.0157315588884 0.0259450003762 -0.000113531130096 -2.37169212416e-05
BPM.19R5.B2 14191.46184 -0.0177734517464 0.0245912464782 -2.24586147879e-05 0.000113786736824
BPM.20R5.B2 14244.91035 -0.0122820816852 0.0277448276038 0.000114408122973 1.90418124503e-05
BPM.21R5.B2 14298.35887 -0.0144815959458 0.026662864977 1.77701092542e-05 -0.000114612531531
BPM.22R5.B2 14351.80738 -0.0086335925504 0.0290875586667 -0.000115092819253 -1.43336060907e-05
BPM.23R5.B2 14405.2559 -0.0109520306861 0.0282962543978 -1.3057681033e-05 0.000115244544207
BPM.24R5.B2 14458.70442 -0.00470088231871 0.0299261526185 0.000115440830837 -0.00013315959192
BPM.25R5.B2 14512.15293 -0.00710231149091 0.0294487703747 -0.000134431852947 -0.000113956704267
BPM.26R5.B2 14565.60145 -0.000835761843886 0.030281585287 -0.000109883602664 0.000137781185594
BPM.27R5.B2 14619.04996 -0.00327486284412 0.0301155803284 0.000138990989625 0.000108349265592
BPM.28R5.B2 14672.49848 0.00318545403852 0.0301128500469 0.000104002199167 -0.000284930205846
BPM.29R5.B2 14725.947 0.000742140391877 0.0302717703929 -0.000286066808072 -0.000100833837106
BPM.30R5.B2 14779.39551 0.00700993037194 0.0294583049825 -9.22229777594e-05 0.000288957779958
BPM.31R5.B2 14832.84403 0.00461258699405 0.029927493989 0.000289961525331 8.90168458159e-05
BPM.32R5.B2 14886.29254 0.0107217610223 0.0283191577541 8.03079474422e-05 -0.000292493270135
BPM.33R5.B2 14939.74106 0.0083989585102 0.0290927542829 -0.000293367481176 -7.70531898066e-05
BPM.34R5.B2 14993.18958 0.0142553741236 0.0267154480257 -6.82278814545e-05 0.000295544638439
BPM.33L6.B2 15046.63809 0.0120552464021 0.0277777229066 0.000296281276065 6.49545878794e-05
BPM.32L6.B2 15100.08661 0.0175563212702 0.0246719767832 5.60733975314e-05 -0.00029808967773
BPM.31L6.B2 15153.53512 0.015506163885 0.0260094163158 -0.000298695095821 -5.27533190766e-05
BPM.30L6.B2 15206.98364 0.0205676927609 0.0222238806016 -4.37741545711e-05 0.00030014246913
BPM.29L6.B2 15260.43215 0.0187087497509 0.023809946197 0.000300607645178 4.04563069963e-05
BPM.28L6.B2 15313.88067 0.0232418387363 0.0194099919577 3.14610416517e-05 -0.000301681746475
BPM.27L6.B2 15367.32919 0.0215984866807 0.0212234829445 -0.000302013583715 -2.80976652371e-05
BPM.26L6.B2 15420.7777 0.0256738510653 0.0162516738745 -1.91814398029e-05 0.000159965955724
BPM.25L6.B2 15474.22622 0.0242791250703 0.0182698554404 0.000160168291167 1.74111452474e-05
BPM.24L6.B2 15527.67473 0.0275418900154 0.0128338547169 1.26163712146e-05 -0.0001606171181
BPM.23L6.B2 15581.12325 0.0264160776968 0.0150151380657 -0.000160747519643 -1.08289057923e-05
BPM.22L6.B2 15634.57177 0.0290978239683 0.00917918163199 -6.15375538047e-06 1.82350550008e-05
BPM.21L6.B2 15688.02028 0.0282622159266 0.0114972991068 1.83021536185e-05 5.95121391025e-06
BPM.20L6.B2 15741.4688 0.030032976279 0.00538154919588 5.40094120692e-06 -1.84720361405e-05
BPM.19L6.B2 15794.91731 0.0295007286324 0.00778766628115 -1.85308089923e-05 -5.19566880825e-06
BPM.18L6.B2 15848.36583 0.0304746454118 0.00149556773894 -4.63869548132e-06 1.86780088959e-05
BPM.17L6.B2 15901.81435 0.0302545715837 0.00394989041746 1.8728286268e-05 4.43136711275e-06
BPM.16L6.B2 15955.26286 0.0304155927117 -0.00241504780862 3.86902005183e-06 -1.88524884252e-05
BPM.15L6.B2 16008.71138 0.0305112847269 4.7331325568e-05 -1.88942593208e-05 -3.6596261921e-06
BPM.14L6.B2 16062.15989 0.0298567882134 -0.00628593140204 -3.09244962711e-06 1.89953273719e-05
BPM.13L6.B2 16115.60841 0.0302666752858 -0.00385604761257 1.90284455081e-05 2.88169792402e-06
BPM.12L6.B2 16169.05693 0.0286535108959 -0.0104841332193 2.4819450092e-06 -1.9084699646e-05
BPM.11L6.B2 16222.50544 0.0300196840547 -0.00545520898914 -1.88606722393e-05 -3.82895218572e-06
BPM.10L6.B2 16274.34415 0.0286292580899 -0.0105501809121 -7.12853299056e-06 1.78765102033e-05
BPM.9L6.B2 16313.40916 0.0269109919916 -0.0143784299041 1.4257034405e-05 1.29276025347e-05
BPM.8L6.B2 16353.87217 0.0146683936562 -0.0267540457352 6.5620924021e-06 -1.80921317882e-05
BPMYB.5L6.B2 16450.96018 0.0302385519114 -0.00407071417423 -1.63373629687e-05 1.01723156233e-05
BPMYA.4L6.B2 16487.36018 0.030055560045 -0.00525395558589 -1.35361614721e-05 1.36805428892e-05
BPMSB.B4L6.B2 16518.13068 0.0304571434227 -0.00181745709287 -1.00893131378e-05 1.638876781e-05
BPMSB.A4L6.B2 16518.76568 0.0304618008683 -0.00173764893637 -1.00036719109e-05 1.64411681308e-05
BPMSA.4L6.B2 16615.57568 0.0284742228879 0.0109617228121 8.1139533438e-06 1.7451347299e-05
BPMSE.4R6.B2 16707.14568 0.0281283167476 0.0118211053965 1.90698171451e-05 2.59379918003e-06
BPMSA.A4R6.B2 16803.82068 0.0304967061008 0.000944273954493 1.36318272585e-05 -1.35852563682e-05
BPMSA.B4R6.B2 16804.40568 0.0304987617343 0.000875367759903 1.35695937166e-05 -1.3647419977e-05
BPMYB.4R6.B2 16830.96018 0.0304424252986 -0.0020492627043 1.07166377404e-05 -1.5985618421e-05
BPMYA.5R6.B2 16867.36018 0.0304205388594 -0.00235192636539 7.05261046184e-06 -1.79066693561e-05
BPM.8R6.B2 16963.08519 0.0263250620488 -0.0154250395141 -1.87608900681e-05 -4.29124654503e-06
BPM.9R6.B2 17002.1502 0.00883419559349 -0.0292044127541 -2.22486585086e-06 1.9116371709e-05
BPM.10R6.B2 17042.61322 0.00280492662758 -0.030382118477 1.77642851368e-05 7.40383192762e-06
BPM.11R6.B2 17094.45193 -0.00514993856741 -0.0300735576321 5.06401170447e-06 -1.85672200701e-05
BPM.12R6.B2 17149.17544 0.0013638389306 -0.030480824785 -1.90825555648e-05 -2.4984059839e-06
BPM.13R6.B2 17202.62396 -0.00503430915789 -0.0300931299028 -1.90546587848e-06 1.91508470443e-05
BPM.14R6.B2 17256.07247 -0.00258928267627 -0.0304012557484 1.91707924627e-05 1.69293980037e-06
BPM.15R6.B2 17309.52099 -0.00884246001063 -0.0292019115351 1.11846355993e-06 -1.92128764214e-05
BPM.16R6.B2 17362.96951 -0.00645723128874 -0.0298202095876 -1.92241200669e-05 -9.05369805158e-07
BPM.17R6.B2 17416.41802 -0.0125052963866 -0.0278308874755 -3.29677198706e-07 1.92425793559e-05
BPM.18R6.B2 17469.86654 -0.0102184782026 -0.0287493206666 1.92450369031e-05 1.16225457698e-07
BPM.19R6.B2 17523.31505 -0.0159626917622 -0.0260025615572 -4.59784354382e-07 -1.92399103862e-05
BPM.20R6.B2 17576.76357 -0.0138123923787 -0.0272058551148 -1.92336335292e-05 6.73068873439e-07
BPM.21R6.B2 17630.21209 -0.0191577640582 -0.0237470168989 1.24832240326e-06 1.92048831069e-05
BPM.22R6.B2 17683.6606 -0.0171788449948 -0.0252156304844 1.91898533294e-05 -1.46128057638e-06
BPM.23R6.B2 17737.10912 -0.022038103197 -0.0211012498075 -2.03494505996e-06 -1.91375130781e-05
BPM.24R6.B2 17790.55763 -0.0202712149323 -0.0228113223174 -1.9233109723e-05 1.00144340792e-05
BPM.25R6.B2 17844.00615 -0.024563949914 -0.0181077592785 1.05854794205e-05 1.89248283825e-05
BPM.26R6.B2 17897.45466 -0.0230225370471 -0.0200310101734 1.88062030832e-05 -1.07948374155e-05
BPM.27R6.B2 17950.90318 -0.0266785272138 -0.0148167056375 -1.13528119603e-05 -1.84747235835e-05
BPM.28R6.B2 18004.3517 -0.0254036240698 -0.016921772966 -1.84671256826e-05 1.93243773231e-05
BPM.29R6.B2 18057.80021 -0.0283623590202 -0.011281272396 1.98683886222e-05 1.78805643871e-05
BPM.30R6.B2 18111.24873 -0.0273594715136 -0.0135332861845 1.76589383258e-05 -2.00656171377e-05
BPM.31R6.B2 18164.69724 -0.0295724667322 -0.00756040527972 -2.05850742846e-05 -1.70505652134e-05
BPM.32R6.B2 18218.14576 -0.0288659159716 -0.00992216768811 -1.68214331306e-05 2.07727372517e-05
BPM.33R6.B2 18271.59428 -0.0302966327985 -0.00371544848538 2.12668498065e-05 1.61922360932e-05
BPM.34R6.B2 18325.04279 -0.0298979884457 -0.00614823580271 1.59551700073e-05 -2.14452634809e-05
BPM.33L7.B2 18378.49131 -0.0305230107098 0.000190613712136 -2.19131059538e-05 -1.53062940955e-05
BPM.32L7.B2 18431.93982 -0.0304388472796 -0.00227312399957 -1.50625659427e-05 2.20813501233e-05
BPM.31L7.B2 18485.38834 -0.0302478622697 0.00409357357404 2.25222560158e-05 1.43949616778e-05
BPM.30L7.B2 18538.83686 -0.0304795573427 0.00163923786432 1.41440814215e-05 -2.26806323097e-05
BPM.29L7.B2 18592.28537 -0.0294757368413 0.00792915217023 -2.30937185809e-05 -1.34590854058e-05
BPM.28L7.B2 18645.73389 -0.0300194622516 0.00552470838985 -1.32023741167e-05 2.3241426848e-05
BPM.27L7.B2 18699.1824 -0.0282192363902 0.011634655734 2.3626159233e-05 1.25008694585e-05
BPM.26L7.B2 18752.63092 -0.029073888459 0.00931894813747 1.21186931433e-05 -1.59959894651e-05
BPM.25L7.B2 18806.07943 -0.0265068779537 0.0151498912525 -1.63514562578e-05 -1.16346072369e-05
BPM.24L7.B2 18859.52795 -0.0276429731082 0.0129614745049 -1.14526760155e-05 1.64793802199e-05
BPM.23L7.B2 18912.97647 -0.0243510460257 0.0184163064004 1.68147716359e-05 1.09543480557e-05
BPM.22L7.B2 18966.42498 -0.0257655751602 0.0163906604684 1.0647910378e-05 -9.16776236668e-06
BPM.21L7.B2 19019.8735 -0.0218029754228 0.0213810401488 -9.48230733743e-06 -1.03687819226e-05
BPM.20L7.B2 19073.32201 -0.023457256469 0.0195518729024 -1.02630321574e-05 9.59665823258e-06
BPM.19L7.B2 19126.77053 -0.0188886900537 0.0239944994155 9.89949723411e-06 9.97124240575e-06
BPM.18L7.B2 19180.21905 -0.0207634209995 0.022391939688 9.86079694013e-06 -1.00095185221e-05
BPM.17L7.B2 19233.66756 -0.0156642852749 0.0262135228734 -1.03001115528e-05 -9.55684467524e-06
BPM.16L7.B2 19287.11608 -0.0177285468271 0.0248639747917 -9.4420854119e-06 1.04054179126e-05
BPM.15L7.B2 19340.56459 -0.0121822115762 0.0280020059213 1.0683339624e-05 9.12644373188e-06
BPM.14L7.B2 19394.01311 -0.0144022268398 0.026927578375 9.00734940783e-06 -1.0783929432e-05
BPM.13L7.B2 19447.46163 -0.0085003123639 0.0293302455515 -1.10486454228e-05 -8.68063278792e-06
BPM.12L7.B2 19500.91014 -0.0114428514479 0.0283121840369 -8.70654690949e-06 1.1028210658e-05
BPM.11L7.B2 19554.35866 -0.00463219224451 0.0301837938265 1.08971125991e-05 8.87012620258e-06
BPM.10L7.B2 19607.13937 -0.00447615508821 0.0302073277583 9.34833166171e-06 -1.04897274242e-05
BPM.9L7.B2 19646.20438 0.00743936158528 0.0296171321018 -6.2554942395e-06 -1.25815017685e-05
BPM.8L7.B2 19686.66739 0.0172817824115 0.0251765488365 -1.32183468788e-05 4.76460110585e-06
BPM.7L7.B2 19725.7314 0.0292729179373 0.00869568225042 3.65195041257e-06 1.35679474064e-05
BPMR.6L7.B2 19760.5494 0.0291635574273 0.00905569063296 1.21891521094e-05 6.98929459576e-06
BPMWC.6L7.B2 19772.7279 0.0301507091809 0.00484286594922 1.36595017642e-05 3.29299656167e-06
BPMWE.5L7.B2 19849.7819 0.0236923896558 0.0192662733056 2.65650666388e-06 -1.37974175049e-05
BPMW.5L7.B2 19872.9869 0.0164452533949 0.0257307647656 -3.61290529115e-06 -1.35783926955e-05
BPMWE.4L7.B2 19908.0719 0.0164876853786 0.0257035959636 -8.75455021085e-06 -1.09901342291e-05
BPMW.4L7.B2 19936.1769 0.0252506954813 0.0171732638728 -1.32270630585e-05 -4.74030659435e-06
BPMW.4R7.B2 20052.2239 0.0285536621281 0.0108262178852 2.97467736612e-06 1.37323286991e-05
BPMWE.4R7.B2 20080.3289 0.0228760549153 0.0202288093163 9.49296438474e-06 1.03590091927e-05
BPMW.5R7.B2 20115.4139 0.023779175785 0.0191590556583 1.32003284364e-05 4.81426225432e-06
BPMWE.5R7.B2 20138.6189 0.0302384296585 0.00426098419502 1.32829905749e-05 -4.58124416058e-06
BPM.6R7.B2 20217.7584 0.028694105164 -0.0104482985874 -8.67990980651e-06 -1.1049198569e-05
BPM_A.7R7.B2 20255.7944 0.0305360335545 -0.000263191954771 -1.39995856751e-05 -1.19875604529e-06
BPM.8R7.B2 20294.85841 0.0305371676543 2.51269878741e-06 -9.19265758631e-06 1.06264116421e-05
BPM.9R7.B2 20333.92342 0.0260679893163 -0.0159052993655 1.03009886808e-05 9.55589043708e-06
BPM.10R7.B2 20374.38643 0.0155868598738 -0.0262596346872 1.05929222291e-05 -9.23120947309e-06
BPM.11R7.B2 20427.16714 0.0163777195551 -0.0257738029151 -7.70973503987e-06 -1.17467372405e-05
BPM.12R7.B2 20481.89066 0.0128083217111 -0.0277212104664 -1.16907199306e-05 7.79439186908e-06
BPM.13R7.B2 20535.33917 0.0152744657767 -0.0264425662532 8.01097616023e-06 1.15433978801e-05
BPM.14R7.B2 20588.78769 0.00945413699557 -0.0290368370928 1.12985173631e-05 -8.3527876215e-06
BPM.15R7.B2 20642.23621 0.0117663739143 -0.028179266479 -8.4775612397e-06 -1.12051994259e-05
BPM.16R7.B2 20695.68472 0.00566193433459 -0.0300076842493 -1.09464643324e-05 8.80911378617e-06
BPM.17R7.B2 20749.13324 0.00806519051392 -0.0294528660197 8.92998488416e-06 1.08481022918e-05
BPM.18R7.B2 20802.58175 0.00177700953045 -0.0304854203151 1.05760348672e-05 -9.25059336289e-06
BPM.19R7.B2 20856.03027 0.00423115937814 -0.0302426173542 -9.3673159814e-06 -1.04727831471e-05
BPM.20R7.B2 20909.47879 -0.00213742578151 -0.0304622721667 -1.01877710823e-05 9.67652456475e-06
BPM.21R7.B2 20962.9273 0.000327964544651 -0.0305354065626 9.78892106017e-06 1.00798209123e-05
BPM.22R7.B2 21016.37582 -0.00601643531194 -0.0299386225536 9.78237304883e-06 -1.00861811778e-05
BPM.23R7.B2 21069.82433 -0.00358099514517 -0.0303264750446 -1.01940240868e-05 -9.66990962601e-06
BPM.24R7.B2 21123.27285 -0.0099115778685 -0.0289012817011 -9.24619782998e-06 0.000128061701056
BPM.25R7.B2 21176.72137 -0.00754599320768 -0.0296071181777 0.000128156447311 7.82413191706e-06
BPM.26R7.B2 21230.16988 -0.0135270956049 -0.0273960060047 3.98365364969e-06 -0.000128333235486
BPM.27R7.B2 21283.6184 -0.0112730465575 -0.028397920375 -0.000128369485032 -2.56205248865e-06
BPM.28R7.B2 21337.06691 -0.0170353990633 -0.0254190762299 1.38821936224e-06 0.000245975628342
BPM.29R7.B2 21390.51543 -0.0149271569602 -0.0267116873784 0.000245944969542 -4.12438555454e-06
BPM.30R7.B2 21443.96394 -0.0201470842743 -0.0230310497258 -1.14920395833e-05 -0.000245710943163
BPM.31R7.B2 21497.41246 -0.0182239675673 -0.0245809125858 -0.000245568987862 1.42059551341e-05
BPM.32R7.B2 21550.86098 -0.0229275862183 -0.0202647489114 2.15381357402e-05 0.000245034801032
BPM.33R7.B2 21604.30949 -0.0212165914194 -0.0220497280235 0.000244779677752 -2.4266263289e-05
BPM.34R7.B2 21657.75801 -0.0253316051841 -0.0171651983863 -3.1591533592e-05 -0.000243942451222
BPM.33L8.B2 21711.20652 -0.023864438602 -0.0191526193417 -0.0002435790339 3.42811998761e-05
BPM.32L8.B2 21764.65504 -0.0273191454978 -0.0137839960058 4.15440355059e-05 0.000242445944479
BPM.31L8.B2 21818.10356 -0.0261172708923 -0.0159443538211 0.000241967548413 -4.42452539537e-05
BPM.30L8.B2 21871.55207 -0.0288580299678 -0.0101758716809 -5.14775697957e-05 -0.000240532739303
BPM.29L8.B2 21925.00059 -0.0279429975322 -0.0124708919556 -0.000239950747896 5.41255785575e-05
BPM.28L8.B2 21978.4491 -0.0299225988914 -0.00640096346403 6.12714392423e-05 0.000238226246768
BPM.27L8.B2 22031.89762 -0.029308335407 -0.00879521079742 0.000237527497555 -6.39267159973e-05
BPM.26L8.B2 22085.34614 -0.0306114896963 -0.00249879142861 -7.08935002433e-05 -0.000117927200098
BPM.25L8.B2 22138.79465 -0.030310026888 -0.00496079933415 -0.000117137107885 7.21915035675e-05
BPM.24L8.B2 22192.24317 -0.030679646585 0.00143754840929 7.56633652549e-05 0.000114925048737
BPM.23L8.B2 22245.69168 -0.03069559212 -0.00104301696103 0.000114075263956 -7.69385835127e-05
BPM.22L8.B2 22299.1402 -0.030359678096 0.0053722337045 -8.02036810444e-05 5.86659728113e-06
BPM.21L8.B2 22352.58871 -0.0306941783058 0.00290488680243 6.75420641763e-06 8.01338341555e-05
BPM.20L8.B2 22406.03723 -0.0294229558908 0.00921198217767 7.98955962663e-05 -9.15094681808e-06
BPM.19L8.B2 22459.48575 -0.0300704349087 0.00680734111256 -1.00377940013e-05 -7.97890272347e-05
BPM.18L8.B2 22512.93426 -0.028003027466 0.0128996667307 -7.94531818777e-05 1.24193723843e-05
BPM.17L8.B2 22566.38278 -0.0289525686709 0.0105980996891 1.32984589539e-05 7.9310779461e-05
BPM.16L8.B2 22619.83129 -0.0261225434335 0.0163763144073 7.88769637541e-05 -1.56676131064e-05
BPM.15L8.B2 22673.27981 -0.0273590680798 0.0142145116644 -1.65424805583e-05 -7.86981125575e-05
BPM.14L8.B2 22726.72833 -0.0238135302007 0.0195828171777 -7.81682120151e-05 1.88886365935e-05
BPM.13L8.B2 22780.17684 -0.0253158848284 0.0175976397301 1.9753365184e-05 7.79541778834e-05
BPM.12L8.B2 22833.62536 -0.0189520629756 0.024318516785 7.83759120481e-05 -1.80073500725e-05
BPM.11L8.B2 22887.07387 -0.0198994645612 0.0235495702581 -6.06543691514e-06 -8.01888972057e-05
BPM.10L8.B2 22938.91258 -0.0181107980621 0.0249513515257 -8.04103179425e-05 -1.10881142261e-06
BPM.9L8.B2 22977.9776 -0.0200482851063 0.0234230060483 -1.59419982498e-05 7.88219531967e-05
BPM.8L8.B2 23018.44061 0.0109373122235 0.0288261365878 8.01491864233e-05 -6.56940588916e-06
BPM.7L8.B2 23057.50662 0.0114773841856 0.0286153909892 5.55710069819e-05 -5.81283915091e-05
BPM.6L8.B2 23089.97562 -0.00716924026643 0.0299862125495 -1.38675963985e-05 -7.92132351107e-05
BPMR.5L8.B2 23150.39462 0.0116622004205 0.0285405681586 7.67662290456e-05 2.39582198775e-05
BPMYB.4L8.B2 23171.16162 0.0164058933566 0.0261039769496 8.02694357099e-05 -4.88520085659e-06
BPMWB.4L8.B2 23195.62912 0.0150568834956 0.0269046688959 7.72109950239e-05 -2.24835857492e-05
BPMSX.4L8.B2 23245.78612 0.0155957792238 0.026595913579 6.73318564168e-05 -4.39712440365e-05
BPMS.2L8.B2 23283.69762 0.0152660436552 0.026786542489 5.82941318422e-05 -5.53971105172e-05
BPMSW.1L8.B2 23293.63162 0.0149649230009 0.0269559275281 5.31685305143e-05 -6.03337049803e-05
BPMSW.1R8.B2 23336.82162 0.0149650529332 0.0269558553616 7.69136235835e-05 -2.34804646295e-05
BPMS.2R8.B2 23346.75562 0.0152661312532 0.0267864925719 7.45366932907e-05 -3.01879499954e-05
BPMSX.4R8.B2 23384.66712 0.015595779669 0.0265959133294 6.78674980441e-05 -4.31398920857e-05
BPMWI.4R8.B2 23434.90012 0.0150585291671 0.026903747848 5.2348445324e-05 -6.10466050907e-05
BPMYB.4R8.B2 23459.29162 0.0164063772739 0.0261036728141 3.76223827193e-05 -7.10746377159e-05
BPMYB.5R8.B2 23479.86862 0.011943724468 0.0284239053513 1.07436175654e-05 -7.96970677707e-05
BPMR.6R8.B2 23563.97662 -0.0068803783935 0.0300538074538 7.30153062588e-05 3.37018280083e-05
BPM_A.7R8.B2 23586.21662 0.00122497351633 0.0308069860431 8.03747592112e-05 2.63536100377e-06
BPM.8R8.B2 23627.65561 0.0168268590523 0.0258346233395 3.93968659752e-05 -7.01065923655e-05
BPM.9R8.B2 23666.7226 0.0290806715583 0.0102413617825 -7.84442662045e-05 1.77071790871e-05
BPM.10R8.B2 23707.18758 0.0109977009024 0.0288031512873 4.94365597462e-05 6.34277221548e-05
BPM.11R8.B2 23759.02827 0.0180315000247 0.0250087175806 6.88237237837e-05 -4.15973780475e-05
BPM.12R8.B2 23813.75476 0.018888019736 0.0243682920869 -4.03751378484e-05 -6.95478034977e-05
BPM.13R8.B2 23867.20624 0.0243484930393 0.0189135357929 -6.68964126632e-05 4.46308987564e-05
BPM.14R8.B2 23920.65773 0.0227430058817 0.0208164990404 4.53774887782e-05 6.63922466728e-05
BPM.15R8.B2 23974.10921 0.0265683759744 0.0156426451277 6.50000303014e-05 -4.73502200959e-05
BPM.16R8.B2 24027.56069 0.0252188995551 0.0177363483974 -4.80753444442e-05 -6.44655680977e-05
BPM.17R8.B2 24081.01218 0.028351018193 0.0121157218352 -6.29909209109e-05 4.99919312553e-05
BPM.18R8.B2 24134.46366 0.0272808051059 0.0143641436172 5.06946725709e-05 6.24267444454e-05
BPM.19R8.B2 24187.91515 0.0296680888811 0.00838900772711 6.08768748826e-05 -5.25457190311e-05
BPM.20R8.B2 24241.36663 0.0288941193642 0.0107564313508 -5.3224401783e-05 -6.02844153829e-05
BPM.21R8.B2 24294.81811 0.0304974733167 0.00452493872694 -5.86566635653e-05 5.5013121452e-05
BPM.22R8.B2 24348.2696 0.0300327924045 0.00697153710423 5.56668947023e-05 5.80365831362e-05
BPM.23R8.B2 24401.72108 0.0308257568716 0.000586227185129 5.63395663307e-05 -5.73838097439e-05
BPM.24R8.B2 24455.17257 0.0305323612113 0.00306309927076 -6.02209489018e-05 8.95488141708e-05
BPM.25R8.B2 24508.62405 0.0305032269751 -0.00334077868088 9.13171646689e-05 5.75041250282e-05
BPM.26R8.B2 24562.07554 0.0306733483591 -0.000867962300137 5.64807355833e-05 -9.19536634467e-05
BPM.27R8.B2 24615.52702 0.0298251649353 -0.00721576015583 -9.36095574295e-05 -5.36917262427e-05
BPM.28R8.B2 24668.9785 0.0301648271446 -0.00479373423521 -5.48354886372e-05 0.000239433453986
BPM.29R8.B2 24722.42999 0.0285132065985 -0.0109495997147 0.000240970568679 4.76286815402e-05
BPM.30R8.B2 24775.88147 0.0293037910825 -0.00861304321566 4.49420723476e-05 -0.00024148605519
BPM.31R8.B2 24829.33296 0.026877462146 -0.0145085737751 -0.000242729108087 -3.76549063267e-05
BPM.32R8.B2 24882.78444 0.0279610838762 -0.0122912356035 -3.49179324404e-05 0.000243137924831
BPM.33R8.B2 24936.23592 0.0248017221737 -0.0178261398326 0.000244075852171 2.76094639549e-05
BPM.34R8.B2 24989.68741 0.0261590902015 -0.0157670125282 2.48867868292e-05 -0.000244368493207
BPM.33L1.B2 25043.13889 0.0223159131378 -0.0208541771554 -0.000245006704183 -1.75221117684e-05
BPM.32L1.B2 25096.59038 0.0239270089066 -0.018984070399 -1.4763845586e-05 0.000245188363346
BPM.31L1.B2 25150.04186 0.0194668088045 -0.0235359308099 0.00024552089145 7.40217465237e-06
BPM.30L1.B2 25203.49334 0.0213019346553 -0.0218889073503 4.66127122866e-06 -0.000245588233165
BPM.29L1.B2 25256.94483 0.0162934706553 -0.0258344633934 -0.000245617304411 2.7295510315e-06
BPM.28L1.B2 25310.39631 0.0183267147674 -0.0244341607111 5.48980883653e-06 0.000245571117318
BPM.27L1.B2 25363.8478 0.0128575982048 -0.0277052134617 0.000245295814839 -1.28559271439e-05
BPM.26L1.B2 25417.29928 0.0149060145817 -0.0265864129841 -1.78158401085e-05 -9.9904998234e-05
BPM.25L1.B2 25470.75077 0.00906259635048 -0.0291014771771 -9.93243845005e-05 2.08106859641e-05
BPM.24L1.B2 25524.20225 0.0113826543061 -0.0282747556602 2.19229034058e-05 9.90848237974e-05
BPM.23L1.B2 25577.65373 0.00526670341631 -0.0300214666793 9.83817158632e-05 -2.48887943927e-05
BPM.22L1.B2 25631.10522 0.00752774302922 -0.0295074652757 -2.82027658221e-05 4.71289396859e-05
BPM.21L1.B2 25684.5567 0.00123983237872 -0.0304272942904 4.79549312535e-05 2.67741994438e-05
BPM.20L1.B2 25738.00819 0.00369148004535 -0.0302279737518 2.62353507751e-05 -4.82518247702e-05
BPM.19L1.B2 25791.45967 -0.00266349618924 -0.0303358403554 -4.90182865661e-05 -2.47737990828e-05
BPM.18L1.B2 25844.91115 -0.000206188480648 -0.0304518457358 -2.4223018304e-05 4.92927773766e-05
BPM.17L1.B2 25898.36264 -0.00652170819999 -0.0297460038406 4.99982642487e-05 2.27312122899e-05
BPM.16L1.B2 25951.81412 -0.00409975773339 -0.0301753112417 2.21694904666e-05 -5.02498349512e-05
BPM.15L1.B2 26005.26561 -0.0102740765822 -0.0286670677278 -5.08931749694e-05 -2.06498235316e-05
BPM.14L1.B2 26058.71709 -0.00792661016318 -0.0294028276437 -2.00785403442e-05 5.1121276196e-05
BPM.13L1.B2 26112.16857 -0.0138563544295 -0.0271175010624 5.17014702173e-05 1.85335566583e-05
BPM.12L1.B2 26165.62006 -0.00771185731053 -0.0294598825375 2.20569793803e-05 -5.02993141831e-05
BPM.11L1.B2 26219.07154 -0.00510458911745 -0.0300216687099 -4.97018421901e-05 -2.33721762335e-05
BPM.10L1.B2 26271.85423 -0.00316098592133 -0.0302880436846 -1.4824021847e-05 5.28845941991e-05
BPM.9L1.B2 26310.92122 -0.00966090198055 -0.028879480518 5.20741561821e-05 1.74589157924e-05
BPM.8L1.B2 26351.38621 0.0137312943257 -0.0271810407907 -1.14148964128e-05 -5.37236864009e-05
BPM.7L1.B2 26390.4542 0.000929734153016 -0.0304383477959 -5.44916831715e-05 6.86934920837e-06
BPMR.6L1.B2 26433.6382 -0.0105849328076 -0.0285537496606 5.92755816111e-06 5.46021688517e-05
BPM.5L1.B2 26465.5382 -0.0289437489349 -0.00946661600992 5.31861388089e-05 1.37028996863e-05
BPMYA.4L1.B2 26486.6562 -0.0303126589256 -0.0029154990996 5.47269649651e-05 -4.63526292467e-06
BPMWB.4L1.B2 26507.7127 -0.0304421036335 0.000797337727931 5.27621245021e-05 -1.52541987811e-05
BPMSY.4L1.B2 26600.5687 -0.0303973527149 0.00183258606741 4.50887016818e-05 -3.13614926096e-05
BPMS.2L1.B2 26627.3542 -0.030370327378 0.00223621071858 4.29358584323e-05 -3.42501272393e-05
BPMSW.1L1.B2 26637.4082 -0.0303572682614 0.00240699919469 4.13350647123e-05 -3.61662075188e-05
