BPMSW.1R1.B2 21.475 0.000425331140733 0.0300040151716 0.000148251797526 -7.65800873723e-05
BPMS.2R1.B2 31.529 0.000256535152504 0.0300059331214 0.000144616413888 -8.32409454522e-05
BPMSY.4R1.B2 58.3145 -0.000142113698687 0.0300066931935 0.000138849117276 -9.25418627723e-05
BPMWB.4R1.B2 151.1705 -0.00116326821751 0.0299844733122 0.000101860268123 -0.000132164904076
BPMYA.4R1.B2 172.227 -0.00480613940656 0.0296196363321 7.40289879685e-05 -0.000149541924107
BPMR.5R1.B2 199.635 -0.0133611994288 0.0268682002115 -1.96811742468e-06 -0.000166850837198
BPM.6R1.B2 231.535 -0.0300011294169 0.000595034718347 -0.000165202193995 -2.34799496278e-05
BPMRA.7R1.B2 259.259 -0.0291314008294 -0.00719606272155 -0.000120055853815 0.000115886459772
BPM.8R1.B2 300.6960106 -0.0290372337215 -0.00756709260728 9.23036488169e-05 0.000139007590177
BPM.9R1.B2 339.7610212 -0.0299884805466 -0.00105492524096 0.000119747264385 -0.000116205278542
BPM.10R1.B2 380.2240318 -0.028189651858 0.0102842287507 -0.000143008088535 -8.59753476551e-05
BPM.11R1.B2 433.0047424 -0.0292990165575 -0.00647992759666 -3.71163113689e-05 0.000162682071758
BPM.12R1.B2 487.7282583 -0.0298532101636 0.00303441521842 0.000160546270566 4.54749294792e-05
BPM.13R1.B2 541.1767742 -0.029668738529 0.00449308211441 5.82553320305e-05 -0.000156362994931
BPM.14R1.B2 594.6252901 -0.0280901262856 0.0105530392823 -0.000158036062698 -5.35507059393e-05
BPM.15R1.B2 648.073806 -0.0288500251411 0.00825214408784 -5.18025620391e-05 0.000158617682733
BPM.16R1.B2 701.5223219 -0.026508980539 0.0140604332659 0.000160098096322 4.70284734097e-05
BPM.17R1.B2 754.9708378 -0.0275573570892 0.011874927464 4.5242798756e-05 -0.000160611840707
BPM.18R1.B2 808.4193537 -0.0244932819544 0.0173349638543 -0.000161892775484 -4.04203156844e-05
BPM.19R1.B2 861.8678696 -0.0258120030022 0.0153023636417 -3.86293169454e-05 0.000162329436472
BPM.20R1.B2 915.3163855 -0.0220736017892 0.0203267788037 0.000163413648292 3.37498972345e-05
BPM.21R1.B2 968.7649014 -0.0236423702018 0.0184786407393 3.19293745316e-05 -0.00016377907063
BPM.22R1.B2 1022.213417 -0.0192933466771 0.0229823542415 -0.000164660563204 -2.70179963957e-05
BPM.23R1.B2 1075.661933 -0.0210844778902 0.0213510333606 -2.51958068538e-05 0.000164949214863
BPM.24R1.B2 1129.110449 -0.0159676511204 0.0252181980329 0.000165388418043 -0.000210272935581
BPM.25R1.B2 1182.558965 -0.0179524099211 0.0238460556804 -0.000212093922751 -0.000163046635147
BPM.26R1.B2 1236.007481 -0.0126123639863 0.0270527571331 -0.000156636166743 0.000216871279437
BPM.27R1.B2 1289.455997 -0.0147522648218 0.0259479108442 0.000218595180696 0.000154221198824
BPM.28R1.B2 1342.904513 -0.00882111318467 0.0284004512835 0.000147359141167 -0.000453613257308
BPM.29R1.B2 1396.353029 -0.011087910327 0.0275944906807 -0.000455217088681 -0.000142327486277
BPM.30R1.B2 1449.801545 -0.00511752722055 0.0292951973283 -0.00012865589843 0.000459268292745
BPM.31R1.B2 1503.25006 -0.00746096916539 0.0287876989362 0.000460667998814 0.000123550480546
BPM.32R1.B2 1556.698576 -0.00132638504973 0.0297092304487 0.000109703013147 -0.000464160486843
BPM.33R1.B2 1610.147092 -0.00372356245889 0.0295047920458 -0.000465348549701 -0.000104548673227
BPM.34R1.B2 1663.595608 0.00248347941569 0.0296349456123 -9.05735343855e-05 0.000468269305728
BPM.33L2.B2 1717.044124 8.78755650506e-05 0.0297386944709 0.000469243990291 8.53802774643e-05
BPM.32L2.B2 1770.49264 0.00625509480089 0.0290735525822 7.13100450629e-05 -0.000471587307554
BPM.31L2.B2 1823.941156 0.00388471659746 0.0294840066539 -0.000472350665676 -6.60647395279e-05
BPM.30L2.B2 1877.389672 0.00992195551253 0.0280348438462 -5.18814065482e-05 0.000474118160201
BPM.29L2.B2 1930.838188 0.0076307385534 0.0287431644152 0.000474662659704 4.66377881068e-05
BPM.28L2.B2 1984.286704 0.013427179007 0.0265350435385 3.24372977992e-05 -0.000475844014022
BPM.27L2.B2 2037.73522 0.0112389517587 0.0275333186228 -0.00047617586835 -2.71342152026e-05
BPM.26L2.B2 2091.183735 0.0169363037646 0.0245575089571 -1.30903159387e-05 0.000246281330842
BPM.25L2.B2 2144.632251 0.0149007536756 0.0258433196545 0.000246411028104 1.03663895683e-05
BPM.24L2.B2 2198.080767 0.0199386674564 0.0221891678659 2.99715168996e-06 -0.000246610754839
BPM.23L2.B2 2251.529283 0.0180818438853 0.0237267054817 -0.000246628860368 -2.52262026484e-07
BPM.22L2.B2 2304.977799 0.022839233088 0.0194144416165 6.9021769582e-06 1.60170233589e-05
BPM.21L2.B2 2358.426315 0.0211981275901 0.0211941146703 1.59395200637e-05 -7.0792955248e-06
BPM.20L2.B2 2411.874831 0.0251350933874 0.0163333459599 -7.55313964576e-06 -1.57205508326e-05
BPM.19L2.B2 2465.323347 0.0237349721431 0.0183085282798 -1.5635771181e-05 7.72707593596e-06
BPM.18L2.B2 2518.771863 0.027017939813 0.0129839146184 8.19153437423e-06 1.5397507503e-05
BPM.17L2.B2 2572.220379 0.0258821071488 0.0151217605005 1.5305774135e-05 -8.3616974037e-06
BPM.16L2.B2 2625.668894 0.0284568825053 0.00942109064981 -8.81597808202e-06 -1.50486707219e-05
BPM.15L2.B2 2679.11741 0.027603764159 0.0116868864411 -1.4949956307e-05 8.98242247802e-06
BPM.14L2.B2 2732.565926 0.0294282287807 0.00570354812176 9.42579715726e-06 1.46744207639e-05
BPM.13L2.B2 2786.014442 0.02887201573 0.00805964131925 1.45690552375e-05 -9.58786547627e-06
BPM.12L2.B2 2839.462958 0.0299511202612 0.00121717113055 -9.82733460736e-06 -1.44086272318e-05
BPM.11L2.B2 2892.911474 0.0291655426699 0.00692258848315 -1.52890342751e-05 8.39227271814e-06
BPM.10L2.B2 2944.750185 0.0296311318916 0.00453289457963 5.40089649627e-06 1.65835789852e-05
BPM.9L2.B2 2983.815195 0.0299386496471 -0.00149277192418 1.73353859632e-05 -1.91553340496e-06
BPM.8L2.B2 3024.278206 0.0270174751859 -0.0129848814074 -1.36250001329e-05 -1.08877910863e-05
BPM.7L2.B2 3063.344216 0.0237234829978 0.018323413024 -8.92786198108e-06 1.49826222274e-05
BPM.6L2.B2 3095.450216 0.0218519657151 0.0205193251623 -9.8674243112e-07 1.74129550291e-05
BPMYB.5L2.B2 3167.649216 0.0263196494741 0.0143466777214 1.7324660396e-05 2.01010451556e-06
BPMYB.4L2.B2 3188.219216 0.0285943236931 0.00899531888965 1.52467845833e-05 -8.46875372679e-06
BPMWB.4L2.B2 3212.610716 0.0264005903487 0.0141971806986 2.3424316038e-06 -1.72828736273e-05
BPMSX.4L2.B2 3262.843716 0.0299647461798 -0.000815534727233 -1.72136615543e-05 2.8061642643e-06
BPMS.2L2.B2 3300.755216 0.0299637055199 -0.000852911241564 -1.13786010409e-05 1.32179782493e-05
BPMSW.1L2.B2 3310.689216 0.0299745997574 0.000272909812931 -7.5793261264e-06 1.57079161895e-05
BPMSW.1R2.B2 3353.879216 0.0299746005249 0.000272826190454 -1.42608098737e-05 -1.00406086065e-05
BPMS.2R2.B2 3363.813216 0.0299637038929 -0.000852974765188 -1.63698189553e-05 -6.01742774743e-06
BPMSX.4R2.B2 3401.724716 0.0299647468422 -0.000815510505864 -1.64062047159e-05 5.91786004395e-06
BPMWB.4R2.B2 3451.881716 0.0263982023819 0.014201620395 1.04060345381e-05 1.39964019001e-05
BPMYB.4R2.B2 3476.349216 0.0285544197017 0.00912119654383 1.74409009019e-05 -1.21444710785e-09
BPM.5R2.B2 3505.883216 0.0173660076031 0.0244330286733 7.60342528346e-06 -1.56962621262e-05
BPMR.6R2.B2 3579.179216 0.0134902910337 0.026768697351 -1.52150981999e-05 -8.52558326841e-06
BPM_A.7R2.B2 3592.054216 0.0146170538421 0.0261704575133 -1.64894124874e-05 -5.68199841525e-06
BPM.8R2.B2 3633.493206 0.0234762795019 0.0186390828885 -1.28091579789e-05 1.18368244982e-05
BPM.9R2.B2 3672.560195 0.0277262022434 -0.0113933673568 1.59035416595e-05 7.15975027369e-06
BPM.10R2.B2 3713.025185 0.0268126241911 -0.0134027718876 1.23322041443e-05 -1.23329393086e-05
BPM.11R2.B2 3764.865874 0.0257237748613 -0.0153895587088 -1.10800961588e-05 -1.34690873546e-05
BPM.12R2.B2 3819.592358 0.0266450573512 -0.013732881344 -1.24385140154e-05 1.22257032675e-05
BPM.13R2.B2 3873.043842 0.0212111722865 -0.0211810594699 1.34923485058e-05 1.10517594143e-05
BPM.14R2.B2 3926.495326 0.0228511809316 -0.0194003773459 1.09001321776e-05 -1.36151443619e-05
BPM.15R2.B2 3979.94681 0.0183267634041 -0.023720894876 -1.39364664396e-05 -1.04861687835e-05
BPM.16R2.B2 4033.398294 0.020181579896 -0.0221642717723 -1.03293073476e-05 1.40531123381e-05
BPM.17R2.B2 4086.849779 0.0151418115016 -0.0258703818055 1.43571204446e-05 9.90240845003e-06
BPM.18R2.B2 4140.301263 0.017180392759 -0.0245639006494 9.74100174374e-06 -1.44671265234e-05
BPM.19R2.B2 4193.752747 0.0117076963447 -0.0275949444095 -1.47532162357e-05 -9.30198557699e-06
BPM.20R2.B2 4247.204231 0.0138967955674 -0.026559935678 -9.1360462932e-06 1.48565566657e-05
BPM.21R2.B2 4300.655715 0.00808157748406 -0.0288658832478 1.5124359972e-05 8.68556097046e-06
BPM.22R2.B2 4354.107199 0.0103849597998 -0.0281194544802 8.51561821321e-06 -1.522067366e-05
BPM.23R2.B2 4407.558683 0.00432223222285 -0.0296625929268 -1.54696185111e-05 -8.05450891863e-06
BPM.24R2.B2 4461.010167 0.00659803116553 -0.0292233600805 -9.48272817355e-06 0.000120734565616
BPM.25R2.B2 4514.461651 0.000389732289211 -0.0299564166488 0.000120964940261 5.85167009058e-06
BPM.26R2.B2 4567.913135 0.00280546208209 -0.0298273058149 4.49661912912e-06 -0.000121022868214
BPM.27R2.B2 4621.36462 -0.00344741900059 -0.0297599410541 -0.000121103344396 -8.58586777322e-07
BPM.28R2.B2 4674.816104 -0.00113758791249 -0.0299478220527 -1.10469164546e-06 0.000226281804806
BPM.29R2.B2 4728.267588 -0.00732717795402 -0.0290599142308 0.000226212812972 -5.69499307501e-06
BPM.30R2.B2 4781.719072 -0.00495938972435 -0.0295562278536 -8.23048094376e-06 -0.000226134768489
BPM.31R2.B2 4835.170556 -0.0109873856456 -0.0278826739896 -0.000225785621628 1.50179584579e-05
BPM.32R2.B2 4888.62204 -0.00869954895071 -0.0286789818482 1.75440668678e-05 0.000225603374629
BPM.33R2.B2 4942.073524 -0.0144614836829 -0.0262494122047 0.000224973975386 -2.43184602369e-05
BPM.34R2.B2 4995.525008 -0.0122970932625 -0.0273303429991 -2.68413105576e-05 -0.000224686933275
BPM.33L3.B2 5048.976492 -0.0177028656465 -0.0241821152871 -0.000223780042741 3.35733415196e-05
BPM.32L3.B2 5102.427976 -0.015692066596 -0.0255328258826 3.60737773479e-05 0.000223390596584
BPM.31L3.B2 5155.87946 -0.0206491577981 -0.0217204611685 0.000222204454319 -4.27768390112e-05
BPM.30L3.B2 5209.330945 -0.0188297660653 -0.0233153610644 -4.52691128532e-05 -0.000221710133484
BPM.29L3.B2 5262.782429 -0.0232595041507 -0.0188987200373 -0.000220252285655 5.19000290453e-05
BPM.28L3.B2 5316.233913 -0.0216574203613 -0.0207152671945 5.43586478547e-05 0.00021965839919
BPM.27L3.B2 5369.685397 -0.0254850676108 -0.0157695110946 0.000217923049309 -6.09444170707e-05
BPM.26L3.B2 5423.136881 -0.0242347663343 -0.0177812886928 -6.49869595099e-05 -0.000112053501189
BPM.25L3.B2 5476.588365 -0.0273977026488 -0.0123638188864 -0.000110052987795 6.83201108876e-05
BPM.24L3.B2 5530.039849 -0.0263101505391 -0.0145352710883 6.95480910645e-05 0.000109281091314
BPM.23L3.B2 5583.491333 -0.028754075766 -0.00875792523776 0.000107139432741 -7.2804064737e-05
BPM.22L3.B2 5636.942817 -0.0280587809967 -0.0110567446587 -7.56040312648e-05 -1.138927472e-06
BPM.21L3.B2 5690.394301 -0.0297426351537 -0.00499223872651 1.13167928347e-06 7.56041364647e-05
BPM.20L3.B2 5743.845786 -0.0292426391913 -0.00737664195888 7.55866751538e-05 -1.98007407598e-06
BPM.19L3.B2 5797.29727 -0.0301368961138 -0.00114642315824 -4.25134375263e-06 -7.54930047749e-05
BPM.18L3.B2 5850.748754 -0.0299460509267 -0.00357502828621 -7.54407326888e-05 5.09545185168e-06
BPM.17L3.B2 5904.200238 -0.0300359295049 0.00271840619767 7.35845068509e-06 7.525369737e-05
BPM.16L3.B2 5957.651722 -0.0301573440649 0.000285293497342 7.51663813332e-05 -8.20259443423e-06
BPM.15L3.B2 6011.103206 -0.0294414104671 0.00653835935647 -1.04582296881e-05 -7.48858686208e-05
BPM.14L3.B2 6064.55469 -0.0298730873081 0.00414070623944 -7.47642102961e-05 1.12951724529e-05
BPM.13L3.B2 6118.006174 -0.0283630282662 0.0102511180342 1.35352479886e-05 7.43912854855e-05
BPM.12L3.B2 6171.457658 -0.029949927135 0.00354240848329 7.52028677738e-05 -7.86105222416e-06
BPM.11L3.B2 6224.909142 -0.0301549151359 0.000477374532474 -4.54164253888e-06 -7.54760947885e-05
BPM.10L3.B2 6277.691832 -0.0277345827778 -0.0118465063011 -7.55974224579e-05 -1.51600386958e-06
BPM.9L3.B2 6316.758821 -0.029330082358 -0.00702090182011 -4.99368764139e-05 5.67765338287e-05
BPM.8L3.B2 6357.223811 -0.0301291385842 -0.00133484144194 1.73476050917e-05 7.35957066484e-05
BPM.7L3.B2 6396.2898 -0.0279047622595 0.0114398879643 7.34096993063e-05 1.8118598024e-05
BPMR.6L3.B2 6468.9288 -0.00822530758717 0.0290153598707 -1.87182521573e-05 -7.3259090205e-05
BPMWE.5L3.B2 6511.9823 -0.00761163209963 0.0291823551188 -5.83153728705e-05 -4.8130922151e-05
BPMW.5L3.B2 6539.5273 -0.0161241367017 0.0254864475667 -7.36210221564e-05 -1.72398954734e-05
BPMWE.4L3.B2 6614.6553 -0.00632512617009 0.0294879564004 -3.79568136557e-05 6.53953273251e-05
BPMW.4L3.B2 6642.2003 0.0181421719708 0.0240916663648 3.44257945656e-05 6.73210985837e-05
BPMW.4R3.B2 6687.1653 0.0229617664491 0.0195525975803 6.85220237091e-05 3.1968625823e-05
BPMWE.4R3.B2 6714.7103 0.0188286646911 0.0235590360442 7.55010682778e-05 4.1056272469e-06
BPMW.5R3.B2 6789.8383 0.0229028831038 0.0196215376258 3.71932758542e-05 -6.58325767341e-05
BPMWE.5R3.B2 6817.3833 0.0288245493424 0.00887085957952 -6.09926130796e-06 -7.53662147604e-05
BPMWC.6R3.B2 6858.3743 0.0295408445597 0.00607332664848 -5.0072701813e-05 -5.66567758636e-05
BPM.6R3.B2 6870.5288 0.0287175113402 0.00921147848021 -6.13027267381e-05 -4.42633170942e-05
BPM_A.7R3.B2 6926.3528 0.0289163655702 0.00856683112551 -6.63078642074e-05 3.63391423809e-05
BPM.8R3.B2 6965.418789 0.019684366304 0.02284890622 3.18669831689e-05 6.85693928493e-05
BPM.9R3.B2 7004.485779 -0.00869972194298 0.0288766623867 6.22036036423e-05 -4.29881811157e-05
BPM.10R3.B2 7044.950768 -0.0053139506392 0.0296868442611 1.14012955676e-05 -7.47480952951e-05
BPM.11R3.B2 7097.733458 0.00437718930647 0.0298393533252 -7.09428757079e-05 -2.61605742163e-05
BPM.12R3.B2 7152.459942 0.0136279456278 0.0269040125547 -1.00872030975e-05 7.49367420161e-05
BPM.13R3.B2 7205.911426 0.0094215416194 0.0286492817835 7.54289010034e-05 5.26767163816e-06
BPM.14R3.B2 7259.36291 0.0151620202218 0.0260702883955 3.00060761371e-06 -7.55530430064e-05
BPM.15R3.B2 7312.814394 0.013007932897 0.0272091983558 -7.55819551628e-05 -2.15303063373e-06
BPM.16R3.B2 7366.265878 0.0183724837298 0.0239164929597 1.19546616976e-07 7.56125319528e-05
BPM.17R3.B2 7419.717362 0.0163825746859 0.0253210987042 7.56064432899e-05 -9.65666653838e-07
BPM.18R3.B2 7473.168846 0.0212811149443 0.0213696265865 -3.23574804458e-06 -7.55433402884e-05
BPM.19R3.B2 7526.62033 0.0194866131341 0.0230177909907 -7.55022804967e-05 4.08310865848e-06
BPM.20R3.B2 7580.071814 0.023839995689 0.0184716377009 6.35061594345e-06 7.53454538474e-05
BPM.21R3.B2 7633.523299 0.022271562458 0.0203352968825 7.52696974833e-05 -7.19307954978e-06
BPM.22R3.B2 7686.974783 0.0260071419185 0.0152700806421 -9.45016502796e-06 -7.50197613592e-05
BPM.23R3.B2 7740.426267 0.0246896653525 0.0173195617086 -7.49089683589e-05 1.02915100948e-05
BPM.24R3.B2 7793.877751 0.0277220620721 0.0118222360959 1.25670055454e-05 9.98245066416e-05
BPM.25R3.B2 7847.329235 0.0266775647536 0.0140208962529 9.96777863114e-05 -1.3682078527e-05
BPM.26R3.B2 7900.780719 0.0290066752976 0.00817867841929 -1.66686615277e-05 -9.92220753382e-05
BPM.27R3.B2 7954.232203 0.0282518500535 0.0104933770244 -9.90285966378e-05 1.77820229113e-05
BPM.28R3.B2 8007.683687 0.0297897231893 0.00440546263764 2.07798653648e-05 0.000123707455956
BPM.29R3.B2 8061.135171 0.0293370040045 0.00679528547645 0.000123467651074 -2.21603083229e-05
BPM.30R3.B2 8114.586655 0.030108537558 0.000558278369393 -2.58567891429e-05 -0.000122746751445
BPM.31R3.B2 8168.03814 0.0299652391198 0.00298666254509 -0.00012244837052 2.72347798219e-05
BPM.32R3.B2 8221.489624 0.0299325874925 -0.00329786518636 3.09039153174e-05 0.000121574196377
BPM.33R3.B2 8274.941108 0.030101107872 -0.000871213855938 0.000121221484774 -3.22597330418e-05
BPM.34R3.B2 8328.392592 0.0292647176783 -0.00710014140303 -3.58846795069e-05 -0.000120198285605
BPM.33L4.B2 8381.844076 0.0297422971047 -0.00471502616336 -0.000119787355352 3.72334174683e-05
BPM.32L4.B2 8435.29556 0.0281160686018 -0.0107852860421 4.08174870919e-05 0.000118613949974
BPM.31L4.B2 8488.747044 0.0288948688573 -0.00848069945047 0.000118150665647 -4.21397618239e-05
BPM.30L4.B2 8542.198528 0.0265051538044 -0.0142937934242 -4.56686626246e-05 -0.000116831979144
BPM.29L4.B2 8595.650012 0.0275722942025 -0.012108026261 -0.000116311433863 4.69786401792e-05
BPM.28L4.B2 8649.101496 0.0244590919008 -0.0175666881334 5.04532032081e-05 0.000114846908279
BPM.27L4.B2 8702.55298 0.0257972253337 -0.0155350852687 0.00011427602506 -5.17332597002e-05
BPM.26L4.B2 8756.004465 0.0219856825527 -0.0205468858265 -5.51148031744e-05 -8.74106592544e-05
BPM.25L4.B2 8809.455949 0.0235722717049 -0.0187054206552 -8.67863412383e-05 5.60927233854e-05
BPM.24L4.B2 8862.907433 0.0191770649005 -0.0231901905173 5.86750204985e-05 8.50617696154e-05
BPM.23L4.B2 8916.358917 0.0209862770795 -0.0215666624414 8.44002595569e-05 -5.96226490555e-05
BPM.22L4.B2 8969.810401 0.0160274671028 -0.025448462044 -6.21036258093e-05 -5.73114836764e-05
BPM.21L4.B2 9023.261885 0.0180292261446 -0.0240717869419 -5.66112145061e-05 6.27426122125e-05
BPM.20L4.B2 9076.713369 0.0126410127612 -0.0272893517452 6.44149452912e-05 5.47008222537e-05
BPM.19L4.B2 9130.164853 0.0148022494636 -0.0261800941967 5.39763604961e-05 -6.50232042245e-05
BPM.18L4.B2 9183.616337 0.00904523653715 -0.0286825315838 -6.66156097238e-05 -5.19983138794e-05
BPM.17L4.B2 9237.067821 0.011330862708 -0.0278588490709 -5.12482129947e-05 6.71943908349e-05
BPM.16L4.B2 9290.519306 0.00530260291845 -0.0296038227963 6.87036206777e-05 4.92064963667e-05
BPM.15L4.B2 9343.97079 0.00767452163324 -0.0290792991605 4.84338853712e-05 -6.92504460466e-05
BPM.14L4.B2 9397.422274 0.00147091550976 -0.0300389801717 -7.06743854846e-05 -4.63313959031e-05
BPM.13L4.B2 9450.873758 0.00389079658848 -0.0298222337114 -4.55366551376e-05 7.11890339952e-05
BPM.12L4.B2 9504.325242 -0.00536887570791 -0.0295918755026 6.99632391119e-05 4.73984108103e-05
BPM.11L4.B2 9557.776726 -0.00430755664526 -0.0297648933762 5.82492648972e-05 -6.12248962371e-05
BPMC.10L4.B2 9609.617415 -0.0079657160123 -0.0290008843006 -5.25024969106e-05 -6.62189630115e-05
BPMC.9L4.B2 9648.684405 -0.0106350824128 -0.02813181374 -7.47539774679e-05 3.9412015272e-05
BPMC.8L4.B2 9689.149394 -0.0188024643531 -0.0234727769047 8.07366131736e-05 2.4961285638e-05
BPMC.7L4.B2 9728.215384 0.00579432302111 -0.0295115188124 1.66280974387e-05 -8.28551245743e-05
BPMYA.6L4.B2 9824.819384 0.00138480743037 -0.0300430729165 -7.48020772981e-05 -3.93206764187e-05
BPMYB.5L4.B2 9861.819384 0.00143886782914 -0.0300405323143 -8.26237586993e-05 -1.77419811323e-05
BPMWA.B5L4.B2 9964.209884 -0.0139448916627 -0.0266466492887 -5.68668356954e-05 6.25110224828e-05
BPMWA.A5L4.B2 9973.094884 -0.014883606845 -0.0261339275519 -5.07671565938e-05 6.75585735003e-05
BPMWA.A5R4.B2 10021.14388 -0.0177394768777 -0.0242861047126 -1.44921728797e-05 8.32552830949e-05
BPMWA.B5R4.B2 10030.02888 -0.0178895068354 -0.0241758033401 -7.7244737206e-06 8.41534134099e-05
BPMYA.5R4.B2 10132.49538 -0.0137353627852 -0.0267552561406 5.642116331e-05 6.29135646727e-05
BPMYB.6R4.B2 10164.05938 -0.0144045840399 -0.026400982566 6.86587068836e-05 4.92691398877e-05
BPMCA.7R4.B2 10260.57538 -0.00436962672456 -0.0297558445332 4.13525939369e-05 -7.3698225272e-05
BPMC.8R4.B2 10298.36637 0.00370539580389 -0.0298458366341 -7.6180373804e-05 -3.65788575198e-05
BPMC.9R4.B2 10337.43336 -0.0165450680899 -0.0251150282544 -4.0748099548e-06 8.44088957814e-05
BPMC.10R4.B2 10377.89835 -0.0175150226538 -0.0244484744516 8.02192240702e-05 2.65770636494e-05
BPM.11R4.B2 10429.73904 -0.0246273522598 -0.0172626024135 3.37415398649e-05 -7.74788520654e-05
BPM.12R4.B2 10484.46553 -0.0252171279045 -0.0163890323732 -7.57822552384e-05 -3.73967175654e-05
BPM.13R4.B2 10537.91701 -0.0280890583087 -0.0107474985456 -3.49990026359e-05 7.69190172211e-05
BPM.14R4.B2 10591.36849 -0.0271298595236 -0.0129797782727 7.73066698369e-05 3.41342061126e-05
BPM.15R4.B2 10644.81998 -0.0292331291136 -0.00706598071852 3.17942434691e-05 -7.82980862913e-05
BPM.16R4.B2 10698.27146 -0.0285675005124 -0.00940222507444 -7.86490409509e-05 -3.09159050287e-05
BPM.17R4.B2 10751.72295 -0.0298968757114 -0.00326814084098 -2.85411158539e-05 7.95416204145e-05
BPM.18R4.B2 10805.17443 -0.0295355472431 -0.00567057060506 7.98567563501e-05 2.764713011e-05
BPM.19R4.B2 10858.62591 -0.0300693148318 0.00058329004463 2.52334505951e-05 -8.06519699733e-05
BPM.20R4.B2 10912.0774 -0.0300182901232 -0.00184558392049 -8.09292856899e-05 -2.43293176715e-05
BPM.21R4.B2 10965.52888 -0.029747636123 0.00442516294132 -2.18889394846e-05 8.16231559901e-05
BPM.22R4.B2 11018.98037 -0.0300077385919 0.00200986230198 8.18635696473e-05 2.09719163279e-05
BPM.23R4.B2 11072.43185 -0.0289371123218 0.00819435491026 1.85011117511e-05 -8.24571217099e-05
BPM.24R4.B2 11125.88333 -0.0294376732089 0.00583588427291 -8.164702248e-05 -8.39473869624e-05
BPM.25R4.B2 11179.33482 -0.0275853308306 0.011818784717 -8.145966055e-05 8.41292216068e-05
BPM.26R4.B2 11232.7863 -0.0284490984553 0.00955421095288 8.50365253072e-05 8.05120134786e-05
BPM.27R4.B2 11286.23779 -0.0258464973434 0.0152509909299 7.79178319021e-05 -8.7419731379e-05
BPM.28R4.B2 11339.68927 -0.0269270356064 0.0131184723365 -8.72769791289e-05 -0.000143301063633
BPM.29R4.B2 11393.14075 -0.0236179611936 0.0184214948558 -0.000140618580178 9.15362520878e-05
BPM.30R4.B2 11446.59224 -0.0250271801428 0.0164559963988 9.31042701364e-05 0.000139585332901
BPM.31R4.B2 11500.04372 -0.0210664000864 0.0212924012481 0.000136720973494 -9.72617293194e-05
BPM.32R4.B2 11553.49521 -0.0227169831679 0.0195217376253 -9.87888662471e-05 -0.000135621666271
BPM.33R4.B2 11606.94669 -0.0181705612592 0.0238115574359 -0.000132596413419 0.000102813705456
BPM.34R4.B2 11660.39818 -0.0200321645484 0.0222681823951 0.000104291756869 0.000131437066637
BPM.33L5.B2 11713.84966 -0.014973820571 0.0259411692386 0.000128240890435 -0.000108197701185
BPM.32L5.B2 11767.30114 -0.0170199164668 0.0246471500746 -0.000109628607573 -0.000127019844717
BPM.31L5.B2 11820.75263 -0.011533675111 0.027642972019 -0.000123671914142 0.00011339191948
BPM.30L5.B2 11874.20411 -0.0137257762785 0.0266225962099 0.00011476972027 0.000122394384364
BPM.29L5.B2 11927.6556 -0.00790108036024 0.0288917374475 0.000118888675728 -0.000118397433751
BPM.28L5.B2 11981.10708 -0.0102087328445 0.0281592140775 -0.000119722626087 -0.000117554097171
BPM.27L5.B2 12034.55856 -0.00414172767774 0.0296648892648 -0.000113905759386 0.000123198822078
BPM.26L5.B2 12088.01005 -0.00645507696261 0.0292382327481 0.000125478680957 4.61477936875e-05
BPM.25L5.B2 12141.46153 -0.000246455456862 0.0299413014496 4.23568755736e-05 -0.000126808567537
BPM.24L5.B2 12194.91302 -0.00266346686838 0.0298236184422 -0.0001272753335 -4.09329642185e-05
BPM.23L5.B2 12248.3645 0.00358529606533 0.0297268889189 -3.7090342594e-05 0.000128447759104
BPM.22L5.B2 12301.81598 0.00124125987385 0.0299234586865 0.0001298671798 -3.07205750956e-05
BPM.21L5.B2 12355.26747 0.00742396849938 0.0290144584196 -3.46074386798e-05 -0.000128885857844
BPM.20L5.B2 12408.71895 0.00505728438221 0.029519112118 -0.000128489615528 3.60508304286e-05
BPM.19L5.B2 12462.17044 0.01107513357 0.0278261661543 3.98960393709e-05 0.000127348126693
BPM.18L5.B2 12515.62192 0.00879368571316 0.0286290970389 0.000126893827251 -4.13181835124e-05
BPM.17L5.B2 12569.07341 0.0145434118665 0.0261809716529 -4.51104517298e-05 -0.000125595719165
BPM.16L5.B2 12622.52489 0.0123823628244 0.0272696020666 -0.000125081418861 4.65175156759e-05
BPM.15L5.B2 12675.97637 0.0177735763407 0.024105063583 5.02559077473e-05 0.000123626794013
BPM.14L5.B2 12729.42786 0.0157704305376 0.0254607074953 0.000123057319922 -5.16346192104e-05
BPM.13L5.B2 12782.87934 0.0207108626359 0.021633637563 -5.53068191555e-05 -0.000121451204217
BPM.12L5.B2 12836.33083 0.0155832458778 0.0255757024018 -0.000124977014698 4.67973049217e-05
BPM.11L5.B2 12889.78231 0.0132860898545 0.0268409001784 4.3495555562e-05 0.000126164087658
BPM.10L5.B2 12942.565 0.0115309846185 0.0276403780585 0.000117226803825 -6.37738933987e-05
BPM.9L5.B2 12981.63199 0.0172560026721 0.0244782449828 -5.78103116167e-05 -0.000120279694682
BPM.8L5.B2 13022.09698 -0.00526109754791 0.0294834692383 -7.42347882713e-05 0.000110898315661
BPM.7L5.B2 13061.16497 0.00771942857742 0.0289372515644 0.000104282447221 8.3273111258e-05
BPMR.6L5.B2 13098.05897 0.0110016312816 0.0278553085617 0.000114626406409 -6.83375869505e-05
BPMWT.B6L5.B2 13109.36897 0.0230221923555 0.019155489156 5.27849691123e-05 -0.000122568289431
BPMWT.A6L5.B2 13115.19097 0.0268324782907 0.013303090411 1.50075883096e-05 -0.000132604717382
BPM.5L5.B2 13129.95897 0.0297835195647 0.00314580171941 -5.00670080559e-05 -0.000123703403276
BPMYA.4L5.B2 13157.36497 0.0293797085019 -0.00581264421223 -0.000100785298633 -8.74732347899e-05
BPMWB.4L5.B2 13178.42347 0.0284530913833 -0.00934749680183 -0.000115955050371 -6.6058042478e-05
BPMWT.B4L5.B2 13178.89297 0.0284389003053 -0.00939058334255 -0.000116161923559 -6.56935654182e-05
BPMWT.A4L5.B2 13180.87497 0.0283818873617 -0.00956151527101 -0.000116997337573 -6.41939800464e-05
BPMSY.4L5.B2 13271.27947 0.0281185781509 -0.0103101730234 -0.000131010933821 -2.54043371251e-05
BPMS.2L5.B2 13298.06497 0.0279791350879 -0.0106827900604 -0.000132396486813 -1.6761970135e-05
BPMSW.1L5.B2 13308.11897 0.0279186052571 -0.0108399985521 -0.000133019908212 -1.07248496229e-05
BPMSW.1R5.B2 13351.06897 0.0279186111187 -0.010839984541 -0.000124924600449 -4.69367119166e-05
BPMS.2R5.B2 13361.12297 0.0279791410601 -0.0106827805703 -0.000126929099413 -4.12081989187e-05
BPMSY.4R5.B2 13387.90847 0.0281185791566 -0.0103101703747 -0.00012935785026 -3.27992340613e-05
BPMWB.4R5.B2 13480.76447 0.0284531083336 -0.00934744519777 -0.000133045724639 1.03959659642e-05
BPMYA.4R5.B2 13501.82097 0.0293796540552 -0.0058129196094 -0.000128439277146 3.62296088975e-05
BPMR.5R5.B2 13522.93897 0.0299399017435 0.000745915498792 -0.000109259998841 7.66256527435e-05
BPM.6R5.B2 13554.83897 0.0180322344048 0.0239121857629 3.31938625589e-05 0.000129257136607
BPMRA.7R5.B2 13588.85297 0.00340835786512 0.0297546164856 0.00013313883402 9.12641399839e-06
BPM.8R5.B2 13630.28998 0.0030282097825 0.0297957052383 3.30166756084e-05 -0.000129302508505
BPM.9R5.B2 13669.35499 0.00944978825838 0.0284192823189 -0.000133162156556 -8.77949553065e-06
BPM.10R5.B2 13709.818 0.0194317138541 0.0227895283438 2.5636594645e-05 0.000130965651584
BPM.11R5.B2 13762.59871 0.00413660654449 0.0296621407169 0.000116447957499 -6.51852520339e-05
BPM.12R5.B2 13817.32223 0.0132283045322 0.0268694262153 -5.90751391646e-05 -0.00011966355731
BPM.13R5.B2 13870.77074 0.0145283242324 0.0261893470862 -0.000124033338734 4.92440108791e-05
BPM.14R5.B2 13924.21926 0.0196486534331 0.0226027547899 5.29377045476e-05 0.00012250240892
BPM.15R5.B2 13977.66777 0.0177609188119 0.0241143913263 0.000121909378925 -5.42894300257e-05
BPM.16R5.B2 14031.11629 0.0223782444942 0.0199039764649 -5.79117966695e-05 -0.000120230868314
BPM.17R5.B2 14084.56481 0.0206987865895 0.021645192067 -0.000119579285655 5.92455366039e-05
BPM.18R5.B2 14138.01332 0.0247407506145 0.0168774809823 6.27990050299e-05 0.000117751961477
BPM.19R5.B2 14191.46184 0.0232982666719 0.0188187373604 0.000117050652326 -6.40967018899e-05
BPM.20R5.B2 14244.91035 0.0266962846906 0.0135743320305 -6.75694639859e-05 -0.000115080860111
BPM.21R5.B2 14298.35887 0.0255136709197 0.0156846007826 -0.00011432172644 6.88460872183e-05
BPM.22R5.B2 14351.80738 0.0282134799942 0.0100475694304 7.22375957271e-05 0.000112209475036
BPM.23R5.B2 14405.2559 0.027310721152 0.0122914041407 0.000111404574768 -7.34728614468e-05
BPM.24R5.B2 14458.70442 0.0292771740371 0.00635422786887 -7.67828040206e-05 -0.00011955191263
BPM.25R5.B2 14512.15293 0.0286688670732 0.00869627460986 -0.000118689468432 7.81093732148e-05
BPM.26R5.B2 14565.60145 0.0298494828038 0.00255685504621 8.162735841e-05 0.000116298053016
BPM.27R5.B2 14619.04996 0.029545819198 0.00495718662922 0.00011538958818 -8.29065960829e-05
BPM.28R5.B2 14672.49848 0.029941571095 -0.00128451800027 -8.63317592793e-05 -0.000123252887244
BPM.29R5.B2 14725.947 0.029947573654 0.00113600097518 -0.000122283508148 8.76994336139e-05
BPM.30R5.B2 14779.39551 0.0295313165313 -0.00510382306945 9.13204468417e-05 0.000119603596882
BPM.31R5.B2 14832.84403 0.0298468643037 -0.00270413705866 0.000118588126893 -9.2635328505e-05
BPM.32R5.B2 14886.29254 0.0286356981284 -0.00883993544062 -9.61421760868e-05 -0.000115763248411
BPM.33R5.B2 14939.74106 0.0292556866888 -0.00650018942868 -0.000114685227774 9.74255801691e-05
BPM.34R5.B2 14993.18958 0.0272698972905 -0.0124298176894 0.000100814222822 0.000111718122541
BPM.33L6.B2 15046.63809 0.0281839951434 -0.0101887233195 0.000110597938941 -0.000102041851838
BPM.32L6.B2 15100.08661 0.025455424181 -0.0158167330913 -0.000105305943287 -0.000107494678305
BPM.31L6.B2 15153.53512 0.0266488270978 -0.0137108599355 -0.000106315655841 0.000106496156575
BPM.30L6.B2 15206.98364 0.0232236524869 -0.0189422710176 0.000109629770629 0.000103081335627
BPM.29L6.B2 15260.43215 0.0246764440763 -0.0170064921204 0.000101863582873 -0.000110762182999
BPM.28L6.B2 15313.88067 0.0206089241532 -0.0217582147987 -0.00011376136939 -9.85027953627e-05
BPM.27L6.B2 15367.32919 0.0222976668472 -0.0200240285378 -9.72311429241e-05 0.000114850141105
BPM.26L6.B2 15420.7777 0.0176675826742 -0.024216954741 0.000117697695382 8.33568826414e-05
BPM.25L6.B2 15474.22622 0.0195640180177 -0.0227124101148 8.20498722984e-05 -0.000118612557994
BPM.24L6.B2 15527.67473 0.0144233026049 -0.0262787502907 -0.000121015433998 -7.84626185164e-05
BPM.23L6.B2 15581.12325 0.0164971799872 -0.0250289318148 -7.71129075216e-05 0.000121879931931
BPM.22L6.B2 15634.57177 0.0109549190804 -0.0279092764289 0.000124122343104 6.30373888293e-05
BPM.21L6.B2 15688.02028 0.0131710091381 -0.0269344107192 6.16591179624e-05 -0.000124812732997
BPM.20L6.B2 15741.4688 0.00729309851782 -0.0290817584904 -0.000126602505197 -5.78954122025e-05
BPM.19L6.B2 15794.91731 0.00961663704348 -0.0283982086513 -5.64864162861e-05 0.000127237373737
BPM.18L6.B2 15848.36583 0.00351485092976 -0.0297755568489 0.000128870486079 5.26541852982e-05
BPM.17L6.B2 15901.81435 0.00590566732101 -0.0293949154859 5.12225530459e-05 -0.00012944619627
BPM.16L6.B2 15955.26286 -0.000324746215152 -0.0299805354 -0.000130921280603 -4.73253379818e-05
BPM.15L6.B2 16008.71138 0.00209628719947 -0.0299089207899 -4.58704748106e-05 0.000131438068173
BPM.14L6.B2 16062.15989 -0.0041553356183 -0.0296929477853 0.000132751885055 4.19166657971e-05
BPM.13L6.B2 16115.60841 -0.0017462558257 -0.0299313974481 4.04412592828e-05 -0.000133208747731
BPM.12L6.B2 16169.05693 -0.00835370218599 -0.028795027737 -0.000134027804608 -3.76378499017e-05
BPM.11L6.B2 16222.50544 -0.00333120304086 -0.0297966617128 -4.70484009959e-05 0.000131021038517
BPM.10L6.B2 16274.34415 -0.00841845860631 -0.0287761623163 0.000120540084365 6.96430329999e-05
BPM.9L6.B2 16313.40916 -0.0122871813044 -0.0273489147588 0.000107383183531 -8.85940950074e-05
BPM.8L6.B2 16353.87217 -0.0252432151694 -0.0161777022674 -0.000122675001522 -6.58096617826e-05
BPMYB.5L6.B2 16450.96018 -0.0019584853844 -0.0299182602704 5.58028855426e-05 0.000127538612295
BPMYA.4L6.B2 16487.36018 -0.00313059332349 -0.0298184061931 8.38321093253e-05 0.000111140686327
BPMSB.B4L6.B2 16518.13068 0.000265565310936 -0.029981118016 0.000106807683472 8.92870927351e-05
BPMSB.A4L6.B2 16518.76568 0.000344122315982 -0.0299803192546 0.000107272055761 8.87286503126e-05
BPMSA.4L6.B2 16615.57568 0.0126606040885 -0.0271780622349 0.000133369301658 -3.99086021013e-05
BPMSE.4R6.B2 16707.14568 0.0134793226465 -0.0267814455127 3.84256354126e-05 -0.000133804102318
BPMSA.A4R6.B2 16803.82068 0.0029744001526 -0.029834391337 -8.30515862259e-05 -0.000111725104722
BPMSA.B4R6.B2 16804.40568 0.00290698136319 -0.0298410358741 -8.35613282611e-05 -0.000111344385257
BPMYB.4R6.B2 16830.96018 3.58535639864e-05 -0.0299822727226 -0.000103269476169 -9.33567412185e-05
BPMYA.5R6.B2 16867.36018 -0.000262460823923 -0.0299811453545 -0.00012083593746 -6.91283815246e-05
BPM.8R6.B2 16963.08519 -0.0133534137166 -0.0268444464461 -5.02548307663e-05 0.000129824957364
BPM.9R6.B2 17002.1502 -0.0280371545077 -0.0106233671455 0.000134521673284 3.58327842322e-05
BPM.10R6.B2 17042.61322 -0.0295969802476 -0.0047913174598 7.14923607706e-05 -0.000119452550693
BPM.11R6.B2 17094.45193 -0.0298290127043 0.0030278645526 -0.000127635372923 -5.55812711997e-05
BPM.12R6.B2 17149.17544 -0.0297905601531 -0.00338533432059 -3.77585748061e-05 0.000133993862336
BPM.13R6.B2 17202.62396 -0.0298404029009 0.00291347173937 0.000135101111851 3.35820705959e-05
BPM.14R6.B2 17256.07247 -0.0299781954154 0.000495744336809 3.20763522325e-05 -0.000135466507914
BPM.15R6.B2 17309.52099 -0.0292226550943 0.00670629494996 -0.0001363650302 -2.80115024369e-05
BPM.16R6.B2 17362.96951 -0.0296684942378 0.00432647804639 -2.65027587283e-05 0.000136666268955
BPM.17R6.B2 17416.41802 -0.0281244803546 0.0103899743792 0.000137398772498 2.23973964304e-05
BPM.18R6.B2 17469.86654 -0.028871307515 0.00808613414221 2.08673047659e-05 -0.00013763946377
BPM.19R6.B2 17523.31505 -0.0265647622491 0.0139014880249 -0.000138201841958 -1.67427054303e-05
BPM.20R6.B2 17576.76357 -0.0275997559497 0.0117128747427 -1.52136824723e-05 0.000138378505184
BPM.21R6.B2 17630.21209 -0.0245676082687 0.0171863488397 0.000138772109675 1.10620540328e-05
BPM.22R6.B2 17683.6606 -0.0258746928391 0.0151472186397 9.5182294412e-06 -0.000138886537586
BPM.23R6.B2 17737.10912 -0.0221681931153 0.0201868565374 -0.000139109048658 -5.36123454393e-06
BPM.24R6.B2 17790.55763 -0.0236419824504 0.0183374288709 -2.54853492273e-06 5.64294409663e-05
BPM.25R6.B2 17844.00615 -0.0193212766521 0.0228449753835 5.64804250453e-05 8.58218778722e-07
BPM.26R6.B2 17897.45466 -0.0211020633354 0.0212110243913 2.31261669964e-07 -5.6486486605e-05
BPM.27R6.B2 17950.90318 -0.0162408156506 0.0251284806285 -5.64681187258e-05 1.45881277723e-06
BPM.28R6.B2 18004.3517 -0.0181330633503 0.0237409571891 3.3550932278e-06 -2.62785076639e-05
BPM.29R6.B2 18057.80021 -0.0128112876834 0.0269872551923 -2.63671097574e-05 -2.56734724137e-06
BPM.30R6.B2 18111.24873 -0.0149472230244 0.0258654510531 -2.27487749615e-06 2.63939591215e-05
BPM.31R6.B2 18164.69724 -0.00925354289472 0.028404453503 2.64502442507e-05 1.48384688643e-06
BPM.32R6.B2 18218.14576 -0.0115156791587 0.0275650171047 1.19035676748e-06 -2.64650542768e-05
BPM.33R6.B2 18271.59428 -0.00554437278482 0.0293547434885 -2.64888203283e-05 -3.97969856263e-07
BPM.34R6.B2 18325.04279 -0.00789500126259 0.0288116294197 -1.04236041724e-07 2.64916085223e-05
BPM.33L7.B2 18378.49131 -0.0017434174007 0.0298228357235 2.6482866822e-05 -6.88714418583e-07
BPM.32L7.B2 18431.93982 -0.00414456214707 0.0295848548988 -9.82397627763e-07 -2.64736022687e-05
BPM.31L7.B2 18485.38834 0.00208545297166 0.0298008711365 -2.64323461261e-05 1.77408953733e-06
BPM.30L7.B2 18538.83686 -0.000326015801014 0.0298719726231 2.06710078803e-06 2.64110456213e-05
BPM.29L7.B2 18592.28537 0.00588080683281 0.029289198454 2.63373634337e-05 -2.85663597366e-06
BPM.28L7.B2 18645.73389 0.00349782701019 0.0296682699347 -3.14851793015e-06 -2.63040568785e-05
BPM.27L7.B2 18699.1824 0.0095787934868 0.0282964264541 -2.61980666723e-05 3.93422803469e-06
BPM.26L7.B2 18752.63092 0.00734636983602 0.0289825101987 5.49500252346e-06 -5.65739120447e-05
BPM.25L7.B2 18806.07943 0.0132010174955 0.0268270047468 -5.67130452461e-05 -3.79921991822e-06
BPM.24L7.B2 18859.52795 0.0109933602131 0.0278046952495 -3.16976404159e-06 5.6751695111e-05
BPM.23L7.B2 18912.97647 0.0165248151054 0.0249175747838 5.6821144525e-05 1.4704173966e-06
BPM.22L7.B2 18966.42498 0.0145420933588 0.0261755580896 2.11268213262e-06 -0.00013956306329
BPM.21L7.B2 19019.8735 0.0196572971097 0.0225881161421 -0.000139563749772 2.06738618275e-06
BPM.20L7.B2 19073.32201 0.0177709479006 0.0241003263667 3.61762387045e-06 0.000139532163605
BPM.19L7.B2 19126.77053 0.0223861731677 0.0198869698884 0.000139361592756 -7.78842613409e-06
BPM.18L7.B2 19180.21905 0.0207078539347 0.0216290800985 -9.33053152973e-06 -0.00013926684094
BPM.17L7.B2 19233.66756 0.0247455303106 0.0168609326919 -0.000138924855611 1.34978123321e-05
BPM.16L7.B2 19287.11608 0.0233045325377 0.0188024222894 1.50407389144e-05 0.000138766311162
BPM.15L7.B2 19340.56459 0.026699512704 0.0135561182227 0.000138254638873 -1.91824109324e-05
BPM.14L7.B2 19394.01311 0.0255182438476 0.0156668934685 -2.07112369009e-05 -0.000138033900812
BPM.13L7.B2 19447.46163 0.0282140098706 0.0100300532332 -0.000137351417062 2.48374667235e-05
BPM.12L7.B2 19500.91014 0.0270460985074 0.0128507149999 2.45184296982e-05 0.000137408730059
BPM.11L7.B2 19554.35866 0.029275026582 0.00629326140418 0.000137760063618 -2.24605820018e-05
BPM.10L7.B2 19607.13937 0.0293071315285 0.00614201611706 -1.62767656416e-05 -0.000138626755998
BPM.9L7.B2 19646.20438 0.0294238487589 -0.00555602778719 -0.000134722635989 -3.64982774993e-05
BPM.8L7.B2 19686.66739 0.0256508087645 -0.0154488941257 -5.17697266872e-05 0.000129623327597
BPM.7L7.B2 19725.7314 0.010218550935 -0.0281462881554 0.000124882009488 6.23441318614e-05
BPMR.6L7.B2 19760.5494 0.010564623483 -0.0280182271362 0.000132307755031 -4.44631830708e-05
BPMWC.6L7.B2 19772.7279 0.00649843291376 -0.0292301674622 0.000114543680895 -7.9762510683e-05
BPMWE.5L7.B2 19849.7819 0.0202390308547 -0.0220683925726 -8.49830847845e-05 -0.000110725724471
BPMW.5L7.B2 19872.9869 0.0261444238847 -0.0145979937554 -0.000124701185185 -6.27050150145e-05
BPMWE.4L7.B2 19908.0719 0.026120265955 -0.0146411757344 -0.000139380804552 -7.43675360633e-06
BPMW.4L7.B2 19936.1769 0.0182808831697 -0.0237158518849 -0.000122443568338 6.70066168911e-05
BPMW.4R7.B2 20052.2239 0.0122620150255 -0.0273180399711 0.000121637117156 6.84596885161e-05
BPMWE.4R7.B2 20080.3289 0.0211345156803 -0.0212123683268 0.000139561581111 -2.21097512213e-06
BPMW.5R7.B2 20115.4139 0.0201400209913 -0.0221587877718 0.000122817791782 -6.63182082028e-05
BPMWE.5R7.B2 20138.6189 0.0059335661845 -0.0293500445131 5.35619036962e-05 -0.000128893115762
BPM.6R7.B2 20217.7584 -0.00855567418999 -0.0286955181216 -0.00013932726522 -8.38050390893e-06
BPM_A.7R7.B2 20255.7944 0.00152137114246 -0.0299051458814 -0.000101228002308 9.60999853506e-05
BPM.8R7.B2 20294.85841 0.00178235989328 -0.0298907262143 1.83230897083e-05 0.000138371159545
BPM.9R7.B2 20333.92342 -0.0140486551487 -0.0264436685951 0.000138923663734 -1.35103796967e-05
BPM.10R7.B2 20374.38643 -0.0247954402166 -0.016787449645 1.27203405378e-06 -0.000139573261583
BPM.11R7.B2 20427.16714 -0.0242740705691 -0.0175328782204 -0.000138111459633 -2.01876090433e-05
BPM.12R7.B2 20481.89066 -0.0263880322185 -0.0141528822307 -1.91942466618e-05 0.000138253009467
BPM.13R7.B2 20535.33917 -0.0249924573401 -0.0164927073647 0.000138587234899 1.66100303809e-05
BPM.14R7.B2 20588.78769 -0.0278712899058 -0.0109463930201 1.24507647285e-05 -0.000139022630169
BPM.15R7.B2 20642.23621 -0.0268972500757 -0.0131594171174 -0.000139151831575 -1.09123844003e-05
BPM.16R7.B2 20695.68472 -0.0290426057773 -0.00729104727986 -6.74798963403e-06 0.000139415848547
BPM.17R7.B2 20749.13324 -0.0283594002031 -0.00961128193838 0.000139482266463 5.19705432826e-06
BPM.18R7.B2 20802.58175 -0.0297366617075 -0.00351614433027 1.01589781476e-06 -0.00013957536161
BPM.19R7.B2 20856.03027 -0.0293559756807 -0.00590415211535 -0.000139578058871 5.27347427506e-07
BPM.20R7.B2 20909.47879 -0.0299421440809 0.000316746436079 4.69955879077e-06 0.000139499920824
BPM.21R7.B2 20962.9273 -0.0298700445982 -0.00210065612787 0.000139438999657 -6.25112227555e-06
BPM.22R7.B2 21016.37582 -0.029655654048 0.00414421323758 -1.04254852468e-05 -0.000139189172707
BPM.23R7.B2 21069.82433 -0.0298933659064 0.00173752559998 -0.000139065408617 1.19635157105e-05
BPM.24R7.B2 21123.27285 -0.0288319300239 0.00789426817894 1.60683426414e-05 8.79856060166e-05
BPM.25R7.B2 21176.72137 -0.0293749395286 0.0055418937654 8.78015893466e-05 -1.70451610575e-05
BPM.26R7.B2 21230.16988 -0.0275853040948 0.0115174066911 -1.96664138007e-05 -8.72518759602e-05
BPM.27R7.B2 21283.6184 -0.0284248020792 0.00925366336458 -8.70288869766e-05 2.06308003285e-05
BPM.28R7.B2 21337.06691 -0.0258354138557 0.014941999962 2.31759185799e-05 3.57146849704e-05
BPM.29R7.B2 21390.51543 -0.0269569477244 0.0128083933899 3.54552077365e-05 -2.35709638316e-05
BPM.30R7.B2 21443.96394 -0.0237119619052 0.0181238747248 -2.46215202907e-05 -3.47338926595e-05
BPM.31R7.B2 21497.41246 -0.0250971858914 0.0161512610162 -3.44589677699e-05 2.50048363257e-05
BPM.32R7.B2 21550.86098 -0.0211985346359 0.0210084292974 2.60247844815e-05 3.36952862917e-05
BPM.33R7.B2 21604.30949 -0.0228247423019 0.0192292254232 3.34043705837e-05 -2.63971521885e-05
BPM.34R7.B2 21657.75801 -0.0183372742196 0.0235473214129 -2.73850276596e-05 -3.25994128557e-05
BPM.33L8.B2 21711.20652 -0.0201776830663 0.0219907498212 -3.2293916191e-05 2.77446366104e-05
BPM.32L8.B2 21764.65504 -0.0151741254455 0.0256997643731 2.86986145603e-05 3.1449193772e-05
BPM.31L8.B2 21818.10356 -0.0171985733602 0.0243914133802 3.11288212359e-05 -2.90458005829e-05
BPM.30L8.B2 21871.55207 -0.0117623504488 0.0274295294107 -2.99643527073e-05 -3.02456478732e-05
BPM.29L8.B2 21925.00059 -0.0139374745338 0.0263908843174 -2.99116129698e-05 3.02978062779e-05
BPM.28L8.B2 21978.4491 -0.00815651618916 0.0287089396517 3.1179366653e-05 2.89915461353e-05
BPM.27L8.B2 22031.89762 -0.0104467044344 0.0279570802996 2.86438870098e-05 -3.14990325499e-05
BPM.26L8.B2 22085.34614 -0.00436810081144 0.0295067835712 -3.23920143594e-05 -7.83443425126e-05
BPM.25L8.B2 22138.79465 -0.00673529020895 0.029057984222 -7.79804011602e-05 3.32586302266e-05
BPM.24L8.B2 22192.24317 -0.000557232855823 0.0298231465971 3.55773414314e-05 7.69501962689e-05
BPM.23L8.B2 22245.69168 -0.00296180049983 0.0296809420169 7.65509455232e-05 -3.64284538354e-05
BPM.22L8.B2 22299.1402 0.00331119118527 0.0296399999601 -3.87525233636e-05 -0.000126082511682
BPM.21L8.B2 22352.58871 0.000907878737789 0.0298105575367 -0.000125644786534 4.01490400386e-05
BPM.20L8.B2 22406.03723 0.00707606261527 0.0289727962542 4.38916474337e-05 0.000124386830255
BPM.19L8.B2 22459.48575 0.00471550784998 0.0294492371746 0.000123892895868 -4.52671082138e-05
BPM.18L8.B2 22512.93426 0.0107235617646 0.0278298186811 -4.8953641718e-05 -0.000122483074394
BPM.17L8.B2 22566.38278 0.00844226880872 0.0286045744956 -0.000121931882755 5.03107950103e-05
BPM.16L8.B2 22619.83129 0.0141959797268 0.0262291392266 5.39381543732e-05 0.000120371244885
BPM.15L8.B2 22673.27981 0.0120334720951 0.0272889929113 0.000119766812316 -5.52673037531e-05
BPM.14L8.B2 22726.72833 0.0174340713166 0.0241980731083 -5.88256190707e-05 -0.000118059743395
BPM.13L8.B2 22780.17684 0.0154241195013 0.0255262633815 -0.000117398628572 6.0134187527e-05
BPM.12L8.B2 22833.62536 0.0223057753159 0.019797625403 5.74964191152e-05 0.000118712764928
BPM.11L8.B2 22887.07387 0.0215055676489 0.0206640786137 0.000125986774442 -3.90626634216e-05
BPM.10L8.B2 22938.91258 0.0229690486125 0.0190241002546 -2.767290659e-05 -0.000128968105167
BPM.9L8.B2 22977.9776 0.0213733362659 0.0208008192445 -0.000131860294191 3.38062684179e-06
BPM.8L8.B2 23018.44061 0.0285034184364 -0.00877774014504 3.98602238768e-05 0.000125736719586
BPM.7L8.B2 23057.50662 0.0283333310154 -0.00931213929935 0.000113289993796 6.75569077256e-05
BPM.6L8.B2 23089.97562 0.0285050738754 0.00877236280165 0.000121569555077 -5.11801479273e-05
BPMR.5L8.B2 23150.39462 0.0282724767145 -0.00949529600352 -1.01868864101e-05 0.000131509648875
BPMYB.4L8.B2 23171.16162 0.0262133599143 -0.0142250958129 3.72113735153e-05 0.000126545961013
BPMWB.4L8.B2 23195.62912 0.0269030139416 -0.0128732833942 6.42275212319e-05 0.000115210170187
BPMSX.4L8.B2 23245.78612 0.0266382597358 -0.0134125576531 9.49633959565e-05 9.15451251708e-05
BPMS.2L8.B2 23283.69762 0.0268019072563 -0.0130824822628 0.000109920626 7.29107445363e-05
BPMSW.1L8.B2 23293.63162 0.0269468135455 -0.0127813466664 0.000115935901298 6.29080846337e-05
BPMSW.1R8.B2 23336.82162 0.0269467555311 -0.0127814692671 6.57125239421e-05 0.00011436975899
BPMS.2R8.B2 23346.75562 0.0268018661793 -0.013082568286 7.55664168641e-05 0.000108112531251
BPMSX.4R8.B2 23384.66712 0.0266382595166 -0.0134125581019 9.38304603551e-05 9.27060004474e-05
BPMWI.4R8.B2 23434.90012 0.0269022233794 -0.0128749354192 0.000116775332919 6.13358210575e-05
BPMYB.4R8.B2 23459.29162 0.0262131087858 -0.0142255583604 0.000127414385007 3.41192087809e-05
BPMYB.5R8.B2 23479.86862 0.0281771955942 -0.00977441731922 0.000131355604209 -1.20113147215e-05
BPMR.6R8.B2 23563.97662 0.0285878793835 0.0084986318268 -2.71382838352e-05 0.000129081627981
BPM_A.7R8.B2 23586.21662 0.0298156738063 0.000720541722371 2.52264315197e-05 0.000129468888328
BPM.8R8.B2 23627.65561 0.0259793629441 -0.0146480812979 0.000126516665867 3.73107495443e-05
BPM.9R8.B2 23666.7226 0.0116819847202 -0.0274412976685 -5.70374390009e-05 -0.000118933969638
BPM.10R8.B2 23707.18758 0.0284848136462 -0.00883792816296 -8.33023056423e-05 0.000102270713972
BPM.11R8.B2 23759.02827 0.0252565253178 -0.0158619517541 9.17145321016e-05 9.47998150685e-05
BPM.12R8.B2 23813.75476 0.0246908293154 -0.0167289130589 9.64080948471e-05 -9.00224249907e-05
BPM.13R8.B2 23867.20624 0.0197614850708 -0.0223377996334 -9.58540250269e-05 -9.06121655895e-05
BPM.14R8.B2 23920.65773 0.021499882423 -0.020669993699 -8.95299882186e-05 9.68655987941e-05
BPM.15R8.B2 23974.10921 0.01674229873 -0.0246817547594 9.95113849168e-05 8.65796943096e-05
BPM.16R8.B2 24027.56069 0.0186796573959 -0.0232500319053 8.54619762938e-05 -0.000100472928522
BPM.17R8.B2 24081.01218 0.0134461385137 -0.0266213249841 -0.000102995458215 -8.24044621819e-05
BPM.18R8.B2 24134.46366 0.0155510917117 -0.0254491086375 -8.12431022287e-05 0.000103913999597
BPM.19R8.B2 24187.91515 0.00993139377664 -0.0281222510151 0.000106307618561 7.80849323156e-05
BPM.20R8.B2 24241.36663 0.0121685633936 -0.0272290221958 7.68907406526e-05 -0.00010717450359
BPM.21R8.B2 24294.81811 0.0062507470178 -0.0291619914661 -0.00010943649198 -7.36356935446e-05
BPM.22R8.B2 24348.2696 0.00858434153633 -0.028562259456 -7.2403689517e-05 0.000110255451447
BPM.23R8.B2 24401.72108 0.00247034603831 -0.0297218938695 0.000112380680284 6.90589545179e-05
BPM.24R8.B2 24455.17257 0.00476603190987 -0.0294314856222 6.63373950794e-05 -1.7488430969e-05
BPM.25R8.B2 24508.62405 -0.00144709089681 -0.0297797470408 -1.94734552751e-05 -6.57820564555e-05
BPM.26R8.B2 24562.07554 0.000960879059155 -0.0297993979318 -6.55597498012e-05 2.02092431683e-05
BPM.27R8.B2 24615.52702 -0.00524454310023 -0.0293499944354 2.21697613253e-05 6.4923004546e-05
BPM.28R8.B2 24668.9785 -0.0029530706997 -0.0296837153225 6.3212552092e-05 7.27630316398e-05
BPM.29R8.B2 24722.42999 -0.00904981951076 -0.0284243618898 7.08308409176e-05 -6.53703400864e-05
BPM.30R8.B2 24775.88147 -0.00672704379023 -0.0290618386179 -6.61598201792e-05 -7.00939945887e-05
BPM.31R8.B2 24829.33296 -0.0126125408829 -0.0270327097155 -6.80752180896e-05 6.82352714812e-05
BPM.32R8.B2 24882.78444 -0.0103886749105 -0.027962814871 6.8993751526e-05 6.73064201014e-05
BPM.33R8.B2 24936.23592 -0.0159664058737 -0.0251975686397 6.52023791941e-05 -7.09854853743e-05
BPM.34R8.B2 24989.68741 -0.0138813521303 -0.0264036293871 -7.17114778633e-05 -6.4403038413e-05
BPM.33L1.B2 25043.13889 -0.0190592410362 -0.0229475252279 -6.22206997707e-05 7.36130090033e-05
BPM.32L1.B2 25096.59038 -0.0171442629791 -0.0244114282453 7.43056296132e-05 6.13918748478e-05
BPM.31L1.B2 25150.04186 -0.0218378051395 -0.0203212659382 5.91302759352e-05 -7.61176523849e-05
BPM.30L1.B2 25203.49334 -0.0201269398456 -0.0220170359945 -7.67751998808e-05 -5.82739795041e-05
BPM.29L1.B2 25256.94483 -0.0242583260024 -0.0173602189537 -5.59428877058e-05 7.84900251019e-05
BPM.28L1.B2 25310.39631 -0.0227775930035 -0.0192620050639 7.91121194186e-05 5.50596105779e-05
BPM.27L1.B2 25363.8478 -0.0262796435308 -0.0141146703526 5.26558912469e-05 -8.07319172761e-05
BPM.26L1.B2 25417.29928 -0.0251505397399 -0.0161956965845 -8.27768444136e-05 4.39102441611e-05
BPM.25L1.B2 25470.75077 -0.0279642065342 -0.0106232476113 4.63766496637e-05 8.14206360688e-05
BPM.24L1.B2 25524.20225 -0.0270154699254 -0.0128458016996 8.08946134717e-05 -4.7288220202e-05
BPM.23L1.B2 25577.65373 -0.0290934814264 -0.00695841759245 -4.96978095662e-05 -7.94370326089e-05
BPM.22L1.B2 25631.10522 -0.02853273563 -0.00929003930896 -8.03416864337e-05 0.000146247344117
BPM.21L1.B2 25684.5567 -0.0298395558468 -0.00316587105978 0.000148596261197 7.59093266983e-05
BPM.20L1.B2 25738.00819 -0.0294866715002 -0.00556399466003 7.42318436115e-05 -0.000149441320977
BPM.19L1.B2 25791.45967 -0.0299993805145 0.000677496500893 -0.000151602735363 -6.97114407531e-05
BPM.18L1.B2 25844.91115 -0.0299561961533 -0.00174589372101 -6.80165143001e-05 0.000152370700042
BPM.17L1.B2 25898.36264 -0.0296661946555 0.00450984782081 0.000154346703408 6.34048030422e-05
BPM.16L1.B2 25951.81412 -0.029933419717 0.00210052780119 6.16634939831e-05 -0.000155050593137
BPM.15L1.B2 26005.26561 -0.0288456459974 0.00826743853226 -0.000156831851064 -5.69810950016e-05
BPM.14L1.B2 26058.71709 -0.0294187576966 0.00591257375087 -5.52282598055e-05 0.000157457662815
BPM.13L1.B2 26112.16857 -0.0275507135993 0.0118903327569 0.000159047098085 5.04687769428e-05
BPM.12L1.B2 26165.62006 -0.0294610509982 0.00569809677572 6.13166367595e-05 -0.000155188099957
BPM.11L1.B2 26219.07154 -0.0298466977323 0.0030978165582 -0.000153520647591 -6.53795553776e-05
BPM.10L1.B2 26271.85423 -0.0299842099685 0.00117003645181 -3.90782417405e-05 0.000162221962216
BPM.9L1.B2 26310.92122 -0.0290149362575 0.00765214393 0.000160058090342 4.71644117686e-05
BPM.8L1.B2 26351.38621 -0.025848237641 -0.0152410775105 -4.06907311401e-05 -0.000161825021275
BPM.7L1.B2 26390.4542 -0.0298702207721 -0.00286212225891 -0.000164668570489 2.69692139317e-05
BPMR.6L1.B2 26433.6382 -0.0287538990023 0.00858109113103 2.41177252376e-05 0.000165110296158
BPM.5L1.B2 26465.5382 -0.0111593712664 0.027854806874 0.000163012977603 3.56347990601e-05
BPMYA.4L1.B2 26486.6562 -0.00480523264741 0.0296197834706 0.000165633570997 -2.02134360308e-05
BPMWB.4L1.B2 26507.7127 -0.001162782122 0.0299844921674 0.000158476676425 -5.22323355707e-05
BPMSY.4L1.B2 26600.5687 -0.000142152947595 0.0300066930095 0.000133373103772 -0.000100273121165
BPMS.2L1.B2 26627.3542 0.000256404877967 0.0300059342234 0.000126512262329 -0.000108800273579
BPMSW.1L1.B2 26637.4082 0.000425138953763 0.030004017893 0.000121436009485 -0.000114439484785
