BPMSW.1R1.B2 21.475 -0.0255408920078 -0.0157887983917 -4.67166929664e-05 0.000105109679034
BPMS.2R1.B2 31.529 -0.0254516731158 -0.0159322224485 -4.18908608506e-05 0.000107124768504
BPMSY.4R1.B2 58.3145 -0.0252377767883 -0.0162689262857 -3.47778711908e-05 0.000109640288763
BPMWB.4R1.B2 151.1705 -0.0246695304303 -0.0171183412823 2.20030278124e-06 0.00011500284138
BPMYA.4R1.B2 172.227 -0.0224012929893 -0.0199951347268 2.46613684251e-05 0.00011234906199
BPMR.5R1.B2 199.635 -0.0154761493994 -0.025731539786 7.29987747611e-05 8.88913578126e-05
BPM.6R1.B2 231.535 0.0156438727467 -0.0256299158461 9.89760498113e-05 -5.86023850029e-05
BPMRA.7R1.B2 259.259 0.0217483543663 -0.0207034398887 1.46014279184e-05 -0.000114093363828
BPM.8R1.B2 300.6960106 0.0220100363635 -0.0204250248382 -0.00010958208318 -3.49608237262e-05
BPM.9R1.B2 339.7610212 0.0170284335007 -0.0247316759108 -1.42999984199e-05 0.000114131514845
BPM.10R1.B2 380.2240318 0.0064948161718 -0.0293162191147 0.000113985674501 -1.54196745747e-05
BPM.11R1.B2 433.0047424 0.0212340780391 -0.0212305739126 -5.01848033586e-05 -0.000103498708849
BPM.12R1.B2 487.7282583 0.0135053247305 -0.0268184552829 -0.000105954381436 4.47678974641e-05
BPM.13R1.B2 541.1767742 0.0121762259919 -0.0274474563559 3.60862042372e-05 0.000109216656446
BPM.14R1.B2 594.6252901 0.00621439983136 -0.0293769395091 0.000108087560365 -3.93392200779e-05
BPM.15R1.B2 648.073806 0.00856375478683 -0.0287799486527 -4.05345456298e-05 -0.000107644991074
BPM.16R1.B2 701.5223219 0.00240392745005 -0.0299306610866 -0.000106383396026 4.37386255913e-05
BPM.17R1.B2 754.9708378 0.00481254422377 -0.0296388724219 4.49163727802e-05 0.000105891507248
BPM.18R1.B2 808.4193537 -0.00144299975376 -0.0299923505615 0.000104500067435 -4.80648199348e-05
BPM.19R1.B2 861.8678696 0.000980884781088 -0.0300110180607 -4.92202803162e-05 -0.000103960866427
BPM.20R1.B2 915.3163855 -0.00526923978594 -0.0295610969507 -0.000102441427624 5.23091810372e-05
BPM.21R1.B2 968.7649014 -0.00286538674754 -0.029890013365 5.34423509618e-05 0.000101854850882
BPM.22R1.B2 1022.213417 -0.00900599963727 -0.0286446384164 0.000100209570877 -5.64671596205e-05
BPM.23R1.B2 1075.661933 -0.00666616486755 -0.0292777319154 -5.75747943238e-05 -9.95773092879e-05
BPM.24R1.B2 1129.110449 -0.0127178038458 -0.0272340296145 -9.76932872606e-05 0.000183775495267
BPM.25R1.B2 1182.558965 -0.0104767871072 -0.0281721819538 0.000184848913625 9.56467047072e-05
BPM.26R1.B2 1236.007481 -0.0160960238876 -0.025384107598 9.00661542634e-05 -0.000187631294492
BPM.27R1.B2 1289.455997 -0.0139966663249 -0.0265994029234 -0.000188617067961 -8.79830646017e-05
BPM.28R1.B2 1342.904513 -0.0193323533434 -0.0230934230769 -8.21965050298e-05 0.000314415701504
BPM.29R1.B2 1396.353029 -0.017403781052 -0.0245795541105 0.000315311039851 7.86920420789e-05
BPM.30R1.B2 1449.801545 -0.0221270237592 -0.0204313703656 6.91999033963e-05 -0.000317529320846
BPM.31R1.B2 1503.25006 -0.020407617495 -0.022148932791 -0.000318274094552 -6.56894363742e-05
BPM.32R1.B2 1556.698576 -0.0245592059093 -0.0174324835077 -5.61585856896e-05 0.00032009327874
BPM.33R1.B2 1610.147092 -0.023071196415 -0.0193588731901 0.000320699270708 5.2587727084e-05
BPM.34R1.B2 1663.595608 -0.0265871617662 -0.0141481060589 4.2942106414e-05 -0.000322132674019
BPM.33L2.B2 1717.044124 -0.0253595147041 -0.0162462638501 -0.000322586656766 -3.93870714024e-05
BPM.32L2.B2 1770.49264 -0.0281786773881 -0.0106305322352 -2.97416369133e-05 0.000323618495718
BPM.31L2.B2 1823.941156 -0.0272284248126 -0.0128708569061 0.000323930195001 2.61288010005e-05
BPM.30L2.B2 1877.389672 -0.0293069755 -0.00693882283149 1.63968753315e-05 -0.000324568389908
BPM.29L2.B2 1930.838188 -0.0286516956629 -0.00928043162242 -0.000324729314679 -1.28205001722e-05
BPM.28L2.B2 1984.286704 -0.029953833452 -0.0031327203299 -3.12304536572e-06 0.000324967281895
BPM.27L2.B2 2037.73522 -0.029603244805 -0.00554021410439 0.000324981901353 -5.06485344776e-07
BPM.26L2.B2 2091.183735 -0.030229994707 0.000747536421845 -1.01205841763e-05 -0.000201578955783
BPM.25L2.B2 2144.632251 -0.0301917358522 -0.00169424814147 -0.000201454960634 1.23450173434e-05
BPM.24L2.B2 2198.080767 -0.0298859932592 0.00460855697897 1.83591888397e-05 0.00020099612748
BPM.23L2.B2 2251.529283 -0.0301604236426 0.00218179653517 0.000200779086553 -2.05976532849e-05
BPM.22L2.B2 2304.977799 -0.0291724764144 0.00841681891276 -2.6477294092e-05 -7.68197654578e-05
BPM.21L2.B2 2358.426315 -0.0297565509439 0.00603522134062 -7.6522057121e-05 2.73257720756e-05
BPM.20L2.B2 2411.874831 -0.027856030077 0.0120796444096 2.96026967498e-05 7.56703569083e-05
BPM.19L2.B2 2465.323347 -0.0287399779815 0.00979233812102 7.53367222555e-05 -3.04417603347e-05
BPM.18L2.B2 2518.771863 -0.0260821258225 0.0155434530697 -3.26833577858e-05 -7.43916698954e-05
BPM.17L2.B2 2572.220379 -0.0272514085321 0.0133879406143 -7.40253766574e-05 3.35047284473e-05
BPM.16L2.B2 2625.668894 -0.0238792964329 0.0187524777797 3.5704403944e-05 7.29898497044e-05
BPM.15L2.B2 2679.11741 -0.0253146685105 0.0167643604021 7.25886512355e-05 -3.651312235e-05
BPM.14L2.B2 2732.565926 -0.0212846375173 0.0216527233084 -3.86695213742e-05 -7.14632187165e-05
BPM.13L2.B2 2786.014442 -0.022962603662 0.0198644167778 -7.10307053595e-05 3.94583566371e-05
BPM.12L2.B2 2839.462958 -0.017789287041 0.0246052329349 4.06266219548e-05 7.03690228014e-05
BPM.11L2.B2 2892.911474 -0.022166347619 0.0207491988856 7.39580803482e-05 -3.36530027361e-05
BPM.10L2.B2 2944.750185 -0.0204097837303 0.0224792559742 -1.93045053657e-05 -7.89281898713e-05
BPM.9L2.B2 2983.815195 -0.0154950964128 0.0261108829294 -8.12046872577e-05 2.84944615354e-06
BPM.8L2.B2 3024.278206 -0.0041572225456 0.030076464576 5.94990296491e-05 5.53370481084e-05
BPM.7L2.B2 3063.344216 -0.0287461525575 0.00977419736697 4.67047134579e-05 -6.6490531484e-05
BPM.6L2.B2 3095.450216 -0.0295527260846 0.00696509885043 1.06598314784e-05 -8.05524073991e-05
BPMYB.5L2.B2 3167.649216 -0.0268419395352 0.014191071232 -7.97850035117e-05 -1.53842283121e-05
BPMYB.4L2.B2 3188.219216 -0.0235971354041 0.01910631889 -7.37887367804e-05 3.40227005594e-05
BPMWB.4L2.B2 3212.610716 -0.0267608839299 0.0143433368505 -1.69149551471e-05 7.9474567442e-05
BPMSX.4L2.B2 3262.843716 -0.0160805384995 0.0257544656752 8.09500569736e-05 -7.02928713621e-06
BPMS.2L2.B2 3300.755216 -0.0160485174317 0.0257744312902 5.74749180886e-05 -5.74367356669e-05
BPMSW.1L2.B2 3310.689216 -0.0170051909438 0.0251535226566 4.06934071053e-05 -7.03304164038e-05
BPMSW.1R2.B2 3353.879216 -0.0170050332262 0.0251536292887 6.27480724931e-05 5.16236037368e-05
BPMS.2R2.B2 3363.813216 -0.0160483970286 0.0257745063855 7.39505528723e-05 3.36691082333e-05
BPMSX.4R2.B2 3401.724716 -0.0160805699868 0.025754446017 7.82847557146e-05 -2.1767417217e-05
BPMWB.4R2.B2 3451.881716 -0.026763359882 0.014338716421 -4.34602979294e-05 -6.86551197679e-05
BPMYB.4R2.B2 3476.349216 -0.0236810967479 0.0190021545508 -8.10268167854e-05 -6.08084341534e-06
BPM.5R2.B2 3505.883216 -0.0303463520932 0.000987489543299 -4.08025882743e-05 7.02671501356e-05
BPMR.6R2.B2 3579.179216 -0.0301492409811 -0.00359158590059 6.77100198848e-05 4.49185418886e-05
BPM_A.7R2.B2 3592.054216 -0.0302747570791 -0.00230549407495 7.46225910004e-05 3.21526798479e-05
BPM.8R2.B2 3633.493206 -0.0288742946874 0.00938889382236 6.36388784087e-05 -5.0521446678e-05
BPM.9R2.B2 3672.560195 -0.00589832512605 0.0297839886775 -7.13855899572e-05 -3.88126548684e-05
BPM.10R2.B2 3713.025185 -0.00369059711476 0.0301372811311 -6.15965263518e-05 5.29923664912e-05
BPM.11R2.B2 3764.865874 -0.00140316146101 0.030329974588 4.67751580772e-05 6.64409896518e-05
BPM.12R2.B2 3819.592358 -0.00331721882283 0.0301806607038 6.20532890864e-05 -5.2456750664e-05
BPM.13R2.B2 3873.043842 0.00601117120563 0.0297614186789 -5.88250769259e-05 -5.60529431088e-05
BPM.14R2.B2 3926.495326 0.00358993106568 0.0301494380636 -5.53906496302e-05 5.94491182404e-05
BPM.15R2.B2 3979.94681 0.00977027377498 0.0287474863402 6.10863588899e-05 5.35796403495e-05
BPM.16R2.B2 4033.398294 0.00741812387875 0.0294422767257 5.28923605734e-05 -6.16824110855e-05
BPM.17R2.B2 4086.849779 0.0133668590684 0.0272617552627 -6.32436806155e-05 -5.10152794954e-05
BPM.18R2.B2 4140.301263 0.0111229379508 0.0282516631779 -5.0302767797e-05 6.38118683058e-05
BPM.19R2.B2 4193.752747 0.0167451729938 0.0253273646782 6.52942281326e-05 4.83630756652e-05
BPM.20R2.B2 4247.204231 0.014646292872 0.0265962840611 4.76294026393e-05 -6.58313064171e-05
BPM.21R2.B2 4300.655715 0.0198471025371 0.0229775703899 -6.72326990608e-05 -4.56299243811e-05
BPM.22R2.B2 4354.107199 0.0179278299189 0.024504471743 -4.48726362859e-05 6.77404664593e-05
BPM.23R2.B2 4407.558683 0.0226239031995 0.0202493265119 6.90578140386e-05 4.28175145401e-05
BPM.24R2.B2 4461.010167 0.020894681809 0.0220078622357 4.17201897891e-05 -4.84332543693e-05
BPM.25R2.B2 4514.461651 0.0250073198112 0.0171920820396 -4.96648804234e-05 -4.02461481952e-05
BPM.26R2.B2 4567.913135 0.0235380962111 0.0191544186886 -3.96863205618e-05 5.01133829167e-05
BPM.27R2.B2 4621.36462 0.0270013135374 0.0138514546369 5.12829607779e-05 3.81629825724e-05
BPM.28R2.B2 4674.816104 0.0257741997043 0.0159841073114 3.72647745272e-05 -3.06076711368e-05
BPM.29R2.B2 4728.267588 0.0285304590635 0.0102865914137 -3.17133877525e-05 -3.63284062807e-05
BPM.30R2.B2 4781.719072 0.0276070806083 0.0125558813799 -3.5970339637e-05 3.21189840743e-05
BPM.31R2.B2 4835.170556 0.0296119834432 0.0065522128374 3.3185151614e-05 3.49891125219e-05
BPM.32R2.B2 4888.62204 0.0289865683185 0.00892075748941 3.46156653338e-05 -3.3574549852e-05
BPM.33R2.B2 4942.073524 0.0302068837402 0.00271020880024 -3.45993612549e-05 -3.35913298991e-05
BPM.34R2.B2 4995.525008 0.0298895689582 0.00513952570499 -3.32010067832e-05 3.49741069609e-05
BPM.33L3.B2 5048.976492 0.0303054029753 -0.00117626843858 3.59557581159e-05 3.21352877187e-05
BPM.32L3.B2 5102.427976 0.0303014747688 0.00127345347791 3.17310356311e-05 -3.63130278006e-05
BPM.31L3.B2 5155.87946 0.0299059053326 -0.00504359822124 -3.72499653282e-05 -3.06256996897e-05
BPM.30L3.B2 5209.330945 0.0302154244528 -0.00261327036945 -3.02058113367e-05 3.75912430693e-05
BPM.29L3.B2 5262.782429 0.0290150302506 -0.00882774470144 3.84817338578e-05 2.90628562799e-05
BPM.28L3.B2 5316.233913 0.0296328433967 -0.00645721684943 2.86305259185e-05 -3.88044678947e-05
BPM.27L3.B2 5369.685397 0.0276472217962 -0.0124672444399 -3.96471591471e-05 -2.74517005458e-05
BPM.26L3.B2 5423.136881 0.0285422146977 -0.0101962384827 -2.73260570113e-05 6.10511234535e-05
BPM.25L3.B2 5476.588365 0.0258044725945 -0.0158981285999 6.18443464019e-05 2.54799843641e-05
BPM.24L3.B2 5530.039849 0.0270033440132 -0.0137637462522 2.47866789608e-05 -6.21254802916e-05
BPM.23L3.B2 5583.491333 0.0235583021452 -0.0190690245914 -6.28422690927e-05 -2.29085791705e-05
BPM.22L3.B2 5636.942817 0.0249996296626 -0.0171063810974 -2.25227634378e-05 8.41935923695e-05
BPM.21L3.B2 5690.394301 0.0209050034327 -0.0219223764729 8.48319992389e-05 1.99840972222e-05
BPM.20L3.B2 5743.845786 0.0226059144539 -0.020163888279 1.90340687602e-05 -8.50502145148e-05
BPM.19L3.B2 5797.29727 0.0179279959635 -0.0244171398663 -8.55838318393e-05 -1.64693589112e-05
BPM.18L3.B2 5850.748754 0.0198406080086 -0.0228901732556 -1.55079737773e-05 8.57632666726e-05
BPM.17L3.B2 5904.200238 0.0146580217388 -0.0265094729657 8.61903362671e-05 1.29251738955e-05
BPM.16L3.B2 5957.651722 0.0167493899132 -0.0252401999939 1.19599524797e-05 -8.6329558267e-05
BPM.15L3.B2 6011.103206 0.011145246441 -0.0281672369971 -8.66499759842e-05 -9.3602108407e-06
BPM.14L3.B2 6064.55469 0.013382815759 -0.0271755404751 -8.38778593116e-06 8.67495237279e-05
BPM.13L3.B2 6118.006174 0.00745149934387 -0.0293612826006 8.69623278126e-05 5.7782895256e-06
BPM.12L3.B2 6171.457658 0.0139239342696 -0.0269023012701 1.23517992776e-05 -8.62743629936e-05
BPM.11L3.B2 6224.909142 0.0165877228293 -0.0253467396316 -8.56465661288e-05 -1.61400617513e-05
BPM.10L3.B2 6277.691832 0.0254738116877 -0.0163919088713 -2.2942406492e-05 8.40802063118e-05
BPM.9L3.B2 6316.758821 0.0223595925607 -0.0204366919787 4.94327109851e-05 7.17791208498e-05
BPM.8L3.B2 6357.223811 0.0180812167218 -0.024303895985 8.71444864187e-05 1.29295565882e-06
BPM.7L3.B2 6396.2898 0.00620461651448 -0.0296498312373 4.08878404572e-05 -7.69676519793e-05
BPMR.6L3.B2 6468.9288 -0.0194973093847 -0.0231832846123 -8.71534601389e-05 3.31700519767e-07
BPMWE.5L3.B2 6511.9823 -0.019981990822 -0.0227668575302 -7.01948774727e-05 5.16576717502e-05
BPMW.5L3.B2 6539.5273 -0.0121136743533 -0.0277645214625 -3.99659657369e-05 7.74503385868e-05
BPMWE.4L3.B2 6614.6553 -0.0209601333233 -0.0218696723667 6.24321326697e-05 6.0811708709e-05
BPMW.4L3.B2 6642.2003 -0.0302540487323 0.00151733092297 8.49309688223e-05 -1.95593100004e-05
BPMW.4R3.B2 6687.1653 -0.0291940079222 0.00808205779405 5.49956210853e-05 -6.76115226382e-05
BPMWE.4R3.B2 6714.7103 -0.0301978050051 0.00238795548933 2.58098317179e-05 -8.32447401158e-05
BPMW.5R3.B2 6789.8383 -0.0292182099263 0.0079941207873 -6.31376465202e-05 -6.00788739901e-05
BPMWE.5R3.B2 6817.3833 -0.0236133401644 0.0189741910213 -8.59622055117e-05 -1.43642943664e-05
BPMWC.6R3.B2 6858.3743 -0.0216902955238 0.0211457049693 -7.74075965106e-05 4.00486862076e-05
BPM.6R3.B2 6870.5288 -0.0238361684002 0.0186934971272 -6.67105440144e-05 5.60850983566e-05
BPM_A.7R3.B2 6926.3528 -0.0234117839977 0.0192223340917 2.19813066197e-05 8.43365665638e-05
BPM.8R3.B2 6965.418789 -0.0300892049478 0.00349992917926 8.5607128557e-05 -1.63479100152e-05
BPM.9R3.B2 7004.485779 -0.0191140329225 -0.0235002873107 -3.05705243074e-05 -8.16166464158e-05
BPM.10R3.B2 7044.950768 -0.0216953352497 -0.0211405341953 -8.03519064782e-05 -3.37550045996e-05
BPM.11R3.B2 7097.733458 -0.0272809253198 -0.0131666575891 -4.91853877894e-05 7.19488330946e-05
BPM.12R3.B2 7152.459942 -0.030050154362 -0.00382073046671 8.09315128369e-05 3.2340758628e-05
BPM.13R3.B2 7205.911426 -0.0291320720247 -0.00830253804595 2.70885467717e-05 -8.28374623153e-05
BPM.14R3.B2 7259.36291 -0.030220894617 -0.00207540044546 -8.36133387986e-05 -2.45894940857e-05
BPM.15R3.B2 7312.814394 -0.0299548003753 -0.004507737021 -2.3653320609e-05 8.38829757292e-05
BPM.16R3.B2 7366.265878 -0.0302380851204 0.00180775184581 8.45560547376e-05 2.11212604975e-05
BPM.17R3.B2 7419.717362 -0.0302853371386 -0.0006388372146 2.01703973467e-05 -8.47879042554e-05
BPM.18R3.B2 7473.168846 -0.0297584129569 0.00566097313786 -8.53553392391e-05 -1.76153331856e-05
BPM.19R3.B2 7526.62033 -0.0301182124321 0.00324083913866 -1.66600371564e-05 8.55469187235e-05
BPM.20R3.B2 7580.071814 -0.0287896097226 0.00942168406261 8.60090658549e-05 1.40809963807e-05
BPM.21R3.B2 7633.523299 -0.0294561817014 0.00706704450156 1.31143971407e-05 -8.61617548181e-05
BPM.22R3.B2 7686.974783 -0.0273479883817 0.0130267912402 -8.65166721145e-05 -1.05213408163e-05
BPM.23R3.B2 7740.426267 -0.0283100652841 0.0107772891386 -9.55328662485e-06 8.66289032218e-05
BPM.24R3.B2 7793.877751 -0.0253599981532 0.0164000295746 8.67647766738e-05 -9.11339560556e-05
BPM.25R3.B2 7847.329235 -0.0266012775456 0.0142990387553 -9.21004246623e-05 -8.57381585923e-05
BPM.26R3.B2 7900.780719 -0.0230541080967 0.0195089358175 -8.29356833327e-05 9.46319023695e-05
BPM.27R3.B2 7954.232203 -0.0245529958176 0.0175852458786 9.55551671991e-05 8.18702184843e-05
BPM.28R3.B2 8007.683687 -0.0202721540391 0.0222795431035 7.88449578344e-05 -0.000196046737101
BPM.29R3.B2 8061.135171 -0.0220052210453 0.020569601757 -0.000196916540817 -7.6646762722e-05
BPM.30R3.B2 8114.586655 -0.017256133668 0.0246893523763 -7.070395536e-05 0.000199127598614
BPM.31R3.B2 8168.03814 -0.0191913380486 0.0232170371511 0.000199908297093 6.84654871551e-05
BPM.32R3.B2 8221.489624 -0.0139551912162 0.0266943984408 6.24223276393e-05 -0.000201876945561
BPM.33R3.B2 8274.941108 -0.0160656286908 0.0254800676104 -0.000202562916683 -6.01591673411e-05
BPM.34R3.B2 8328.392592 -0.0104263238096 0.028260043206 -5.40510315364e-05 0.000204277595204
BPM.33L4.B2 8381.844076 -0.0126716433228 0.0273270511663 0.000204870849056 5.17569698675e-05
BPM.32L4.B2 8435.29556 -0.00672476581244 0.0293618084294 4.55755792718e-05 -0.000206333990846
BPM.31L4.B2 8488.747044 -0.00907435420379 0.0287227151587 -0.000206831457516 -4.3262105869e-05
BPM.30L4.B2 8542.198528 -0.00291394115128 0.0299807807928 -3.70299851186e-05 0.000208037577044
BPM.29L4.B2 8595.650012 -0.00532249357916 0.0296480915477 0.000208439415182 3.46966134304e-05
BPM.28L4.B2 8649.101496 0.000945826287779 0.0301072031618 2.8419073358e-05 -0.000209387701799
BPM.27L4.B2 8702.55298 -0.00148898960658 0.0300852319244 -0.000209693073303 -2.60703778897e-05
BPM.26L4.B2 8756.004465 0.00488485238252 0.0297205984092 -1.98659247679e-05 0.000112307794848
BPM.25L4.B2 8809.455949 0.00247107525952 0.0300178203723 0.000112523221614 1.86070937527e-05
BPM.24L4.B2 8862.907433 0.00864703114851 0.0288514229443 1.52191673679e-05 -0.000113031289495
BPM.23L4.B2 8916.358917 0.00628928385693 0.029455401229 -0.000113194859762 -1.39507326358e-05
BPM.22L4.B2 8969.810401 0.0123624108409 0.0274902222424 -1.06514195599e-05 1.54892102565e-05
BPM.21L4.B2 9023.261885 0.0101034683317 0.0283982648881 1.56075581789e-05 1.0477243147e-05
BPM.20L4.B2 9076.713369 0.0157777105001 0.0256827835783 1.00036679613e-05 -1.59152525525e-05
BPM.19L4.B2 9130.164853 0.0136531866633 0.0268725141149 -1.60263636479e-05 -9.82467993505e-06
BPM.18L4.B2 9183.616337 0.0189334735527 0.0234534667061 -9.33867482418e-06 1.63143428639e-05
BPM.17L4.B2 9237.067821 0.0169788604944 0.0249050159061 1.64178956201e-05 9.15537679256e-06
BPM.16L4.B2 9290.519306 0.0217783319785 0.0208385646365 8.65804468788e-06 -1.66855308763e-05
BPM.15L4.B2 9343.97079 0.0200252650673 0.0225284326917 -1.67815049507e-05 -8.47052956424e-06
BPM.14L4.B2 9397.422274 0.0242651277049 0.0178814177039 -7.96243447069e-06 1.7028449028e-05
BPM.13L4.B2 9450.873758 0.0227427996232 0.0197814707839 1.71165541625e-05 7.77122257617e-06
BPM.12L4.B2 9504.325242 0.0276841685323 0.0119217588106 8.2200108325e-06 -1.69056290045e-05
BPM.11L4.B2 9557.776726 0.027240221387 0.0129039474509 -1.53252893548e-05 -1.08859683141e-05
BPMC.10L4.B2 9609.617415 0.0286300110704 0.00942676969131 -1.29169195861e-05 1.36573123316e-05
BPMC.9L4.B2 9648.684405 0.0293842199235 0.00671633386256 1.10455723661e-05 1.52106492724e-05
BPMC.8L4.B2 9689.149394 0.0300220378348 -0.00268677601251 2.93861274579e-06 -1.85669910687e-05
BPMC.7L4.B2 9728.215384 0.0214282991678 0.0211983375763 -1.87694827493e-05 -1.0366711863e-06
BPMYA.6L4.B2 9824.819384 0.0243162678069 0.0178118118205 -6.28809625581e-06 1.77152102976e-05
BPMYB.5L4.B2 9861.819384 0.0242841525398 0.0178555721931 -1.28913837615e-06 1.87538132288e-05
BPMWA.B5L4.B2 9964.209884 0.0299791357923 0.00312936707928 1.55648630714e-05 1.05405779139e-05
BPMWA.A5L4.B2 9973.094884 0.030071456782 0.0020613122953 1.64829929192e-05 9.03766484601e-06
BPMWA.A5R4.B2 10021.14388 0.0301118747903 -0.00134778249532 1.87899545448e-05 5.53500850672e-07
BPMWA.B5R4.B2 10030.02888 0.0301029506937 -0.00153423622389 1.87733147828e-05 -9.6503502422e-07
BPMYA.5R4.B2 10132.49538 0.0299537389223 0.00336378431122 1.2064943631e-05 -1.44154743163e-05
BPMYB.6R4.B2 10164.05938 0.0300289360288 0.00260854710568 8.67310009832e-06 -1.6677671938e-05
BPMCA.7R4.B2 10260.57538 0.0272670198363 0.0128472234417 -1.75364537681e-05 -6.77062119098e-06
BPMC.8R4.B2 10298.36637 0.0228650699695 0.0196400126417 -5.64074124647e-06 1.79318374777e-05
BPMC.9R4.B2 10337.43336 0.0301418256134 0.000108948818538 1.87139482624e-05 -1.77665882623e-06
BPMC.10R4.B2 10377.89835 0.0301229909341 -0.001070952 3.31076382502e-06 -1.85042537413e-05
BPM.11R4.B2 10429.73904 0.0280660068021 -0.0109927604918 -1.81277294434e-05 -4.97532032651e-06
BPM.12R4.B2 10484.46553 0.0276637617656 -0.0119690353308 -5.833570247e-06 1.78700295057e-05
BPM.13R4.B2 10537.91701 0.0245455294491 -0.0174945278625 1.80444874039e-05 5.26924319784e-06
BPM.14R4.B2 10591.36849 0.025877392734 -0.0154564570926 5.06682673231e-06 -1.81023834417e-05
BPM.15R4.B2 10644.81998 0.0221056696835 -0.0204909953236 -1.82464294873e-05 -4.52065773524e-06
BPM.16R4.B2 10698.27146 0.0236874945517 -0.0186398530865 -4.3158558735e-06 1.82959625316e-05
BPM.17R4.B2 10751.72295 0.0193028886488 -0.0231503781934 1.84173598477e-05 3.76425602344e-06
BPM.18R4.B2 10805.17443 0.021108316699 -0.0215169813718 3.55776085997e-06 -1.84583502761e-05
BPM.19R4.B2 10858.62591 0.0161825072147 -0.0254296673432 -1.85569104281e-05 -3.00157944923e-06
BPM.20R4.B2 10912.0774 0.018182299979 -0.024040496853 -2.79340203957e-06 1.85894024374e-05
BPM.21R4.B2 10965.52888 0.0127966649552 -0.0272907839154 1.86649070838e-05 2.23367350396e-06
BPM.22R4.B2 11018.98037 0.0149574669426 -0.0261689836311 2.02447102597e-06 -1.86887657757e-05
BPM.23R4.B2 11072.43185 0.00920002393713 -0.0287036771222 -1.87411555331e-05 -1.46207653106e-06
BPM.24R4.B2 11125.88333 0.0112595166767 -0.027881045118 -4.73843061944e-06 0.00024786676358
BPM.25R4.B2 11179.33482 0.00522913920546 -0.0296105639338 0.000247897279741 -2.70539556049e-06
BPM.26R4.B2 11232.7863 0.00760023523444 -0.0290923669857 -5.47871472095e-06 -0.000247851509874
BPM.27R4.B2 11286.23779 0.00139463456958 -0.0300363843996 -0.00024757485968 1.29257994964e-05
BPM.28R4.B2 11339.68927 0.00358918313423 -0.0298397911391 1.22141427329e-05 0.000476522260158
BPM.29R4.B2 11393.14075 -0.0026791527554 -0.0299352219222 0.00047594053961 -2.65190182946e-05
BPM.30R4.B2 11446.59224 -0.000257941819634 -0.0300537657701 -3.18488454173e-05 -0.000475613628401
BPM.31R4.B2 11500.04372 -0.00649326252926 -0.0293450662376 -0.000474442250101 4.61216838022e-05
BPM.32R4.B2 11553.49521 -0.00409991525228 -0.0297739158666 5.14293837189e-05 0.000473896269903
BPM.33R4.B2 11606.94669 -0.0101877617394 -0.0282755173482 0.000472135872684 -6.56535858275e-05
BPM.34R4.B2 11660.39818 -0.00787592890441 -0.0290045705881 -7.09495942492e-05 -0.000471369086994
BPM.33L5.B2 11713.84966 -0.0137267992924 -0.0267370595343 -0.000469028068763 8.50607529192e-05
BPM.32L5.B2 11767.30114 -0.0115206884309 -0.0277591265968 9.02957014756e-05 0.000468048434239
BPM.31L5.B2 11820.75263 -0.0170296173029 -0.0247646422337 0.000465118411084 -0.000104343316612
BPM.30L5.B2 11874.20411 -0.0149782542604 -0.0260566166282 -0.000109566096753 -0.000463915862098
BPM.29L5.B2 11927.6556 -0.0200616876871 -0.022379098702 -0.000460423997501 0.000123419647512
BPM.28L5.B2 11981.10708 -0.0181874244491 -0.0239272431111 0.000128549906429 0.000459018060061
BPM.27L5.B2 12034.55856 -0.0227566908247 -0.0196323303295 0.000454935654836 -0.000142324298986
BPM.26L5.B2 12088.01005 -0.0213283066836 -0.0214186020194 -0.000150910235254 -0.000224215186387
BPM.25L5.B2 12141.46153 -0.0253095242276 -0.0165251675057 -0.000219590832619 0.000157563352742
BPM.24L5.B2 12194.91302 -0.0238921927043 -0.0185152992505 0.000160012079914 0.000217812962718
BPM.23L5.B2 12248.3645 -0.0272148674337 -0.0131531049485 0.000212894724643 -0.000166499814307
BPM.22L5.B2 12301.81598 -0.0262941157807 -0.0153210604862 -0.000172372268103 1.81023607168e-05
BPM.21L5.B2 12355.26747 -0.0289013182294 -0.00953043670225 2.3267140652e-05 0.000171751363955
BPM.20L5.B2 12408.71895 -0.0280376230671 -0.0118324600844 0.000171478749343 -2.51978672839e-05
BPM.19L5.B2 12462.17044 -0.029883045907 -0.00575490973036 -3.03438439312e-05 -0.000170643331174
BPM.18L5.B2 12515.62192 -0.0293211574256 -0.00814770802479 -0.000170294215271 3.22455692499e-05
BPM.17L5.B2 12569.07341 -0.0303737272612 -0.0018847044683 3.73419467874e-05 0.000169249743483
BPM.16L5.B2 12622.52489 -0.0301224831689 -0.00433029173891 0.000168818759852 -3.92443760823e-05
BPM.15L5.B2 12675.97637 -0.0303652790346 0.00201624600841 -4.43034339368e-05 -0.000167562236749
BPM.14L5.B2 12729.42786 -0.0304289482832 -0.000441049991758 -0.000167057698764 4.61694295167e-05
BPM.13L5.B2 12782.87934 -0.0298578074474 0.00588445011378 5.11631751717e-05 0.000165596570999
BPM.12L5.B2 12836.33083 -0.0304249259851 -0.000662795341236 0.000168730559314 -3.96218420192e-05
BPM.11L5.B2 12889.78231 -0.0302501853763 -0.00332290586131 -3.51761387628e-05 -0.000169713082782
BPM.10L5.B2 12942.565 -0.0299735462953 -0.00526326337066 -0.000161554249225 6.27703322105e-05
BPM.9L5.B2 12981.63199 -0.0304013079142 0.00136963341464 5.45812157752e-05 0.000164501638414
BPM.8L5.B2 13022.09698 -0.0223575218575 -0.0206459835149 0.000113959446329 -0.000130587676349
BPM.7L5.B2 13061.16497 -0.0289967690831 -0.0092359515952 -0.000120570556221 -0.000124509594877
BPMR.6L5.B2 13098.05897 -0.0298676987456 -0.00583403722482 -0.000158959075811 6.90789895942e-05
BPMWT.B6L5.B2 13109.36897 -0.0290021616092 0.00921900433701 -8.82624958172e-05 0.000149163087534
BPMWT.A6L5.B2 13115.19097 -0.0260785938155 0.0156851000472 -4.12568079396e-05 0.000168338258156
BPM.5L5.B2 13129.95897 -0.0189992880854 0.0237727253638 4.40446746752e-05 0.000167630431202
BPMYA.4L5.B2 13157.36497 -0.0111093706504 0.0283319131471 0.000115369481894 0.000129343642098
BPMWB.4L5.B2 13178.42347 -0.00757610040454 0.0294740245222 0.000138451219004 0.000104264808074
BPMWT.B4L5.B2 13178.89297 -0.00753144720576 0.0294854662807 0.000138777988288 0.000103829488297
BPMWT.A4L5.B2 13180.87497 -0.00735390890475 0.0295302462349 0.000140102041376 0.000102035829018
BPMSY.4L5.B2 13271.27947 -0.00656877152268 0.0297147549228 0.000164566538686 5.4385233142e-05
BPMS.2L5.B2 13298.06497 -0.00617345323327 0.0297993942082 0.000167776976473 4.34804057473e-05
BPMSW.1L5.B2 13308.11897 -0.00600573137521 0.0298336489751 0.000169580879557 3.58077791724e-05
BPMSW.1R5.B2 13351.06897 -0.00600583596338 0.0298336278879 0.000153166832622 8.111613472e-05
BPMS.2R5.B2 13361.12297 -0.00617352259512 0.0297993798224 0.000156696668686 7.40686593419e-05
BPMSY.4R5.B2 13387.90847 -0.00656879273489 0.029714750228 0.000161214532428 6.36376595368e-05
BPMWB.4R5.B2 13480.76447 -0.00757596491391 0.0294740593479 0.000173106459859 8.60513139161e-06
BPMYA.4R5.B2 13501.82097 -0.0111088080172 0.0283321337542 0.00017144384145 -2.54344379172e-05
BPMR.5R5.B2 13522.93897 -0.0170300787847 0.0252208611099 0.000153416481058 -8.06429106814e-05
BPM.6R5.B2 13554.83897 -0.0303417870587 0.0023433687385 -2.13935502216e-05 -0.000171994800315
BPMRA.7R5.B2 13588.85297 -0.027336057018 -0.0133736833211 -0.000169999056567 -3.37671500401e-05
BPM.8R5.B2 13630.28998 -0.0271632908052 -0.0137211898775 -6.3913966059e-05 0.00016110524962
BPM.9R5.B2 13669.35499 -0.0295010732808 -0.00747007990841 0.000170086017082 3.33263364875e-05
BPM.10R5.B2 13709.818 -0.0301470178316 0.00415604797789 -1.13756559034e-05 -0.000172946494002
BPM.11R5.B2 13762.59871 -0.0276556678849 -0.0126995847443 -0.000160784471287 6.47166965148e-05
BPM.12R5.B2 13817.32223 -0.0302430410878 -0.00338731231154 5.63118749733e-05 0.000163917258542
BPM.13R5.B2 13870.77074 -0.0303726599285 -0.00190182747091 0.000167919397072 -4.29298406285e-05
BPM.14R5.B2 13924.21926 -0.0301059429407 0.00444382926401 -4.79436163548e-05 -0.000166557199342
BPM.15R5.B2 13977.66777 -0.0303663603479 0.00199989449678 -0.000166017840043 4.9779205675e-05
BPM.16R5.B2 14031.11629 -0.0292900728743 0.00825875595142 5.47210423268e-05 0.000164455168941
BPM.17R5.B2 14084.56481 -0.0298610042988 0.00586820594708 0.000163835332135 -5.65497811734e-05
BPM.18R5.B2 14138.01332 -0.0279931557515 0.0119372798396 -6.14309124042e-05 -0.000162068316525
BPM.19R5.B2 14191.46184 -0.028865208673 0.00963925036331 -0.000161380224924 6.32164603802e-05
BPM.20R5.B2 14244.91035 -0.0262358785572 0.0154205737611 6.80146571685e-05 0.000159417379919
BPM.21R5.B2 14298.35887 -0.0273946523772 0.0132532425778 0.00015865003527 -6.97858755955e-05
BPM.22R5.B2 14351.80738 -0.0240481900372 0.0186493960848 -7.45046561683e-05 -0.000156489457533
BPM.23R5.B2 14405.2559 -0.0254748375088 0.0166477647778 -0.000155656920541 7.62287032718e-05
BPM.24R5.B2 14458.70442 -0.0213644185332 0.0215534164803 8.07520201696e-05 5.14545184461e-05
BPM.25R5.B2 14512.15293 -0.0230342351862 0.0197588499469 5.0553997198e-05 -8.13187982893e-05
BPM.26R5.B2 14565.60145 -0.0184326020558 0.0241086565864 -8.2794940448e-05 -4.80983786427e-05
BPM.27R5.B2 14619.04996 -0.0203177759962 0.0225427620299 -4.71788558446e-05 8.33223314476e-05
BPM.28R5.B2 14672.49848 -0.0150965661342 0.0262494464323 8.4595008532e-05 -5.71823954233e-05
BPM.29R5.B2 14725.947 -0.0171664045955 0.0249450255745 -5.81173199454e-05 -8.39554725908e-05
BPM.30R5.B2 14779.39551 -0.0116158057105 0.0279644918581 -8.21795795742e-05 6.06024731495e-05
BPM.31R5.B2 14832.84403 -0.0138336892384 0.0269363841113 6.15099143474e-05 8.15025787268e-05
BPM.32R5.B2 14886.29254 -0.00794203427561 0.0292209486245 7.96246765575e-05 -6.39222584036e-05
BPM.33R5.B2 14939.74106 -0.0102752127317 0.0284843772992 -6.4801459609e-05 -7.89107955167e-05
BPM.34R5.B2 14993.18958 -0.00414001205991 0.02999666727 -7.69366221398e-05 6.71334481755e-05
BPM.33L6.B2 15046.63809 -0.00654611402035 0.0295649816263 6.79824480016e-05 7.61874395885e-05
BPM.32L6.B2 15100.08661 -0.000267713048062 0.0302798295407 7.41188200174e-05 -7.0232080424e-05
BPM.31L6.B2 15153.53512 -0.00271145916528 0.0301593722788 -7.10497771387e-05 -7.33353353997e-05
BPM.30L6.B2 15206.98364 0.00360680405379 0.0300654404796 -7.11760010969e-05 7.32128461182e-05
BPM.29L6.B2 15260.43215 0.00116990243987 0.0302584050367 7.39976101489e-05 7.03597625538e-05
BPM.28L6.B2 15313.88067 0.00742409345946 0.0293568149438 6.81144653026e-05 -7.60694635183e-05
BPM.27L6.B2 15367.32919 0.00502980532472 0.0298603550783 -7.6820272229e-05 -6.72665613606e-05
BPM.26L6.B2 15420.7777 0.0112169537557 0.0281475154337 -6.50379203272e-05 -2.30448271401e-05
BPM.25L6.B2 15474.22622 0.00890919865132 0.0289608158856 -2.23217204873e-05 6.52896293889e-05
BPM.24L6.B2 15527.67473 0.0147261442437 0.0264809998394 6.59282537732e-05 2.03582297869e-05
BPM.23L6.B2 15581.12325 0.0125408936672 0.0275831227949 1.96264447869e-05 -6.61498057659e-05
BPM.22L6.B2 15634.57177 0.0180915750268 0.024361572515 -6.68071646996e-05 -0.000119484899276
BPM.21L6.B2 15688.02028 0.016066329846 0.0257422677111 -0.000118734964095 6.81311221129e-05
BPM.20L6.B2 15741.4688 0.0210597827559 0.021846666864 7.16547664099e-05 0.000116642356205
BPM.19L6.B2 15794.91731 0.0192283550073 0.0234747026681 0.000115842717552 -7.29404269204e-05
BPM.18L6.B2 15848.36583 0.0236809637631 0.0189737517889 -7.63736268397e-05 -0.000113608569946
BPM.17L6.B2 15901.81435 0.0220724061191 0.020823068707 -0.000112751979417 7.7632664709e-05
BPM.16L6.B2 15955.26286 0.0259138363482 0.0157881090611 8.09728044993e-05 0.000110377746928
BPM.15L6.B2 16008.71138 0.0245553786942 0.0178276380679 0.000109476070453 -8.21877664377e-05
BPM.14L6.B2 16062.15989 0.0277203476211 0.012343971392 -8.54265833382e-05 -0.000106967947767
BPM.13L6.B2 16115.60841 0.0266337184602 0.0145408508311 -0.000106010466355 8.66118819896e-05
BPM.12L6.B2 16169.05693 0.0291988025791 0.00825961440403 8.88173589855e-05 0.000104169671895
BPM.11L6.B2 16222.50544 0.0273674724524 0.0131077363962 0.000110209050131 -8.12022692539e-05
BPM.10L6.B2 16274.34415 0.0292177155371 0.00819246000046 -6.02623934075e-05 -0.000122915769527
BPM.9L6.B2 16313.40916 0.0300654296656 0.00410624419647 -0.000136226250127 1.35000351579e-05
BPM.8L6.B2 16353.87217 0.0274175077608 -0.0130027524014 6.41104016656e-05 0.000120953288152
BPMYB.5L6.B2 16450.96018 0.0267364730307 0.0143510386745 2.43214678221e-05 -0.000134715660163
BPMYA.4L6.B2 16487.36018 0.0272788873531 0.0132911100703 -7.55023357168e-06 -0.000136685187385
BPMSB.B4L6.B2 16518.13068 0.0255986918116 0.0162941179305 -3.82851474174e-05 -0.000131430911397
BPMSB.A4L6.B2 16518.76568 0.0255559093322 0.0163611368844 -3.89703298086e-05 -0.000131229403828
BPMSA.4L6.B2 16615.57568 0.0165494145176 0.0254343897323 -0.00013076808302 -4.0491346075e-05
BPMSE.4R6.B2 16707.14568 0.0157697088318 0.0259250378067 -0.000104690000446 8.82034283837e-05
BPMSA.A4R6.B2 16803.82068 0.02402034881 0.0185422259874 6.59980475439e-06 0.000136734341713
BPMSA.B4R6.B2 16804.40568 0.024062183248 0.0184879052161 7.22463204121e-06 0.000136702762357
BPMYB.4R6.B2 16830.96018 0.0257220844846 0.0160986232817 3.3172830363e-05 0.000132813416191
BPMYA.5R6.B2 16867.36018 0.0258809767129 0.0158419175244 6.07917026998e-05 0.000122654877945
BPM.8R6.B2 16963.08519 0.0302036058746 0.00292121444696 0.000112171043682 -7.84697243925e-05
BPM.9R6.B2 17002.1502 0.0241453030272 -0.018379217707 -9.02062502332e-05 -0.000102969289601
BPM.10R6.B2 17042.61322 0.0199739193522 -0.0228436828901 -0.000123829699527 5.83613307472e-05
BPM.11R6.B2 17094.45193 0.0133858581832 -0.0272325192078 7.37636825426e-05 0.000115320250257
BPM.12R6.B2 17149.17544 0.0188715278504 -0.023762506987 0.000104249732994 -8.87233440588e-05
BPM.13R6.B2 17202.62396 0.0134894528911 -0.0271813532127 -9.19134894777e-05 -0.000101448269785
BPM.14R6.B2 17256.07247 0.0156389698498 -0.0260041135856 -0.000100420644406 9.3035140671e-05
BPM.15R6.B2 17309.52099 0.00990281109846 -0.0286831942819 9.59984885381e-05 9.75916483541e-05
BPM.16R6.B2 17362.96951 0.0121851235948 -0.027790539127 9.65227349169e-05 -9.70731759408e-05
BPM.17R6.B2 17416.41802 0.00615095990311 -0.0297145922749 -9.9918450485e-05 -9.35743019345e-05
BPM.18R6.B2 17469.86654 0.0085289182895 -0.0291212783858 -9.24592277522e-05 0.000100951131567
BPM.19R6.B2 17523.31505 0.00230081250848 -0.030257190278 0.000103672627108 8.93970243668e-05
BPM.20R6.B2 17576.76357 0.00473485344273 -0.0299728621429 8.82425248547e-05 -0.000104657051977
BPM.21R6.B2 17630.21209 -0.00159009608182 -0.0303028529366 -0.000107251106603 -8.50707965291e-05
BPM.22R6.B2 17683.6606 0.000860664945285 -0.0303323351873 -8.38760653817e-05 0.000108188013661
BPM.23R6.B2 17737.10912 -0.00545182817517 -0.0298507767248 0.000110649533594 8.06010411572e-05
BPM.24R6.B2 17790.55763 -0.00305097990717 -0.0301950123942 7.89720334603e-05 -8.57040465477e-05
BPM.25R6.B2 17844.00615 -0.00925223798051 -0.0289040368016 -8.8029009585e-05 -7.6371806177e-05
BPM.26R6.B2 17897.45466 -0.00688948866387 -0.0295564239671 -7.5391646543e-05 8.88699143467e-05
BPM.27R6.B2 17950.90318 -0.0128725453544 -0.0274835374031 9.10862787918e-05 7.26983644508e-05
BPM.28R6.B2 18004.3517 -0.0106384281396 -0.0284343807032 7.12864440227e-05 -6.60549331979e-05
BPM.29R6.B2 18057.80021 -0.0163087427588 -0.025606934002 -6.81587110027e-05 -6.92777068716e-05
BPM.30R6.B2 18111.24873 -0.0141891619241 -0.0268394829089 -6.85185682327e-05 6.89218081194e-05
BPM.31R6.B2 18164.69724 -0.0194497829048 -0.0233108580644 7.09414229483e-05 6.64253730549e-05
BPM.32R6.B2 18218.14576 -0.0175051883981 -0.0248044056303 6.56332662558e-05 -7.16748612494e-05
BPM.33R6.B2 18271.59428 -0.0222724054612 -0.0206308049679 -7.36068254839e-05 -6.34589943271e-05
BPM.34R6.B2 18325.04279 -0.0205349070529 -0.0223608530998 -6.26403673372e-05 7.43047533769e-05
BPM.33L7.B2 18378.49131 -0.0247281261266 -0.0176127776605 7.61461779146e-05 6.03885282161e-05
BPM.32L7.B2 18431.93982 -0.0232261594992 -0.0195508484249 5.95385602601e-05 -7.68125842084e-05
BPM.31L7.B2 18485.38834 -0.0267782612422 -0.0143043658787 -7.85597115306e-05 -5.72134669444e-05
BPM.30L7.B2 18538.83686 -0.0255365923262 -0.0164186665507 -5.63407720968e-05 7.91879240792e-05
BPM.29L7.B2 18592.28537 -0.0283879076181 -0.0107618242146 8.08387702444e-05 5.39453819244e-05
BPM.28L7.B2 18645.73389 -0.027426860906 -0.0130175827282 5.3043323832e-05 -8.14335116708e-05
BPM.27L7.B2 18699.1824 -0.0295314158634 -0.00704170686417 -8.29840644626e-05 -5.05831603639e-05
BPM.26L7.B2 18752.63092 -0.0288927156178 -0.00940354594905 -5.00603859153e-05 0.00010937225348
BPM.25L7.B2 18806.07943 -0.0302151971221 -0.00320274180184 0.000110822043187 4.67633201542e-05
BPM.24L7.B2 18859.52795 -0.0298581925435 -0.00563063320117 4.55274872776e-05 -0.000111335445723
BPM.23L7.B2 18912.97647 -0.0303766570117 0.000688767736582 -0.000112647355071 -4.21770995501e-05
BPM.22L7.B2 18966.42498 -0.0303590539436 -0.00176636159722 -4.13279123533e-05 0.000138941040063
BPM.21L7.B2 19019.8735 -0.0300646264205 0.00457279212915 0.000140116473922 3.71480960488e-05
BPM.20L7.B2 19073.32201 -0.0303356018202 0.00213153744133 3.55861131881e-05 -0.000140521300011
BPM.19L7.B2 19126.77053 -0.0292327929771 0.00838069235455 -0.000141522499058 -3.13686168072e-05
BPM.18L7.B2 19180.21905 -0.029813702171 0.00599461028113 -2.98028870494e-05 0.000141860484691
BPM.17L7.B2 19233.66756 -0.0279203212923 0.0120518815366 0.000142689509133 2.55403964969e-05
BPM.16L7.B2 19287.11608 -0.0288019523876 0.00975908440077 2.39510142728e-05 -0.000142964890499
BPM.15L7.B2 19340.56459 -0.0261497274267 0.0155236575951 -0.000143617067508 -1.96658828981e-05
BPM.14L7.B2 19394.01311 -0.0273169473129 0.0133632548084 -1.80770447025e-05 0.000143825694378
BPM.13L7.B2 19447.46163 -0.0239484271375 0.0187420657044 0.000144302624304 1.37609062721e-05
BPM.12L7.B2 19500.91014 -0.0257328157109 0.0162053813669 1.40947044539e-05 -0.000144270390759
BPM.11L7.B2 19554.35866 -0.0213220017516 0.0216832753723 -0.000144043619938 -1.62494115458e-05
BPM.10L7.B2 19607.13937 -0.0212091721021 0.0217936506352 -2.26756588826e-05 0.000143172689376
BPM.9L7.B2 19646.20438 -0.0112394443787 0.0282571597987 0.000124440853395 7.43443708856e-05
BPM.8L7.B2 19686.66739 -0.000702815553592 0.0304022735984 8.8182999633e-05 -0.000115049413576
BPM.7L7.B2 19725.7314 0.018580926923 0.0240736649153 -0.000107338431914 -9.74221636569e-05
BPMR.6L7.B2 19760.5494 0.0182826904213 0.0243009345637 -0.000144774348917 7.28011379351e-06
BPMWC.6L7.B2 19772.7279 0.0215338974607 0.0214728538046 -0.000136931448199 4.75645178981e-05
BPMWE.5L7.B2 19849.7819 0.00791741428858 0.0293616542622 5.38585443249e-05 0.000134580331062
BPMW.5L7.B2 19872.9869 -0.00170123457252 0.0303627731044 0.000107058977927 9.7729134171e-05
BPMWE.4L7.B2 19908.0719 -0.00165089015987 0.0303655520456 0.000137263565185 4.65975711342e-05
BPMW.4L7.B2 19936.1769 0.0103958067376 0.0285783028173 0.000141246658011 -3.2588170875e-05
BPMW.4R7.B2 20052.2239 0.0167590334372 0.025375716511 -0.000102375614584 -0.000102624743072
BPMWE.4R7.B2 20080.3289 0.00669603881015 0.0296640397505 -0.000140154986812 -3.70025604078e-05
BPMW.5R7.B2 20115.4139 0.00804859883687 0.0293259654005 -0.000141426567694 3.17983305695e-05
BPMWE.5R7.B2 20138.6189 0.0219438285651 0.0210537544663 -8.97639893454e-05 0.000113820205383
BPM.6R7.B2 20217.7584 0.0292637611539 0.00827190864215 0.000136945330449 4.75245699779e-05
BPM_A.7R7.B2 20255.7944 0.024819882161 0.0175717284063 0.000128210246593 -6.76368134953e-05
BPM.8R7.B2 20294.85841 0.0246657978309 0.017787372121 2.05631605869e-05 -0.000143491345568
BPM.9R7.B2 20333.92342 0.0303206461818 0.00233465304712 -0.000142691863718 -2.55272888789e-05
BPM.10R7.B2 20374.38643 0.0278847782248 -0.0121338919196 -4.04878000863e-05 0.000139188159694
BPM.11R7.B2 20427.16714 0.0282408561435 -0.0112803472244 0.000132412393441 5.89878273669e-05
BPM.12R7.B2 20481.89066 0.026491743251 -0.0149325057866 5.80355140844e-05 -0.000132832546062
BPM.13R7.B2 20535.33917 0.0277388318686 -0.0124639238177 -0.000133892125992 -5.55473341612e-05
BPM.14R7.B2 20588.78769 0.02454831963 -0.0179491557745 -5.15106165422e-05 0.000135496371137
BPM.15R7.B2 20642.23621 0.025917063901 -0.0159090536538 0.000136058513096 5.00068960805e-05
BPM.16R7.B2 20695.68472 0.022050818996 -0.0209416706861 4.591756032e-05 -0.000137492510999
BPM.17R7.B2 20749.13324 0.0236683653561 -0.0190945193915 -0.000137993911518 -4.43879310568e-05
BPM.18R7.B2 20802.58175 0.0191905523305 -0.0235905678275 -4.02342933734e-05 0.000139261665271
BPM.19R7.B2 20856.03027 0.0210323142784 -0.0219643790102 0.000139698762293 3.86893296847e-05
BPM.20R7.B2 20909.47879 0.0160154810309 -0.0258514324014 3.44949469537e-05 -0.000140793138084
BPM.21R7.B2 20962.9273 0.0180486326925 -0.0244752742124 -0.000141167405265 -3.29297667373e-05
BPM.22R7.B2 21016.37582 0.0125767249532 -0.0276878706153 -2.86875868148e-05 0.000142090222729
BPM.23R7.B2 21069.82433 0.0147709609048 -0.0265821538479 0.000142399346213 2.71114308411e-05
BPM.24R7.B2 21123.27285 0.00884552499476 -0.0290522427212 2.29252177252e-05 -5.4759899431e-05
BPM.25R7.B2 21176.72137 0.0111607063286 -0.0282438445363 -5.50107723588e-05 -2.23164724919e-05
BPM.26R7.B2 21230.16988 0.00505626843691 -0.0299451209625 -2.06598987011e-05 5.56541097363e-05
BPM.27R7.B2 21283.6184 0.00745675819398 -0.0294393083651 5.58798180611e-05 2.00414118049e-05
BPM.28R7.B2 21337.06691 0.00109820800789 -0.0303292223277 1.8446936171e-05 3.19300353301e-05
BPM.29R7.B2 21390.51543 0.00354228407578 -0.0301416656974 3.17235484808e-05 -1.87998251939e-05
BPM.30R7.B2 21443.96394 -0.00279075827711 -0.0302205138183 -1.97408784122e-05 -3.11466290264e-05
BPM.31R7.B2 21497.41246 -0.000343043387277 -0.0303471598099 -3.09258107114e-05 2.00851000491e-05
BPM.32R7.B2 21550.86098 -0.00663335176106 -0.0296153073856 2.10014541657e-05 3.03109894821e-05
BPM.33R7.B2 21604.30949 -0.00422172411164 -0.0300540318953 3.00761850302e-05 -2.13363456616e-05
BPM.34R7.B2 21657.75801 -0.0103675183795 -0.0285233649965 -2.22269945343e-05 -2.94240770143e-05
BPM.33L8.B2 21711.20652 -0.0080319905841 -0.0292669594434 -2.91758594514e-05 2.25518316775e-05
BPM.32L8.B2 21764.65504 -0.0139307511431 -0.0269629738619 2.34147053703e-05 2.84880323882e-05
BPM.31L8.B2 21818.10356 -0.0117094215288 -0.0279992363323 2.82264869626e-05 -2.37293324679e-05
BPM.30L8.B2 21871.55207 -0.017265669071 -0.0249592559944 -2.45635533955e-05 -2.75036030581e-05
BPM.29L8.B2 21925.00059 -0.015195204465 -0.0262711543107 -2.72296783038e-05 2.48668640378e-05
BPM.28L8.B2 21978.4491 -0.0203163504692 -0.0225458131663 2.56704658061e-05 2.64734347616e-05
BPM.27L8.B2 22031.89762 -0.0184306989227 -0.0241117631925 2.61869181497e-05 -2.59626875911e-05
BPM.26L8.B2 22085.34614 -0.0231203453903 -0.0197454234086 -2.66487848292e-05 6.29865728528e-05
BPM.25L8.B2 22138.79465 -0.021451170274 -0.0215471439255 6.32784017639e-05 2.59482167223e-05
BPM.24L8.B2 22192.24317 -0.0254560659741 -0.0166259081644 2.40420260926e-05 -6.40269317921e-05
BPM.23L8.B2 22245.69168 -0.0240316342175 -0.0186255919072 -6.42894162672e-05 -2.33310162255e-05
BPM.22L8.B2 22299.1402 -0.0274607025684 -0.0132166602033 -2.13152165539e-05 0.000153347663894
BPM.21L8.B2 22352.58871 -0.0263042261166 -0.0153901911097 0.000153575151587 1.96089686123e-05
BPM.20L8.B2 22406.03723 -0.028925711089 -0.00959549538768 1.49986480391e-05 -0.000154093750155
BPM.19L8.B2 22459.48575 -0.0280572519685 -0.0118979370349 -0.000154250197375 -1.32936971765e-05
BPM.18L8.B2 22512.93426 -0.0299155494488 -0.00581637297819 -8.67743755772e-06 0.000154578593991
BPM.17L8.B2 22566.38278 -0.0293485030768 -0.00821192186552 0.000154665569008 6.9573991832e-06
BPM.16L8.B2 22619.83129 -0.0304138012368 -0.00194190320212 2.32003698714e-06 -0.000154804582141
BPM.15L8.B2 22673.27981 -0.0301579390072 -0.0043896478819 -0.000154820770855 -6.08745369939e-07
BPM.14L8.B2 22726.72833 -0.0304123401924 0.00196465202727 4.01909291048e-06 0.00015476980723
BPM.13L8.B2 22780.17684 -0.0304716948341 -0.000496092339315 0.000154715494426 -5.74104826592e-06
BPM.12L8.B2 22833.62536 -0.0292459271185 0.00857006655108 -2.28658848973e-06 -0.000154805090412
BPM.11L8.B2 22887.07387 -0.0295620441015 0.00740647299386 -0.000153400514298 -2.09314688674e-05
BPM.10L8.B2 22938.91258 -0.0289359973476 0.00956443155935 -3.45302569617e-05 0.000150922197338
BPM.9L8.B2 22977.9776 -0.0296082745925 0.00721944386613 0.000141949439591 6.18077590552e-05
BPM.8L8.B2 23018.44061 -0.00786678942705 0.0294428924883 1.99636960216e-05 -0.000153529462279
BPM.7L8.B2 23057.50662 -0.00731234045103 0.0295854689117 -8.70099667658e-05 -0.000128058995114
BPM.6L8.B2 23089.97562 -0.0230642837101 0.0199200680358 -0.000154711425508 -5.84971485838e-06
BPMR.5L8.B2 23150.39462 -0.00711990450525 0.0296323683442 7.60675796329e-05 -0.000134846455499
BPMYB.4L8.B2 23171.16162 -0.00190743439041 0.0304159824402 2.31837770285e-05 -0.000153076306421
BPMWB.4L8.B2 23195.62912 -0.00345231038245 0.0302795615336 -1.11792585873e-05 -0.000154417836841
BPMSX.4L8.B2 23245.78612 -0.00284192387208 0.0303429359543 -5.56147628695e-05 -0.000144488207444
BPMS.2L8.B2 23283.69762 -0.0032166632367 0.0303055006904 -8.07698257857e-05 -0.000132083677491
BPMSW.1L8.B2 23293.63162 -0.00355610426015 0.0302675472402 -9.21303100347e-05 -0.000124426099231
BPMSW.1R8.B2 23336.82162 -0.00355555465007 0.0302676118108 -1.317581477e-05 -0.000154260312292
BPMS.2R8.B2 23346.75562 -0.0032162857027 0.0303055407005 -2.67612926346e-05 -0.000152491536451
BPMSX.4R8.B2 23384.66712 -0.0028419141313 0.0303429368681 -5.38336839836e-05 -0.000145161213488
BPMWI.4R8.B2 23434.90012 -0.00345088140116 0.0302797244243 -9.38031268988e-05 -0.000123169878479
BPMYB.4R8.B2 23459.29162 -0.00190761743614 0.0304159709582 -0.000118620915845 -9.94933706848e-05
BPMYB.5R8.B2 23479.86862 -0.00682771844333 0.0297010530925 -0.000145694664142 -5.23727610714e-05
BPMR.6R8.B2 23563.97662 -0.0228712626568 0.020141391146 9.28944569331e-05 -0.000123856642054
BPM_A.7R8.B2 23586.21662 -0.0168029968876 0.0254249796376 3.73811050724e-05 -0.000150241473904
BPM.8R8.B2 23627.65561 -0.00141490837497 0.0304428699007 -0.000116082744364 -0.000102443358524
BPM.9R8.B2 23666.7226 0.0174204876486 0.0250059373887 1.69111371472e-06 0.000154812734872
BPM.10R8.B2 23707.18758 -0.00780406155557 0.0294595810775 0.000139344241359 -6.74761104504e-05
BPM.11R8.B2 23759.02827 2.87488352417e-05 0.030475719301 -5.05438438793e-05 -0.000146339218401
BPM.12R8.B2 23813.75476 0.00108566242295 0.0304563889916 -0.000147209092334 4.79512690631e-05
BPM.13R8.B2 23867.20624 0.00861751730715 0.0292319805991 5.70303030765e-05 0.00014393535311
BPM.14R8.B2 23920.65773 0.00623085119688 0.0298319759143 0.000143288245373 -5.86372266027e-05
BPM.15R8.B2 23974.10921 0.0122857241965 0.0278896266486 -6.29145045675e-05 -0.000141462394922
BPM.16R8.B2 24027.56069 0.00999409378978 0.0287904217226 -0.000140747565823 6.44978291727e-05
BPM.17R8.B2 24081.01218 0.0157533150249 0.0260883759568 6.86985599488e-05 0.00013874564123
BPM.18R8.B2 24134.46366 0.0135967262685 0.0272745179268 0.000137968798636 -7.02456549173e-05
BPM.19R8.B2 24187.91515 0.0189606338814 0.0238592677458 -7.43575958678e-05 -0.000135796885087
BPM.20R8.B2 24241.36663 0.0169727012624 0.02531200714 -0.000134953137395 7.58781840514e-05
BPM.21R8.B2 24294.81811 0.0218576481907 0.0212370786496 7.98997629955e-05 0.000132611728112
BPM.22R8.B2 24348.2696 0.0200725263851 0.022931724265 0.000131710906695 -8.13761528579e-05
BPM.23R8.B2 24401.72108 0.0243943933607 0.0182670158004 -8.52951597928e-05 -0.000129207502387
BPM.24R8.B2 24455.17257 0.0227059959895 0.0201673564213 -0.000130280100968 0.000221353492885
BPM.25R8.B2 24508.62405 0.0263981428831 0.0150140791127 0.000225165695623 0.000123574656193
BPM.26R8.B2 24562.07554 0.0251000580699 0.0170959528491 0.000121059730444 -0.000226527738676
BPM.27R8.B2 24615.52702 0.028101403633 0.0115150177388 -0.000230064918645 -0.000114194582673
BPM.28R8.B2 24668.9785 0.0269458431158 0.0137363383008 -0.000113622405156 0.000365936344128
BPM.29R8.B2 24722.42999 0.0292104105674 0.00784330062454 0.000369179017758 0.000102597803118
BPM.30R8.B2 24775.88147 0.0284819327558 0.010175704281 9.8494547069e-05 -0.000370294878193
BPM.31R8.B2 24829.33296 0.0299736347277 0.00404310179455 -0.000373092424479 -8.73012681239e-05
BPM.32R8.B2 24882.78444 0.0295495566789 0.00644896512239 -8.30753678788e-05 0.000374056091507
BPM.33R8.B2 24936.23592 0.0302445829649 0.000175078180338 0.000376377970851 7.18267959895e-05
BPM.34R8.B2 24989.68741 0.0301317868028 0.00261550666886 6.7645656549e-05 -0.000377151874672
BPM.33L1.B2 25043.13889 0.0300184397296 -0.00369577153166 -0.000379018269872 -5.62549173895e-05
BPM.32L1.B2 25096.59038 0.0302188121976 -0.00126049207631 -5.19653311337e-05 0.0003796301821
BPM.31L1.B2 25150.04186 0.0292992611453 -0.00750458175571 0.000381016699338 4.05676754848e-05
BPM.30L1.B2 25203.49334 0.0298092599521 -0.00511600159308 3.63342218276e-05 -0.000381443695696
BPM.29L1.B2 25256.94483 0.0280978591482 -0.0111926655626 -0.000382365212548 -2.48256111739e-05
BPM.28L1.B2 25310.39631 0.0289098751227 -0.00888732642593 -2.0504221766e-05 0.0003826212784
BPM.27L1.B2 25363.8478 0.0264363033772 -0.0146931043288 0.000383063805636 9.03249596516e-06
BPM.26L1.B2 25417.29928 0.0274008236706 -0.0125206138761 2.70273924532e-06 -0.000248524995317
BPM.25L1.B2 25470.75077 0.0242047602713 -0.0179360109671 -0.000248493732079 4.77869601106e-06
BPM.24L1.B2 25524.20225 0.0255740453965 -0.0159229114971 7.57520676069e-06 0.000248424222125
BPM.23L1.B2 25577.65373 0.0217129764093 -0.020883427983 0.000248085299707 -1.50221618822e-05
BPM.22L1.B2 25631.10522 0.0231925938929 -0.0190716262684 -1.98497326673e-05 -0.000113298218836
BPM.21L1.B2 25684.5567 0.0187286839067 -0.0234704013512 -0.000112650141792 2.32473844331e-05
BPM.20L1.B2 25738.00819 0.0205625073693 -0.0218816505617 2.45100073282e-05 0.000112382180788
BPM.19L1.B2 25791.45967 0.0155734274843 -0.0256727812384 0.000111595700973 -2.78728356575e-05
BPM.18L1.B2 25844.91115 0.01759397865 -0.0243325965585 -2.91197539841e-05 -0.000111276827479
BPM.17L1.B2 25898.36264 0.0121599467726 -0.0274546723674 -0.000110351138188 3.24518116577e-05
BPM.16L1.B2 25951.81412 0.0143370522727 -0.0263831816161 3.36874915048e-05 0.00010998021574
BPM.15L1.B2 26005.26561 0.0085492657601 -0.0287842560296 0.000108919036025 -3.69748325581e-05
BPM.14L1.B2 26058.71709 0.0108436168432 -0.0280007020323 -3.81917597329e-05 -0.000108498308798
BPM.13L1.B2 26112.16857 0.00479524007833 -0.0296416769593 -0.000107301465564 4.14353498056e-05
BPM.12L1.B2 26165.62006 0.0110478777069 -0.0279207402861 3.39330841929e-05 0.000109904682601
BPM.11L1.B2 26219.07154 0.0134493666478 -0.0268465617317 0.000110759412697 -3.10297754332e-05
BPM.10L1.B2 26271.85423 0.0151489224827 -0.0259255373609 -4.89318159705e-05 -0.000104096962879
BPM.9L1.B2 26310.92122 0.0091586050853 -0.0285962111658 -0.000106420372116 4.36486008585e-05
BPM.8L1.B2 26351.38621 0.026768554964 -0.0136039628841 9.16593854557e-05 6.94914020107e-05
BPM.7L1.B2 26390.4542 0.0184899329445 -0.0236589458831 7.69361895683e-05 -8.55062725731e-05
BPMR.6L1.B2 26433.6382 0.00823436093865 -0.0288759179992 -8.41659558181e-05 -7.84001749403e-05
BPM.5L1.B2 26465.5382 -0.0174934158612 -0.0244049941923 -0.000103039023929 5.11219290901e-05
BPMYA.4L1.B2 26486.6562 -0.0224018166813 -0.0199945479518 -8.03688659654e-05 8.22881535833e-05
BPMWB.4L1.B2 26507.7127 -0.0246697334977 -0.0171180486464 -6.27143456046e-05 9.64230630484e-05
BPMSY.4L1.B2 26600.5687 -0.0252377630031 -0.0162689476879 -2.84991659483e-05 0.000111437439006
BPMS.2L1.B2 26627.3542 -0.0254516289725 -0.015932291875 -2.11331878162e-05 0.000113066090265
BPMSW.1L1.B2 26637.4082 -0.0255408294197 -0.0157889011616 -1.59713396066e-05 0.000113909832487
