BPMSW.1R1.B2 21.475 0.00873380197198 -6.53685817857e-08 -2.54264867451e-08 -3.59355830537e-09
BPMS.2R1.B2 31.529 0.00872806873535 0.000316406877242 -2.5403957715e-08 3.64096217217e-09
BPMSY.4R1.B2 58.3145 0.00865425637356 0.00117607130336 -2.13034021661e-08 1.43132468584e-08
BPMWB.4R1.B2 151.1705 0.00852802688522 0.00188468950914 1.59655617047e-08 2.00964807363e-08
BPMYA.4R1.B2 172.227 0.00817607540074 0.00307100766592 2.21910310473e-08 1.28889741282e-08
BPMR.5R1.B2 199.635 0.00824458041091 0.00288204630016 2.54833207884e-08 3.026378162e-09
BPM.6R1.B2 231.535 0.00799016511294 0.00352655051695 2.37247762658e-08 -9.79920892408e-09
BPMRA.7R1.B2 259.259 0.00767399461621 0.0041700244296 1.4933614168e-08 -2.0875737148e-08
BPM.8R1.B2 300.6960106 0.00572337658637 0.00659714010264 -1.71999908135e-08 -1.90492866407e-08
BPM.9R1.B2 339.7610212 0.00637093338729 0.00597415306656 -1.3915605712e-08 2.15698004149e-08
BPM.10R1.B2 380.2240318 0.00828839445917 0.0027535094595 2.40684834998e-08 8.90265308222e-09
BPM.11R1.B2 433.0047424 0.00587120253993 0.00646593209152 1.62506109583e-09 -2.56164110858e-08
BPM.12R1.B2 487.7282583 0.00682824504536 0.00544558231178 -2.56614681856e-08 4.77242395456e-10
BPM.13R1.B2 541.1767742 0.00599019198248 0.00635585533875 1.93253673336e-09 2.5596465557e-08
BPM.14R1.B2 594.6252901 0.00717880110715 0.00497434535613 2.55208942166e-08 -2.70687457938e-09
BPM.15R1.B2 648.073806 0.00675405929033 0.00553732608629 -2.98485665106e-09 -2.54935386719e-08
BPM.16R1.B2 701.5223219 0.00775617762724 0.0040150972192 -2.53936126321e-08 3.74849585915e-09
BPM.17R1.B2 754.9708378 0.00740680212007 0.00462802111261 4.02890956548e-09 2.53483544924e-08
BPM.18R1.B2 808.4193537 0.0082060560904 0.00298997332405 2.52154428683e-08 -4.784545933e-09
BPM.19R1.B2 861.8678696 0.00793805415896 0.00364233349214 -5.06573704855e-09 -2.51608977181e-08
BPM.20R1.B2 915.3163855 0.00852111043801 0.00191571762496 -2.49994718355e-08 5.81393503029e-09
BPM.21R1.B2 968.7649014 0.00833869860508 0.00259719130233 6.09631819052e-09 2.49301301368e-08
BPM.22R1.B2 1022.213417 0.00869617051331 0.000809886143136 2.47456849605e-08 -6.83842124817e-09
BPM.23R1.B2 1075.661933 0.00860246322814 0.00150894780734 -7.10567279943e-09 -2.46646034306e-08
BPM.24R1.B2 1129.110449 0.00912665808679 -0.000385035095305 -4.02255446963e-07 -0.000405384539524
BPM.25R1.B2 1182.558965 0.00912796214924 0.000352770292034 -0.000405355087027 4.9031530739e-06
BPM.26R1.B2 1236.007481 0.00900239354975 -0.00154953226918 1.70526479759e-05 0.000405025921094
BPM.27R1.B2 1289.455997 0.00909807895644 -0.000817984838229 0.000404812282606 -2.1536216551e-05
BPM.28R1.B2 1342.904513 0.00912863183863 -0.00276426226017 -3.39774762346e-05 -0.000809417549016
BPM.29R1.B2 1396.353029 0.0093218998894 -0.00201872423717 -0.000808988876168 4.29910119867e-05
BPM.30R1.B2 1449.801545 0.00869992439591 -0.00390952433891 6.72409833119e-05 0.000807335053498
BPM.31R1.B2 1503.25006 0.00898711958532 -0.0031944869085 0.000806543669413 -7.61481641175e-05
BPM.32R1.B2 1556.698576 0.00812848945234 -0.0049900625567 -0.000100196484101 -0.00080391037697
BPM.33R1.B2 1610.147092 0.00850452558631 -0.00431811412643 -0.000802743896149 0.000109148863945
BPM.34R1.B2 1663.595608 0.00742321714717 -0.00598906606179 0.000133170464509 0.000799110045496
BPM.33L2.B2 1717.044124 0.00788252857657 -0.00537017768227 0.000797591843886 -0.000141980588745
BPM.32L2.B2 1770.49264 0.00659628811851 -0.00688927050485 -0.000165745232882 -0.000792994170356
BPM.31L2.B2 1823.941156 0.00713043380146 -0.00633482272754 -0.000791097878314 0.000174571973757
BPM.30L2.B2 1877.389672 0.00566066187237 -0.00767658597497 0.00019820068121 0.000785511123574
BPM.29L2.B2 1930.838188 0.00626205013041 -0.00719442792626 0.000783275562726 -0.000206858953243
BPM.28L2.B2 1984.286704 0.00463230286647 -0.00833755571035 -0.00023018201778 -0.000776741574392
BPM.27L2.B2 2037.73522 0.00528959318885 -0.00793682990772 -0.000774129580505 0.000238819229474
BPM.26L2.B2 2091.183735 0.00392564456429 -0.00893785544365 0.000261486254672 0.000361237062627
BPM.25L2.B2 2144.632251 0.00463434590634 -0.00859178579431 0.000358322561316 -0.000265466034237
BPM.24L2.B2 2198.080767 0.00275009786289 -0.00936658459183 -0.000276069424188 -0.000350218427773
BPM.23L2.B2 2251.529283 0.00349674518794 -0.00911420420722 -0.000347128196487 0.000279945150376
BPM.22L2.B2 2304.977799 0.00192730556471 -0.0097175613239 0.000289811715483 -6.68225581134e-05
BPM.21L2.B2 2358.426315 0.00270516639371 -0.00953035044584 -7.00281505558e-05 -0.000289053878245
BPM.20L2.B2 2411.874831 0.000668348736316 -0.00988427108057 -0.000286828081585 7.86494411797e-05
BPM.19L2.B2 2465.323347 0.00146386431245 -0.00979809195838 8.18295703659e-05 0.000285937068519
BPM.18L2.B2 2518.771863 -0.00060144874508 -0.00988856735141 0.000283360966293 -9.03473723683e-05
BPM.17L2.B2 2572.220379 0.000198435400821 -0.0099048537704 -9.348034801e-05 -0.000282342892016
BPM.16L2.B2 2625.668894 -0.00186155662543 -0.00973037058452 -0.00027941807749 0.000101890251487
BPM.15L2.B2 2679.11741 -0.00107018636675 -0.00984886825836 0.000104986302667 0.000278269584243
BPM.14L2.B2 2732.565926 -0.0030908391906 -0.00941234391541 0.00027500408796 -0.000113264446402
BPM.13L2.B2 2786.014442 -0.00232128712298 -0.0096310503538 -0.000116303913023 -0.000273732507933
BPM.12L2.B2 2839.462958 -0.00447009216374 -0.00884102827241 -0.000271771915467 0.000120814369074
BPM.11L2.B2 2892.911474 -0.00269676551498 -0.00953273101342 9.40487538723e-05 0.000282154067562
BPM.10L2.B2 2944.750185 -0.0034614033495 -0.00928246689593 0.000294726558878 -3.99041614367e-05
BPM.9L2.B2 2983.815195 -0.00525018345874 -0.0084012545771 2.08679319189e-05 -0.000296682683361
BPM.8L2.B2 3024.278206 -0.00809713436031 -0.00570805746151 -0.000224315760316 0.000195290874472
BPM.7L2.B2 3063.344216 0.00147002666269 -0.00979716930623 0.000224059780141 0.00019558451065
BPM.6L2.B2 3095.450216 0.00240513041366 -0.00961045537395 0.000289110966613 6.9792081438e-05
BPMYB.5L2.B2 3167.649216 -9.56987445114e-05 -0.00990637908305 8.66940328936e-05 -0.000284499965587
BPMYB.4L2.B2 3188.219216 -0.00200650620617 -0.00970151728789 -9.54567595027e-05 -0.000281680832706
BPMWB.4L2.B2 3212.610716 -0.000151938544211 -0.00990567612629 -0.000282782852554 -9.21408846773e-05
BPMSX.4L2.B2 3262.843716 -0.00505897580595 -0.00851776194824 -5.55113924122e-06 0.000297363868208
BPMS.2L2.B2 3300.755216 -0.00506955137912 -0.00851147188256 0.000186961611675 0.000231303743279
BPMSW.1L2.B2 3310.689216 -0.00474633062922 -0.00869585248154 0.000240350094929 0.000175179666977
BPMSW.1R2.B2 3353.879216 -0.0047464472727 -0.00869578881405 -0.00021204711618 0.000208547602902
BPMS.2R2.B2 3363.813216 -0.00506963899698 -0.00851141969599 -0.000151001538725 0.000256231560675
BPMSX.4R2.B2 3401.724716 -0.00505895766986 -0.00851777271998 4.91209030853e-05 0.000293331248149
BPMWB.4R2.B2 3451.881716 -0.000150208452282 -0.0099057025105 0.000266626154989 -0.000131782313978
BPMYB.4R2.B2 3476.349216 -0.00196372499363 -0.0097102671937 5.33067367544e-05 -0.000292599516264
BPM.5R2.B2 3505.883216 0.00425691728884 -0.00894562239238 -0.000240078930609 -0.000175551111248
BPMR.6R2.B2 3579.179216 0.0055549680423 -0.00820291624415 -0.000189547512559 0.000229189487399
BPM_A.7R2.B2 3592.054216 0.0052009059212 -0.00843184929079 -0.000145738537489 0.00025926118828
BPM.8R2.B2 3633.493206 0.00160092637583 -0.00977663232245 0.000159418574888 0.000251081264278
BPM.9R2.B2 3672.560195 -0.00775174482452 -0.00616895104609 0.000168740309478 -0.000244913846218
BPM.10R2.B2 3713.025185 -0.00818473820138 -0.00558171706222 -0.000169197325502 -0.000244598344138
BPM.11R2.B2 3764.865874 -0.00858296683018 -0.00494754335206 -0.000259840153415 0.000144703764127
BPM.12R2.B2 3819.592358 -0.00825302816182 -0.00548024004265 0.000167073786093 0.00024605372514
BPM.13R2.B2 3873.043842 -0.00952815105249 -0.00271290292508 0.000226661936291 -0.000192562862258
BPM.14R2.B2 3926.495326 -0.00927820632744 -0.00347280753624 -0.000195087257668 -0.000224492865425
BPM.15R2.B2 3979.94681 -0.00979697345974 -0.00147133131631 -0.00021853086579 0.000201743268878
BPM.16R2.B2 4033.398294 -0.00964622452887 -0.00225740052981 0.000204179524643 0.000216256341853
BPM.17R2.B2 4086.849779 -0.0099046958238 -0.000206168465952 0.0002100236668 -0.000210585246181
BPM.18R2.B2 4140.301263 -0.00985575574117 -0.00100478035885 -0.000212924834233 -0.000207651391993
BPM.19R2.B2 4193.752747 -0.00984966671901 0.00106281247682 -0.000201161926253 0.000219066108113
BPM.20R2.B2 4247.204231 -0.00990331706071 0.000264227217489 0.00022130631479 0.000198694743356
BPM.21R2.B2 4300.655715 -0.00963282248997 0.00231392214709 0.000191954546991 -0.000227177329845
BPM.22R2.B2 4354.107199 -0.00978813614045 0.00152901791085 -0.000229313717255 -0.000189397212128
BPM.23R2.B2 4407.558683 -0.00925759720301 0.00352737846773 -0.000182424536637 0.000234898638582
BPM.24R2.B2 4461.010167 -0.00895749109401 0.0028034015209 0.000245374663592 -0.000375756739571
BPM.25R2.B2 4514.461651 -0.00818067188574 0.00460133830968 -0.000382951972514 -0.000233986418193
BPM.26R2.B2 4567.913135 -0.00852523954613 0.00392632110341 -0.000229696257491 0.000385540510718
BPM.27R2.B2 4621.36462 -0.00752448024464 0.00561051725059 0.000392273460143 0.0002179986035
BPM.28R2.B2 4674.816104 -0.00739848772345 0.00501938652239 0.000221984033078 -0.000950176008052
BPM.29R2.B2 4728.267588 -0.00619595063309 0.00644531282419 -0.000956404258191 -0.000193396615916
BPM.30R2.B2 4781.719072 -0.00669553579612 0.00592466556651 -0.000182731095175 0.000958499195124
BPM.31R2.B2 4835.170556 -0.00531954033812 0.00718570471563 0.000963565067275 0.000153797670058
BPM.32R2.B2 4888.62204 -0.00588268119823 0.0067324530112 0.000142938757789 -0.00096523566062
BPM.33R2.B2 4942.073524 -0.00435773522181 0.00780653607006 -0.00096908870514 -0.000113922973007
BPM.34R2.B2 4995.525008 -0.00497295909147 0.00742977385689 -0.000103102552301 0.000970299555658
BPM.33L3.B2 5048.976492 -0.00332197381985 0.00830038261824 0.000972962085991 7.38657099878e-05
BPM.32L3.B2 5102.427976 -0.00398181298887 0.00800481273715 6.2924762597e-05 -0.000973730886955
BPM.31L3.B2 5155.87946 -0.00223423652606 0.00865679206166 -0.000975180797218 -3.36714354294e-05
BPM.30L3.B2 5209.330945 -0.00292482573142 0.00844850614478 -2.276968348e-05 0.000975496232264
BPM.29L3.B2 5262.782429 -0.00110698254 0.00887166564545 0.000975739851681 -6.56571521842e-06
BPM.28L3.B2 5316.233913 -0.0018203065158 0.00875319060963 -1.75152971208e-05 -0.000975604725242
BPM.27L3.B2 5369.685397 3.55623314354e-05 0.00894039132256 -0.000974638380901 4.68122670654e-05
BPM.26L3.B2 5423.136881 -0.000131116240318 0.00894913920866 6.61915084186e-05 0.000418562292417
BPM.25L3.B2 5476.588365 0.00172937257814 0.00878143237375 0.000416385207431 -7.87341615977e-05
BPM.24L3.B2 5530.039849 0.00101439401886 0.00889242873693 -8.33981922255e-05 -0.000415476172771
BPM.23L3.B2 5583.491333 0.00283785637302 0.00848827752279 -0.000412781701824 9.58486869364e-05
BPM.22L3.B2 5636.942817 0.00269819624563 0.00872464384017 0.000108937910087 -0.000143814482382
BPM.21L3.B2 5690.394301 0.0044501283653 0.00797471194926 -0.000147021368474 -0.000104569560108
BPM.20L3.B2 5743.845786 0.00379175693673 0.00830796319434 -0.000102912557334 0.000148185962388
BPM.19L3.B2 5797.29727 0.00543371877698 0.00733991643759 0.000151212102822 9.84122663601e-05
BPM.18L3.B2 5850.748754 0.00482374657467 0.00775442725883 9.67156418358e-05 -0.000152302856967
BPM.17L3.B2 5904.200238 0.00632806765369 0.00658446907005 -0.000155138509646 -9.20984083425e-05
BPM.16L3.B2 5957.651722 0.00577583708569 0.00707385178475 -9.03502171807e-05 0.000156163096248
BPM.15L3.B2 6011.103206 0.00711838236282 0.00572086580223 0.000158808285229 8.56154271287e-05
BPM.14L3.B2 6064.55469 0.00663353021903 0.00627661930911 8.38354738339e-05 -0.000159755085413
BPM.13L3.B2 6118.006174 0.00779176830771 0.0047631942853 -0.000162200453184 -7.90005491343e-05
BPM.12L3.B2 6171.457658 0.00650641418533 0.00640829521784 -9.10586556218e-05 0.000155751074879
BPM.11L3.B2 6224.909142 0.00582091566327 0.00703680423906 0.000151589571554 9.78298283355e-05
BPM.10L3.B2 6277.691832 0.00245016639156 0.00879751997775 0.000109653903788 -0.000143269309675
BPM.9L3.B2 6316.758821 0.00389266490776 0.00826116414399 -3.8701944364e-05 -0.000176216440089
BPM.8L3.B2 6357.223811 0.00538769462679 0.00737376564072 -0.00016605351226 -7.05429318269e-05
BPM.7L3.B2 6396.2898 0.0079859164951 0.00442998993726 -0.000138498870428 0.000115620663646
BPMR.6L3.B2 6468.9288 0.00841483006916 -0.00354828240153 0.000167342517303 6.74281623197e-05
BPMWE.5L3.B2 6511.9823 0.00833812301952 -0.00372496679497 0.000174914796875 -4.42141133682e-05
BPMW.5L3.B2 6539.5273 0.00907592993336 -0.00101349342129 0.0001371069175 -0.000117267923765
BPMWE.4L3.B2 6614.6553 0.0081668010313 -0.0040869345402 -7.2192279689e-05 -0.000165343121232
BPMW.4L3.B2 6642.2003 0.00225985705218 -0.00884831731034 -0.000178096905447 -2.88369199946e-05
BPMW.4R3.B2 6687.1653 0.000274663857012 -0.00912821082551 -0.000158239281077 8.66626021111e-05
BPMWE.4R3.B2 6714.7103 0.00200397551696 -0.00890975618311 -0.000114498905137 0.000139427672622
BPMW.5R3.B2 6789.8383 0.0003021897531 -0.00912734104087 7.41154694659e-05 0.000164490036743
BPMWE.5R3.B2 6817.3833 -0.00335960678548 -0.0084919205941 0.000153577798297 9.46780520938e-05
BPMWC.6R3.B2 6858.3743 -0.00415630621681 -0.00813171517993 0.000179676698759 -1.63204535188e-05
BPM.6R3.B2 6870.5288 -0.00325871697206 -0.00853114510496 0.000171693629317 -5.5419957163e-05
BPM_A.7R3.B2 6926.3528 -0.00344871125042 -0.0084561258161 2.37228839658e-05 -0.000178849935055
BPM.8R3.B2 6965.418789 0.0016742043181 -0.00897756721031 -0.000176885056219 -3.55211196292e-05
BPM.9R3.B2 7004.485779 0.00847186006336 -0.00340987685043 -5.13703583997e-06 0.000180343237996
BPM.10R3.B2 7044.950768 0.0080224488342 -0.00436348344997 0.000127681568968 0.000127465645341
BPM.11R3.B2 7097.733458 0.00622405135062 -0.00668287796587 0.000150483850664 -9.95222830711e-05
BPM.12R3.B2 7152.459942 0.00377912554229 -0.00831371657231 -0.000129895232833 -0.000125209037999
BPM.13R3.B2 7205.911426 0.00498782133773 -0.00764992231569 -0.000116632066722 0.000137648228437
BPM.14R3.B2 7259.36291 0.00329173036882 -0.00851846138073 0.000141090338119 0.000112443724612
BPM.15R3.B2 7312.814394 0.00396872208941 -0.00822489623182 0.000110856028216 -0.000142341187683
BPM.16R3.B2 7366.265878 0.00217490872816 -0.0088695797612 -0.000145606585871 -0.000106530730052
BPM.17R3.B2 7419.717362 0.00288348616594 -0.00866517055051 -0.000104892995563 0.000146790779886
BPM.18R3.B2 7473.168846 0.00102242584595 -0.00907492801683 0.000149876341499 0.000100434829221
BPM.19R3.B2 7526.62033 0.00175175420548 -0.00896275796467 9.87484608117e-05 -0.000150992769019
BPM.20R3.B2 7580.071814 -0.000146952005709 -0.00913115974116 -0.000153891162443 -9.41678590008e-05
BPM.21R3.B2 7633.523299 0.000590307024616 -0.00911324369933 -9.24391736343e-05 0.000154935706187
BPM.22R3.B2 7686.974783 -0.00131380914286 -0.00903734356389 0.000157642901317 8.77427560187e-05
BPM.23R3.B2 7740.426267 -0.000579899610726 -0.00911391186919 8.59689763028e-05 -0.000158617177969
BPM.24R3.B2 7793.877751 -0.00245918993081 -0.00879500187529 -0.000161128605736 -8.11643131128e-05
BPM.25R3.B2 7847.329235 -0.00174149961091 -0.00896475611658 -7.93566027019e-05 0.000162026552001
BPM.26R3.B2 7900.780719 -0.00356404537626 -0.00840816589499 0.000164337196291 7.44537456541e-05
BPM.27R3.B2 7954.232203 -0.00287360607218 -0.00866845206767 7.26045214908e-05 -0.000165162516193
BPM.28R3.B2 8007.683687 -0.00461044128534 -0.00788311513419 -0.000167269670831 -6.7608657897e-05
BPM.29R3.B2 8061.135171 -0.00395929491958 -0.00822943842793 -6.57342666574e-05 0.000168015120049
BPM.30R3.B2 8114.586655 -0.00558098088242 -0.0072285770044 0.000169913704909 6.06581182722e-05
BPM.31R3.B2 8168.03814 -0.00497921036411 -0.00765552984872 5.87460533397e-05 -0.000170584219691
BPM.32R3.B2 8221.489624 -0.00645988359072 -0.00645519768494 -0.000172272587703 -5.35931981905e-05
BPM.33R3.B2 8274.941108 -0.00591790813178 -0.00695543215479 -5.16647963535e-05 0.00017286070265
BPM.34R3.B2 8328.392592 -0.00723258250378 -0.00557578903546 0.000174334465115 4.64496472343e-05
BPM.33L4.B2 8381.844076 -0.0067588675225 -0.00614144795093 4.44878806639e-05 -0.000174845367356
BPM.32L4.B2 8435.29556 -0.00788645443874 -0.0046047268663 -0.000176103345053 -3.92133475418e-05
BPM.31L4.B2 8488.747044 -0.00748913689074 -0.0052261364052 -3.72438591336e-05 0.00017653036645
BPM.30L4.B2 8542.198528 -0.00841072919678 -0.00355799205787 0.000177569346625 3.19249387581e-05
BPM.29L4.B2 8595.650012 -0.00809606893395 -0.00422532140067 2.99270855671e-05 -0.000177916954759
BPM.28L4.B2 8649.101496 -0.00879677546598 -0.00245283804213 -0.000178735938757 -2.45669849618e-05
BPM.27L4.B2 8702.55298 -0.00857013627587 -0.00315474837937 -2.25694726024e-05 0.000178999137573
BPM.26L4.B2 8756.004465 -0.0090382912731 -0.00130727347994 0.000179596287242 1.71827825681e-05
BPM.25L4.B2 8809.455949 -0.00890327225326 -0.00203258857105 1.5162797464e-05 -0.000179778099751
BPM.24L4.B2 8862.907433 -0.00913126292688 -0.000140393862078 -0.000180152538603 -9.75374642163e-06
BPM.23L4.B2 8916.358917 -0.00909014844097 -0.000876854852034 -7.74142254131e-06 0.000180250228406
BPM.22L4.B2 8969.810401 -0.00907418175143 0.00102902802975 0.00018040142752 2.32348856847e-06
BPM.21L4.B2 9023.261885 -0.0091276341652 0.000293202433665 2.95502760083e-07 -0.000180416143322
BPM.20L4.B2 9076.713369 -0.00886802572306 0.00218123655947 -0.00018034356799 5.12562383343e-06
BPM.19L4.B2 9130.164853 -0.00901513305409 0.00145844066298 7.13947681261e-06 0.000180275075623
BPM.18L4.B2 9183.616337 -0.00851604819624 0.00329796850171 0.000179979238856 -1.25518248862e-05
BPM.17L4.B2 9237.067821 -0.00875447012033 0.00259979345695 -1.45735807999e-05 -0.000179826817713
BPM.16L4.B2 9290.519306 -0.00802429647211 0.00436008477448 -0.000179307770446 1.99699480637e-05
BPM.15L4.B2 9343.97079 -0.00834999591414 0.00369827546717 2.1972030598e-05 0.000179073464912
BPM.14L4.B2 9397.422274 -0.00740042812806 0.00535101267412 0.000178332541775 -2.73418842393e-05
BPM.13L4.B2 9450.873758 -0.00780821451541 0.00473618613641 -2.93432979734e-05 -0.000178014169623
BPM.12L4.B2 9504.325242 -0.00599663835296 0.00688767025847 -0.000178726121536 2.46383425832e-05
BPM.11L4.B2 9557.776726 -0.0062390279495 0.00666889821181 -5.06580092586e-06 0.00018034525654
BPMC.10L4.B2 9609.617415 -0.00536375955719 0.00739119452705 0.000177875853732 3.01704218252e-05
BPMC.9L4.B2 9648.684405 -0.00465120116839 0.0078591348595 6.24029508559e-05 -0.000169280673849
BPMC.8L4.B2 9689.149394 -0.00199711589147 0.00891129627106 -0.000163797235697 7.56342721005e-05
BPMC.7L4.B2 9728.215384 -0.00809571160061 0.00422600601202 9.18827100517e-05 0.00015526635307
BPMYA.6L4.B2 9824.819384 -0.00738506050665 0.0053722020103 0.000174876895496 -4.43637817065e-05
BPMYB.5L4.B2 9861.819384 -0.00739471816835 0.00535890062638 0.000156488500317 -8.9785479105e-05
BPMWA.B5L4.B2 9964.209884 -0.00367108628844 0.00836198532601 1.03181312294e-06 -0.000180413439873
BPMWA.A5L4.B2 9973.094884 -0.00337141889093 0.00848723793658 -1.58569649714e-05 -0.000179718200472
BPMWA.A5R4.B2 10021.14388 -0.00239149330755 0.00881365037396 -9.58495986701e-05 -0.000152849365003
BPMWA.B5R4.B2 10030.02888 -0.00233688417359 0.00882828666648 -0.000107874972861 -0.000144613499817
BPMYA.5R4.B2 10132.49538 -0.00373668834925 0.00833287664374 -0.000179378630291 -1.9322974679e-05
BPMYB.6R4.B2 10164.05938 -0.00352573562169 0.00842430184571 -0.000179325945869 1.98061775224e-05
BPMCA.7R4.B2 10260.57538 -0.00622510200665 0.00668189928964 3.95624211545e-05 0.000176025250676
BPMC.8R4.B2 10298.36637 -0.00777862569222 0.00478462699205 0.000173150813474 -5.06840205446e-05
BPMC.9R4.B2 10337.43336 -0.00281465287939 0.00868777314889 -0.000114033314354 -0.000139808713518
BPMC.10R4.B2 10377.89835 -0.00247270017428 0.00879121305551 -0.00016528255048 7.23308674243e-05
BPM.11R4.B2 10429.73904 0.000580369619438 0.00911388195196 5.70425498701e-05 0.000171161387834
BPM.12R4.B2 10484.46553 0.000899578917171 0.00908792775545 0.000173686072613 -4.88182581748e-05
BPM.13R4.B2 10537.91701 0.00278193684543 0.00869830446018 -5.42495726468e-05 -0.000172067014485
BPM.14R4.B2 10591.36849 0.00207050012966 0.00889453215955 -0.000171447755578 5.61759904872e-05
BPM.15R4.B2 10644.81998 0.0038715909062 0.00827106141711 6.13041551986e-05 0.00016968168636
BPM.16R4.B2 10698.27146 0.00319166817136 0.00855645530634 0.000168984996532 -6.31992457989e-05
BPM.17R4.B2 10751.72295 0.0048980741076 0.00770769376093 -6.82443760287e-05 -0.000167011315126
BPM.18R4.B2 10805.17443 0.00425975026133 0.00807800723101 -0.000166235232195 7.0113628445e-05
BPM.19R4.B2 10858.62591 0.00584368209923 0.00701790941776 7.50799410959e-05 0.000164052055573
BPM.20R4.B2 10912.0774 0.00525839304956 0.00746652366565 0.000163201746041 -7.69107589435e-05
BPM.21R4.B2 10965.52888 0.00669358026049 0.00621254024772 -8.1775109367e-05 -0.000160819479256
BPM.22R4.B2 11018.98037 0.00617015699031 0.00673266929351 -0.000159891791112 8.35744610315e-05
BPM.23R4.B2 11072.43185 0.00743323252111 0.0053053489475 8.83447547055e-05 0.000157306314326
BPM.24R4.B2 11125.88333 0.00702651139714 0.00589074783368 0.000157006198114 -0.000135799338495
BPM.25R4.B2 11179.33482 0.00809614176375 0.00430409816742 -0.000140450967143 -0.000152859190582
BPM.26R4.B2 11232.7863 0.00772226259109 0.00494362549146 -0.000151272903836 0.000142158081108
BPM.27R4.B2 11286.23779 0.00858019191234 0.00323312220796 0.000146642664911 0.000146929693418
BPM.28R4.B2 11339.68927 0.0083369175521 0.00391789571941 0.000145979291995 -0.000193977245305
BPM.29R4.B2 11393.14075 0.00896854902726 0.00210219633017 -0.000198271965496 -0.000140090512798
BPM.30R4.B2 11446.59224 0.00876959645877 0.00281926925156 -0.000137854982999 0.000199832751838
BPM.31R4.B2 11500.04372 0.00916377885422 0.000937687715691 0.000203887321583 0.000131784232616
BPM.32R4.B2 11553.49521 0.00905820718668 0.00167421137315 0.000129497137403 -0.000205347552612
BPM.33R4.B2 11606.94669 0.00920843881798 -0.000242395725113 -0.00020914256087 -0.000123274132286
BPM.34R4.B2 11660.39818 0.00919795948621 0.000501639704096 -0.000120917510636 0.000210513848562
BPM.33L5.B2 11713.84966 0.00910178423823 -0.00141831760191 0.000214054057558 0.000114533773833
BPM.32L5.B2 11767.30114 0.00918656480942 -0.000679064152186 0.000112133989033 -0.000215320904676
BPM.31L5.B2 11820.75263 0.00884553055243 -0.00257112628856 -0.000218590496273 -0.000105618740812
BPM.30L5.B2 11874.20411 0.00902418649563 -0.00184882644426 -0.000103157466919 0.00021976273404
BPM.29L5.B2 11927.6556 0.00844398316862 -0.00368147380307 0.000222764462562 9.65044922974e-05
BPM.28L5.B2 11981.10708 0.008713586485 -0.00298789420273 9.40079068641e-05 -0.000223829481738
BPM.27L5.B2 12034.55856 0.00790357697109 -0.00473155071882 -0.000226551372315 -8.72444751122e-05
BPM.26L5.B2 12088.01005 0.00830527880868 -0.004075393779 -8.40008547892e-05 0.000181815270067
BPM.25L5.B2 12141.46153 0.00727864815629 -0.00571032148848 0.000184258192938 7.84974904689e-05
BPM.24L5.B2 12194.91302 0.00771583966179 -0.00510414623318 7.64311852747e-05 -0.000185124851529
BPM.23L5.B2 12248.3645 0.00648825150399 -0.00659462530348 -0.000187336500426 -7.08376402995e-05
BPM.22L5.B2 12301.81598 0.00704489191261 -0.00604665179532 -6.80361584898e-05 0.000142417808565
BPM.21L5.B2 12355.26747 0.00563661186571 -0.00737706626116 0.000144398504327 6.37245839556e-05
BPM.20L5.B2 12408.71895 0.00621373750713 -0.00689796826268 6.21040170682e-05 -0.000145102867354
BPM.19L5.B2 12462.17044 0.00464649082336 -0.00803757569077 -0.000146902465524 -5.77184268538e-05
BPM.18L5.B2 12515.62192 0.00527993954295 -0.00763640873628 -5.60680294554e-05 0.000147540255057
BPM.17L5.B2 12569.07341 0.00358018836967 -0.00856590632581 0.000149158645381 5.1608624085e-05
BPM.16L5.B2 12622.52489 0.00426000882503 -0.00824892869961 4.99346440089e-05 -0.000149727357741
BPM.15L5.B2 12675.97637 0.00245485598225 -0.00895355694999 -0.000151159630504 -4.54149425749e-05
BPM.14L5.B2 12729.42786 0.00316936058086 -0.00872626228828 -4.3718558743e-05 0.000151658950966
BPM.13L5.B2 12782.87934 0.00128940206702 -0.00919401665494 0.000152904165875 3.9141646218e-05
BPM.12L5.B2 12836.33083 0.00314234454804 -0.00873602717011 4.87503897651e-05 -0.000150117122686
BPM.11L5.B2 12889.78231 0.00243378756736 -0.00895930678296 -0.000143758516408 -6.51555111131e-05
BPM.10L5.B2 12942.565 0.00139705943076 -0.00917827461455 -5.66194982153e-05 0.000147329507829
BPM.9L5.B2 12981.63199 -0.000520357659777 -0.0092693973834 0.000141758285513 6.93998637955e-05
BPM.8L5.B2 13022.09698 0.00604600423555 -0.00704544765673 -4.84898566275e-06 -0.000157760060771
BPM.7L5.B2 13061.16497 0.000819305100774 -0.00924776941197 -0.000157515907109 -1.00244829899e-05
BPMR.6L5.B2 13098.05897 0.000555212183018 -0.00926737500013 -0.000118677002057 0.000104055369299
BPMWT.B6L5.B2 13109.36897 -0.000207331641625 -0.00928167622585 -9.53902532305e-05 0.000125747573113
BPMWT.A6L5.B2 13115.19097 -0.000372562625455 -0.0092765131947 -8.36244944087e-05 0.000133860728957
BPM.5L5.B2 13129.95897 -0.000181165227628 -0.00928222382396 -5.27359173499e-05 0.0001487638226
BPMYA.4L5.B2 13157.36497 3.26224801813e-05 -0.00928393427988 1.05597717791e-05 0.000157480930009
BPMWB.4L5.B2 13178.42347 -0.00127979900026 -0.00919535831201 6.72895648313e-05 0.000142772074529
BPMWT.B4L5.B2 13178.89297 -0.00130809910869 -0.0091913751223 6.85375848303e-05 0.00014217718013
BPMWT.A4L5.B2 13180.87497 -0.00142609643192 -0.00917380776694 7.37656041713e-05 0.000139536326679
BPMSY.4L5.B2 13271.27947 -0.00203224365573 -0.00905883467451 0.000136966218255 -7.84347286178e-05
BPMS.2L5.B2 13298.06497 -0.00291611489652 -0.00881412354086 8.92850396074e-05 -0.000130153496652
BPMSW.1L5.B2 13308.11897 -0.00323355327905 -0.00870267965331 4.94658696611e-05 -0.000149882886269
BPMSW.1R5.B2 13351.06897 -0.00323378057346 -0.00870259519637 0.000126455776262 9.44493966576e-05
BPMS.2R5.B2 13361.12297 -0.00291629133406 -0.00881406516492 0.00014777123985 5.5456383638e-05
BPMSY.4R5.B2 13387.90847 -0.00203230744165 -0.00905882036537 0.000157189533534 -1.42548770559e-05
BPMWB.4R5.B2 13480.76447 -0.00127942822372 -0.00919540990561 -2.67161370971e-05 -0.000155557063125
BPMYA.4R5.B2 13501.82097 3.29243857655e-05 -0.00928393321274 -8.16260560769e-05 -0.000135088632018
BPMR.5R5.B2 13522.93897 0.00010446332546 -0.00928340386828 -0.000119219991273 -0.000103432803167
BPM.6R5.B2 13554.83897 6.50435162858e-05 -0.00928376374702 -0.000153801758513 -3.54509569148e-05
BPMRA.7R5.B2 13588.85297 0.00131375663661 -0.00919056818042 -0.000142214817708 6.84594510637e-05
BPM.8R5.B2 13630.28998 0.00445453094646 -0.00814552969489 3.6475112087e-05 0.000153562097003
BPM.9R5.B2 13669.35499 0.00359418679116 -0.0085600421237 0.000138761483356 -7.52130353229e-05
BPM.10R5.B2 13709.818 -0.000325037690251 -0.00927829997631 -0.000103515333091 -0.000119148330839
BPM.11R5.B2 13762.59871 0.00426894401011 -0.00824430815573 -8.44487289894e-05 0.000133342280494
BPM.12R5.B2 13817.32223 0.00289811477525 -0.00882005843012 0.000139818076489 7.32301689769e-05
BPM.13R5.B2 13870.77074 0.00411545160292 -0.00832199243304 6.51721923665e-05 -0.000143750953288
BPM.14R5.B2 13924.21926 0.00229858848744 -0.00899494251886 -0.000145635956674 -6.08434000409e-05
BPM.15R5.B2 13977.66777 0.00301679483691 -0.00878017362289 -5.92248753345e-05 0.000146301625151
BPM.16R5.B2 14031.11629 0.00112914580338 -0.00921507079225 0.000148008732996 5.4819386953e-05
BPM.17R5.B2 14084.56481 0.00186927926616 -0.00909386028747 5.3173855677e-05 -0.000148607844434
BPM.18R5.B2 14138.01332 -5.8992497823e-05 -0.00928380416919 -0.000150132433197 -4.8703235824e-05
BPM.19R5.B2 14191.46184 0.000690206812358 -0.0092582997639 -4.70365898362e-05 0.000150662902975
BPM.20R5.B2 14244.91035 -0.00124601091384 -0.00919999764889 0.000152003069172 4.25066987028e-05
BPM.21R5.B2 14298.35887 -0.000499351885583 -0.00927055271501 4.08165792549e-05 -0.0001524655958
BPM.22R5.B2 14351.80738 -0.0024127085683 -0.00896500626716 -0.000153618826454 -3.62354528088e-05
BPM.23R5.B2 14405.2559 -0.00168154470116 -0.00913043850955 -3.45319853433e-05 0.00015401069196
BPM.24R5.B2 14458.70442 -0.00398260946267 -0.00849828775712 0.000155411783905 0.000481175192305
BPM.25R5.B2 14512.15293 -0.00328339648303 -0.0087921203595 0.000479417162226 -0.000160753139219
BPM.26R5.B2 14565.60145 -0.00503705933919 -0.00791897127858 -0.00017503800022 -0.000474388117274
BPM.27R5.B2 14619.04996 -0.00438195796575 -0.00829942873251 -0.000472424740003 0.00018026994147
BPM.28R5.B2 14672.49848 -0.00645170719996 -0.00712526971597 0.00019473083654 0.000918114369702
BPM.29R5.B2 14725.947 -0.00585514996012 -0.00762307111152 0.000915884975758 -0.000204960459236
BPM.30R5.B2 14779.39551 -0.00731024171827 -0.00624134282436 -0.000232323759685 -0.000909329287774
BPM.31R5.B2 14832.84403 -0.00678314473173 -0.0068105023148 -0.000906715489415 0.000242324365872
BPM.32R5.B2 14886.29254 -0.00804850195024 -0.00525505572238 0.000269300986347 0.000899072334033
BPM.33R5.B2 14939.74106 -0.00759787582924 -0.00588780749516 0.000896006271434 -0.000279332837758
BPM.34R5.B2 14993.18958 -0.00865466064204 -0.00418220556564 -0.000306071569274 -0.000887228426209
BPM.33L6.B2 15046.63809 -0.00828914823438 -0.00486662262987 -0.000883809996755 0.00031580685896
BPM.32L6.B2 15100.08661 -0.00911850925114 -0.00304085239472 0.000342064815753 0.000873982690852
BPM.31L6.B2 15153.53512 -0.00884324776425 -0.0037670894908 0.000870098812418 -0.000351826856515
BPM.30L6.B2 15206.98364 -0.00943259531952 -0.00184936199075 -0.000377755018619 -0.000859159607473
BPM.29L6.B2 15260.43215 -0.00925266240946 -0.00260427198799 -0.000854960467328 0.000387164913207
BPM.28L6.B2 15313.88067 -0.00959167044683 -0.000627576525321 0.000412533067556 0.000843012784539
BPM.27L6.B2 15367.32919 -0.00950971591239 -0.00139974909311 0.000838337219205 -0.000421953534665
BPM.26L6.B2 15420.7777 -0.0100365896503 0.000689101504939 -0.000446422752977 -0.000374082970989
BPM.25L6.B2 15474.22622 -0.0100594670173 -0.000122947270836 -0.000369144838344 0.000450514632859
BPM.24L6.B2 15527.67473 -0.00986595940621 0.00196744445798 0.000461357020964 0.000355501114394
BPM.23L6.B2 15581.12325 -0.00999256560797 0.0011647425956 0.00035032602896 -0.000465298845074
BPM.22L6.B2 15634.57177 -0.00997676054838 0.00329786865723 -0.000475143224288 0.000115039288342
BPM.21L6.B2 15688.02028 -0.0102103033832 0.0024822154643 0.000120282311954 0.000473843107395
BPM.20L6.B2 15741.4688 -0.00947279884444 0.00454728169622 0.000470027323545 -0.000134422605008
BPM.19L6.B2 15794.91731 -0.00980895241567 0.00376777670847 -0.00013964489905 -0.000468502320177
BPM.18L6.B2 15848.36583 -0.00881350510369 0.00572134744129 -0.000464117908543 0.000153589341255
BPM.17L6.B2 15901.81435 -0.00924632200535 0.00499171495149 0.000158710132788 0.000462391843842
BPM.16L6.B2 15955.26286 -0.00800892185113 0.00680212169588 0.000457430522715 -0.000172488948079
BPM.15L6.B2 16008.71138 -0.00853191495169 0.00613336091125 -0.000177566422463 -0.00045548357343
BPM.14L6.B2 16062.15989 -0.00707339827723 0.00777037486598 -0.000449970482482 0.000191106473858
BPM.13L6.B2 16115.60841 -0.00767712956056 0.00717449443982 0.000196071117125 0.000447829467804
BPM.12L6.B2 16169.05693 -0.00589108887699 0.00870096320041 0.000443612854508 -0.000205433104553
BPM.11L6.B2 16222.50544 -0.00728609939751 0.00757129080366 -0.00017347139333 -0.000457058849382
BPM.10L6.B2 16274.34415 -0.00587153753645 0.00871416867607 -0.000480657123964 8.92403941077e-05
BPM.9L6.B2 16313.40916 -0.00462020670579 0.00943744556148 -8.44117835814e-05 0.000481528572699
BPM.8L6.B2 16353.87217 0.00129297267274 0.0104278430412 0.000477609635321 -0.000104327194919
BPMYB.5L6.B2 16450.96018 -0.00762625373117 0.007228550529 -0.000440018495828 -0.000213023097166
BPMYA.4L6.B2 16487.36018 -0.0073368026813 0.0075221682454 -0.000477398578765 -0.000105288710504
BPMSB.B4L6.B2 16518.13068 -0.0081412369719 0.00664318818911 -0.000488840665007 5.4703861524e-06
BPMSB.A4L6.B2 16518.76568 -0.0081586146624 0.00662183475689 -0.000488805476005 8.02054350541e-06
BPMSA.4L6.B2 16615.57568 -0.0101616492059 0.00267442969375 -0.00026487840988 0.000410894814844
BPMSE.4R6.B2 16707.14568 -0.0102381323756 0.00236481166964 0.000202812815591 0.000444816910059
BPMSA.A4R6.B2 16803.82068 -0.00870836709212 0.00588013871858 0.000476645227341 0.00010864827396
BPMSA.B4R6.B2 16804.40568 -0.00869505888103 0.0058997999813 0.000477136798561 0.000106468757758
BPMYB.4R6.B2 16830.96018 -0.00809010354477 0.00670536452377 0.00048868538091 1.34803085476e-05
BPMYA.5R6.B2 16867.36018 -0.00802301420298 0.00678549427896 0.000480274275617 -9.12780815331e-05
BPM.8R6.B2 16963.08519 -0.00424565987942 0.00961176679679 -0.000162183686481 -0.000461184963556
BPM.9R6.B2 17002.1502 0.00341548619244 0.00993710937751 -0.000440806202092 0.000211388313661
BPM.10R6.B2 17042.61322 0.00533712207313 0.0090513433661 8.18118898161e-05 0.000481977111158
BPM.11R6.B2 17094.45193 0.00749711741652 0.00736239901547 0.000467504951194 -0.000142948392544
BPM.12R6.B2 17149.17544 0.00575953070319 0.00878860027784 -0.000205041651148 -0.000443793918858
BPM.13R6.B2 17202.62396 0.00746838802658 0.00739154036853 -0.000437215742685 0.000218717890957
BPM.14R6.B2 17256.07247 0.00684774149899 0.00796995138797 0.000223558992951 0.000434760276081
BPM.15R6.B2 17309.52099 0.00835285840066 0.00637506433394 0.000427883278345 -0.000236455107969
BPM.16R6.B2 17362.96951 0.00781101687559 0.00702849230955 -0.000241178963987 -0.000425238552515
BPM.17R6.B2 17416.41802 0.00909951803419 0.00525456565596 -0.000417821160413 0.000253812137173
BPM.18R6.B2 17469.86654 0.00864590520928 0.00597160044359 0.000258437349466 0.000414976212436
BPM.19R6.B2 17523.31505 0.00969705661524 0.00404707077425 0.000407067354542 -0.000270723647519
BPM.20R6.B2 17576.76357 0.00933878322086 0.00481651499453 -0.000275213766571 -0.000404045175162
BPM.21R6.B2 17630.21209 0.0101350203302 0.00277363508392 -0.000395615798235 0.000287198999866
BPM.22R6.B2 17683.6606 0.00987816296264 0.00358239936992 0.000291576206917 0.000392400862986
BPM.23R6.B2 17737.10912 0.0104065836038 0.00145420301334 0.000383513145468 -0.000303171213602
BPM.24R6.B2 17790.55763 0.0104882284926 0.00230402273808 -0.000303802920279 -0.000613429035508
BPM.25R6.B2 17844.00615 0.010738039433 7.72451354841e-05 -0.000604041881737 0.00032206334042
BPM.26R6.B2 17897.45466 0.0106967811698 0.00094357313677 0.000328765394134 0.000600420447262
BPM.27R6.B2 17950.90318 0.0106597036802 -0.00129698693548 0.000590335979018 -0.000346547012328
BPM.28R6.B2 18004.3517 0.010962559076 -0.00041799226141 -0.000349447008586 -0.000819779202296
BPM.29R6.B2 18057.80021 0.0106371071764 -0.00268409573967 -0.000808922523339 0.00037389237544
BPM.30R6.B2 18111.24873 0.0108190622065 -0.00181667608501 0.000382884265094 0.000804705407673
BPM.31R6.B2 18164.69724 0.0102065191799 -0.00402236065115 0.000792921620135 -0.000406726519785
BPM.32R6.B2 18218.14576 0.0104977137533 -0.00318597315662 -0.000415454370124 -0.000788383680087
BPM.33R6.B2 18271.59428 0.00960785100691 -0.00529543369612 -0.000775561007525 0.000438926271695
BPM.34R6.B2 18325.04279 0.0100040573517 -0.00450236110761 0.000447536600046 0.000770624516667
BPM.33L7.B2 18378.49131 0.00885196305955 -0.0064803679677 0.00075692416252 -0.000470337079883
BPM.32L7.B2 18431.93982 0.00934571855762 -0.00574542980416 -0.000478669976079 -0.000751682248453
BPM.31L7.B2 18485.38834 0.00794967168767 -0.00756010179303 -0.000736983379814 0.00050100564676
BPM.30L7.B2 18538.83686 0.00853429108589 -0.00689335148432 0.000509175965438 0.000731362421627
BPM.29L7.B2 18592.28537 0.00691805017113 -0.00851428216806 0.000715833557784 -0.000530785706293
BPM.28L7.B2 18645.73389 0.00758197234793 -0.0079288154411 -0.000538667437161 -0.000709921509553
BPM.27L7.B2 18699.1824 0.00577114100205 -0.00932986337213 -0.000693449849098 0.000559712840313
BPM.26L7.B2 18752.63092 0.00673869633292 -0.00881861459897 0.00057096244443 0.000453913906117
BPM.25L7.B2 18806.07943 0.00476182173304 -0.0100251207184 0.000436645003541 -0.000584274840814
BPM.24L7.B2 18859.52795 0.00555461476591 -0.00960855069671 -0.000589074496115 -0.000430147856955
BPM.23L7.B2 18912.97647 0.00343952259049 -0.0105521408244 -0.000412310300245 0.00060169440923
BPM.22L7.B2 18966.42498 0.00451327801587 -0.0102252470213 0.000609815835375 0.000172321082242
BPM.21L7.B2 19019.8735 0.00229265423952 -0.0109393368904 0.000153999540231 -0.000614698340865
BPM.20L7.B2 19073.32201 0.00316736201229 -0.0107188233021 -0.000616366971347 -0.000147179024432
BPM.19L7.B2 19126.77053 0.000874105092924 -0.0111427687472 -0.000128667157265 0.00062049550591
BPM.18L7.B2 19180.21905 0.0017710655489 -0.0110357909493 0.000621885748573 0.000121770386374
BPM.17L7.B2 19233.66756 -0.000558116324455 -0.0111630578776 0.000103101764496 -0.000625251900168
BPM.16L7.B2 19287.11608 0.000343936675315 -0.0111717081314 -0.000626355329822 -9.61712789253e-05
BPM.15L7.B2 19340.56459 -0.0019818097408 -0.0109998993253 -7.73916071489e-05 0.000628951864514
BPM.14L7.B2 19394.01311 -0.0010870972221 -0.0111240089303 0.000629772793279 7.0399846957e-05
BPM.13L7.B2 19447.46163 -0.00337236163826 -0.0106561030389 5.15104147556e-05 -0.000631598439192
BPM.12L7.B2 19500.91014 -0.0022702331396 -0.0109440119039 -0.000631474655813 -5.30063560041e-05
BPM.11L7.B2 19554.35866 -0.00472353117756 -0.0101298375266 -6.243727536e-05 0.000630612000514
BPM.10L7.B2 19607.13937 -0.00477538100832 -0.0101054980723 0.00062719294836 9.05478933666e-05
BPM.9L7.B2 19646.20438 -0.00828300283146 -0.00750447993953 0.000317513942011 -0.000548411165003
BPM.8L7.B2 19686.66739 -0.0103770227158 -0.00415243959446 -0.00050818530723 -0.000378573115734
BPM.7L7.B2 19725.7314 -0.0106783617725 0.0033012035479 -0.000419439286279 0.000475016412859
BPMR.6L7.B2 19760.5494 -0.0107181788596 0.00316954206862 4.04514320091e-05 0.000632403031101
BPMWC.6L7.B2 19772.7279 -0.010162577789 0.00465267317665 0.000216072709262 0.000595720143177
BPMWE.5L7.B2 19849.7819 -0.0111275183108 -0.00105056714369 0.000585056523566 -0.00024347232708
BPMW.5L7.B2 19872.9869 -0.0102349225685 -0.00449129325034 0.000420778857218 -0.00047383020529
BPMWE.4L7.B2 19908.0719 -0.010242330953 -0.00447437277581 0.000195457671005 -0.000602798647475
BPMW.4L7.B2 19936.1769 -0.0111765817797 -9.68236608691e-05 -0.000150920692324 -0.000615461494706
BPMW.4R7.B2 20052.2239 -0.0108923329144 0.00250647935409 -0.000442477400994 0.00045363383906
BPMWE.4R7.B2 20080.3289 -0.0110746063017 -0.00150945366777 -0.00015339146642 0.000614850359421
BPMW.5R7.B2 20115.4139 -0.0111321527254 -0.00100026529412 0.000147422291322 0.000616308825034
BPMWE.5R7.B2 20138.6189 -0.010070982948 0.00484774767543 0.000502877572673 0.000385595720572
BPM.6R7.B2 20217.7584 -0.00661179097807 0.00901163554492 0.000199550723288 -0.00060145608606
BPM_A.7R7.B2 20255.7944 -0.00924241912741 0.00628514469223 -0.000303341931606 -0.000556375398169
BPM.8R7.B2 20294.85841 -0.00929685068867 0.00620434704803 -0.000628460786507 -8.12831378679e-05
BPM.9R7.B2 20333.92342 -0.0047036684773 0.0101390757921 -0.000103056831532 0.000625259303763
BPM.10R7.B2 20374.38643 0.000591620786027 0.0111613323522 0.000610833203946 0.000168679335473
BPM.11R7.B2 20427.16714 0.000251944141381 0.0111741612305 0.000249946181025 -0.00058232020065
BPM.12R7.B2 20481.89066 0.00173364759708 0.0110417308928 -0.000584112006189 -0.00024572967326
BPM.13R7.B2 20535.33917 0.000723235880898 0.0111535772252 -0.000234790041923 0.000588594550957
BPM.14R7.B2 20588.78769 0.00302283571209 0.0107604748675 0.000595355136101 0.00021707640605
BPM.15R7.B2 20642.23621 0.00214450894183 0.0109693407477 0.000210473137036 -0.000597721479433
BPM.16R7.B2 20695.68472 0.00437384301019 0.0102856624676 -0.00060375448156 -0.000192484912913
BPM.17R7.B2 20749.13324 0.003529657714 0.0106050399091 -0.000185761284002 0.000605856957413
BPM.18R7.B2 20802.58175 0.00565419754978 0.00964133834456 0.000611142329566 0.000167555844402
BPM.19R7.B2 20856.03027 0.00485761923854 0.0100662252307 0.000160787874381 -0.00061295772153
BPM.20R7.B2 20909.47879 0.00684060574171 0.00883920065123 -0.000617497369751 -0.000142361892278
BPM.21R7.B2 20962.9273 0.00610507160808 0.00936234242656 -0.000135482296482 0.000619043176814
BPM.22R7.B2 21016.37582 0.00791546676828 0.00789118120569 0.000622817927223 0.000116909081906
BPM.23R7.B2 21069.82433 0.00725278807898 0.00850425893741 0.000110020544247 -0.000624071624662
BPM.24R7.B2 21123.27285 0.00818941790545 0.00694159615467 -0.000626356089648 0.000591204113895
BPM.25R7.B2 21176.72137 0.00760287730932 0.0075794841185 0.000598113404176 0.000619761733519
BPM.26R7.B2 21230.16988 0.00901025272035 0.00583675156264 0.000601635933485 -0.000616342795859
BPM.27R7.B2 21283.6184 0.00850962656828 0.00654511868704 -0.000622979994118 -0.000594760602339
BPM.28R7.B2 21337.06691 0.00901246879566 0.00476389835875 -0.000574972772264 0.00132293182221
BPM.29R7.B2 21390.51543 0.00859892116447 0.00547520558299 0.00132919119391 0.000560350817054
BPM.30R7.B2 21443.96394 0.00954782258407 0.00357189099965 0.000520525612964 -0.00134528634479
BPM.31R7.B2 21497.41246 0.00922830052557 0.00433102652918 -0.0013510132582 -0.000505475461077
BPM.32R7.B2 21550.86098 0.00992632506133 0.00232107565094 -0.00046461284423 0.00136560505934
BPM.33R7.B2 21604.30949 0.00970668299123 0.00311442237415 0.00137063655334 0.000449552791628
BPM.34R7.B2 21657.75801 0.010141664903 0.00103245064882 0.000408538076603 -0.00138341565984
BPM.33L8.B2 21711.20652 0.0100252845784 0.001847428091 -0.00138789651411 -0.000393046487107
BPM.32L8.B2 21764.65504 0.0101904096341 -0.000273629079997 -0.000351138748425 0.00139908679234
BPM.31L8.B2 21818.10356 0.0101792422988 0.000549861454678 0.00140286270639 0.000335735749678
BPM.30L8.B2 21871.55207 0.010071737344 -0.00157462004272 0.000293790220596 -0.00141224274541
BPM.29L8.B2 21925.00059 0.0101659268946 -0.000757133941129 -0.00141544163493 -0.000277969852225
BPM.28L8.B2 21978.4491 0.00978747866707 -0.00285036537597 -0.000235315192534 0.00142315459869
BPM.27L8.B2 22031.89762 0.00998569137486 -0.002050680169 0.00142565448588 0.00021966235
BPM.26L8.B2 22085.34614 0.00867209333905 -0.0039504732045 0.000177617766847 -0.000749122479371
BPM.25L8.B2 22138.79465 0.00896243876668 -0.00323822988219 -0.000751055546082 -0.000169257566625
BPM.24L8.B2 22192.24317 0.00809537529257 -0.00502755808376 -0.000146665567046 0.000755792151034
BPM.23L8.B2 22245.69168 0.00847493784768 -0.00435739255778 0.000757364761604 0.000138315493742
BPM.22L8.B2 22299.1402 0.00671563526621 -0.00589336405957 0.000116258954689 -7.88069247376e-05
BPM.21L8.B2 22352.58871 0.00716913986178 -0.00533244134116 -8.00928277162e-05 -0.000115376827273
BPM.20L8.B2 22406.03723 0.0059064728877 -0.00670410881569 -0.000112928289127 8.35097313149e-05
BPM.19L8.B2 22459.48575 0.00642842085809 -0.00620539300109 8.4755748659e-05 0.000111996146888
BPM.18L8.B2 22512.93426 0.00500046074386 -0.00740451817167 0.000109409168773 -8.80699037657e-05
BPM.17L8.B2 22566.38278 0.00558146186038 -0.00697701802091 -8.92787058415e-05 -0.000108425025287
BPM.16L8.B2 22619.83129 0.00401212361934 -0.00798338030241 -0.000105705615871 9.24824162062e-05
BPM.15L8.B2 22673.27981 0.00464351019173 -0.00763343370223 9.36484354565e-05 0.000104673992719
BPM.14L8.B2 22726.72833 0.00295797474469 -0.00843100719985 0.000101823245631 -9.67403786018e-05
BPM.13L8.B2 22780.17684 0.00362846810715 -0.00816490760733 -9.78638165038e-05 -0.000100743976391
BPM.12L8.B2 22833.62536 0.00109905267872 -0.00886699386447 -0.000102580895197 9.59366162928e-05
BPM.11L8.B2 22887.07387 0.00173081060756 -0.00876560274996 7.89238616088e-05 0.000116179595778
BPM.10L8.B2 22938.91258 6.95713700525e-05 -0.00893457647612 0.000129543176846 -5.42700574278e-05
BPM.9L8.B2 22977.9776 -0.00173700501533 -0.00876437736352 -1.19858664537e-05 -0.000139939318265
BPM.8L8.B2 23018.44061 -0.00830583693213 -0.00329310944469 -0.000133120537392 4.47838826537e-05
BPM.7L8.B2 23057.50662 -0.00731827775246 -0.00512584702416 -4.04283646065e-05 0.000134507331389
BPM.6L8.B2 23089.97562 -0.00284088415271 -0.00847117903127 9.5213078339e-05 0.00010325282127
BPMR.5L8.B2 23150.39462 0.00200370309837 -0.00870727689296 4.26754100658e-05 -0.000133811373403
BPMYB.4L8.B2 23171.16162 2.06557381856e-05 -0.00893482346363 -4.63832119536e-05 -0.00013257175969
BPMWB.4L8.B2 23195.62912 0.00168784040599 -0.00877397810431 -0.000134088202092 -4.17974647295e-05
BPMSX.4L8.B2 23245.78612 -0.00290084944162 -0.00845083247373 -1.27258894823e-06 0.000140445914817
BPMS.2L8.B2 23283.69762 -0.00291137973495 -0.00844721048981 8.93368894229e-05 0.000108377124375
BPMSW.1L8.B2 23293.63162 -0.00259211631429 -0.00855058068155 0.000114293498597 8.16313032943e-05
BPMSW.1R8.B2 23336.82162 -0.00259221822559 -0.00855054978635 -9.91862166492e-05 9.9442287817e-05
BPMS.2R8.B2 23346.75562 -0.00291144824864 -0.00844718687465 -7.01434255463e-05 0.000121682278979
BPMSX.4R8.B2 23384.66712 -0.00290083439185 -0.0084508376402 2.45264551701e-05 0.000138293625587
BPMWI.4R8.B2 23434.90012 0.00168722518034 -0.00877409642989 0.000125103951092 -6.38410171247e-05
BPMYB.4R8.B2 23459.29162 8.91130657454e-06 -0.0089348428962 2.37363886329e-05 -0.000138431422058
BPMYB.5R8.B2 23479.86862 0.00165853967142 -0.00877956394995 -6.07879407019e-05 -0.000126615561002
BPMR.6R8.B2 23563.97662 0.000708751135342 -0.00890669236096 -0.000105793754024 9.23815811938e-05
BPM_A.7R8.B2 23586.21662 -9.99091102193e-05 -0.00893428873224 -6.78030381688e-05 0.000123001713826
BPM.8R8.B2 23627.65561 -0.00251715711445 -0.00857294681301 9.52096522686e-05 0.000103255976348
BPM.9R8.B2 23666.7226 -0.00765307377667 -0.00461106914917 2.12954342405e-05 -0.000138827871178
BPM.10R8.B2 23707.18758 -0.00691074181941 -0.00566331568392 -0.00013124622093 -5.00110270475e-05
BPM.11R8.B2 23759.02827 -0.0079475927662 -0.00408255632835 -7.21281876911e-05 0.000120516382242
BPM.12R8.B2 23813.75476 -0.00820238969762 -0.00354292255861 0.000119402479085 7.39575733962e-05
BPM.13R8.B2 23867.20624 -0.00887555022757 -0.00102766976245 6.23194786258e-05 -0.000125868801795
BPM.14R8.B2 23920.65773 -0.00876364356935 -0.00174070340804 -0.000126556748362 -6.09102878994e-05
BPM.15R8.B2 23974.10921 -0.00893409094621 0.00011625819874 -5.70820572217e-05 0.000128328924743
BPM.16R8.B2 24027.56069 -0.00891433715081 -0.000605053836355 0.000128962066139 5.56368606994e-05
BPM.17R8.B2 24081.01218 -0.0088458099854 0.00125822998421 5.17363454928e-05 -0.000130575741995
BPM.18R8.B2 24134.46366 -0.00891851380561 0.000540007852884 -0.000131145800445 -5.02737870839e-05
BPM.19R8.B2 24187.91515 -0.00861216253211 0.00237952799982 -4.63114521606e-05 0.000132596846076
BPM.20R8.B2 24241.36663 -0.00877609144362 0.00167681719622 0.000133108539213 4.48195367375e-05
BPM.21R8.B2 24294.81811 -0.00823702014829 0.00346164643762 4.08003706388e-05 -0.000134394954232
BPM.22R8.B2 24348.2696 -0.00848958908652 0.0027853858269 -0.000134842769722 -3.92950705754e-05
BPM.23R8.B2 24401.72108 -0.00772645219979 0.00448702946116 -3.52256191839e-05 0.000135962606585
BPM.24R8.B2 24455.17257 -0.00787328071666 0.00386082827987 0.000139245061956 -0.000156696790612
BPM.25R8.B2 24508.62405 -0.00690069503494 0.00541063326224 -0.000160806788784 -0.000134477685974
BPM.26R8.B2 24562.07554 -0.00731490952037 0.00483597383021 -0.000132671800453 0.000162299918665
BPM.27R8.B2 24615.52702 -0.00615158976299 0.00624919895815 0.000166215392862 0.000127732205109
BPM.28R8.B2 24668.9785 -0.00644588128745 0.00574423290193 0.000128752308323 -0.0003580272819
BPM.29R8.B2 24722.42999 -0.00511364903027 0.00695673707748 -0.000361729824114 -0.000117950085182
BPM.30R8.B2 24775.88147 -0.00565836990358 0.00652138384131 -0.000113898210464 0.00036302601726
BPM.31R8.B2 24829.33296 -0.00418112663071 0.00755405700755 0.000366287474551 0.000102928021819
BPM.32R8.B2 24882.78444 -0.00477732009005 0.00719185719488 9.88122468398e-05 -0.000367419147071
BPM.33R8.B2 24936.23592 -0.00318104635671 0.00802661455771 -0.000370219153897 -8.7740903639e-05
BPM.34R8.B2 24989.68741 -0.0038183236009 0.00774377182674 -8.35898744248e-05 0.000371178425856
BPM.33L1.B2 25043.13889 -0.00212738348027 0.008367785652 0.000373524291671 7.23898769722e-05
BPM.32L1.B2 25096.59038 -0.00279605733115 0.00816870005265 6.82009839794e-05 -0.000374311790695
BPM.31L1.B2 25150.04186 -0.00104019031088 0.0085710910212 -0.000376190389944 -5.69339855501e-05
BPM.30L1.B2 25203.49334 -0.00172830075453 0.0084592300873 -5.27120065056e-05 0.000376805167636
BPM.29L1.B2 25256.94483 6.55942455458e-05 0.00863373004965 0.000378219542264 4.13602154956e-05
BPM.28L1.B2 25310.39631 -0.000631782276832 0.00861083319645 3.71263931297e-05 -0.000378658581567
BPM.27L1.B2 25363.8478 0.00116878845347 0.00855450353385 -0.000379602699046 -2.5738689178e-05
BPM.26L1.B2 25417.29928 0.000664796742434 0.0086329230978 -1.85777789316e-05 0.000189477889038
BPM.25L1.B2 25470.75077 0.00244242005018 0.00830685862484 0.000189950607259 1.28752570694e-05
BPM.24L1.B2 25524.20225 0.00176374539343 0.00847694037461 1.07512138013e-05 -0.000190082655179
BPM.23L1.B2 25577.65373 0.00348457684935 0.00792635099241 -0.000190319841305 -5.03616862057e-06
BPM.22L1.B2 25631.10522 0.00302364947933 0.00819370739755 -1.42492273359e-09 -2.56269608755e-08
BPM.21L1.B2 25684.5567 0.00465854458381 0.00738764234289 -2.55749215534e-08 2.19683207037e-09
BPM.20L1.B2 25738.00819 0.00404693352342 0.00773961408279 2.4819038016e-09 2.55478164977e-08
BPM.19L1.B2 25791.45967 0.00556518517859 0.00673112256492 2.54602579663e-08 -3.24520659367e-09
BPM.18L1.B2 25844.91115 0.00500388055116 0.00715824535122 -3.5338033921e-09 -2.54217237795e-08
BPM.17L1.B2 25898.36264 0.00638066338659 0.00596375986898 -2.53078729782e-08 4.29593597623e-09
BPM.16L1.B2 25951.81412 0.00587838777673 0.00645940045397 4.57932627241e-09 2.52540572065e-08
BPM.15L1.B2 26005.26561 0.0070910932348 0.00509859724098 2.51076033448e-08 -5.33500704288e-09
BPM.14L1.B2 26058.71709 0.00665653413661 0.00565418874482 -5.61912574344e-09 -2.50441341584e-08
BPM.13L1.B2 26112.16857 0.00768510899839 0.00414950560914 -2.48643801437e-08 6.36530232194e-09
BPM.12L1.B2 26165.62006 0.00667413080123 0.00563340705898 4.77480472591e-09 2.52192398232e-08
BPM.11L1.B2 26219.07154 0.00710307576808 0.00508189056149 2.55929077759e-08 -1.93692424583e-09
BPM.10L1.B2 26271.85423 0.00763586576925 0.00423943994228 -3.43676660255e-09 -2.54376124738e-08
BPM.9L1.B2 26310.92122 0.00834454099597 0.00257835852204 -2.56384855409e-08 1.17813027319e-09
BPM.8L1.B2 26351.38621 0.00423187201681 0.00764006258576 1.30148059871e-08 2.21218980468e-08
BPM.7L1.B2 26390.4542 0.00788647200876 0.00375271319922 2.32495264952e-08 -1.08834913522e-08
BPMR.6L1.B2 26433.6382 0.00816548031968 0.00309906891622 5.90906574886e-09 -2.497592513e-08
BPM.5L1.B2 26465.5382 0.00815226161783 0.00313367636978 -6.48907722156e-09 -2.48318972356e-08
BPMYA.4L1.B2 26486.6562 0.00817617325762 0.00307074712197 -1.3814833842e-08 -2.16349393405e-08
BPMWB.4L1.B2 26507.7127 0.00852807606047 0.0018844669741 -2.07554623852e-08 -1.510501643e-08
BPMSY.4L1.B2 26600.5687 0.00865425204643 0.00117610314542 -1.3404543461e-08 2.18852947733e-08
BPMS.2L1.B2 26627.3542 0.00872806579476 0.000316488361294 -2.54628527316e-09 2.5533363977e-08
BPMSW.1L1.B2 26637.4082 0.0087338019809 3.61950078196e-08 4.65319653167e-09 2.52412508547e-08
