BPMSW.1R1.B2 21.475 -6.78222700066e-07 0.00801110074683 -8.02150653937e-08 -1.26574507953e-07
BPMS.2R1.B2 31.529 -0.000290954567939 0.00800581545199 -1.12331050545e-07 -9.91990814131e-08
BPMSY.4R1.B2 58.3145 -0.00107945451692 0.00793804217428 -1.44262221989e-07 -4.05507699534e-08
BPMWB.4R1.B2 151.1705 -0.00172939704202 0.00782220694448 -2.89472114618e-08 1.47031587985e-07
BPMYA.4R1.B2 172.227 -0.00281753624938 0.00749928163779 2.66881169327e-08 1.47457545666e-07
BPMR.5R1.B2 199.635 -0.00264422838238 0.00756212879221 8.29592416444e-08 1.24791502444e-07
BPM.6R1.B2 231.535 -0.00323540539739 0.00732870299026 1.3334969757e-07 6.83680831574e-08
BPMRA.7R1.B2 259.259 -0.00382562605928 0.00703863060882 1.49324792451e-07 -1.26036029106e-08
BPM.8R1.B2 300.6960106 -0.00605170999648 0.00524924201412 1.96044123249e-08 -1.4856264325e-07
BPM.9R1.B2 339.7610212 -0.00548026938711 0.00584331952104 -1.485439684e-07 1.97559310818e-08
BPM.10R1.B2 380.2240318 -0.00252632216117 0.00760233069066 5.15037910776e-08 1.40725271575e-07
BPM.11R1.B2 433.0047424 -0.00593140699127 0.0053848070274 1.20033607823e-07 -8.97072479407e-08
BPM.12R1.B2 487.7282583 -0.00499549558173 0.00626280763704 -9.92503807422e-08 -1.12274645174e-07
BPM.13R1.B2 541.1767742 -0.00583037050489 0.00549404362992 -1.0646373189e-07 1.05459038796e-07
BPM.14R1.B2 594.6252901 -0.0045633386773 0.00658435082012 1.08596124381e-07 1.03258364471e-07
BPM.15R1.B2 648.073806 -0.00507970817653 0.0061946993818 1.02044885481e-07 -1.09739392349e-07
BPM.16R1.B2 701.5223219 -0.00368346319206 0.00711405893454 -1.1274416764e-07 -9.87154193727e-08
BPM.17R1.B2 754.9708378 -0.00424562546862 0.00679355576835 -9.74634971391e-08 1.13826768566e-07
BPM.18R1.B2 808.4193537 -0.0027432331376 0.00752677936142 1.16695044759e-07 9.40112860272e-08
BPM.19R1.B2 861.8678696 -0.00334161428239 0.00728088934093 9.27069394777e-08 -1.17733010156e-07
BPM.20R1.B2 915.3163855 -0.00175788679689 0.00781585373602 -1.20453514357e-07 -8.91451977364e-08
BPM.21R1.B2 968.7649014 -0.00238292193763 0.00764849126936 -8.78066515498e-08 1.21436394557e-07
BPM.22R1.B2 1022.213417 -0.000743556909426 0.00797651921179 1.24010265639e-07 8.41314980578e-08
BPM.23R1.B2 1075.661933 -0.00138480918605 0.00789050309649 8.27466140758e-08 -1.24935255078e-07
BPM.24R1.B2 1129.110449 -0.000148187004813 0.00808844431129 2.90068071363e-07 0.000438860209378
BPM.25R1.B2 1182.558965 -0.000800175145028 0.00805013108757 0.00043883018651 -5.14164070352e-06
BPM.26R1.B2 1236.007481 0.0008879267603 0.00804092512389 -1.82849724864e-05 -0.00043847922202
BPM.27R1.B2 1289.455997 0.000235862572366 0.00808636257004 -0.000438248684131 2.31616120737e-05
BPM.28R1.B2 1342.904513 0.00147802407667 0.00794361723324 3.66807434471e-05 0.000876297509105
BPM.29R1.B2 1396.353029 0.000832699883609 0.00803692856867 0.000875838805445 -4.6359396326e-05
BPM.30R1.B2 1449.801545 0.00248232562665 0.00768919172883 -7.25602559729e-05 -0.000874058242381
BPM.31R1.B2 1503.25006 0.00185319964832 0.00786455726433 -0.000873196079276 8.22885187141e-05
BPM.32R1.B2 1556.698576 0.00344522124278 0.00730862918404 0.000108377046855 0.000870343159841
BPM.33R1.B2 1610.147092 0.00284470154315 0.00756262408488 0.000869093451454 -0.000117980380864
BPM.34R1.B2 1663.595608 0.00435213966078 0.00680767877039 -0.000143936293627 -0.000865173476531
BPM.33L2.B2 1717.044124 0.00378810215634 0.00713693855591 -0.000863516211996 0.000153566080656
BPM.32L2.B2 1770.49264 0.00518692589711 0.00619527316942 0.000179343578817 0.000858532864602
BPM.31L2.B2 1823.941156 0.00467049571151 0.00659333600737 0.000856501287683 -0.000188807669186
BPM.30L2.B2 1877.389672 0.00593708123653 0.00548057262327 -0.000214345073749 -0.000850469861497
BPM.29L2.B2 1930.838188 0.00547506656132 0.00594215920827 -0.000848028038353 0.000223810729688
BPM.28L2.B2 1984.286704 0.00658913631035 0.00467641877316 0.000249102432682 0.000840946354601
BPM.27L2.B2 2037.73522 0.00619058827334 0.00519251641672 0.000838147049041 -0.000258364712685
BPM.26L2.B2 2091.183735 0.0067022581068 0.00387690264611 -0.000282897435627 -0.000391090247972
BPM.25L2.B2 2144.632251 0.00636734989338 0.00440539364627 -0.000387918077572 0.000287231792099
BPM.24L2.B2 2198.080767 0.00714296015439 0.00298810275916 0.000298712471783 0.000379148254256
BPM.23L2.B2 2251.529283 0.00687868436784 0.00355448156707 0.000375823239326 -0.000302885176163
BPM.22L2.B2 2304.977799 0.00703544304979 0.00213160952271 -0.000313559692786 7.23387180857e-05
BPM.21L2.B2 2358.426315 0.00684038942294 0.00269263636455 7.5814812098e-05 0.000312737405429
BPM.20L2.B2 2411.874831 0.00725024412644 0.00121456912037 0.00031033001293 -8.51343371017e-05
BPM.19L2.B2 2465.323347 0.00712865073227 0.0017954266319 -8.85685618295e-05 -0.000309367394134
BPM.18L2.B2 2518.771863 0.00734606451355 0.000276684334746 -0.000306577063704 9.77909829624e-05
BPM.17L2.B2 2572.220379 0.0072997442736 0.000868879506379 0.000101185788407 0.00030547341787
BPM.16L2.B2 2625.668894 0.00732114838261 -0.000664834117368 0.000302309398852 -0.000110279634548
BPM.15L2.B2 2679.11741 0.00735091904875 -7.21608695482e-05 -0.00011362541884 -0.000301067826945
BPM.14L2.B2 2732.565926 0.00717585786059 -0.00159633392894 -0.000297532341095 0.000122584975817
BPM.13L2.B2 2786.014442 0.00728131729609 -0.00101174920655 0.000125876201419 0.000296154951648
BPM.12L2.B2 2839.462958 0.00685470947582 -0.00265596988824 0.000294033562871 -0.000130754858477
BPM.11L2.B2 2892.911474 0.00723606969955 -0.00129634613908 -0.000101793675093 -0.000305271381909
BPM.10L2.B2 2944.750185 0.0071069582712 -0.00187945795238 -0.000318881143173 4.32132917176e-05
BPM.9L2.B2 2983.815195 0.00658672128345 -0.00326440205902 -2.2541266756e-05 0.000321005392197
BPM.8L2.B2 3024.278206 0.00480572182671 -0.00556293589876 0.000242674927756 -0.000211332564644
BPM.7L2.B2 3063.344216 0.00712755001634 0.0017997913231 -0.000242448917576 -0.000211591811008
BPM.6L2.B2 3095.450216 0.00692151362964 0.00247666451546 -0.000312818823368 -7.54781662506e-05
BPMYB.5L2.B2 3167.649216 0.0073223358248 0.000651625718129 -9.37588460073e-05 0.000307834124391
BPMYB.4L2.B2 3188.219216 0.00731039406138 -0.000774181329398 0.000103321617365 0.000304757631613
BPMWB.4L2.B2 3212.610716 0.00732588852753 0.000610389486105 0.000305976575982 9.96539329256e-05
BPMSX.4L2.B2 3262.843716 0.00665885107607 -0.00311463005483 5.96525807047e-06 -0.000321740557868
BPMS.2L2.B2 3300.755216 0.00665489479742 -0.00312307435253 -0.000202318689291 -0.000250239316282
BPMSW.1L2.B2 3310.689216 0.00676746282426 -0.00287100419275 -0.000260075560396 -0.000189507968647
BPMSW.1R2.B2 3353.879216 0.00676759856814 -0.00287068419551 0.000229400805392 -0.000225671984796
BPMS.2R2.B2 3363.813216 0.00665500369463 -0.00312284226835 0.000163344249702 -0.000277256601481
BPMSX.4R2.B2 3401.724716 0.00665883494634 -0.00311466453837 -5.31877229445e-05 -0.00031736987648
BPMWB.4R2.B2 3451.881716 0.00732582346312 0.000611169889807 -0.000288464563124 0.000142621064318
BPMYB.4R2.B2 3476.349216 0.00731372091665 -0.000742094599261 -5.76354146381e-05 0.000316592374248
BPM.5R2.B2 3505.883216 0.00629537900766 0.00379597434297 0.000259786328529 0.000189904284447
BPMR.6R2.B2 3579.179216 0.00565228994053 0.00470030173074 0.000205060732963 -0.000247997311487
BPM_A.7R2.B2 3592.054216 0.00584717750319 0.00445552841797 0.000157658283115 -0.000280528859144
BPM.8R2.B2 3633.493206 0.00710282671978 0.00189501204057 -0.000172514245685 -0.000271645740291
BPM.9R2.B2 3672.560195 0.00512059544091 -0.00527453508729 -0.000182544346327 0.000265009683652
BPM.10R2.B2 3713.025185 0.0047187394014 -0.00563690664562 0.000183094783598 0.000264629687018
BPM.11R2.B2 3764.865874 0.00427956993767 -0.00597716481309 0.000281119192733 -0.000156603227408
BPM.12R2.B2 3819.592358 0.00464861439655 -0.0056948750862 -0.000180806625526 -0.000266198299904
BPM.13R2.B2 3873.043842 0.00269799448709 -0.00683827783894 -0.000245220700462 0.000208373177757
BPM.14R2.B2 3926.495326 0.00324116640503 -0.00659818599398 0.000211103540792 0.000242874177234
BPM.15R2.B2 3979.94681 0.00180104589537 -0.00712723310554 0.000236413202106 -0.000218314840955
BPM.16R2.B2 4033.398294 0.00237030233898 -0.00695865539542 -0.000220951037486 -0.000233951300494
BPM.17R2.B2 4086.849779 0.00087440358289 -0.00729908462894 -0.000227217646564 0.000227869948607
BPM.18R2.B2 4140.301263 0.00146075407778 -0.00720468011569 0.000230400705188 0.000224651029886
BPM.19R2.B2 4193.752747 -6.64978788503e-05 -0.00735097245815 0.000217616725703 -0.000237055968772
BPM.20R2.B2 4247.204231 0.000526987326133 -0.00733235994838 -0.000239479505088 -0.000214946828032
BPM.21R2.B2 4300.655715 -0.00100632301053 -0.00728206921403 -0.000207666513748 0.000245819426486
BPM.22R2.B2 4354.107199 -0.00041529496945 -0.00733953323721 0.000248130884406 0.000204899090122
BPM.23R2.B2 4407.558683 -0.00192968207095 -0.00709348610874 0.000197340057723 -0.000254183935683
BPM.24R2.B2 4461.010167 -0.00165581792782 -0.00724541992202 -0.000261040043442 0.000111215210981
BPM.25R2.B2 4514.461651 -0.00312344493723 -0.00674402954791 0.00011899695183 0.000257585814648
BPM.26R2.B2 4567.913135 -0.00256913553513 -0.00697405086448 0.000256235180976 -0.000121878052223
BPM.27R2.B2 4621.36462 -0.00396083412881 -0.00628885012643 -0.00012953043281 -0.000252453150157
BPM.28R2.B2 4674.816104 -0.00374515142759 -0.00660750545196 -0.000255656169528 0.000438051226284
BPM.29R2.B2 4728.267588 -0.00503485748338 -0.00568643101351 0.000445528861761 0.000242390159372
BPM.30R2.B2 4781.719072 -0.00455978998507 -0.00607401043902 0.000237371818394 -0.000448222686647
BPM.31R2.B2 4835.170556 -0.00572131976419 -0.00499517644368 -0.000455154855622 -0.000223792342311
BPM.32R2.B2 4888.62204 -0.00529918624629 -0.00544094777028 -0.000218691911986 0.000457627362229
BPM.33R2.B2 4942.073524 -0.00631302459684 -0.00422267781276 0.000463990118143 0.000204846595586
BPM.34R2.B2 4995.525008 -0.00595187265038 -0.00471810337649 0.00019962074901 -0.000466262276017
BPM.33L3.B2 5048.976492 -0.00680156866795 -0.00337993360539 -0.000472048166505 -0.000185524882296
BPM.32L3.B2 5102.427976 -0.00650636117665 -0.00391823324274 -0.000180239593057 0.000474091383965
BPM.31L3.B2 5155.87946 -0.00717792633887 -0.00248247074692 0.000479294766842 0.000165908043765
BPM.30L3.B2 5209.330945 -0.00695430811252 -0.00305334017289 0.000160512261113 -0.000481128648164
BPM.29L3.B2 5262.782429 -0.00743659828991 -0.00154346797055 -0.00048573034917 -0.000145996517591
BPM.28L3.B2 5316.233913 -0.0072876520872 -0.00213902186769 -0.000140560168632 0.000487331302598
BPM.27L3.B2 5369.685397 -0.00757292536012 -0.00057973185239 0.000491338272475 0.000125839794901
BPM.26L3.B2 5423.136881 -0.00780669033884 -0.0012079990714 0.000115666714002 -0.000187016628011
BPM.25L3.B2 5476.588365 -0.00788741982047 0.000438502416963 -0.000190404951582 -0.000109999826939
BPM.24L3.B2 5530.039849 -0.0078970709098 -0.00019986715659 -0.000107860620552 0.00019162488086
BPM.23L3.B2 5583.491333 -0.00776654694177 0.00144375358913 0.000194781599223 0.000102049675653
BPM.22L3.B2 5636.942817 -0.00816292928 0.000793265179335 9.52000270344e-05 0.000109807925757
BPM.21L3.B2 5690.394301 -0.00782055957104 0.00247012795562 0.000106899438817 -9.84547411064e-05
BPM.20L3.B2 5743.845786 -0.00799448601459 0.00183054023251 -9.96484998879e-05 -0.000105787536275
BPM.19L3.B2 5797.29727 -0.00744038349614 0.00345012717577 -0.000102744328002 0.000102783409549
BPM.18L3.B2 5850.748754 -0.00769446837705 0.00283863355999 0.000103925702099 0.000101588753022
BPM.17L3.B2 5904.200238 -0.00693779653934 0.00437374705652 9.84227625944e-05 -0.000106928891214
BPM.16L3.B2 5957.651722 -0.00726830555813 0.00379926551228 -0.000108027454676 -9.72157172156e-05
BPM.15L3.B2 6011.103206 -0.00632137395217 0.00522521917891 -9.39237565764e-05 0.000110901548549
BPM.14L3.B2 6064.55469 -0.00672233916946 0.00469817413054 0.000111944256832 9.26785275174e-05
BPM.13L3.B2 6118.006174 -0.00560088163569 0.00599106075827 8.92764545546e-05 -0.00011467580745
BPM.12L3.B2 6171.457658 -0.0068151962852 0.00456243177843 -0.000107584649616 -9.7705519619e-05
BPM.11L3.B2 6224.909142 -0.00724389229219 0.0038456089949 -0.000102348129764 0.000103177942076
BPM.10L3.B2 6277.691832 -0.00818211191993 0.000561897344141 9.46510831504e-05 0.000110281452533
BPM.9L3.B2 6316.758821 -0.00797156410885 0.00192791331721 0.000145325476995 -1.15368980841e-06
BPM.8L3.B2 6357.223811 -0.00746176417214 0.00340363917049 8.32522885639e-05 -0.000119121290006
BPM.7L3.B2 6396.2898 -0.00534300729372 0.00622213445397 -6.80554807541e-05 -0.000128410579283
BPMR.6L3.B2 6468.9288 0.00159708330146 0.00804437747665 -8.10108415256e-05 0.00012065682529
BPMWE.5L3.B2 6511.9823 0.00176638138086 0.00800890634963 5.71627887522e-06 0.000145217596054
BPMW.5L3.B2 6539.5273 -0.000752274610516 0.00816680886412 6.95880354628e-05 0.000127586564071
BPMWE.4L3.B2 6614.6553 0.00211577436814 0.0079237732761 0.000142333690051 -2.93589250995e-05
BPMW.4L3.B2 6642.2003 0.00737373654879 0.00359036118042 5.23890051484e-05 -0.000135558907728
BPMW.4R3.B2 6687.1653 0.00797949654845 0.00189481369944 -4.19459758415e-05 -0.000139145105727
BPMWE.4R3.B2 6714.7103 0.00747415787478 0.00337633650308 -9.08159259251e-05 -0.000113460534249
BPMW.5R3.B2 6789.8383 0.00797376614634 0.00191878543439 -0.000141981643796 3.10167410022e-05
BPMWE.5R3.B2 6817.3833 0.00807800431454 -0.00141722630236 -0.000100195626702 0.000105269472971
BPMWC.6R3.B2 6858.3743 0.00790546219433 -0.00218319756543 -1.70623747027e-05 0.000144324983335
BPM.6R3.B2 6870.5288 0.00809424613034 -0.00132131134571 1.50824588779e-05 0.000144545305818
BPM_A.7R3.B2 6926.3528 0.00806268522578 -0.00150192910649 0.000137004309078 4.84834484382e-05
BPM.8R3.B2 6965.418789 0.00759349541485 0.00309863058206 5.74550350499e-05 -0.000133490615781
BPM.9R3.B2 7004.485779 0.00146501151609 0.00806947491233 -0.000141276511128 -3.40848150162e-05
BPM.10R3.B2 7044.950768 0.00238521532543 0.00784687402392 -0.000121722878631 7.94000455277e-05
BPM.11R3.B2 7097.733458 0.00475105365614 0.0066850709245 5.33743284498e-05 0.000135173987971
BPM.12R3.B2 7152.459942 0.0066283200004 0.00482991284033 0.000120313637797 -8.15196511314e-05
BPM.13R3.B2 7205.911426 0.00582559369042 0.00577279328219 -8.90578791478e-05 -0.000114845632591
BPM.14R3.B2 7259.36291 0.00689676721368 0.00443816247682 -0.000112116997268 9.24694700925e-05
BPM.15R3.B2 7312.814394 0.00651587553331 0.0049805672515 9.37200822729e-05 0.000111073723742
BPM.16R3.B2 7366.265878 0.0074078129858 0.00351951571376 0.000108209592561 -9.70129358642e-05
BPM.17R3.B2 7419.717362 0.00709973370644 0.00410566259964 -9.82187248379e-05 -0.000107116328896
BPM.18R3.B2 7473.168846 0.00779722226318 0.00254283484548 -0.000104115886886 0.000101393827123
BPM.19R3.B2 7526.62033 0.00756642514078 0.00316415781671 0.000102554734202 0.000102972580617
BPM.20R3.B2 7580.071814 0.00805843390071 0.00152457444062 9.98458229336e-05 -0.000105601316322
BPM.21R3.B2 7633.523299 0.00790917692094 0.00216970148452 -0.000106712341964 -9.8657497819e-05
BPM.22R3.B2 7686.974783 0.00818726266742 0.000481055243569 -9.54066288719e-05 0.000109628460522
BPM.23R3.B2 7740.426267 0.00812168071337 0.00114060795479 0.000110691791636 9.41708711115e-05
BPM.24R3.B2 7793.877751 0.00818153956451 -0.000570170572165 9.08026473443e-05 -0.000113471167549
BPM.25R3.B2 7847.329235 0.00820087012675 9.17238403495e-05 -0.000114479885186 -8.95275488755e-05
BPM.26R3.B2 7900.780719 0.00804135893759 -0.00161221293357 -8.60484174362e-05 0.00011711744077
BPM.27R3.B2 7954.232203 0.00814528339872 -0.000957623353744 0.000118075897566 8.47284386549e-05
BPM.28R3.B2 8007.683687 0.00776906987001 -0.00262759157606 8.11416706393e-05 -0.000120568877561
BPM.29R3.B2 8061.135171 0.00795573097155 -0.0019922421516 -0.000121468527472 -7.97886132954e-05
BPM.30R3.B2 8114.586655 0.00736906198156 -0.00359994577599 -7.61048289004e-05 0.000123809851763
BPM.31R3.B2 8168.03814 0.00763567589236 -0.00299318188287 0.000124656794146 7.47095000715e-05
BPM.32R3.B2 8221.489624 0.00684802715165 -0.00451300434847 7.09287111217e-05 -0.000126846137334
BPM.33R3.B2 8274.941108 0.00718981789934 -0.00394578289093 -0.000127630752419 -6.95069605619e-05
BPM.34R3.B2 8328.392592 0.00621437815423 -0.00535202655729 -6.56434197465e-05 0.00012966019801
BPM.33L4.B2 8381.844076 0.00662620799465 -0.00483280991523 0.000130389677198 6.41822277723e-05
BPM.32L4.B2 8435.29556 0.00547870766178 -0.00610298668479 6.02333360341e-05 -0.000132260236503
BPM.31L4.B2 8488.747044 0.00595327559135 -0.00564102773335 -0.000132924662679 -5.87525242649e-05
BPM.30L4.B2 8542.198528 0.00465289004781 -0.00675376178973 -5.47352704009e-05 0.000134628658167
BPM.29L4.B2 8595.650012 0.00518295634346 -0.00635607171737 0.000135235515262 5.32182467549e-05
BPM.28L4.B2 8649.101496 0.00375075262591 -0.00729345863439 4.91283888561e-05 -0.000136774366447
BPM.27L4.B2 8702.55298 0.00432705030567 -0.00696701655996 -0.000137314291913 -4.75984212418e-05
BPM.26L4.B2 8756.004465 0.00278681086223 -0.0077133889646 -4.34545196619e-05 0.000138681397855
BPM.25L4.B2 8809.455949 0.00340040017205 -0.00746324077043 0.000139161303859 4.18922080267e-05
BPM.24L4.B2 8862.907433 0.00177727816003 -0.00800649526641 3.76894646979e-05 -0.00014035786476
BPM.23L4.B2 8916.358917 0.00241759086221 -0.00783695977786 -0.000140769796452 -3.61205004498e-05
BPM.22L4.B2 8969.810401 0.000738295234671 -0.00816808449116 -3.18778882395e-05 0.000141790782521
BPM.21L4.B2 9023.261885 0.00139523583041 -0.00808183154251 0.000142140331852 3.02812165985e-05
BPM.20L4.B2 9076.713369 -0.000312530840235 -0.00819542607774 2.59944012262e-05 -0.000142986422357
BPM.19L4.B2 9130.164853 0.00034988211447 -0.00819391644019 -0.000143267663118 -2.43967680902e-05
BPM.18L4.B2 9183.616337 -0.00135855624361 -0.00808807820128 -2.00841085392e-05 0.000143935588237
BPM.17L4.B2 9237.067821 -0.000701264835668 -0.00817134699678 0.000144152329743 1.84643161515e-05
BPM.16L4.B2 9290.519306 -0.00238187742007 -0.00784788787435 1.41227635396e-05 -0.000144642224679
BPM.15L4.B2 9343.97079 -0.00174073360275 -0.00801451998731 -0.000144790889311 -1.25069405112e-05
BPM.14L4.B2 9397.422274 -0.00336647600557 -0.00747860437783 -8.15345630383e-06 0.000145101162833
BPM.13L4.B2 9450.873758 -0.00275185108765 -0.00772593034546 0.000145183640787 6.52194993079e-06
BPM.12L4.B2 9504.325242 -0.00497239673759 -0.00652211275845 1.03468579847e-05 -0.000144961262842
BPM.11L4.B2 9557.776726 -0.0047360124479 -0.00669573522468 -0.000141290269996 -3.40277272048e-05
BPMC.10L4.B2 9609.617415 -0.00552988273664 -0.00605665592583 -5.34035277217e-05 0.000135162449504
BPMC.9L4.B2 9648.684405 -0.00607059753819 -0.00551457429256 0.000123020175376 7.73748186218e-05
BPMC.8L4.B2 9689.149394 -0.00747673901719 -0.00337061682358 -3.23298338625e-05 -0.000141688413965
BPMC.7L4.B2 9728.215384 -0.00225097625802 -0.00788643075111 -0.000137671409172 4.65554224787e-05
BPMYA.6L4.B2 9824.819384 -0.0033879005825 -0.00746892319955 5.83734306446e-06 0.00014521277622
BPMYB.5L4.B2 9861.819384 -0.00337446039302 -0.00747500509439 4.46977167073e-05 0.000138285718782
BPMWA.B5L4.B2 9964.209884 -0.00669042594109 -0.00474350975784 0.000142015623776 3.08607935344e-05
BPMWA.A5L4.B2 9973.094884 -0.006854872789 -0.0045025995993 0.000144280502651 1.74345058697e-05
BPMWA.A5R4.B2 10021.14388 -0.00731946046333 -0.00369975440178 0.000136427090436 -5.00846782544e-05
BPMWA.B5R4.B2 10030.02888 -0.00734222413839 -0.00365437119053 0.000131938980685 -6.09338249997e-05
BPMYA.5R4.B2 10132.49538 -0.00665292319564 -0.0047959667537 4.51028208711e-05 -0.00013815412062
BPMYB.6R4.B2 10164.05938 -0.00677153844615 -0.00462698078337 1.42554616453e-05 -0.000144629206416
BPMCA.7R4.B2 10260.57538 -0.00474996674301 -0.00668584325696 -0.000145318105768 1.86385295669e-06
BPMC.8R4.B2 10298.36637 -0.00279978798832 -0.00770868804139 1.11058793459e-05 0.000144905089693
BPMC.9R4.B2 10337.43336 -0.00713210030057 -0.00404917639143 0.000129177842925 -6.65876141259e-05
BPMC.10R4.B2 10377.89835 -0.00728497994115 -0.00376719409511 -2.9479065568e-05 -0.000142308854443
BPM.11R4.B2 10429.73904 -0.0081217344498 -0.00114022528505 -0.000144396056454 1.64500998365e-05
BPM.12R4.B2 10484.46553 -0.00815672908754 -0.000854666423968 9.54764659408e-06 0.000145016095025
BPM.13R4.B2 10537.91701 -0.00815492174696 0.000871742740225 0.000144644631045 -1.40981154161e-05
BPM.14R4.B2 10591.36849 -0.00819868549524 0.000210333715646 -1.57194851155e-05 -0.000144477408802
BPM.15R4.B2 10644.81998 -0.00797649663617 0.00190740282196 -0.000143939626124 2.0055147695e-05
BPM.16R4.B2 10698.27146 -0.00810436824375 0.00125773585381 2.16649804286e-05 0.00014370614062
BPM.17R4.B2 10751.72295 -0.00766680821468 0.00291251367593 0.00014299090903 -2.59697162605e-05
BPM.18R4.B2 10805.17443 -0.00787696274431 0.00228388748489 -2.75717212144e-05 -0.000142690662849
BPM.19R4.B2 10858.62591 -0.00723140255858 0.00386904395712 -0.000141797100338 3.1849757712e-05
BPM.20R4.B2 10912.0774 -0.00751996241589 0.0032730489367 3.34349021352e-05 0.000141431723728
BPM.21R4.B2 10965.52888 -0.00667683319661 0.00476262349702 0.000140364502998 -3.76647238897e-05
BPM.22R4.B2 11018.98037 -0.00703959417242 0.00420794462869 -3.92365749351e-05 -0.000139933256699
BPM.23R4.B2 11072.43185 -0.00601291659182 0.0055774114225 -0.000138689830602 4.34276036698e-05
BPM.24R4.B2 11125.88333 -0.00615317560798 0.0050923035163 4.9408904601e-05 -0.000152500413414
BPM.25R4.B2 11179.33482 -0.00496230239466 0.00625848864222 -0.000153913662283 -4.48129550568e-05
BPM.26R4.B2 11232.7863 -0.00545130942979 0.00583749523213 -4.30858174596e-05 0.000154406050576
BPM.27R4.B2 11286.23779 -0.00412089026515 0.00684188486922 0.000155632843496 3.84191885716e-05
BPM.28R4.B2 11339.68927 -0.00436957413633 0.00650520170759 4.10996639423e-05 -0.000446738996362
BPM.29R4.B2 11393.14075 -0.0029244276463 0.00727038859211 -0.000447770315906 -2.76886803449e-05
BPM.30R4.B2 11446.59224 -0.00350154874001 0.00701070493668 -2.26720751606e-05 0.000448052333094
BPM.31R4.B2 11500.04372 -0.00196994565083 0.0075848626525 0.000448531801768 9.17279507475e-06
BPM.32R4.B2 11553.49521 -0.00257591851438 0.00740104527618 4.14718722622e-06 -0.00044860641463
BPM.33R4.B2 11606.94669 -0.000983889518629 0.00777449604455 -0.000448529056614 9.3060588541e-06
BPM.34R4.B2 11660.39818 -0.00160789063755 0.00766977933389 1.43332410402e-05 0.0004483965601
BPM.33L5.B2 11713.84966 1.92399566211e-05 0.0078364824474 0.000447762051416 -2.78219797893e-05
BPM.32L5.B2 11767.30114 -0.000613660569725 0.00781244187357 -3.2832606338e-05 -0.000447422546418
BPM.31L5.B2 11820.75263 0.00102107796668 0.00776969929151 -0.000446236339423 4.62389993029e-05
BPM.30L5.B2 11874.20411 0.000391033533356 0.00782674390192 5.12416764948e-05 0.000445689586394
BPM.29L5.B2 11927.6556 0.002007139614 0.00757510514115 0.000443946398388 -6.46259633959e-05
BPM.28L5.B2 11981.10708 0.00138876567396 0.00771246764819 -6.95886998626e-05 -0.000443195587263
BPM.27L5.B2 12034.55856 0.00295923173422 0.00725629209128 -0.000440907394471 8.28588241346e-05
BPM.26L5.B2 12088.01005 0.00265439119998 0.00748970485182 9.22264379957e-05 0.0001492551642
BPM.25L5.B2 12141.46153 0.00415105371441 0.00677570841227 0.00014641424354 -9.66731073496e-05
BPM.24L5.B2 12194.91302 0.00359030632846 0.00708880609605 -9.83058822616e-05 -0.000145322995
BPM.23L5.B2 12248.3645 0.00498355596521 0.00618915513856 -0.000142306179049 0.000102624420376
BPM.22L5.B2 12301.81598 0.00475816868648 0.00658939798082 0.000108643961354 -0.00014955417436
BPM.21L5.B2 12355.26747 0.0060220497923 0.00545850266223 -0.000152753370749 -0.000104097885286
BPM.20L5.B2 12408.71895 0.00556162159046 0.0059269469609 -0.000102379149933 0.000153910591178
BPM.19L5.B2 12462.17044 0.00667085022645 0.00464328464479 0.000156914878152 9.77122441586e-05
BPM.18L5.B2 12515.62192 0.00627451742177 0.00516631068835 9.59494050184e-05 -0.000157998965965
BPM.17L5.B2 12569.07341 0.00721005010303 0.00375173460481 -0.000160811777696 -9.11566425533e-05
BPM.16L5.B2 12622.52489 0.00688354784772 0.00432170152127 -8.93471313669e-05 0.000161824139675
BPM.15L5.B2 12675.97637 0.00763074822628 0.00279857402072 0.000164434389399 8.44469928802e-05
BPM.14L5.B2 12729.42786 0.00738011198094 0.00340503775843 8.26021677915e-05 -0.000165368814234
BPM.13L5.B2 12782.87934 0.00792607013192 0.00179937413521 -0.000167776377625 -7.75954072348e-05
BPM.12L5.B2 12836.33083 0.0073905056721 0.00338241938754 -8.80662260954e-05 0.000162524773768
BPM.11L5.B2 12889.78231 0.0076373046923 0.00278063158716 0.000151713003407 0.00010560836039
BPM.10L5.B2 12942.565 0.00790444900406 0.00189209432208 9.65391480695e-05 -0.000157639313629
BPM.9L5.B2 12981.63199 0.00812460612447 0.000226075956374 -0.000148504646693 -0.000110074204561
BPM.8L5.B2 13022.09698 0.00570258549418 0.00579144659562 -2.79604527725e-05 0.000182724314096
BPM.7L5.B2 13061.16497 0.00800743196958 0.0013933299062 0.00017928034545 4.5039082882e-05
BPMR.6L5.B2 13098.05897 0.00804392871179 0.00116427912241 0.000158807859335 -9.46045810573e-05
BPMWT.B6L5.B2 13109.36897 0.00811235168316 0.000500085139721 0.000136601361678 -0.00012453926653
BPMWT.A6L5.B2 13115.19097 0.00811997021379 0.000355553996797 0.000124776078268 -0.000136385076758
BPM.5L5.B2 13129.95897 0.00811091171343 0.00052292078403 9.23711918307e-05 -0.000160117219159
BPMYA.4L5.B2 13157.36497 0.00809672235234 0.000709522469426 2.13278277076e-05 -0.000183616680596
BPMWB.4L5.B2 13178.42347 0.00811572882608 -0.000441905681573 -4.7135573094e-05 -0.000178740593743
BPMWT.B4L5.B2 13178.89297 0.00811433005712 -0.000466886216943 -4.86994203992e-05 -0.000178320857912
BPMWT.A4L5.B2 13180.87497 0.00810766088587 -0.000571112895211 -5.5282107197e-05 -0.000176391183356
BPMSY.4L5.B2 13271.27947 0.00805184460787 -0.00110821179199 -0.000174423709059 6.12072843901e-05
BPMS.2L5.B2 13298.06497 0.00790322629704 -0.00189719508009 -0.000130506670007 0.000130912065793
BPMSW.1L5.B2 13308.11897 0.00782930487695 -0.00218227407545 -8.88416075181e-05 0.000162102221683
BPMSW.1R5.B2 13351.06897 0.00782919891341 -0.00218265420243 -0.000125553364672 -0.000135669871428
BPMS.2R5.B2 13361.12297 0.00790315511554 -0.00189749147772 -0.000158394819867 -9.52945317138e-05
BPMSY.4R5.B2 13387.90847 0.00805182969196 -0.00110832017754 -0.000184066874112 -1.70102317319e-05
BPMWB.4R5.B2 13480.76447 0.00811576035199 -0.000441326287602 -2.30760707373e-06 0.000184836782321
BPMYA.4R5.B2 13501.82097 0.00809667652358 0.000710045302882 6.52851258233e-05 0.000172938762867
BPMR.5R5.B2 13522.93897 0.00809096602106 0.000772401365486 0.00011531332702 0.000144474212471
BPM.6R5.B2 13554.83897 0.00809417679977 0.000737995140396 0.000169596296698 7.35326823739e-05
BPMRA.7R5.B2 13588.85297 0.00792126541468 0.0018204090859 0.000178346966467 -4.86037111169e-05
BPM.8R5.B2 13630.28998 0.00677921830974 0.00448358495987 -9.35215808066e-06 -0.000184614461958
BPM.9R5.B2 13669.35499 0.00720385449983 0.00376361732194 -0.000175805665781 5.71168027965e-05
BPM.10R5.B2 13709.818 0.0081180323831 0.000397347787591 9.38846285674e-05 0.000159234539395
BPM.11R5.B2 13762.59871 0.00687899311979 0.00432894775564 0.000125615932163 -0.000135611944311
BPM.12R5.B2 13817.32223 0.0074818180551 0.00317533204342 -0.000145456068109 -0.000114072316056
BPM.13R5.B2 13870.77074 0.00695789907097 0.00420094936208 -0.000105625607694 0.000151701000467
BPM.14R5.B2 13924.21926 0.00767831445137 0.00266529963367 0.000154792172473 0.000101041298537
BPM.15R5.B2 13977.66777 0.0074383322615 0.00327590417961 9.93214203007e-05 -0.000155901301583
BPM.16R5.B2 14031.11629 0.00795619735069 0.00166110166625 -0.000158804247238 -9.46106311498e-05
BPM.17R5.B2 14084.56481 0.00779610016199 0.00229807686266 -9.28400634238e-05 0.000159845816197
BPM.18R5.B2 14138.01332 0.00810331317685 0.000629802023382 0.000162552492446 8.80150473411e-05
BPM.19R5.B2 14191.46184 0.00802611669656 0.00128132188506 8.6211325458e-05 -0.000163516259824
BPM.20R5.B2 14244.91035 0.00811729957208 -0.000412046920928 -0.00016602268022 -8.12799582623e-05
BPM.21R5.B2 14298.35887 0.00812406682809 0.00024468995475 -7.94286976799e-05 0.000166916276261
BPM.22R5.B2 14351.80738 0.00799792252652 -0.00144691749802 0.000169219051327 7.4396727394e-05
BPM.23R5.B2 14405.2559 0.00808856915669 -0.000797109766063 7.25213799006e-05 -0.000170031199886
BPM.24R5.B2 14458.70442 0.00827880434234 -0.00255978821239 -0.000172633226253 -0.000608595351586
BPM.25R5.B2 14512.15293 0.00845843136527 -0.00188309740944 -0.000606630753785 0.000179414760908
BPM.26R5.B2 14565.60145 0.00788339696612 -0.00359766163717 0.000197515962943 0.000600980839803
BPM.27R5.B2 14619.04996 0.00814793790116 -0.00294995338748 0.000598768540169 -0.000204124386596
BPM.28R5.B2 14672.49848 0.00789002973589 -0.00467835712688 -0.000222403046799 -0.00113365147543
BPM.29R5.B2 14725.947 0.00824183872562 -0.00402637417957 -0.00113109081285 0.000235079484766
BPM.30R5.B2 14779.39551 0.00722687672128 -0.00564905722386 0.000268901818106 0.00112353042179
BPM.31R5.B2 14832.84403 0.00765920732577 -0.00504738920118 0.00112050841734 -0.000281228863928
BPM.32R5.B2 14886.29254 0.00644470075037 -0.00652728326468 -0.000314565058781 -0.00111161037066
BPM.33R5.B2 14939.74106 0.00695034071813 -0.00598601357924 -0.00110802054937 0.000326985083667
BPM.34R5.B2 14993.18958 0.00555704273807 -0.00729786753873 0.000360057706892 0.00109771910759
BPM.33L6.B2 15046.63809 0.00612797333534 -0.00682550638752 0.00109369444368 -0.000372103822747
BPM.32L6.B2 15100.08661 0.00457750470744 -0.00794896504448 -0.000404616229676 -0.00108208802578
BPM.31L6.B2 15153.53512 0.0052038643173 -0.00755376665937 -0.00107749704876 0.000416688015452
BPM.30L6.B2 15206.98364 0.00352351590739 -0.00846902770483 0.000448787251368 0.00106452749669
BPM.29L6.B2 15260.43215 0.00419567432117 -0.00815695479853 0.00105952240188 -0.000460479167734
BPM.28L6.B2 15313.88067 0.00241066507453 -0.00885032702858 -0.00049194879138 -0.00104528234071
BPM.27L6.B2 15367.32919 0.00311676455763 -0.00862701415728 -0.00103972679864 0.000503584136603
BPM.26L6.B2 15420.7777 0.00179063937819 -0.00918749049611 0.000533953291094 0.000483005216737
BPM.25L6.B2 15474.22622 0.00252611996533 -0.00901305103214 0.000477079273693 -0.000539254591972
BPM.24L6.B2 15527.67473 0.000599939841888 -0.00934111573445 -0.000553284336903 -0.000460734833384
BPM.23L6.B2 15581.12325 0.00135188806158 -0.00926222271942 -0.00045454911823 0.000558377329917
BPM.22L6.B2 15634.57177 -6.79015313528e-05 -0.00944266202229 0.000571198394541 -0.000103577443323
BPM.21L6.B2 15688.02028 0.000693847243985 -0.00941738035055 -0.000109889481175 -0.000570017712452
BPM.20L6.B2 15741.4688 -0.00127602490444 -0.00935629398531 -0.000566476376664 0.000126887385967
BPM.19L6.B2 15794.91731 -0.000516366433561 -0.00942877735337 0.000133175588205 0.000565031111778
BPM.18L6.B2 15848.36583 -0.00246164533283 -0.00911640164285 0.000560788921833 -0.000150038947156
BPM.17L6.B2 15901.81435 -0.00171837442842 -0.00928523914635 -0.000156236982874 -0.000559093822265
BPM.16L6.B2 15955.26286 -0.00360828471625 -0.00872632558121 -0.000554173062811 0.00017288179485
BPM.15L6.B2 16008.71138 -0.00289192570898 -0.00898917362 0.000179026580511 0.00055221859749
BPM.14L6.B2 16062.15989 -0.00469427941133 -0.00819342526352 0.0005466069352 -0.00019549105014
BPM.13L6.B2 16115.60841 -0.00401811951236 -0.0085453608625 -0.000201532970402 -0.000544408264806
BPM.12L6.B2 16169.05693 -0.00581648442887 -0.00743888335392 -0.000540068560976 0.000212889276049
BPM.11L6.B2 16222.50544 -0.00446547487314 -0.00832033718251 0.000174061715786 0.000553803587943
BPM.10L6.B2 16274.34415 -0.00583311966074 -0.0074258461939 0.000575954596229 -7.26099212585e-05
BPM.9L6.B2 16313.40916 -0.00679688198808 -0.00655521715271 0.000133287150184 -0.000565004806098
BPM.8L6.B2 16353.87217 -0.0092752974951 -0.0017712518203 -0.000573384659964 9.0696891166e-05
BPMYB.5L6.B2 16450.96018 -0.00407839852805 -0.00851675655259 0.000506906891392 0.00028291570415
BPMYA.4L6.B2 16487.36018 -0.00440936504867 -0.00835020816862 0.000558660805987 0.00015777836006
BPMSB.B4L6.B2 16518.13068 -0.00343560007649 -0.0087957449247 0.000579872954374 2.72626844984e-05
BPMSB.A4L6.B2 16518.76568 -0.00341254132871 -0.0088047168233 0.000580007296477 2.42370253086e-05
BPMSA.4L6.B2 16615.57568 0.000516248551125 -0.00942878380966 0.000342353308744 -0.000468817778423
BPMSE.4R6.B2 16707.14568 0.000801881872152 -0.00940879706255 -0.00020972608468 -0.00054130478123
BPMSA.A4R6.B2 16803.82068 -0.00262677476842 -0.00907020016218 -0.000557536815065 -0.000161705253449
BPMSA.B4R6.B2 16804.40568 -0.00264726154581 -0.00906424199574 -0.00055827000105 -0.000159155577253
BPMYB.4R6.B2 16830.96018 -0.00350311247328 -0.00876907518853 -0.000578379978597 -4.97241532788e-05
BPMYA.5R6.B2 16867.36018 -0.0035901669933 -0.00873379515952 -0.000575643460691 7.50368867186e-05
BPM.8R6.B2 16963.08519 -0.00704946263421 -0.00628279820194 0.000160394664398 0.000557915267765
BPM.9R6.B2 17002.1502 -0.00944119082282 0.000179979343592 0.000537146663026 -0.000220157560374
BPM.10R6.B2 17042.61322 -0.00921379898756 0.00206745854665 -6.37180614121e-05 -0.000577005982025
BPM.11R6.B2 17094.45193 -0.00836534533498 0.00438057919445 -0.000564071368085 0.000137183784202
BPM.12R6.B2 17149.17544 -0.00910552475265 0.00250157864794 0.000212413920327 0.000540255699672
BPM.13R6.B2 17202.62396 -0.00838199771229 0.00434863093645 0.000533398962745 -0.000229088290079
BPM.14R6.B2 17256.07247 -0.00870572998681 0.00365769628005 -0.00023500804632 -0.00053081740388
BPM.15R6.B2 17309.52099 -0.00775701195578 0.00538490874988 -0.000523556946885 0.000250766850613
BPM.16R6.B2 17362.96951 -0.00816605567685 0.00474173084183 0.000256539059664 0.000520752925431
BPM.17R6.B2 17416.41802 -0.00700422721625 0.00633318859969 0.000512832606922 -0.000272026862092
BPM.18R6.B2 17469.86654 -0.00749273798871 0.00574694302854 -0.000277715611493 -0.000509774389301
BPM.19R6.B2 17523.31505 -0.00613684319289 0.00717688179457 -0.000501244581398 0.000292830602704
BPM.20R6.B2 17576.76357 -0.00669564117347 0.00665859339732 0.000298353391246 0.000497977056941
BPM.21R6.B2 17630.21209 -0.00516799202613 0.00790318512382 0.00048881703397 -0.000313135439873
BPM.22R6.B2 17683.6606 -0.00578932263884 0.00746004155695 -0.000318554528783 -0.000485302899768
BPM.23R6.B2 17737.10912 -0.00411500300052 0.00849913095452 -0.000475559769588 0.0003329246153
BPM.24R6.B2 17790.55763 -0.00490619791677 0.00813214504192 0.000336319864942 0.00059135643328
BPM.25R6.B2 17844.00615 -0.0031115950702 0.00897332363679 0.000581019865911 -0.000353877659688
BPM.26R6.B2 17897.45466 -0.00382617384548 0.00869269547444 -0.000360321944863 -0.000577045564888
BPM.27R6.B2 17950.90318 -0.00193887710318 0.0092974897987 -0.000566009051233 0.000377421833399
BPM.28R6.B2 18004.3517 -0.00280140419678 0.00910339922715 0.000381813416416 0.000681307794783
BPM.29R6.B2 18057.80021 -0.00085094744524 0.00948660273155 0.000669573591569 -0.000402036061158
BPM.30R6.B2 18111.24873 -0.00161447859226 0.00938686325709 -0.00040946213294 -0.000665058307656
BPM.31R6.B2 18164.69724 0.000368628434605 0.00951755515164 -0.000652506373064 0.000429182037252
BPM.32R6.B2 18218.14576 -0.000399853385092 0.00951629445825 0.000436368534983 0.000647722393285
BPM.33R6.B2 18271.59428 0.0015840079294 0.00939205312052 0.000634378163068 -0.000455550367839
BPM.34R6.B2 18325.04279 0.000820162612722 0.00948931379114 -0.000462578857611 -0.000629271479558
BPM.33L7.B2 18378.49131 0.00277153109377 0.00911253852053 -0.000615137488282 0.0004812147854
BPM.32L7.B2 18431.93982 0.00202785391499 0.00930631782386 0.000487987308898 0.000609778796694
BPM.31L7.B2 18485.38834 0.00391526218506 0.00868276828058 0.000594916151927 -0.000506000561633
BPM.30L7.B2 18538.83686 0.00320113721416 0.00897064454086 -0.00051258502994 -0.000589252393572
BPM.29L7.B2 18592.28537 0.00499304445663 0.00811105727021 -0.000573629934317 0.000530009895059
BPM.28L7.B2 18645.73389 0.00432281605396 0.00848722594865 0.000536322063676 0.0005677327181
BPM.27L7.B2 18699.1824 0.00599023750992 0.0074051872028 0.000551452686134 -0.000553047674337
BPM.26L7.B2 18752.63092 0.00525336162147 0.00785719388854 -0.000560976974724 -0.0004257642141
BPM.25L7.B2 18806.07943 0.0067695745412 0.00659592030683 -0.000408758978209 0.000573486204932
BPM.24L7.B2 18859.52795 0.00621559923165 0.00712036728865 0.000577970554412 0.000402393306947
BPM.23L7.B2 18912.97647 0.00755807582585 0.00567527919461 0.000384947472916 -0.000589733650655
BPM.22L7.B2 18966.42498 0.00695587852568 0.00625943008323 -0.000595809711111 -0.000258858554748
BPM.21L7.B2 19019.8735 0.00810345425164 0.00467960897659 -0.000240882029828 0.000603301589185
BPM.20L7.B2 19073.32201 0.00769958171461 0.00531800266877 0.000605926362483 0.000234201213816
BPM.19L7.B2 19126.77053 0.00863566689276 0.00360415986014 0.000215995881844 -0.000612652216349
BPM.18L7.B2 19180.21905 0.00831652614046 0.00428953423422 -0.000615018300437 -0.00020916369812
BPM.17L7.B2 19233.66756 0.00902565133346 0.00247028924815 -0.000190631160567 0.000621012658463
BPM.16L7.B2 19287.11608 0.00879694196887 0.00319037975976 0.000623081274614 0.000183757143481
BPM.15L7.B2 19340.56459 0.00926755535067 0.00129504007737 0.000165063379714 -0.000628292158541
BPM.14L7.B2 19394.01311 0.00913278826033 0.00203884516422 -0.000630090108626 -0.00015806142432
BPM.13L7.B2 19447.46163 0.00935707509968 9.92806116516e-05 -0.000139099470398 0.000634545738085
BPM.12L7.B2 19500.91014 0.00929833487525 0.00105151299904 0.000634212552844 0.000140610803752
BPM.11L7.B2 19554.35866 0.00929116903296 -0.00111305392188 0.000150092233756 -0.000632035825342
BPM.10L7.B2 19607.13937 0.00928528882916 -0.00116108671173 -0.000624700020147 -0.000178176450314
BPM.9L7.B2 19646.20438 0.00813187660952 -0.00463004252873 -0.000397913667756 0.000513479962109
BPM.8L7.B2 19686.66739 0.00601245619837 -0.00717043104926 0.000464229427383 0.000454409513791
BPM.7L7.B2 19725.7314 0.000161861604407 -0.00935620178593 0.000491348114088 -0.000424939980458
BPMR.6L7.B2 19760.5494 0.000276830670427 -0.00935350607049 4.57750484941e-05 -0.000647998155531
BPMWC.6L7.B2 19772.7279 -0.00104805176979 -0.00929872563849 -0.00013767136823 -0.000634857116954
BPMWE.5L7.B2 19849.7819 0.00374025844828 -0.00857759743307 -0.000627799836712 0.000166926114881
BPMW.5L7.B2 19872.9869 0.00624438203717 -0.00696939048233 -0.000492574866875 0.000423517386591
BPMWE.4L7.B2 19908.0719 0.00623298333027 -0.00697958664932 -0.000281402875499 0.000585499260748
BPMW.4L7.B2 19936.1769 0.00299477201726 -0.00886544141965 6.87236570368e-05 0.000645967507378
BPMW.4R7.B2 20052.2239 0.000849927191506 -0.00931892347699 0.00051181555688 -0.000400052242109
BPMWE.4R7.B2 20080.3289 0.00409196474819 -0.00841549377187 0.000240290997646 -0.000603537237226
BPMW.5R7.B2 20115.4139 0.00370176972973 -0.00859427786678 -6.50935952422e-05 -0.000646343398098
BPMWE.5R7.B2 20138.6189 -0.00122725488857 -0.00927677511013 -0.000457882814759 -0.000460803958371
BPM.6R7.B2 20217.7584 -0.00544260362639 -0.00761201528831 -0.00028539382058 0.000583564330133
BPM_A.7R7.B2 20255.7944 -0.00258695745522 -0.00899290621205 0.000231677543986 0.000606895771732
BPM.8R7.B2 20294.85841 -0.00250832559705 -0.00901515466755 0.000627263941171 0.000168928714453
BPM.9R7.B2 20333.92342 -0.00683740835536 -0.00638862723784 0.000190577132518 -0.000621029241719
BPM.10R7.B2 20374.38643 -0.00903294105637 -0.00244349889885 -0.000597351625782 -0.000255280228974
BPM.11R7.B2 20427.16714 -0.00895456852248 -0.00271669165635 -0.000333947154049 0.000557203966252
BPM.12R7.B2 20481.89066 -0.009236105078 -0.00150302161237 0.000559607703708 0.00032990329203
BPM.13R7.B2 20535.33917 -0.00906123811588 -0.0023363807001 0.000319376327912 -0.00056568163991
BPM.14R7.B2 20588.78769 -0.00934883575283 -0.00040494580182 -0.000574979179942 -0.000302317556951
BPM.15R7.B2 20642.23621 -0.00928570752898 -0.00115773343369 -0.000295961240222 0.000578276678196
BPM.16R7.B2 20695.68472 -0.00932380125012 0.00079463277242 0.000586880178507 0.000278511429335
BPM.17R7.B2 20749.13324 -0.00935751934367 3.92773289015e-05 0.000271946946846 -0.000589950688942
BPM.18R7.B2 20802.58175 -0.00914564642112 0.001980369294 -0.000597819894439 -0.000254181701603
BPM.19R7.B2 20856.03027 -0.00927558116691 0.00123624633348 -0.000247575062115 0.000600586008648
BPM.20R7.B2 20909.47879 -0.00881700732675 0.00313450040818 0.000607729913897 0.000229480534362
BPM.21R7.B2 20962.9273 -0.00904130239279 0.00241237684886 0.000222688945923 -0.000610251257384
BPM.22R7.B2 21016.37582 -0.00834388085971 0.00423607875384 -0.000616638963717 -0.000204336364352
BPM.23R7.B2 21069.82433 -0.00865835171048 0.00354931777649 -0.000197521910763 0.0006188554419
BPM.24R7.B2 21123.27285 -0.00674203977486 0.00507957482192 0.000623410936924 -0.000829965337421
BPM.25R7.B2 21176.72137 -0.00713034839142 0.00451833072543 -0.000836826950586 -0.000614169610995
BPM.26R7.B2 21230.16988 -0.00603734253226 0.00589980303852 -0.000588910818367 0.000854791030377
BPM.27R7.B2 21283.6184 -0.0064932497726 0.00539396776162 0.000861270676166 0.000579393202416
BPM.28R7.B2 21337.06691 -0.00424184521478 0.00643451334434 0.000552145979703 -0.00188693525136
BPM.29R7.B2 21390.51543 -0.00474818470296 0.00607049872724 -0.0018929171825 -0.000531276164118
BPM.30R7.B2 21443.96394 -0.0033844640661 0.00692398843266 -0.00047455940193 0.00190792641356
BPM.31R7.B2 21497.41246 -0.00393111098992 0.00662891991201 0.00191309039666 0.000453293451408
BPM.32R7.B2 21550.86098 -0.0024703905786 0.00730023172201 0.00039571619911 -0.00192582411278
BPM.33R7.B2 21604.30949 -0.00305262988763 0.00707655732651 -0.0019300821743 -0.000374396358179
BPM.34R7.B2 21657.75801 -0.00151676527539 0.00755616542339 -0.000316545981319 0.00194040935396
BPM.33L8.B2 21711.20652 -0.0021203299235 0.00740948134612 0.00194380651679 0.000294967868812
BPM.32L8.B2 21764.65504 -0.000537281539857 0.00768814290664 0.000236635644662 -0.00195176673626
BPM.31L8.B2 21818.10356 -0.00115723442221 0.00761951581811 -0.00195426945016 -0.000214990091868
BPM.30L8.B2 21871.55207 0.000450243754549 0.00769373078363 -0.000156395076401 0.00195982917654
BPM.29L8.B2 21925.00059 -0.000170821951334 0.00770500049931 0.0019614419238 0.000134667774781
BPM.28L8.B2 21978.4491 0.00143097477526 0.00757288082839 7.59680123779e-05 -0.00196459122704
BPM.27L8.B2 22031.89762 0.000813977264821 0.00766378847822 -0.00196531426323 -5.41265611498e-05
BPM.26L8.B2 22085.34614 0.00337818286236 0.00713863800695 3.73427672052e-06 0.000957347429832
BPM.25L8.B2 22138.79465 0.00279175847803 0.00738771660113 0.000957247265658 -1.43428551382e-05
BPM.24L8.B2 22192.24317 0.00426366976739 0.00664781107453 -4.29581180165e-05 -0.000956390425125
BPM.23L8.B2 22245.69168 0.00371270403329 0.0069705165334 -0.000955854211524 5.35796493208e-05
BPM.22L8.B2 22299.1402 0.00606966057186 0.00585897913728 8.11713082725e-05 -5.49483268703e-05
BPM.21L8.B2 22352.58871 0.00557723234862 0.00632952567913 -5.58467171315e-05 -8.05558435913e-05
BPM.20L8.B2 22406.03723 0.0067692591747 0.00503443603374 -7.88480563168e-05 5.82330165422e-05
BPM.19L8.B2 22459.48575 0.00634075677598 0.00556446039447 5.91025774055e-05 7.81983699757e-05
BPM.18L8.B2 22512.93426 0.00735767576722 0.0041271083434 7.63948302696e-05 -6.14160361434e-05
BPM.17L8.B2 22566.38278 0.00700075952684 0.0047072053293 -6.22603745799e-05 -7.5708292492e-05
BPM.16L8.B2 22619.83129 0.0078251348905 0.0031520913574 -7.38112855718e-05 6.44980154377e-05
BPM.15L8.B2 22673.27981 0.00754514618993 0.00377348445831 6.53120653739e-05 7.30919551351e-05
BPM.14L8.B2 22726.72833 0.00816409112799 0.00212509577836 7.11043229438e-05 -6.74705485519e-05
BPM.13L8.B2 22780.17684 0.0079660427348 0.00277679296132 -6.82550967725e-05 -7.03515567802e-05
BPM.12L8.B2 22833.62536 0.00842920037869 0.000342048171454 -7.16321873643e-05 6.69098693808e-05
BPM.11L8.B2 22887.07387 0.00838310661958 0.000944425432923 5.50311765941e-05 8.11151624965e-05
BPM.10L8.B2 22938.91258 0.00841242964036 -0.00063201544835 9.04312980857e-05 -3.78190470032e-05
BPM.9L8.B2 22977.9776 0.00811123525173 -0.00231868036264 -8.30371559497e-06 -9.76685638975e-05
BPM.8L8.B2 23018.44061 0.00245023329779 -0.00807247005428 -9.29241777524e-05 3.11961153647e-05
BPM.7L8.B2 23057.50662 0.00425190216918 -0.00728627092265 -2.82729243705e-05 9.38548926985e-05
BPM.6L8.B2 23089.97562 0.00774923125208 -0.00333434116342 6.64050924055e-05 7.21003739343e-05
BPMR.5L8.B2 23150.39462 0.00834954919327 0.00120558875596 2.98414911737e-05 -9.3368017325e-05
BPMYB.4L8.B2 23171.16162 0.008408838818 -0.000678119241777 -3.23127019334e-05 -9.25418277813e-05
BPMWB.4L8.B2 23195.62912 0.00838764394439 0.00090324141594 -9.35616717748e-05 -2.92286393796e-05
BPMSX.4L8.B2 23245.78612 0.00772540646029 -0.00338917556843 -9.48134020474e-07 9.80163267705e-05
BPMS.2L8.B2 23283.69762 0.00772117623787 -0.00339880183889 6.23019448501e-05 7.56741202929e-05
BPMSW.1L8.B2 23293.63162 0.00784335844578 -0.0031064681408 7.97304588251e-05 5.70188948632e-05
BPMSW.1R8.B2 23336.82162 0.00784331168674 -0.00310658620324 -6.92647704295e-05 6.9357701169e-05
BPMS.2R8.B2 23346.75562 0.00772113958239 -0.00339888494176 -4.90053216722e-05 8.4891597867e-05
BPMSX.4R8.B2 23384.66712 0.00772541395239 -0.00338915849185 1.70579942481e-05 9.65252466626e-05
BPMWI.4R8.B2 23434.90012 0.00838771010118 0.000902626859112 8.73374095232e-05 -4.450029928e-05
BPMYB.4R8.B2 23459.29162 0.00840794012454 -0.000689172611106 1.66260201457e-05 -9.66005994469e-05
BPMYB.5R8.B2 23479.86862 0.00839061895066 0.000875174055147 -4.23684048515e-05 -8.83912803998e-05
BPMR.6R8.B2 23563.97662 0.00843609000637 -2.83105542626e-05 -7.38729357708e-05 6.44273869183e-05
BPM_A.7R8.B2 23586.21662 0.00839893840147 -0.000791359558625 -4.73723007909e-05 8.58135437041e-05
BPM.8R8.B2 23627.65561 0.00787025794035 -0.00303767278337 6.64026909931e-05 7.21025815411e-05
BPM.9R8.B2 23666.7226 0.00374137034068 -0.00756112187169 1.49221426068e-05 -9.68784251469e-05
BPM.10R8.B2 23707.18758 0.00478938979101 -0.00694479383353 -9.15744249656e-05 -3.49603255628e-05
BPM.11R8.B2 23759.02827 0.00322106568122 -0.00779699633666 -5.0390437887e-05 8.4076770756e-05
BPM.12R8.B2 23813.75476 0.0026934763941 -0.00799459823004 8.32993285592e-05 5.16654820061e-05
BPM.13R8.B2 23867.20624 0.000274194471545 -0.00843168034117 4.3546565709e-05 -8.78168346537e-05
BPM.14R8.B2 23920.65773 0.000953761744778 -0.00838204954147 -8.82968961882e-05 -4.25647469051e-05
BPM.15R8.B2 23974.10921 -0.000806860306763 -0.0083974634528 -3.98933244327e-05 8.95355938718e-05
BPM.16R8.B2 24027.56069 -0.000126494592452 -0.0084351890975 8.99786786271e-05 3.88836346565e-05
BPM.17R8.B2 24081.01218 -0.00187438891011 -0.00822527095009 3.6162588543e-05 -9.11063504297e-05
BPM.18R8.B2 24134.46366 -0.00120435999639 -0.00834972652219 -9.15042997128e-05 -3.51434681445e-05
BPM.19R8.B2 24187.91515 -0.00291136803939 -0.00791785021901 -3.23784452232e-05 9.2518840684e-05
BPM.20R8.B2 24241.36663 -0.00226283952487 -0.00812699041888 9.28770515252e-05 3.13361382674e-05
BPM.21R8.B2 24294.81811 -0.00390016645777 -0.0074804490239 2.85319869373e-05 -9.37764673602e-05
BPM.22R8.B2 24348.2696 -0.00328366037968 -0.00777084232873 -9.40892606989e-05 -2.74829245564e-05
BPM.23R8.B2 24401.72108 -0.00482528573548 -0.00691990126976 -2.4643180336e-05 9.48726174187e-05
BPM.24R8.B2 24455.17257 -0.00411828603712 -0.0072783405129 9.71664417701e-05 -0.00010946679973
BPM.25R8.B2 24508.62405 -0.00553908068379 -0.00626522989832 -0.000112335402802 -9.38352586773e-05
BPM.26R8.B2 24562.07554 -0.00501529042563 -0.0066918893032 -9.25744264072e-05 0.000113376688036
BPM.27R8.B2 24615.52702 -0.00629522541761 -0.00550496661383 0.000116108137839 8.91246247252e-05
BPM.28R8.B2 24668.9785 -0.00569761747585 -0.00598664366257 8.98372591883e-05 -0.000250142287146
BPM.29R8.B2 24722.42999 -0.00681594979858 -0.00467392506943 -0.000252726411188 -8.2287639581e-05
BPM.30R8.B2 24775.88147 -0.00641644398246 -0.00520883805241 -7.9458335429e-05 0.000253630182598
BPM.31R8.B2 24829.33296 -0.00735799542232 -0.00376332972985 0.000255904784404 7.17957989109e-05
BPM.32R8.B2 24882.78444 -0.0070302510423 -0.00434491858766 6.89180488175e-05 -0.000256694762791
BPM.33R8.B2 24936.23592 -0.00777885431395 -0.00279144636338 -0.000258647703531 -6.11822065101e-05
BPM.34R8.B2 24989.68741 -0.00752818431359 -0.00341015955143 -5.82850898834e-05 0.000259315916525
BPM.33L1.B2 25043.13889 -0.00807212635079 -0.00177299843604 0.00026095138516 5.04605778022e-05
BPM.32L1.B2 25096.59038 -0.00790267062428 -0.00241878982961 4.75306874338e-05 -0.000261500919815
BPM.31L1.B2 25150.04186 -0.00823257757932 -0.000726232509738 -0.000262809735425 -3.96603056229e-05
BPM.30L1.B2 25203.49334 -0.00814712043007 -0.00138822762632 -3.67146621489e-05 0.000263237402552
BPM.29L1.B2 25256.94483 -0.00825782069464 0.00033338356983 0.000264222388493 2.87824169365e-05
BPM.28L1.B2 25310.39631 -0.0082577818448 -0.000334344481682 2.58205677326e-05 -0.000264528250456
BPM.27L1.B2 25363.8478 -0.00814740797074 0.00138653905967 -0.000265184135297 -1.78681229255e-05
BPM.26L1.B2 25417.29928 -0.0080998949276 0.000732967095671 -1.28658385957e-05 0.000132324992395
BPM.25L1.B2 25470.75077 -0.00777127204179 0.00239851401715 0.000132651915254 8.88284989525e-06
BPM.24L1.B2 25524.20225 -0.00793954477921 0.00176328310093 7.39887758501e-06 -0.000132742957753
BPM.23L1.B2 25577.65373 -0.00740078096972 0.00337253312217 -0.000132905289635 -3.40862214266e-06
BPM.22L1.B2 25631.10522 -0.00751596313964 0.00277273037194 1.08545766624e-07 -1.03313141385e-07
BPM.21L1.B2 25684.5567 -0.00677667098639 0.00427252454216 -1.06521083051e-07 -1.0539769825e-07
BPM.20L1.B2 25738.00819 -0.00709947986956 0.00371148502983 -1.04193828121e-07 1.0769261181e-07
BPM.19L1.B2 25791.45967 -0.00617462743493 0.0051040877396 1.10782111623e-07 1.00911272683e-07
BPM.18L1.B2 25844.91115 -0.00656635191386 0.00458920016639 9.96631662506e-08 -1.11901948359e-07
BPM.17L1.B2 25898.36264 -0.00547074998427 0.0058522329261 -1.14851526636e-07 -9.62575904485e-08
BPM.16L1.B2 25951.81412 -0.00592534292196 0.00539147910263 -9.4973167083e-08 1.15914784808e-07
BPM.15L1.B2 26005.26561 -0.00467730676935 0.00650388629975 1.18720644797e-07 9.1440392775e-08
BPM.14L1.B2 26058.71709 -0.00518688890885 0.00610523701844 9.01021879901e-08 -1.19738318746e-07
BPM.13L1.B2 26112.16857 -0.0038067388034 0.00704886340434 -1.22390036234e-07 -8.64663084415e-08
BPM.12L1.B2 26165.62006 -0.00516776060637 0.00612143659248 -9.40529710092e-08 1.16663770791e-07
BPM.11L1.B2 26219.07154 -0.0046619784652 0.00651488237721 1.05473159995e-07 1.06448435072e-07
BPM.10L1.B2 26271.85423 -0.0038892894436 0.00700365355915 1.00080731407e-07 -1.11537612399e-07
BPM.9L1.B2 26310.92122 -0.00236567880561 0.00765384213344 -1.02268858856e-07 -1.0953323782e-07
BPM.8L1.B2 26351.38621 -0.00700819795275 0.00388109482634 -4.90895804834e-08 1.41581369791e-07
BPM.7L1.B2 26390.4542 -0.0034428492464 0.00723356928999 1.36334708378e-07 6.21979209724e-08
BPMR.6L1.B2 26433.6382 -0.00284332280397 0.00748954277865 1.33425439082e-07 -6.82173043614e-08
BPM.5L1.B2 26465.5382 -0.0028750628621 0.00747741593943 8.58568405804e-08 -1.2281929687e-07
BPMYA.4L1.B2 26486.6562 -0.00281733699187 0.00749935649685 4.39112648316e-08 -1.4327557046e-07
BPMWB.4L1.B2 26507.7127 -0.00172924442564 0.00782224068487 -1.1379996852e-08 -1.49421321245e-07
BPMSY.4L1.B2 26600.5687 -0.00107947140485 0.00793803987696 -1.48043865914e-07 2.32232237705e-08
BPMS.2L1.B2 26627.3542 -0.000290989946893 0.00800581416558 -1.23258539291e-07 8.52370221627e-08
BPMSW.1L1.B2 26637.4082 -7.18006195891e-07 0.00801110074086 -9.46035428891e-08 1.16212439081e-07
