BPMSW.1R1.B1 21.475 0.00984126208626 2.26048324725e-08 2.45403311847e-09 2.34877632508e-10
BPMS.2R1.B1 31.529 0.00983480104183 -0.00035655096032 2.4512712942e-09 -4.87340448016e-10
BPMSY.4R1.B1 58.3145 0.009751630451 -0.0013251955474 1.98883542921e-09 -1.47339582906e-09
BPMWB.4R1.B1 151.0945 0.00961047187001 -0.00211878978413 -1.62076275779e-09 -1.86889809392e-09
BPMYA.4R1.B1 172.227 0.00921290253076 -0.00346018304046 -2.19465871691e-09 -1.14896899627e-09
BPM.5R1.B1 199.635 0.00929523465242 -0.00323249940819 -2.472433254e-09 -1.78969518246e-10
BPMR.6R1.B1 231.535 0.00907204073192 -0.00381425178573 -2.24640776684e-09 1.03766241976e-09
BPM_A.7R1.B1 259.259 0.00889469305338 -0.00421127952412 -1.38779560806e-09 2.05080838888e-09
BPM.8R1.B1 300.6979894 0.00738128734813 -0.0065089965994 1.66963765782e-09 1.82399249643e-09
BPM.9R1.B1 339.7649788 0.00753301225329 -0.00633278501907 1.20804176969e-09 -2.16121206723e-09
BPM.10R1.B1 380.2299682 0.00942239690852 -0.00284057673709 -2.33963971612e-09 -8.10291347025e-10
BPM.11R1.B1 433.0126576 0.00782018316701 -0.00597454391103 -4.56289296314e-10 2.43566179917e-09
BPM.12R1.B1 487.7391417 0.00896300304294 -0.00406386715085 2.44067143493e-09 4.30717308879e-10
BPM.13R1.B1 541.1906258 0.00856563842997 -0.00484564526594 5.71588205348e-10 -2.40768253088e-09
BPM.14R1.B1 594.6421099 0.00892888650184 -0.00413828775354 -2.4144905281e-09 -5.43077550356e-10
BPM.15R1.B1 648.093594 0.00787551624788 -0.00590141368918 -4.69447689583e-10 2.42915585661e-09
BPM.16R1.B1 701.5450781 0.00832612547404 -0.0052465297431 2.43648320253e-09 4.4100958626e-10
BPM.17R1.B1 754.9965622 0.00705583710769 -0.00686043748101 3.70259353163e-10 -2.44593350908e-09
BPM.18R1.B1 808.4480463 0.0075865474762 -0.0062685514411 -2.44542863835e-09 -3.41503070327e-10
BPM.19R1.B1 861.8995304 0.00612025210778 -0.0077066824152 -2.65787589849e-10 2.45920139104e-09
BPM.20R1.B1 915.3510145 0.00672228779946 -0.00718757862062 2.46238715155e-09 2.44850266544e-10
BPM.21R1.B1 968.8024986 0.00508405358366 -0.00842631822713 1.67213406771e-10 -2.46962398055e-09
BPM.22R1.B1 1022.253983 0.00574758714827 -0.00798847180104 -2.47262944911e-09 -1.43295788115e-10
BPM.23R1.B1 1075.705467 0.00396434720454 -0.00900746306994 -6.76740354666e-11 2.47396928618e-09
BPM.24R1.B1 1129.156951 0.00468973351551 -0.00865740719589 1.75600541573e-07 -1.13601016002e-05
BPM.25R1.B1 1182.608435 0.00279069039946 -0.00944226386557 -1.13602526684e-05 1.65773789032e-07
BPM.26R1.B1 1236.059919 0.00354371498986 -0.00918620617679 2.93015482471e-07 1.13576822568e-05
BPM.27R1.B1 1289.511403 0.00155986751198 -0.00972168263024 1.13437509399e-05 -6.3410990139e-07
BPM.28R1.B1 1342.962887 0.00235073313913 -0.00956335985905 -5.8806360328e-07 -2.26960790802e-05
BPM.29R1.B1 1396.414371 0.00031459120772 -0.00984300921463 -2.26681686987e-05 1.26964514088e-06
BPM.30R1.B1 1449.865855 0.00110804737539 -0.00978550096015 1.52348625298e-06 2.26525214412e-05
BPM.31R1.B1 1503.31734 -0.000947148074078 -0.00980238279947 2.25965226553e-05 -2.20339199088e-06
BPM.32R1.B1 1556.768824 -0.000152926877211 -0.00984684779006 -2.45647405094e-06 -2.25704111755e-05
BPM.33R1.B1 1610.220308 -0.00219337590049 -0.00960067186176 -2.24864260506e-05 3.13341044793e-06
BPM.34R1.B1 1663.671792 -0.00141130200294 -0.00974638521154 3.38510461127e-06 2.24499171561e-05
BPM.33L2.B1 1717.123276 -0.00340352288038 -0.00924120284633 2.23380697712e-05 -4.05810946529e-06
BPM.32L2.B1 1770.57476 -0.00264657380066 -0.00948574958226 -4.30817457697e-06 -2.22911947678e-05
BPM.31L2.B1 1824.026244 -0.00455776254908 -0.00872986818505 -2.21517157641e-05 4.97585360948e-06
BPM.30L2.B1 1877.477728 -0.00383826855121 -0.00906926086045 5.22369825335e-06 2.2094585515e-05
BPM.29L2.B1 1930.929212 -0.0056370982989 -0.00807508023686 2.19276499714e-05 -5.88521698102e-06
BPM.28L2.B1 1984.380696 -0.0049669708216 -0.00850370501001 -6.13054810099e-06 -2.18603310408e-05
BPM.27L2.B1 2037.83218 -0.00662379524401 -0.00728760143305 -2.16663116913e-05 6.78445342761e-06
BPM.26L2.B1 2091.283665 -0.00600264439366 -0.00779772888158 7.19993290006e-06 1.02287498594e-05
BPM.25L2.B1 2144.735149 -0.00749042572241 -0.0063819932603 1.00077961806e-05 -7.5040188558e-06
BPM.24L2.B1 2198.186633 -0.00695088847411 -0.00696573505327 -7.61567394496e-06 -9.92309650251e-06
BPM.23L2.B1 2251.638117 -0.00824529216681 -0.00537135667889 -9.68985023797e-06 7.91032681208e-06
BPM.22L2.B1 2305.089601 -0.0077735239546 -0.00601859890436 8.19153934747e-06 -1.75955368236e-06
BPM.21L2.B1 2358.541085 -0.00885346136208 -0.00427404135499 -2.00489460565e-06 -8.13497058603e-06
BPM.20L2.B1 2411.992569 -0.00847960584456 -0.00497468513411 -8.11201072664e-06 2.09589325421e-06
BPM.19L2.B1 2465.444053 -0.0093274682301 -0.00310637150246 2.33863296521e-06 8.04538477839e-06
BPM.18L2.B1 2518.895537 -0.00904632322638 -0.00384905749163 8.01867312929e-06 -2.42865274168e-06
BPM.17L2.B1 2572.347021 -0.00964822671215 -0.00188757218575 -2.66847710211e-06 -7.94208500813e-06
BPM.16L2.B1 2625.798506 -0.00946439505178 -0.00266015672383 -7.91169074283e-06 2.75726985459e-06
BPM.15L2.B1 2679.24999 -0.00981042149483 -0.00063783821889 2.99370394929e-06 7.82528926971e-06
BPM.14L2.B1 2732.701474 -0.0097269371374 -0.00142755085671 7.79124841879e-06 -3.08122183262e-06
BPM.13L2.B1 2786.152958 -0.00981140942664 0.000622456825899 -3.31391205168e-06 -7.69515336e-06
BPM.12L2.B1 2839.604442 -0.00972767952387 -0.00142248324144 -7.89369447619e-06 2.8083802015e-06
BPM.11L2.B1 2893.055926 -0.00974474727176 -0.00130042610675 2.20235225416e-06 8.08375415007e-06
BPM.10L2.B1 2944.896615 -0.00971566919516 -0.00150232472896 7.9529700532e-06 -2.63583496081e-06
BPM.9L2.B1 2983.963605 -0.00894962850356 0.00406882749196 -3.35553827656e-07 -8.37166640826e-06
BPM.8L2.B1 3024.428594 -0.00833348861889 0.00521576217057 -7.50788679358e-06 -3.71874855489e-06
BPM.7L2.B1 3063.496584 -0.00460957011893 0.00868349415918 -6.90796951907e-06 4.74103174447e-06
BPMR.6L2.B1 3095.602584 -3.35616518301e-05 0.00983107731171 -1.39307722499e-06 8.26176443558e-06
BPMYB.5L2.B1 3167.801584 -0.00235194399954 0.00954565696777 7.86940694291e-06 -2.87576950076e-06
BPMYB.4L2.B1 3188.371584 -0.00541928878956 0.00820259205859 3.97388741557e-06 -7.3760201194e-06
BPMWI.4L2.B1 3212.839084 -0.00383155391302 0.00905375071952 -3.54794367796e-06 -7.59009459058e-06
BPMSX.4L2.B1 3262.996084 -0.00782834987148 0.00594711238547 -6.24116598279e-06 5.58974943489e-06
BPMS.2L2.B1 3300.907584 -0.00783576843571 0.00593733445501 -1.18538721091e-06 8.29413017147e-06
BPMSW.1L2.B1 3310.841584 -0.0076072770285 0.00622740264209 9.96582469828e-07 8.31891143518e-06
BPMSW.1R2.B1 3354.031584 -0.00760727886033 0.00622740040034 -8.37003437215e-06 -3.73997878811e-07
BPMS.2R2.B1 3363.965584 -0.0078357690708 0.00593733362702 -8.18272534787e-06 1.8000599214e-06
BPMSX.4R2.B1 3401.877084 -0.00782835253649 0.00594710887959 -5.10921972942e-06 6.64028016687e-06
BPMWB.4R2.B1 3452.110084 -0.00383303253849 0.00905312482079 7.84276325587e-06 2.94762743044e-06
BPMYB.4R2.B1 3476.501584 -0.00544532793854 0.00818532901904 7.05730152887e-06 -4.51574075567e-06
BPMR.5R2.B1 3506.035584 -0.000844631145562 0.0097947846182 -1.18600510659e-08 -8.37838287873e-06
BPM.6R2.B1 3579.331584 -0.00589554623304 0.00786725759265 -7.82599215811e-06 2.99184317422e-06
BPM_A.7R2.B1 3592.206584 -0.00697528621261 0.00692795710509 -6.71598402183e-06 5.00928435263e-06
BPM.8R2.B1 3633.643594 -0.00881421488186 0.00435440277145 1.14921241335e-06 8.29920180566e-06
BPM.9R2.B1 3672.708605 -0.00727893366686 0.00660820188314 8.17629120863e-06 -1.82912762429e-06
BPM.10R2.B1 3713.171615 -0.00244440828347 0.00952239862805 -3.0528885846e-06 -7.80239098892e-06
BPM.11R2.B1 3765.010326 -0.00391591367699 0.00901758435297 -8.02472772569e-06 2.4085608973e-06
BPM.12R2.B1 3819.733842 -0.00342027938216 0.00921698955322 2.78932158578e-06 7.90045278343e-06
BPM.13R2.B1 3873.182358 -0.00513306355821 0.00838468043829 7.59303310333e-06 -3.54164251354e-06
BPM.14R2.B1 3926.630874 -0.00328138559769 0.00926734676391 -3.76716027151e-06 -7.48371142727e-06
BPM.15R2.B1 3980.07939 -0.00401855369772 0.00897231484573 -7.44148008426e-06 3.84990838729e-06
BPM.16R2.B1 4033.527906 -0.00206893375604 0.00961096876434 4.07088951656e-06 7.32292860224e-06
BPM.17R2.B1 4086.976421 -0.0028377628929 0.00941266748539 7.27732454838e-06 -4.15187068393e-06
BPM.18R2.B1 4140.424937 -0.00082253325087 0.00979666507202 -4.36776348128e-06 -7.14982904992e-06
BPM.19R2.B1 4193.873453 -0.00161042832556 0.00969833635779 -7.10095655326e-06 4.4467781891e-06
BPM.20R2.B1 4247.321969 0.000437442592443 0.00982139763225 4.65730893454e-06 6.9646882464e-06
BPM.21R2.B1 4300.770485 -0.00035655075904 0.00982466686607 6.91260829261e-06 -4.73426717277e-06
BPM.22R2.B1 4354.219001 0.00169015789998 0.00968475987215 -4.93898605048e-06 -6.76785107849e-06
BPM.23R2.B1 4407.667517 0.000903107847928 0.00978956606239 -6.71266488444e-06 5.01374058552e-06
BPM.24R2.B1 4461.116033 0.00282662614349 0.00940587605241 5.3015843846e-06 9.67842963762e-05
BPM.25R2.B1 4514.564549 0.00205842947919 0.00960329046246 9.67195642026e-05 -6.37433919378e-06
BPM.26R2.B1 4568.013065 0.00400655228105 0.00896704290266 -9.26533285598e-06 -9.64855458015e-05
BPM.27R2.B1 4621.46158 0.0032698153881 0.00926113529493 -9.63768244999e-05 1.03351479954e-05
BPM.28R2.B1 4674.910096 0.00503217241645 0.00839770610349 1.33052388201e-05 0.000186248198114
BPM.29R2.B1 4728.358612 0.00433817242728 0.00877635955644 0.00018608933659 -1.53681517329e-05
BPM.30R2.B1 4781.807128 0.00606500930414 0.00768504321525 -2.09281069425e-05 -0.000185546317866
BPM.31R2.B1 4835.255644 0.00542499089839 0.00814946015471 -0.000185302546115 2.29866472736e-05
BPM.32R2.B1 4888.70416 0.00699830050561 0.00684602198991 2.85238221743e-05 0.000184531332376
BPM.33R2.B1 4942.152676 0.00642306548717 0.00738840015262 0.000184204085427 -3.05659246248e-05
BPM.34R2.B1 4995.601192 0.00781650024658 0.00589462051243 -3.60625778898e-05 -0.000183207294146
BPM.33L3.B1 5049.049708 0.00731529042511 0.00650620881094 -0.00018279549148 3.80950129799e-05
BPM.32L3.B1 5102.498224 0.00850635836908 0.00484624538679 4.35503226606e-05 0.000181573096246
BPM.31L3.B1 5155.94674 0.00808755128727 0.0055168597298 0.000181079776655 -4.55580330863e-05
BPM.30L3.B1 5209.395255 0.00905637748777 0.0037183670919 -5.09546804445e-05 -0.00017963586011
BPM.29L3.B1 5262.843771 0.0087267681844 0.00443708735039 -0.000179058712195 5.2947132559e-05
BPM.28L3.B1 5316.292287 0.0094576427148 0.00252927289737 5.82836486881e-05 0.000177393447722
BPM.27L3.B1 5369.740803 0.00922269119185 0.00328423419471 0.000176737424998 -6.02436873506e-05
BPM.26L3.B1 5423.189319 0.0096148277695 0.00131561931051 -6.54166289054e-05 -8.4630084515e-05
BPM.25L3.B1 5476.637835 0.00947730685095 0.00208720438113 -8.38984687172e-05 6.63523451655e-05
BPM.24L3.B1 5530.086351 0.00970413126958 7.48571052698e-05 6.88333957151e-05 8.18752109232e-05
BPM.23L3.B1 5583.534867 0.00966643926225 0.000857740793198 8.11078477514e-05 -6.97359546035e-05
BPM.22L3.B1 5636.983383 0.00954532785257 -0.00115017488859 -7.20428850159e-05 1.12395041164e-05
BPM.21L3.B1 5690.431899 0.00960701279486 -0.000376153204479 1.20382849951e-05 7.19137238777e-05
BPM.20L3.B1 5743.880414 0.00931978165101 -0.00236174851998 7.15213799331e-05 -1.418435322e-05
BPM.19L3.B1 5797.32893 0.0094799759179 -0.00160194965262 -1.49761504609e-05 -7.13597833454e-05
BPM.18L3.B1 5850.777446 0.0089410901837 -0.00353455689062 -7.08794878903e-05 1.71056022182e-05
BPM.17L3.B1 5904.225962 0.00919716269203 -0.00280149682986 1.7891021058e-05 7.06853183869e-05
BPM.16L3.B1 5957.674478 0.00841552113979 -0.00464921391864 7.01184466877e-05 -1.9997656827e-05
BPM.15L3.B1 6011.122994 0.00876325055261 -0.00395494953272 -2.07736622109e-05 -6.98924786258e-05
BPM.14L3.B1 6064.57151 0.00775161757235 -0.00568758394118 -6.92392861677e-05 2.28566201337e-05
BPM.13L3.B1 6118.020026 0.00818532865009 -0.00504346914061 2.362336435e-05 6.89814496534e-05
BPM.12L3.B1 6171.468542 0.00663038984207 -0.00696233557695 6.89447053982e-05 -2.3730373534e-05
BPM.11L3.B1 6224.917058 0.00629569357719 -0.00726639033269 -2.36415890092e-05 -6.89752004963e-05
BPM.10L3.B1 6277.697768 0.00234396662824 -0.00932426975859 -7.05144890396e-05 1.855290886e-05
BPM.9L3.B1 6316.762779 0.00271571479085 -0.0092228563494 -3.26405502911e-05 6.52004432794e-05
BPM.8L3.B1 6357.225789 0.00657811047749 -0.00701175075412 5.95330586146e-05 4.20989100338e-05
BPM.7L3.B1 6396.2898 0.00940414142874 0.0019995774887 2.78889858166e-05 -6.73699387404e-05
BPM.6L3.B1 6468.9288 0.00942242296952 0.00191157825702 -6.4677502971e-05 -3.36648927063e-05
BPMWE.5L3.B1 6512.0583 0.0095458295214 0.00114600386402 -7.14693742598e-05 1.44440880568e-05
BPMW.5L3.B1 6539.6033 0.00921193407891 -0.00275253639437 -5.10903446272e-05 5.20219196106e-05
BPMWE.4L3.B1 6614.7313 0.00853447925686 -0.0044270588299 2.39372617158e-05 6.8873153223e-05
BPMW.4L3.B1 6642.2763 0.00922013948395 -0.00272492461021 4.7897403487e-05 5.49758394101e-05
BPMW.4R3.B1 6687.2413 0.00840342199602 -0.00467104752997 7.15671932175e-05 1.39513929845e-05
BPMWE.4R3.B1 6714.7863 0.0019735088922 -0.00940964657936 5.04817652398e-05 -5.26126837945e-05
BPMW.5R3.B1 6789.9143 -0.0013991451595 -0.00951202285947 -3.56080006385e-05 -6.36284043148e-05
BPMWE.5R3.B1 6817.4593 0.00155926234901 -0.00948709054383 -6.01540165827e-05 -4.12067728604e-05
BPMWC.6R3.B1 6858.4503 0.00159661920568 -0.00948087512964 -7.29088290296e-05 -8.98003822058e-07
BPMR.6R3.B1 6870.5288 -0.000354876481761 -0.00960782227046 -6.99133419333e-05 2.07033411115e-05
BPM_A.7R3.B1 6926.3528 -0.00668558368486 -0.00690935285188 2.5177164396e-05 6.84296281734e-05
BPM.8R3.B1 6965.416811 -0.00847620197041 -0.00453764104387 7.23612711472e-05 8.96378513082e-06
BPM.9R3.B1 7004.481821 -0.00948222685525 -0.00158857168376 4.68806247192e-05 -5.58454107184e-05
BPM.10R3.B1 7044.944832 -0.00957217893822 -0.000899764688318 -1.28776404164e-05 -7.17681659443e-05
BPM.11R3.B1 7097.725542 -0.00951848771987 -0.00135446581094 -7.19901370905e-05 -1.15725439393e-05
BPM.12R3.B1 7152.449058 -0.0093205545993 -0.00235869625854 -2.32555036429e-05 6.91063312577e-05
BPM.13R3.B1 7205.897574 -0.00937807569565 -0.00211846225459 6.63441768426e-05 3.02482007976e-05
BPM.14R3.B1 7259.34609 -0.00917644692553 -0.00286862474442 2.95084438162e-05 -6.66764982223e-05
BPM.15R3.B1 7312.794606 -0.00957199831866 -0.000901684140515 -6.75296477379e-05 -2.75000092777e-05
BPM.16R3.B1 7366.243122 -0.00946801084632 -0.00167121413928 -2.67501262681e-05 6.78301918117e-05
BPM.17R3.B1 7419.691638 -0.00960870446242 0.000330128172602 6.86004022894e-05 2.47080615569e-05
BPM.18R3.B1 7473.140154 -0.00960400848252 -0.000446326287877 2.39450586305e-05 -6.88704372092e-05
BPM.19R3.B1 7526.58867 -0.00948753122001 0.00155657875982 -6.95560834053e-05 -2.18736032594e-05
BPM.20R3.B1 7580.037186 -0.00958220315024 0.000785855467254 -2.11016058854e-05 6.97941637971e-05
BPM.21R3.B1 7633.485701 -0.00921047096685 0.00275742827405 7.03944816044e-05 1.90031615629e-05
BPM.22R3.B1 7686.934217 -0.0094029478653 0.0020051826718 1.8220635635e-05 -7.06010727305e-05
BPM.23R3.B1 7740.382733 -0.00878208094942 0.0039129579983 -7.11146293958e-05 -1.61000835681e-05
BPM.24R3.B1 7793.831249 -0.00906920964382 0.00319149220245 -1.53111060713e-05 7.12886603205e-05
BPM.25R3.B1 7847.279765 -0.00820936919788 0.00500424254386 7.17150156555e-05 1.31704189706e-05
BPM.26R3.B1 7900.728281 -0.00858642829664 0.00432544045443 1.23736874536e-05 -7.18567702443e-05
BPM.27R3.B1 7954.176797 -0.00750182101011 0.00601322439778 -7.21948053143e-05 -1.02182629257e-05
BPM.28R3.B1 8007.625313 -0.007962604185 0.00538823910669 -9.4175667111e-06 7.23036172438e-05
BPM.29R3.B1 8061.073829 -0.00667092684842 0.00692350497254 7.25531160178e-05 7.24907504042e-06
BPM.30R3.B1 8114.522345 -0.00720789734301 0.00636257824353 6.44354550296e-06 -7.26290876784e-05
BPM.31R3.B1 8167.97086 -0.00573054598451 0.00771991119164 -7.27893563236e-05 -4.26769540418e-06
BPM.32R3.B1 8221.419376 -0.00633481496708 0.00723230982784 -3.46062740102e-06 7.2832185721e-05
BPM.33R3.B1 8274.867892 -0.00469584436279 0.00838959068199 7.29031356278e-05 1.27898301146e-06
BPM.34R3.B1 8328.316408 -0.00535758736583 0.0079832602172 4.70095670371e-07 -7.29128436457e-05
BPM.33L4.B1 8381.764924 -0.00358418782307 0.00892131065164 -7.28942671658e-05 1.71159346451e-06
BPM.32L4.B1 8435.21344 -0.00429238487161 0.00860300053555 2.51963646893e-06 7.28708118358e-05
BPM.31L4.B1 8488.661956 -0.00241340249853 0.00930653933893 7.2762743998e-05 -4.69969032037e-06
BPM.30L4.B1 8542.110472 -0.00315660863183 0.00908141002732 -5.50647987417e-06 -7.27061372407e-05
BPM.29L4.B1 8595.558988 -0.00120322909335 0.00953878534392 -7.25088299128e-05 7.67939521281e-06
BPM.28L4.B1 8649.007504 -0.00196899847263 0.00941059143318 8.48297213632e-06 7.24192146105e-05
BPM.27L4.B1 8702.45602 2.70009665948e-05 0.00961433601682 7.21328634225e-05 -1.06467195557e-05
BPM.26L4.B1 8755.904535 -0.000749022002849 0.00958515269154 -1.14459856664e-05 -7.20103665501e-05
BPM.25L4.B1 8809.353051 0.00125649072929 0.00953191571195 -7.16356371598e-05 1.35955711498e-05
BPM.24L4.B1 8862.801567 0.00048326831396 0.00960222046322 1.43892566363e-05 7.14804342405e-05
BPM.23L4.B1 8916.250083 0.00246563114327 0.00929283859207 7.10177696243e-05 -1.65220924303e-05
BPM.22L4.B1 8969.698599 0.00170758984295 0.00946151800758 -1.73084987051e-05 -7.08302163909e-05
BPM.21L4.B1 9023.147115 0.00363397463489 0.00890114680566 -7.02805368588e-05 1.94203295322e-05
BPM.20L4.B1 9076.595631 0.00290390291595 0.00916534418027 2.01987440316e-05 7.00607894187e-05
BPM.19L4.B1 9130.044147 0.0047428717017 0.00836309476647 6.94249537439e-05 -2.22862950028e-05
BPM.18L4.B1 9183.492663 0.00405243578059 0.00871859795645 -2.30545871178e-05 -6.91736184029e-05
BPM.17L4.B1 9236.941179 0.0057736057132 0.00768776061061 -6.84526561915e-05 2.51144722541e-05
BPM.16L4.B1 9290.389694 0.0051344633923 0.00812855902136 2.58723344957e-05 6.81698310627e-05
BPM.15L4.B1 9343.83821 0.00670967211908 0.00688596297238 6.73651372413e-05 -2.79005536242e-05
BPM.14L4.B1 9397.286726 0.00613203937054 0.00740501716749 -2.86456074504e-05 -6.70517149574e-05
BPM.13L4.B1 9450.735242 0.00753533357096 0.00597117526307 -6.61642894943e-05 3.06396916389e-05
BPM.12L4.B1 9504.183758 0.00674389880954 0.00685244591167 2.96096805446e-05 6.66316021746e-05
BPM.11L4.B1 9557.632274 0.00766842550557 0.0057992617112 6.65839749955e-05 -2.97166295025e-05
BPMC.10L4.B1 9609.470985 0.00745096730143 0.00607612313258 -3.14152949414e-05 -6.57995658455e-05
BPMC.9L4.B1 9648.535995 0.00867743853483 0.00413983653395 -7.06631449804e-05 1.79784235544e-05
BPMC.8L4.B1 9688.999006 0.00644648980408 0.00713294856881 4.24992652654e-05 5.92479183694e-05
BPMC.7L4.B1 9728.063016 0.0093807557948 0.00210656280208 5.56066409294e-05 -4.71635923782e-05
BPMYB.6L4.B1 9824.667016 0.00961257725663 0.000185861702056 -4.55052103912e-05 -5.6971740617e-05
BPMYA.5L4.B1 9861.667016 0.00960862082534 -0.000332554510568 -5.94314060965e-05 -4.2242252887e-05
BPMWA.B5L4.B1 9964.133516 0.00798348777905 0.00535724826077 -6.03059156952e-05 4.09841434297e-05
BPMWA.A5L4.B1 9973.018516 0.0076754872518 0.00578991204652 -5.47108171104e-05 4.81998986818e-05
BPMWA.A5R4.B1 10021.06752 0.00653187201653 0.0070548447201 -1.648109748e-05 7.1027296082e-05
BPMWA.B5R4.B1 10029.95252 0.00646781635295 0.00711361635731 -9.11961976458e-06 7.23417989427e-05
BPMYB.5R4.B1 10132.34302 0.00786759071525 0.00552604764638 5.48916477021e-05 4.79938680228e-05
BPMYA.6R4.B1 10163.90702 0.00774597767811 0.00569526259327 6.4411189975e-05 3.41716743258e-05
BPMCA.7R4.B1 10260.42302 0.00550379360362 0.00788317461906 4.89891603238e-05 -5.40052365958e-05
BPMC.8R4.B1 10298.21203 0.0048959952712 0.00827438314441 -1.47514336512e-05 -7.14065747244e-05
BPMC.9R4.B1 10337.27704 0.00779231937458 0.00563169111674 -7.14460541845e-05 1.45590056413e-05
BPMC.10R4.B1 10377.74005 0.00958978566165 0.000687165985806 1.69220927612e-05 7.09235215351e-05
BPM.11R4.B1 10429.57876 0.00945372440883 0.0017502230957 7.25691891657e-05 -7.08633778552e-06
BPM.12R4.B1 10484.30227 0.00958014195007 0.000810596238879 -5.78547620317e-06 -7.26844596731e-05
BPM.13R4.B1 10537.75079 0.00946670276246 0.00167860801496 -7.25634830838e-05 7.14450721222e-06
BPM.14R4.B1 10591.19931 0.00960895817731 -0.000322658973704 9.31333202157e-06 7.23171206608e-05
BPM.15R4.B1 10644.64782 0.00960365720532 0.000453821966931 7.22094614354e-05 -1.01141651368e-05
BPM.16R4.B1 10698.09634 0.00948874783183 -0.00154914513291 -1.22700155308e-05 -7.18745422486e-05
BPM.17R4.B1 10751.54485 0.00958281302768 -0.000778383331671 -7.17339401401e-05 1.3066948893e-05
BPM.18R4.B1 10804.99337 0.00921261772389 -0.00275024739697 1.52083000822e-05 7.1310666481e-05
BPM.19R4.B1 10858.44189 0.00940451608378 -0.00199781463938 7.11377662586e-05 -1.59975502161e-05
BPM.20R4.B1 10911.8904 0.0087851340971 -0.00390609843717 -1.81188074137e-05 -7.0627274419e-05
BPM.21R4.B1 10965.33892 0.00907168662544 -0.00318444467887 -7.04218244346e-05 1.89015794349e-05
BPM.22R4.B1 11018.78743 0.00821328148191 -0.00499781886563 2.10009157575e-05 6.98245320728e-05
BPM.23R4.B1 11072.23595 0.00858982546899 -0.00431869013926 6.95875407808e-05 -2.1773323775e-05
BPM.24R4.B1 11125.68447 0.00715575433973 -0.00594025389696 -2.34896721078e-05 0.000288160140359
BPM.25R4.B1 11179.13298 0.0076118425296 -0.00534334070564 0.000288402672709 2.029616606e-05
BPM.26R4.B1 11232.5815 0.00633708224665 -0.00680682195929 1.16608799781e-05 -0.000288880701893
BPM.27R4.B1 11286.03001 0.00686563224429 -0.00627331893088 -0.000288992348538 -8.45329417129e-06
BPM.28R4.B1 11339.47853 0.00506368192249 -0.00749439899755 5.68796252128e-07 0.000646158368852
BPM.29R4.B1 11392.92705 0.00565219294187 -0.0070611334669 0.000646112526493 -7.71763431109e-06
BPM.30R4.B1 11446.37556 0.00406336964932 -0.00808058896646 -2.70342500384e-05 -0.000645592837478
BPM.31R4.B1 11499.82408 0.00470192419982 -0.00772649983544 -0.000645252583957 3.42062604596e-05
BPM.32R4.B1 11553.27259 0.00299638242424 -0.00853396644689 5.3512059909e-05 0.000643938989972
BPM.33R4.B1 11606.72111 0.00367559494259 -0.00826419341198 0.000643306983574 -6.06389822393e-05
BPM.34R4.B1 11660.16962 0.00188001301813 -0.00884717141242 -7.98559464553e-05 -0.00064120510689
BPM.33L5.B1 11713.61814 0.00258750290876 -0.00866670177028 -0.000640279104045 8.6969143079e-05
BPM.32L5.B1 11767.06666 0.000732967188068 -0.0090149681113 0.000106094772186 0.000637389099472
BPM.31L5.B1 11820.51517 0.00145840095212 -0.00892636306739 0.000636173906979 -0.000113153533094
BPM.30L5.B1 11873.96369 -0.000426400794378 -0.00903465955673 -0.000132140679001 -0.000632502809893
BPM.29L5.B1 11927.4122 0.000303742402266 -0.0090396145658 -0.000630998733882 0.000139145829601
BPM.28L5.B1 11980.86072 -0.00157842501353 -0.00890592305141 0.000157963939211 0.000626552752848
BPM.27L5.B1 12034.30924 -0.000854277252411 -0.00900428238739 0.000624760992376 -0.000164908050256
BPM.26L5.B1 12087.75775 -0.00305539942703 -0.00856389677363 -0.000183180117246 -0.00026249582048
BPM.25L5.B1 12141.20627 -0.00235440508698 -0.00878251503479 -0.000260449359549 0.000186078316709
BPM.24L5.B1 12194.65478 -0.00412558870556 -0.00810279652028 0.000193789141454 0.000254764161999
BPM.23L5.B1 12248.1033 -0.00345820168892 -0.00840931832704 0.000252597469562 -0.000196605005813
BPM.22L5.B1 12301.55182 -0.00547895640204 -0.00744155567054 -0.000203727948976 0.000110452837501
BPM.21L5.B1 12355.00033 -0.00486043345289 -0.00785951020981 0.000112705839279 0.00020249025101
BPM.20L5.B1 12408.44885 -0.00638571109252 -0.00667970119177 0.000199024725058 -0.000118718430915
BPM.19L5.B1 12461.89736 -0.00582595457156 -0.00717314208828 -0.000120917858515 -0.000197696177991
BPM.18L5.B1 12515.34588 -0.00718783201693 -0.0058078210107 -0.000193991446208 0.000126776274168
BPM.17L5.B1 12568.79439 -0.00669562706228 -0.00636901031093 0.000128920174884 0.000192573354432
BPM.16L5.B1 12622.24291 -0.00787162893175 -0.00484078216356 0.000188626299681 -0.000134629235731
BPM.15L5.B1 12675.69143 -0.00745537211722 -0.00546014108989 -0.000136712442379 -0.000187121928702
BPM.14L5.B1 12729.13994 -0.00842624670513 -0.00379395316743 -0.00018294998657 0.000142247013886
BPM.13L5.B1 12782.58846 -0.00809256517222 -0.00446162560548 0.000144267458035 0.000181360989766
BPM.12L5.B1 12836.03697 -0.00835147625623 -0.00395582587969 0.000161828039385 -0.000165881269488
BPM.11L5.B1 12889.48549 -0.00711603166048 -0.00589557525124 -0.000184218996953 -0.000140599674038
BPM.10L5.B1 12942.2662 -0.00779987479695 -0.0049555693189 -0.000131184096627 0.000191038328647
BPM.9L5.B1 12981.33121 -0.00691306835218 -0.0061323078901 0.000172022096604 0.000155284597099
BPM.8L5.B1 13021.79422 -0.00920643256948 -0.000798319142121 5.49020528068e-05 -0.000225145894053
BPMR.7L5.B1 13060.86023 -0.00720195920359 -0.00579029340399 -0.000219698924281 -7.37380009656e-05
BPM.6L5.B1 13097.75423 -0.00735278081557 -0.005597528767 -0.000208961386046 0.000100200026355
BPMR.5L5.B1 13129.65423 -0.00698374946745 -0.00605169046517 -0.000134287616652 0.000188869648966
BPMYA.4L5.B1 13157.06023 -0.00713051494339 -0.00587804990886 -4.82607080246e-05 0.000226662330112
BPMWB.4L5.B1 13178.19473 -0.00622479440395 -0.00682990839683 3.80895314297e-05 0.000228591547636
BPMSY.4L5.B1 13270.97473 -0.00564483259899 -0.00731652780064 0.000224915371145 -5.58388959815e-05
BPMS.2L5.B1 13297.76023 -0.00489539286992 -0.00783778302459 0.000178316835046 -0.000148013562521
BPMSW.1L5.B1 13307.81423 -0.00460821955897 -0.0080099954179 0.000129990750904 -0.000191852316215
BPMSW.1R5.B1 13350.76423 -0.00460823682522 -0.00800998548534 0.000140719417877 0.000184127542267
BPMS.2R5.B1 13360.81823 -0.00489540740025 -0.00783777394875 0.000186467250882 0.000137604029141
BPMSY.4R5.B1 13387.60373 -0.00564483873177 -0.00731652306675 0.000227733692889 4.29216939216e-05
BPMWT.A4R5.B1 13478.00823 -0.00611858657413 -0.00692521569823 3.52078122e-05 -0.000229053090616
BPMWT.B4R5.B1 13479.99023 -0.0062070747036 -0.00684601619511 2.66849319558e-05 -0.000230201699473
BPMWB.4R5.B1 13480.38373 -0.00622471249839 -0.00682998304823 2.49939731843e-05 -0.000230391426816
BPMYA.4R5.B1 13501.51623 -0.00713035335086 -0.00587824593022 -6.10974523666e-05 -0.000223544203574
BPM.5R5.B1 13522.63423 -0.00717034088863 -0.0058294018274 -0.000126942012143 -0.000193883040922
BPMWT.A6R5.B1 13543.69223 -0.00683209013496 -0.00622239973836 -0.000180601579055 -0.000145217004289
BPMWT.B6R5.B1 13549.51423 -0.0069245697129 -0.00611931764147 -0.000192917675366 -0.000128404369281
BPMR.6R5.B1 13554.53423 -0.00708108291841 -0.00593750611186 -0.000202935679837 -0.000111901829431
BPM_A.7R5.B1 13588.54823 -0.00759273647808 -0.00526745355198 -0.000228977782735 3.56943222152e-05
BPM.8R5.B1 13629.98722 -0.0087541698755 -0.00295976754093 -1.86000249817e-05 0.000230995558132
BPM.9R5.B1 13669.05421 -0.00868176018264 -0.00316587338401 0.000225147461041 -5.489560461e-05
BPM.10R5.B1 13709.5192 -0.00672415845237 -0.00633888059453 -9.33600344642e-05 -0.000212105658991
BPM.11R5.B1 13762.30189 -0.00852470369547 -0.00356723155298 -0.000195838491953 0.000123903959491
BPM.12R5.B1 13817.02837 -0.00750467937785 -0.00539217038891 0.000125930613619 0.000194541484581
BPM.13R5.B1 13870.47986 -0.00795487264662 -0.00470273487168 0.000201598371005 -0.000114293501402
BPM.14R5.B1 13923.93134 -0.00754929165702 -0.00532953183622 -0.000116547976696 -0.000200303464637
BPM.15R5.B1 13977.38283 -0.00849109347686 -0.00364651142643 -0.000196714208918 0.000122508874766
BPM.16R5.B1 14030.83431 -0.00816904628515 -0.00431999963693 0.000124705022676 0.000195329375152
BPM.17R5.B1 14084.28579 -0.00888778552079 -0.00253041156626 0.000191491682521 -0.000130521424541
BPM.18R5.B1 14137.73728 -0.00865456841242 -0.00323946905011 -0.000132658863866 -0.00019001719496
BPM.19R5.B1 14191.18876 -0.00913847867241 -0.00137256023598 -0.000185949113311 0.000138303409212
BPM.20R5.B1 14244.64025 -0.00899788013215 -0.00210567500633 0.000140377959003 0.00018438800583
BPM.21R5.B1 14298.09173 -0.00923897963446 -0.000192274466627 0.000180083916274 -0.000145858455322
BPM.22R5.B1 14351.54322 -0.00919331713674 -0.000937354835206 -0.000147867095481 -0.000178438310235
BPM.23R5.B1 14404.9947 -0.00918766329898 0.00099124023083 -0.000173918906298 0.00015315717859
BPM.24R5.B1 14458.44618 -0.0092102407649 0.000248226470077 0.000155515257525 0.000144698084218
BPM.25R5.B1 14511.89767 -0.00895815538409 0.00215443808896 0.000139957249872 -0.000159795178984
BPM.26R5.B1 14565.34915 -0.00910282699248 0.00142432165038 -0.000161353053137 -0.000138158324186
BPM.27R5.B1 14618.80064 -0.00860894611836 0.00328271200758 -0.00013325165144 0.000165428316502
BPM.28R5.B1 14672.25212 -0.00881834087653 0.00257896364879 0.000167330103174 0.000103895800841
BPM.29R5.B1 14725.7036 -0.00809104680039 0.00435306225008 9.88189028795e-05 -0.000170377593662
BPM.30R5.B1 14779.15509 -0.00841602980989 0.00368573352206 -0.000171473815271 -9.69042488783e-05
BPM.31R5.B1 14832.60657 -0.00746770689223 0.00535233995725 -9.17114972127e-05 0.000174306355167
BPM.32R5.B1 14886.05806 -0.00787528370795 0.00473224003699 0.000175323134013 8.97524479361e-05
BPM.33R5.B1 14939.50954 -0.00672162253364 0.00626370336072 8.44422512715e-05 -0.000177941588273
BPM.34R5.B1 14992.96102 -0.00720532255004 0.00570065927554 -0.000178876399486 -8.24435265043e-05
BPM.33L6.B1 15046.41251 -0.00586512453138 0.00707209328877 -7.70343415351e-05 0.000181271649437
BPM.32L6.B1 15099.86399 -0.00641669473268 0.00657572946052 0.000182123393035 7.49984729613e-05
BPM.31L6.B1 15153.31548 -0.00491219459333 0.00776431153092 6.94912621947e-05 -0.000184295051517
BPM.30L6.B1 15206.76696 -0.00552295181377 0.00734242415974 -0.000185062115784 -6.74219266886e-05
BPM.29L6.B1 15260.21845 -0.00387860323793 0.00832890306032 -6.18330007613e-05 0.000187003692649
BPM.28L6.B1 15313.66993 -0.00453806052377 0.00798875433854 0.000187684617416 5.9734298054e-05
BPM.27L6.B1 15367.12141 -0.0027812112491 0.00875665765323 5.4067629463e-05 -0.000189394808163
BPM.26L6.B1 15420.5729 -0.00345161478285 0.00850528010258 -0.000189569879392 -7.94344656999e-05
BPM.25L6.B1 15474.02438 -0.00161101339362 0.0090364854959 -7.37041070766e-05 0.000191870476866
BPM.24L6.B1 15527.47587 -0.00233494187904 0.00887701980877 0.000192683836357 7.15507884097e-05
BPM.23L6.B1 15580.92735 -0.000441698949572 0.00916833334384 6.57292221112e-05 -0.000194746616963
BPM.22L6.B1 15634.37883 -0.00115299480645 0.0091044801947 -0.000195052365059 -9.10348125305e-05
BPM.21L6.B1 15687.83032 0.000761905669235 0.00914551564453 -8.51337337108e-05 0.000197699289031
BPM.20L6.B1 15741.2818 2.14575327047e-05 0.00917717256194 0.00019864005224 8.29149569e-05
BPM.19L6.B1 15794.73329 0.00192570096107 0.00897288317566 7.69101252101e-05 -0.000201041276919
BPM.18L6.B1 15848.18477 0.00119502094095 0.00909905938047 -0.000201891045714 -7.46509683542e-05
BPM.17L6.B1 15901.63625 0.00305765908618 0.00865284216414 -6.85509270052e-05 0.000204042971435
BPM.16L6.B1 15955.08774 0.00234946859561 0.00887135581361 0.000204797510005 6.62626714244e-05
BPM.15L6.B1 16008.53922 0.00413954957204 0.00819054857386 6.00812252523e-05 -0.000206695444204
BPM.14L6.B1 16061.99071 0.00346481684143 0.00849799981853 -0.000207356302658 -5.77592067312e-05
BPM.13L6.B1 16115.44219 0.00515325469412 0.00759374233515 -5.15017974444e-05 0.000208998392468
BPM.12L6.B1 16168.89367 0.00452377103589 0.00798476375662 0.000209562036003 4.91580462213e-05
BPM.11L6.B1 16222.34516 0.0057275245764 0.00717052431146 3.62063672256e-05 -0.000212183555462
BPM.10L6.B1 16274.18585 0.00513770891111 0.00760426878678 -0.000214055755482 -2.26471712202e-05
BPM.9L6.B1 16313.25284 0.0079792606084 0.00453347071539 -8.21780526644e-05 0.000198946050036
BPM.8L6.B1 16353.71783 0.00892407925415 0.00214050604313 0.000193353900861 9.45887435272e-05
BPMYA.5L6.B1 16450.80782 0.00755484355417 -0.00521011474127 -2.63560295724e-05 -0.000213630801483
BPMYB.4L6.B1 16487.20782 0.00770782537289 -0.00498100241365 -7.22065990315e-05 -0.00020277811953
BPMSA.B4L6.B1 16519.19832 0.00710569348428 -0.00580776004614 -0.000115734879479 -0.000181488837631
BPMSA.A4L6.B1 16519.78332 0.00709274884175 -0.00582356166917 -0.000116558136925 -0.000180961222098
BPMSE.4L6.B1 16616.45832 0.00461249784087 -0.00793384020025 -0.000214595601081 -1.67776586496e-05
BPMSA.4R6.B1 16708.02832 0.00508638115925 -0.00763869644276 -0.000124394377845 0.000175666728902
BPMSB.A4R6.B1 16804.83832 0.00791930001656 -0.00463741780439 8.36059715417e-05 0.000198350204089
BPMSB.B4R6.B1 16805.47332 0.00793142210689 -0.00461665463348 8.46439826819e-05 0.000197909469852
BPMYA.4R6.B1 16830.80782 0.00833182963565 -0.00384728106132 0.000120681256446 0.000178238030841
BPMYB.5R6.B1 16867.20782 0.00833210813512 -0.00384667782936 0.000157321480455 0.000146910545813
BPM.8R6.B1 16962.93481 0.00910036992213 0.0011849995522 5.67080214671e-05 -0.000207646243654
BPM.9R6.B1 17002.0018 0.0087425943332 0.00279069901225 -0.000213941304232 2.37040440094e-05
BPM.10R6.B1 17042.46678 0.00852759779228 -0.00339131722284 1.58517592766e-05 0.000214665980598
BPM.11R6.B1 17094.30747 0.00856190376637 -0.00330374947774 0.000211976616507 3.73988909287e-05
BPM.12R6.B1 17149.03396 0.00833742196725 -0.00383514687926 4.78544532269e-05 -0.000209863561024
BPM.13R6.B1 17202.48544 0.0086351336673 -0.00310731768813 -0.000210550792609 -4.47339285594e-05
BPM.14R6.B1 17255.93693 0.00780218867646 -0.00483185352806 -3.83848746896e-05 0.000211800292069
BPM.15R6.B1 17309.38841 0.00816674639816 -0.00418631220301 0.000212216745091 3.60112894551e-05
BPM.16R6.B1 17362.83989 0.00711992778655 -0.00579030093723 2.96224091818e-05 -0.000213202425498
BPM.17R6.B1 17416.29138 0.00756400401391 -0.00519680670441 -0.000213521142174 -2.72302174211e-05
BPM.18R6.B1 17469.74286 0.00632072907596 -0.00665352091685 -2.08002524735e-05 0.0002142431135
BPM.19R6.B1 17523.19435 0.00683717890211 -0.00612159630371 0.000214462596387 1.83999069464e-05
BPM.20R6.B1 17576.64583 0.00541759120746 -0.00740747339925 1.19508698523e-05 -0.00021491844677
BPM.21R6.B1 17630.09731 0.00599771615669 -0.00694610376582 -0.000215038898869 -9.5411480614e-06
BPM.22R6.B1 17683.5488 0.00442550938803 -0.00803964074432 -3.07425411074e-06 0.000215228507271
BPM.23R6.B1 17737.00028 0.00506004670869 -0.00765616639674 0.000215249438481 6.63293414467e-07
BPM.24R6.B1 17790.45177 0.00334565084034 -0.00853688081831 -5.78553654484e-06 -0.00019993349884
BPM.25R6.B1 17843.90325 0.00402367519655 -0.0082390382685 -0.000199856120103 8.02537855145e-06
BPM.26R6.B1 17897.35474 0.00222611985209 -0.0088947233829 1.40273557397e-05 0.000199524709501
BPM.27R6.B1 17950.80622 0.00293685895676 -0.00868599868589 0.000199355007661 -1.62621742286e-05
BPM.28R6.B1 18004.2577 0.00105494083234 -0.00910356681472 -2.2226513383e-05 -0.000183537891444
BPM.29R6.B1 18057.70919 0.00178617349922 -0.00898873812723 -0.000183277425236 2.42808819035e-05
BPM.30R6.B1 18111.16067 -0.000118260584697 -0.00916372431612 2.97768407721e-05 0.000182465105445
BPM.31R6.B1 18164.61216 0.000621835995664 -0.0091433663878 0.00018211986641 -3.18202521654e-05
BPM.32R6.B1 18218.06364 -0.00128962928714 -0.00907329517097 -3.72769276082e-05 -0.000181081764493
BPM.33R6.B1 18271.51512 -0.000553192337366 -0.00914777607593 -0.000180653031381 3.93021506181e-05
BPM.34R6.B1 18324.96661 -0.00243970034583 -0.00883378124934 4.47121172242e-05 0.000179390638812
BPM.33L7.B1 18378.41809 -0.00171866377546 -0.00900189000845 0.000178878006842 -4.67208106087e-05
BPM.32L7.B1 18431.86958 -0.00354977650105 -0.00844907779998 -5.20736789422e-05 -0.000177393656403
BPM.31L7.B1 18485.32106 -0.00285633939092 -0.00870799369458 -0.000176799665307 5.40560178942e-05
BPM.30L7.B1 18538.77254 -0.00460143706888 -0.00792556658918 5.93433072134e-05 0.000175095825447
BPM.29L7.B1 18592.22403 -0.00394666309958 -0.00827113530785 0.000174419182111 -6.13035394971e-05
BPM.28L7.B1 18645.67551 -0.00557754966386 -0.00727177891716 -6.6516064524e-05 -0.000172498665914
BPM.27L7.B1 18699.127 -0.00497250400819 -0.00769818373374 -0.000171743557772 6.84421342041e-05
BPM.26L7.B1 18752.57848 -0.00647692419507 -0.00649568064859 7.35874963439e-05 0.000184848635596
BPM.25L7.B1 18806.02997 -0.00593145054801 -0.00699730723188 0.000184011320791 -7.56569346127e-05
BPM.24L7.B1 18859.48145 -0.00725468743713 -0.00561372641503 -8.1151423302e-05 -0.000181655125431
BPM.23L7.B1 18912.93293 -0.00677798092662 -0.0061808889875 -0.000180735979094 8.31783851607e-05
BPM.22L7.B1 18966.38442 -0.00792819373585 -0.00463668354395 8.85869946076e-05 0.000193394493566
BPM.21L7.B1 19019.8359 -0.0075280457575 -0.00526152234365 0.00019238803022 -9.07520481913e-05
BPM.20L7.B1 19073.28739 -0.00845620347529 -0.00358437066813 -9.64916164518e-05 -0.000189574397335
BPM.19L7.B1 19126.73887 -0.00813935102626 -0.00425512104807 -0.000188483466406 9.86056179704e-05
BPM.18L7.B1 19180.19035 -0.00884526907353 -0.00247311651242 0.000104223257472 0.000185436238104
BPM.17L7.B1 19233.64184 -0.00861677635033 -0.00317903375507 0.000184254578703 -0.000106298318393
BPM.16L7.B1 19287.09332 -0.00908896392813 -0.00132129670239 -0.000111786442657 -0.000180977558988
BPM.15L7.B1 19340.54481 -0.0089526828647 -0.00205050233717 -0.000179716244419 0.000113803146146
BPM.14L7.B1 19393.99629 -0.00918331581776 -0.000147651171039 0.000119150643501 0.000176216369364
BPM.13L7.B1 19447.44777 -0.00914143145735 -0.000888437476979 0.000174867668858 -0.000121121359633
BPM.12L7.B1 19500.89926 -0.00912777814125 0.00101919403998 -0.000126423211988 -0.000171073833971
BPM.11L7.B1 19554.35074 -0.00918243763821 0.000194754446287 -0.000170163840371 0.000127645407875
BPM.10L7.B1 19607.13343 -0.00857471263681 0.00329080437788 0.00011302683164 0.00018020549384
BPM.9L7.B1 19646.20042 -0.0082276232052 0.00408182639877 0.000212472748298 -1.0218283538e-05
BPM.8L7.B1 19686.66541 -0.00291938855347 0.00870817206673 -1.41743558665e-06 -0.000212713601636
BPM.7L7.B1 19725.7314 -0.00233851072198 0.00888180487542 -0.000178074077804 -0.000116355945473
BPM.6L7.B1 19760.5494 -0.00339158786176 0.00853535131384 -0.000210993623312 2.70328690103e-05
BPMWC.6L7.B1 19772.6519 -0.00512680952756 0.00762042743981 -0.000192781376825 8.9913430339e-05
BPMWE.5L7.B1 19849.7059 -0.000628282853251 0.0091629881007 0.000140028932416 0.000160128022075
BPMW.5L7.B1 19872.9109 0.0041575970333 0.00818959567061 0.000209636735589 3.60766775512e-05
BPMWE.4L7.B1 19907.9959 0.00452858145952 0.00799043428801 0.000202652966149 -6.46595477039e-05
BPMW.4L7.B1 19936.1009 0.0014084076831 0.00907587340535 0.000142403052611 -0.000158020426086
BPMW.4R7.B1 20052.1479 0.0034814136425 0.00849910873692 -0.000209431800769 -3.72479037729e-05
BPMWE.4R7.B1 20080.2529 0.00653700007955 0.00645156729942 -0.000197700361238 7.85088575983e-05
BPMW.5R7.B1 20115.3379 0.00654765301927 0.00644075543547 -0.000149627314229 0.000151197693711
BPMWE.5R7.B1 20138.5429 0.00419437999896 0.00817081799458 -6.89139278516e-05 0.00020124600654
BPMR.6R7.B1 20217.7584 -0.000246080011068 0.00918120552833 0.000206868296908 4.95438227201e-05
BPM_A.7R7.B1 20255.7944 0.0015943957263 0.00904505348495 0.000174353073839 -0.000121860946784
BPM.8R7.B1 20294.86039 0.00493628343391 0.00774520471821 -4.46144955868e-05 -0.0002079870946
BPM.9R7.B1 20333.92738 0.00867768144459 0.00300880957892 -0.000212437804134 1.09207271393e-05
BPM.10R7.B1 20374.39237 0.00912011167712 0.00108565799779 -8.27808442457e-05 0.000195950032019
BPM.11R7.B1 20427.17506 0.00918185239216 -0.000220628501288 0.000187747020946 0.000100000701365
BPM.12R7.B1 20481.90154 0.00918156998749 0.000232083647707 9.51977715642e-05 -0.000190227408046
BPM.13R7.B1 20535.35303 0.00899686793012 -0.00184701319171 -0.000194262853009 -8.66661842474e-05
BPM.14R7.B1 20588.80451 0.00911659758054 -0.00111478196718 -8.44806688078e-05 0.00019522320869
BPM.15R7.B1 20642.25599 0.00868669244829 -0.00298269417843 0.000197672523591 7.85789958148e-05
BPM.16R7.B1 20695.70748 0.0088990675631 -0.00227193458839 7.63632157548e-05 -0.000198539018722
BPM.17R7.B1 20749.15896 0.00823368844889 -0.00406957796146 -0.000200744175224 -7.03623456643e-05
BPM.18R7.B1 20802.61045 0.00853532593295 -0.00339165173693 -6.81050414713e-05 0.000201521183904
BPM.19R7.B1 20856.06193 0.00764552476881 -0.00508930655964 0.000203475849113 6.20214834283e-05
BPM.20R7.B1 20909.51341 0.00803129302132 -0.00445571796617 5.9741411969e-05 -0.000204156913323
BPM.21R7.B1 20962.9649 0.00693151773562 -0.00602570760433 -0.000205859975905 -5.35794323239e-05
BPM.22R7.B1 21016.41638 0.00739532086058 -0.0054464960934 -5.12662770314e-05 0.000206448180691
BPM.23R7.B1 21069.86787 0.00610388104563 -0.00686277833226 0.000207894926995 4.50420301743e-05
BPM.24R7.B1 21123.31935 0.00661720401234 -0.00634911861971 4.23981895182e-05 -0.000187765412509
BPM.25R7.B1 21176.77083 0.00515520937748 -0.00758435972312 -0.000188954587383 -3.67371720278e-05
BPM.26R7.B1 21230.22232 0.00575063635762 -0.00714344998256 -3.46155071266e-05 0.000189354749365
BPM.27R7.B1 21283.6738 0.00414281677414 -0.0081814280734 0.000190309156849 2.89115829214e-05
BPM.28R7.B1 21337.12529 0.00476895005194 -0.00782172322424 2.64649306547e-05 -0.000170000473699
BPM.29R7.B1 21390.57677 0.00304154382198 -0.00864125279881 -0.00017071884443 -2.13454553946e-05
BPM.30R7.B1 21444.02826 0.00372918435363 -0.0083675219046 -1.94299050812e-05 0.00017094745279
BPM.31R7.B1 21497.47974 0.00191132497077 -0.00895930106701 0.000171454031748 1.42852101568e-05
BPM.32R7.B1 21550.93122 0.0026280880077 -0.00877584139168 1.23645932486e-05 -0.000171603233993
BPM.33R7.B1 21604.38271 0.000749259265273 -0.00913021627914 -0.000171897229171 -7.20380605417e-06
BPM.34R7.B1 21657.83419 0.00148385448525 -0.00903993443407 -5.27639020455e-06 0.000171967187916
BPM.33L8.B1 21711.28568 -0.000424668872561 -0.0091510597803 0.000172048075011 1.06938564183e-07
BPM.32L8.B1 21764.73716 0.000315188657694 -0.00915548441462 -1.81988514261e-06 -0.000172038487065
BPM.31L8.B1 21818.18864 -0.00159206638781 -0.0090215056052 -0.000171906186675 6.98682098953e-06
BPM.30L8.B1 21871.64013 -0.000858610561889 -0.00912058258333 8.91301092333e-06 0.000171817086388
BPM.29L8.B1 21925.09161 -0.00273286948806 -0.00874377853892 0.000171471657477 -1.40720874413e-05
BPM.28L8.B1 21978.5431 -0.00201834241045 -0.00893580061661 -1.59919766679e-05 -0.000171303269677
BPM.27L8.B1 22031.99458 -0.00382916842134 -0.00832224176366 -0.000170745660401 2.11298898555e-05
BPM.26L8.B1 22085.44606 -0.00316544217494 -0.00860549343265 2.27274523528e-05 0.00019111857924
BPM.25L8.B1 22138.89755 -0.00488256164578 -0.0077611296305 0.000190349206993 -2.84609828124e-05
BPM.24L8.B1 22192.34903 -0.00424031858849 -0.00812983638445 -3.0591927536e-05 -0.000190018372869
BPM.23L8.B1 22245.80052 -0.00583545907522 -0.00707262036094 -0.000189013943534 3.62846659741e-05
BPM.22L8.B1 22299.252 -0.00526607050133 -0.00752190305628 3.80853647774e-05 0.000209216148765
BPM.21L8.B1 22352.70349 -0.00671255598262 -0.0062651509434 0.000207976857389 -4.43567110303e-05
BPM.20L8.B1 22406.15497 -0.00618505796866 -0.00678642630921 -4.66847429731e-05 -0.000207466690176
BPM.19L8.B1 22459.60645 -0.00745899018156 -0.00535480994343 -0.000205971313966 5.28933793331e-05
BPM.18L8.B1 22513.05794 -0.00700240678434 -0.00593942954857 5.51969769424e-05 0.000205365980666
BPM.17L8.B1 22566.50942 -0.0080826535311 -0.00435674603318 0.000203613908839 -6.1345484759e-05
BPM.16L8.B1 22619.96091 -0.00770467840986 -0.00499484280981 -6.36238314876e-05 -0.000202913528802
BPM.15L8.B1 22673.41239 -0.00857363420113 -0.00328684053153 -0.000200911755395 6.96875848911e-05
BPM.14L8.B1 22726.86387 -0.00828035725855 -0.00396814916104 7.19332345387e-05 0.000200118722204
BPM.13L8.B1 22780.31536 -0.00892364107208 -0.00216313526596 0.000197865740078 -7.79168724581e-05
BPM.12L8.B1 22833.76684 -0.00876255574588 -0.00274374577869 -8.20512585382e-05 -0.00019618736268
BPM.11L8.B1 22887.21833 -0.00908278094529 -0.00134670502279 -0.000188509258731 9.84182497124e-05
BPM.10L8.B1 22939.05902 -0.00880059667814 -0.00261916440829 0.000107884007463 0.000183256470602
BPM.9L8.B1 22978.126 -0.00916099031582 0.000621916854332 0.000206518037611 -5.0716762556e-05
BPM.8L8.B1 23018.59099 -0.00915642508156 0.000685859913967 -6.18726505817e-05 -0.000203454336944
BPM.7L8.B1 23057.65898 -0.00616834821026 0.00680161778421 -0.000203233131016 6.25954227014e-05
BPMR.6L8.B1 23090.12798 -0.00141100511024 0.0090730143114 -5.92608032896e-05 0.000204230384019
BPM.5L8.B1 23150.54698 0.0040246548085 0.00825304051648 0.000212508717413 -7.86988537496e-06
BPMYB.4L8.B1 23171.31398 0.00257776871367 0.00881281070615 0.000169486028593 -0.00012843823567
BPMWB.4L8.B1 23195.70548 0.00419429666941 0.00816813317463 -1.47924443806e-06 -0.000212649251958
BPMSX.4L8.B1 23245.93848 -0.000424736948536 0.00917224741549 -0.000202949663493 6.35084776926e-05
BPMS.2L8.B1 23283.84998 -0.000436126959001 0.00917171289316 -0.000114590775144 0.000179139188589
BPMSW.1L8.B1 23293.78398 -9.13655983592e-05 0.00918162166646 -6.4445296889e-05 0.000202654131678
BPMSW.1R8.B1 23336.97398 -9.14617061415e-05 0.00918162070954 -0.000189424819647 -9.66443513651e-05
BPMS.2R8.B1 23346.90798 -0.000436200373896 0.00917170940251 -0.000207956691252 -4.44512717795e-05
BPMSX.4R8.B1 23384.81948 -0.000424729346053 0.00917224776701 -0.000187845925076 9.96784878996e-05
BPMWB.4R8.B1 23434.97648 0.00419516441112 0.00816768753527 0.000149704719813 0.000151031086971
BPMYB.4R8.B1 23459.44398 0.00260332031146 0.00880529655734 0.000210509622523 -3.01262471092e-05
BPMYB.5R8.B1 23480.02098 0.00460326000887 0.00794484244162 0.000149247524771 -0.000151482892949
BPM.6R8.B1 23564.12898 0.00242100722091 0.00885715801744 -0.000210672201296 -2.89674666223e-05
BPM_A.7R8.B1 23586.36898 0.000841164945058 0.00914346573631 -0.000204120957488 5.96366405566e-05
BPM.8R8.B1 23627.80599 -0.00359840761375 0.00844760242586 -3.09948587961e-06 0.000212631807804
BPM.9R8.B1 23666.871 -0.00599652946221 0.00695357163532 0.000184675827983 -0.000105435910057
BPM.10R8.B1 23707.33402 -0.00102095805136 0.00912513938336 -0.000164963202398 -0.000134197727551
BPM.11R8.B1 23759.17273 -0.00500795104265 0.00769616465741 -0.000109438761628 0.000182332248087
BPM.12R8.B1 23813.89624 -0.00444481459825 0.00803455955818 0.000184525277432 0.000105699167333
BPM.13R8.B1 23867.34476 -0.00557123203964 0.00729876000532 9.43398375735e-05 -0.000190583020069
BPM.14R8.B1 23920.79327 -0.00393539998356 0.00829597197886 -0.00019332005217 -8.85959872931e-05
BPM.15R8.B1 23974.24179 -0.00459194318757 0.00795138867463 -8.64488873844e-05 0.000194289685601
BPM.16R8.B1 24027.69031 -0.00284160441003 0.00873131195624 0.000196789699859 8.05959334554e-05
BPM.17R8.B1 24081.13882 -0.00353703653029 0.00847348196798 7.84067631258e-05 -0.000197672133985
BPM.18R8.B1 24134.58734 -0.00170161879611 0.00902302707368 -0.000199930081491 -7.24558705843e-05
BPM.19R8.B1 24188.03585 -0.00242410356664 0.0088563110861 -7.02356877255e-05 0.000200720804755
BPM.20R8.B1 24241.48437 -0.000533144726294 0.00916658501313 0.000202732605857 6.41979862407e-05
BPM.21R8.B1 24294.93289 -0.0012712418022 0.00909364989674 6.1944739317e-05 -0.000203432397334
BPM.22R8.B1 24348.3814 0.000643546503201 0.0091594962776 -0.000205195248656 -5.58283130456e-05
BPM.23R8.B1 24401.82992 -9.75953536932e-05 0.00918155756219 -5.35499191499e-05 0.000205801598622
BPM.24R8.B1 24455.27843 0.00209476061234 0.00894754359929 0.000207029235459 -0.000242521582117
BPM.25R8.B1 24508.72695 0.0013655794692 0.00908745020365 -0.000244803759575 -0.000204325575814
BPM.26R8.B1 24562.17546 0.00322187504685 0.00860616521467 -0.000196904775258 0.000250811345084
BPM.27R8.B1 24615.62398 0.00251714241031 0.00883801745826 0.000252978260471 0.000194112908942
BPM.28R8.B1 24669.0725 0.00458110850681 0.00806896031511 0.000186185141799 -0.000548564454063
BPM.29R8.B1 24722.52101 0.00391460852759 0.00841252136946 -0.000550598661372 -0.000180080480483
BPM.30R8.B1 24775.96953 0.00557548766511 0.00741677915621 -0.000163505069082 0.000555746302605
BPM.31R8.B1 24829.41804 0.00495913028319 0.00784230212039 0.000557521957349 0.000157344010369
BPM.32R8.B1 24882.86656 0.00647855060908 0.00664251892504 0.000140609636308 -0.000561975793144
BPM.33R8.B1 24936.31508 0.00592110398767 0.00714389272735 -0.000563504045782 -0.000134354224535
BPM.34R8.B1 24989.76359 0.00727495506377 0.00575931458911 -0.000117407946287 0.000567277040754
BPM.33L1.B1 25043.21211 0.00678667495635 0.00632737850526 0.000568540866953 0.0001111267328
BPM.32L1.B1 25096.66062 0.00795196567327 0.00478130920031 9.40873722979e-05 -0.000571607761649
BPM.31L1.B1 25150.10914 0.00754003898144 0.0054076323745 -0.000572618985018 -8.77232303674e-05
BPM.30L1.B1 25203.55766 0.00849823214278 0.00372487934249 -7.05221809136e-05 0.000574990863831
BPM.29L1.B1 25257.00617 0.00817002081813 0.00439834463711 0.000575735186599 6.41627857313e-05
BPM.28L1.B1 25310.45469 0.00890491337726 0.00260714278023 4.69308179112e-05 -0.000577395330105
BPM.27L1.B1 25363.9032 0.00866542730155 0.00331738533017 -0.000577881914355 -4.05013781561e-05
BPM.26L1.B1 25417.35172 0.009450088935 0.00139235808604 -2.34680713247e-05 0.000288952808508
BPM.25L1.B1 25470.80023 0.00930691844784 0.00215037461139 0.000289194890813 2.02680227124e-05
BPM.24L1.B1 25524.24875 0.00955056251999 0.000172039300944 1.16106926344e-05 -0.000289671654086
BPM.23L1.B1 25577.69727 0.00950552883103 0.000942212092062 -0.000289782775597 -8.39152062155e-06
BPM.22L1.B1 25631.14578 0.00977898252561 -0.0011054141588 -6.17506196209e-10 2.39554216515e-09
BPM.21L1.B1 25684.5943 0.00983629390066 -0.000312669266832 2.40891394653e-09 5.81795807074e-10
BPM.20L1.B1 25738.04281 0.0095572321657 -0.00234728631478 5.15935347363e-10 -2.41969999483e-09
BPM.19L1.B1 25791.49133 0.00971548509855 -0.00156837145391 -2.42599491442e-09 -4.92346041843e-10
BPM.18L1.B1 25844.93985 0.00917846334102 -0.00355052819339 -4.16650602361e-10 2.43761450712e-09
BPM.17L1.B1 25898.38836 0.00943504568874 -0.00279827672374 2.44607057147e-09 3.81936442547e-10
BPM.16L1.B1 25951.83688 0.00864886091404 -0.00469549194319 3.17842548742e-10 -2.4536071106e-09
BPM.15L1.B1 26005.28539 0.00899957714799 -0.00398221683474 -2.45807143354e-09 -2.89627990358e-10
BPM.14L1.B1 26058.73391 0.00797717980511 -0.00576324926141 -2.19185438934e-10 2.46703586761e-09
BPM.13L1.B1 26112.18243 0.00841623628506 -0.00510072606867 2.46316756053e-09 1.88150033315e-10
BPM.12L1.B1 26165.63094 0.0080868005638 -0.00560839517078 -1.2105474045e-10 -2.47087026853e-09
BPM.11L1.B1 26219.07946 0.00922131806884 -0.00343769295817 -2.4332346155e-09 4.14130701513e-10
BPM.10L1.B1 26271.86017 0.00871679863395 -0.00456813542668 5.44391410291e-10 2.41367899134e-09
BPM.9L1.B1 26310.92518 0.00933201689272 -0.00312472406562 2.46706954035e-09 -2.19158173054e-10
BPM.8L1.B1 26351.38819 0.0056261908678 -0.00807442976489 -1.36938618469e-09 -2.06468072419e-09
BPMR.7L1.B1 26390.4542 0.00916977771673 -0.00357290027729 -2.17103578616e-09 1.17830526837e-09
BPM.6L1.B1 26433.6382 0.00924139220461 -0.00338335778568 -4.58859299541e-10 2.42792598416e-09
BPMR.5L1.B1 26465.5382 0.00918901585465 -0.00352312749499 7.29330069965e-10 2.36981477893e-09
BPMYA.4L1.B1 26486.6562 0.00921287052283 -0.00346026826201 1.41961002436e-09 2.02726682452e-09
BPMWB.4L1.B1 26507.7887 0.00961046137357 -0.0021188373895 2.06519065447e-09 1.36347024549e-09
BPMSY.4L1.B1 26600.5687 0.00975162968029 -0.00132520122312 1.19672450844e-09 -2.16527088339e-09
BPMS.2L1.B1 26627.3542 0.00983480035032 -0.000356569539202 1.43926763945e-10 -2.47050637893e-09
BPMSW.1L1.B1 26637.4082 0.00984126210022 -2.81866733941e-09 -5.58143447567e-10 -2.41748551321e-09
