BPMSW.1R1.B1 21.475 7.77162274647e-08 0.00833219915286 3.11397544113e-08 3.50791062187e-08
BPMS.2R1.B1 31.529 0.000301963763519 0.00832672568254 3.96909926348e-08 2.5011191733e-08
BPMSY.4R1.B1 58.3145 0.0011220578988 0.00825630236559 4.66125256363e-08 5.28359040888e-09
BPMWB.4R1.B1 151.0945 0.00179394225414 0.00813678768945 1.62394821536e-09 -4.68823130657e-08
BPMYA.4R1.B1 172.227 0.00292965497548 0.00780017079412 -1.56533927011e-08 -4.42239195358e-08
BPM.5R1.B1 199.635 0.00273689379564 0.00786987643264 -3.19289222842e-08 -3.4367895427e-08
BPMR.6R1.B1 231.535 0.00322945281178 0.00768089690465 -4.45762013527e-08 -1.46079428617e-08
BPM_A.7R1.B1 259.259 0.00356560943838 0.0075307351618 -4.569282428e-08 1.0606460197e-08
BPM.8R1.B1 300.6979894 0.00551096934986 0.00624938073299 -3.21653060626e-10 4.69077390739e-08
BPM.9R1.B1 339.7649788 0.00536175723936 0.00637786029689 4.46381639689e-08 -1.44181685963e-08
BPM.10R1.B1 380.2299682 0.00240506157554 0.00797754483092 -2.19984868343e-08 -4.14339902512e-08
BPM.11R1.B1 433.0126576 0.00505848410748 0.00662097283463 -3.76918601373e-08 2.79238953272e-08
BPM.12R1.B1 487.7391417 0.00344078905029 0.00758857782677 2.83102264234e-08 3.7403735412e-08
BPM.13R1.B1 541.1906258 0.00410265939254 0.00725215338343 3.90028342466e-08 -2.60689573921e-08
BPM.14R1.B1 594.6421099 0.00350378533777 0.00755969781289 -2.65025351018e-08 -3.87062512745e-08
BPM.15R1.B1 648.093594 0.00499656841087 0.00666782174698 -3.78946466809e-08 2.76489587999e-08
BPM.16R1.B1 701.5450781 0.00444209202742 0.00704935182488 2.80755623968e-08 3.75814347115e-08
BPM.17R1.B1 754.9965622 0.00580849782094 0.00597385099642 3.67173782302e-08 -2.91896995339e-08
BPM.18R1.B1 808.4480463 0.00530739282381 0.0064231708772 -2.96007367063e-08 -3.639226298e-08
BPM.19R1.B1 861.8995304 0.00652499471461 0.00518169727853 -3.54830855772e-08 3.06845375134e-08
BPM.20R1.B1 915.3510145 0.00608547919927 0.00569143967996 3.10759218996e-08 3.51383572692e-08
BPM.21R1.B1 968.8024986 0.00713425799318 0.00430440536668 3.41861577956e-08 -3.21164638779e-08
BPM.22R1.B1 1022.253983 0.00676357056872 0.00486617466667 -3.25031082947e-08 -3.38240044428e-08
BPM.23R1.B1 1075.705467 0.00762628910154 0.00335637560972 -3.28378725476e-08 3.35011669824e-08
BPM.24R1.B1 1129.156951 0.0072741978049 0.00395738676327 -8.25969442794e-07 5.64406138547e-05
BPM.25R1.B1 1182.608435 0.00793717826017 0.00236136930523 5.64399533621e-05 -8.69918279003e-07
BPM.26R1.B1 1236.059919 0.00772069170345 0.00299429178895 -1.50223654842e-06 -5.64266623438e-05
BPM.27R1.B1 1289.511403 0.00817404187888 0.00132661338922 -5.63560485234e-05 3.1969588935e-06
BPM.28R1.B1 1342.962887 0.00798398552884 0.00197845900572 2.96876967715e-06 0.000112724215029
BPM.29R1.B1 1396.414371 0.00822076166652 0.000278213167415 0.000112584177793 -6.35331303582e-06
BPM.30R1.B1 1449.865855 0.00817148629159 0.000940817058965 -7.61388203657e-06 -0.000112505961616
BPM.31R1.B1 1503.31734 0.00818880924831 -0.00077571132012 -0.000112226351789 1.09912530898e-05
BPM.32R1.B1 1556.768824 0.00822470222245 -0.000112242304358 1.22483891334e-05 0.00011209611434
BPM.33R1.B1 1610.220308 0.0080222910584 -0.00181691252462 0.000111677638788 -1.56098387973e-05
BPM.34R1.B1 1663.671792 0.00814276248011 -0.00116350512605 -1.68596597157e-05 -0.000111495797433
BPM.33L2.B1 1717.123276 0.00772394381913 -0.00282825332224 -0.000110938816604 2.02025225921e-05
BPM.32L2.B1 1770.57476 0.00792702256578 -0.00219559518535 2.14446419614e-05 0.00011070541595
BPM.31L2.B1 1824.026244 0.00729867771409 -0.00379310276645 0.000110011344765 -2.47601801193e-05
BPM.30L2.B1 1877.477728 0.00758100309922 -0.00319166366746 -2.59907758579e-05 -0.000109727125934
BPM.29L2.B1 1930.929212 0.0067534564154 -0.00469565239508 -0.000108896550525 2.92763328213e-05
BPM.28L2.B1 1984.380696 0.00711043354319 -0.0041352218545 3.04949729207e-05 0.000108561592591
BPM.27L2.B1 2037.83218 0.00609728889453 -0.00552099566215 0.000107596623829 -3.37420897598e-05
BPM.26L2.B1 2091.283665 0.00646668202275 -0.0050144256855 -3.58051893528e-05 -5.08039588407e-05
BPM.25L2.B1 2144.735149 0.00528508904057 -0.00624742148409 -4.97052036338e-05 3.7315492698e-05
BPM.24L2.B1 2198.186633 0.00577210115753 -0.00580045598601 3.78700924579e-05 4.92839638843e-05
BPM.23L2.B1 2251.638117 0.00444245058585 -0.00687219573028 4.81240815216e-05 -3.93335262575e-05
BPM.22L2.B1 2305.089601 0.00492631724205 -0.00649476640649 -4.07299745022e-05 8.72714705549e-06
BPM.21L2.B1 2358.541085 0.00347104112651 -0.00737580272196 9.9468776219e-06 4.0449391858e-05
BPM.20L2.B1 2411.992569 0.00405502766868 -0.00707158701511 4.03354108238e-05 -1.03994352094e-05
BPM.19L2.B1 2465.444053 0.00249890798484 -0.00775925583852 -1.16065454694e-05 -4.00047717997e-05
BPM.18L2.B1 2518.895537 0.00311702100019 -0.00753224882416 -3.98722241292e-05 1.20540179982e-05
BPM.17L2.B1 2572.347021 0.00148581224885 -0.00801517025713 1.32464780174e-05 3.94920832462e-05
BPM.16L2.B1 2625.798506 0.00212787776972 -0.00786909959959 3.93411748131e-05 -1.36881602722e-05
BPM.15L2.B1 2679.24999 0.000448195977034 -0.00813939264655 -1.48639091942e-05 -3.8912180819e-05
BPM.14L2.B1 2732.701474 0.00110368292167 -0.00807666244791 -3.87432311066e-05 1.52988761437e-05
BPM.13L2.B1 2786.152958 -0.000596681466482 -0.00812985630319 1.64559672693e-05 3.82661051674e-05
BPM.12L2.B1 2839.604442 0.00109951537238 -0.00807723085448 3.92518139879e-05 -1.39423373126e-05
BPM.11L2.B1 2893.055926 0.000998110444247 -0.0080903873717 -1.09288990063e-05 -4.0195182121e-05
BPM.10L2.B1 2944.896615 0.001165770388 -0.00806793478464 -3.95461475843e-05 1.30841965552e-05
BPM.9L2.B1 2983.963605 -0.0034471197251 -0.00738701278497 1.64676165662e-06 4.16218955018e-05
BPM.8L2.B1 3024.428594 -0.00439302689446 -0.00686672461974 3.73171523705e-05 1.85073934758e-05
BPM.7L2.B1 3063.496584 -0.0072376595446 -0.00375058350627 3.43559141762e-05 -2.35534449775e-05
BPMR.6L2.B1 3095.602584 -0.00815155131705 5.29473760109e-05 6.94670827797e-06 -4.10711191055e-05
BPMYB.5L2.B1 3167.801584 -0.00793394552915 -0.00187165718418 -3.91312911019e-05 1.4277093067e-05
BPMYB.4L2.B1 3188.371584 -0.00684556964963 -0.00442592006752 -1.97757538631e-05 3.66607858241e-05
BPMWI.4L2.B1 3212.839084 -0.00753825571559 -0.00310246563681 1.76197701345e-05 3.77443695748e-05
BPMSX.4L2.B1 3262.996084 -0.00499528336291 -0.00644187367149 3.10429294798e-05 -2.77746319159e-05
BPMS.2L2.B1 3300.907584 -0.00498724372885 -0.00644809992603 5.91425538369e-06 -4.12324489032e-05
BPMSW.1L2.B1 3310.841584 -0.00522587092866 -0.00625626608959 -4.93373470115e-06 -4.1361233018e-05
BPMSW.1R2.B1 3354.031584 -0.00522585375813 -0.00625628042984 4.16119856782e-05 1.8804924478e-06
BPMS.2R2.B1 3363.965584 -0.00498722936331 -0.00644811097392 4.06862788432e-05 -8.92877677285e-06
BPMSX.4R2.B1 3401.877084 -0.00499528267076 -0.00644187420935 2.54179005643e-05 -3.30003676491e-05
BPMWB.4R2.B1 3452.110084 -0.00753773916186 -0.00310372044715 -3.89839713672e-05 -1.46745935238e-05
BPMYB.4R2.B1 3476.501584 -0.00683146925417 -0.00444765332703 -3.5098079189e-05 2.24325325249e-05
BPMR.5R2.B1 3506.035584 -0.00812812538651 -0.000619814510618 3.75207555847e-08 4.16544397734e-05
BPM.6R2.B1 3579.331584 -0.00657145741633 -0.00482354015822 3.8915686612e-05 -1.48547548935e-05
BPM_A.7R2.B1 3592.206584 -0.00580152455721 -0.00572650898471 3.34021217345e-05 -2.48875770028e-05
BPM.8R2.B1 3633.643594 -0.00368283095273 -0.00727236883527 -5.6926002953e-06 -4.12636382868e-05
BPM.9R2.B1 3672.708605 -0.00553889197348 -0.00598090862691 -4.06543781443e-05 9.07278415303e-06
BPM.10R2.B1 3713.171615 -0.00791542923057 -0.00194847948656 1.51579845991e-05 3.87985727682e-05
BPM.11R2.B1 3765.010326 -0.00750896547687 -0.00317270070518 3.99022149934e-05 -1.19543761916e-05
BPM.12R2.B1 3819.733842 -0.00767021673846 -0.00276013903677 -1.38475742839e-05 -3.92853449748e-05
BPM.13R2.B1 3873.182358 -0.00699419218498 -0.0041871073524 -3.77590354907e-05 1.7588305422e-05
BPM.14R2.B1 3926.630874 -0.00771083517796 -0.0026445440375 1.87099282404e-05 3.72160213134e-05
BPM.15R2.B1 3980.07939 -0.00747227397842 -0.00325817646692 3.70061261953e-05 -1.91217236634e-05
BPM.16R2.B1 4033.527906 -0.00798577308594 -0.00163646586011 -2.02205368838e-05 -3.64173515494e-05
BPM.17R2.B1 4086.976421 -0.00782767151945 -0.00227555506955 -3.61909922201e-05 2.06229314421e-05
BPM.18R2.B1 4140.424937 -0.00812950394039 -0.000601463199928 2.16968159451e-05 3.55575851282e-05
BPM.19R2.B1 4193.873453 -0.00805445143881 -0.00125554940358 3.53146622041e-05 -2.20900146981e-05
BPM.20R2.B1 4247.321969 -0.00813965694592 0.000443370129723 -2.31368662249e-05 -3.46378246298e-05
BPM.21R2.B1 4300.770485 -0.00814888972243 -0.000214915281795 -3.43792376135e-05 2.35193795898e-05
BPM.22R2.B1 4354.219001 -0.00801606349812 0.00148098558449 2.45377556944e-05 3.36599463787e-05
BPM.23R2.B1 4407.667517 -0.00810943434206 0.000829256864044 3.33856395481e-05 -2.49096966857e-05
BPM.24R2.B1 4461.116033 -0.00756926444898 0.00245760213581 -2.60913778706e-05 -0.000227547799876
BPM.25R2.B1 4514.564549 -0.00774290239264 0.00183875911219 -0.000227244945521 2.86093864953e-05
BPM.26R2.B1 4568.013065 -0.0071926819523 0.00340571561605 3.53949770379e-05 0.000226287337358
BPM.27R2.B1 4621.46158 -0.00744405457508 0.00281418266726 0.000225880273001 -3.79059649273e-05
BPM.28R2.B1 4674.910096 -0.00650648763882 0.00426115729656 -4.48478676459e-05 -0.000419559890455
BPM.29R2.B1 4728.358612 -0.00682916421166 0.00372214442283 -0.000419038038463 4.94869207647e-05
BPM.30R2.B1 4781.807128 -0.00590789995978 0.00505851371157 6.19979387813e-05 0.000417370445011
BPM.31R2.B1 4835.255644 -0.00629680024995 0.0045653203076 0.000416655601136 -6.66329006984e-05
BPM.32R2.B1 4888.70416 -0.00521235014151 0.00577262928808 -7.90775434195e-05 -0.00041447385252
BPM.33R2.B1 4942.152676 -0.00566124830219 0.00533311453168 -0.000413573267337 8.36599466583e-05
BPM.34R2.B1 4995.601192 -0.00443100471679 0.00639202941951 9.59945134032e-05 0.000410885490161
BPM.33L3.B1 5049.049708 -0.00493230806977 0.00601366610383 0.000409793720532 -0.000100553167323
BPM.32L3.B1 5102.498224 -0.00357705344322 0.00690626755762 -0.000112774921942 -0.000406600109598
BPM.31L3.B1 5155.94674 -0.00412278855274 0.00659503278598 -0.000405326330299 0.000117270622894
BPM.30L3.B1 5209.395255 -0.00266407826409 0.00730715607512 0.000129345567279 0.000401636099861
BPM.29L3.B1 5262.843771 -0.00324497858744 0.00706837724046 0.000400175349192 -0.000133796581477
BPM.28L3.B1 5316.292287 -0.001707629261 0.00758787488157 -0.000145713576338 -0.000395991648737
BPM.27L3.B1 5369.740803 -0.00231447276885 0.00742529856033 -0.000394352588249 0.000150092870803
BPM.26L3.B1 5423.189319 -0.000531404995533 0.00770741269271 0.000161635043514 0.000194763332802
BPM.25L3.B1 5476.637835 -0.00115165278565 0.00763939117567 0.000192958281885 -0.000163785659544
BPM.24L3.B1 5530.086351 0.000458693323172 0.00771208156833 -0.000169486811431 -0.000187970370892
BPM.23L3.B1 5583.534867 -0.000165141032982 0.00772394524313 -0.000186079319952 0.000171560856246
BPM.22L3.B1 5636.983383 0.00163301713697 0.00755346927827 0.000176861068626 -1.4057102638e-05
BPM.21L3.B1 5690.431899 0.00101803361158 0.00766062991388 -1.601764718e-05 -0.0001766943015
BPM.20L3.B1 5743.880414 0.00258565097393 0.00728258553848 -0.000176135725032 2.12990210382e-05
BPM.19L3.B1 5797.32893 0.00198962976358 0.00746746386161 2.32512017328e-05 0.000175888663378
BPM.18L3.B1 5850.777446 0.00349616097229 0.0068919156639 0.00017511425911 -2.85032623855e-05
BPM.17L3.B1 5904.225962 0.00292850043227 0.00715161019122 -3.04431121865e-05 -0.000174787463723
BPM.16L3.B1 5957.674478 0.0043489040785 0.00638816691019 -0.000173797839049 3.56616162834e-05
BPM.15L3.B1 6011.122994 0.00381929042804 0.00671823367682 3.75873538713e-05 0.000173391554748
BPM.14L3.B1 6064.57151 0.00513046653625 0.00577926952426 0.00017218950224 -4.27576424918e-05
BPM.13L3.B1 6118.020026 0.00464728885224 0.00617449183591 -4.46638779655e-05 -0.000171704917701
BPM.12L3.B1 6171.468542 0.00606694861793 0.0047868337788 -0.00017163444987 4.49338961546e-05
BPM.11L3.B1 6224.917058 0.00628532690499 0.004496254975 4.47144760533e-05 0.000171691747142
BPM.10L3.B1 6277.697768 0.00763734941485 0.00118005806507 0.000174494133507 -3.20817451555e-05
BPM.9L3.B1 6316.762779 0.00758393508034 0.00148511676254 9.11571689208e-05 -0.000152209752838
BPM.8L3.B1 6357.225789 0.00610259812946 0.00474130142119 -0.000136724477975 -0.00011306572554
BPM.7L3.B1 6396.2898 -0.000898475202647 0.00767557069108 -8.00229026496e-05 0.000158347010214
BPM.6L3.B1 6468.9288 -0.000826528692661 0.00768365104836 0.000150754654765 9.35439720448e-05
BPMWE.5L3.B1 6512.0583 -0.000204608866307 0.00772526881881 0.0001760573131 -2.1937736697e-05
BPMW.5L3.B1 6539.6033 0.00289049496459 0.00716705531907 0.000133504269324 -0.00011685054955
BPMWE.4L3.B1 6614.7313 0.00418001696683 0.00649993086795 -4.5445460226e-05 -0.000171499707861
BPMW.4L3.B1 6642.2763 0.00286890008173 0.00717572682476 -0.000106130519497 -0.000142175080865
BPMW.4R3.B1 6687.2413 0.00436547382247 0.00637685513848 -0.000171086571368 -4.6976866117e-05
BPMWE.4R3.B1 6714.7863 0.00767803924921 0.000877129645179 -0.000132133363861 0.000118398540439
BPMW.5R3.B1 6789.9143 0.0075082660158 -0.00182964054307 7.47285915148e-05 0.00016091326017
BPMWE.5R3.B1 6817.4593 0.00770909551365 0.000539897582359 0.000138396668796 0.000111012611747
BPMWC.6R3.B1 6858.4503 0.00770690866691 0.000570264742109 0.000176735985011 1.55509075357e-05
BPMR.6R3.B1 6870.5288 0.00766287215141 -0.001001016246 0.000173429966118 -3.74097242697e-05
BPM_A.7R3.B1 6926.3528 0.00503069064346 -0.00586632719517 -4.85369936282e-05 -0.000170650522396
BPM.8R3.B1 6965.416811 0.0029988339092 -0.00712240396892 -0.00017392812933 -3.50206456297e-05
BPM.9R3.B1 7004.481821 0.000563595021077 -0.00770739928747 -0.000123990921779 0.000126900324891
BPM.10R3.B1 7044.944832 5.71496187349e-06 -0.00772797583122 1.80812199881e-05 0.000176495070169
BPM.11R3.B1 7097.725542 0.000373723388518 -0.00771893606254 0.000172549158273 4.12823028363e-05
BPM.12R3.B1 7152.449058 0.00119211633709 -0.00763547652415 6.90991009101e-05 -0.000163409775107
BPM.13R3.B1 7205.897574 0.000995409034352 -0.00766360254446 -0.000155425147729 -8.55597120389e-05
BPM.14R3.B1 7259.34609 0.00161090008802 -0.00755821698614 -8.38267768378e-05 0.000156366595724
BPM.15R3.B1 7312.794606 7.34995353531e-06 -0.00772797444945 0.000158805178078 7.91097675697e-05
BPM.16R3.B1 7366.243122 0.000630909735045 -0.00770218125136 7.73439904728e-05 -0.00015967262664
BPM.17R3.B1 7419.691638 -0.000981451605236 -0.00766540252417 -0.000161915615362 -7.2531189183e-05
BPM.18R3.B1 7473.140154 -0.000359616542765 -0.00771960614665 -7.07312563691e-05 0.000162709956524
BPM.19R3.B1 7526.58867 -0.00195376683806 -0.00747692705967 0.000164753911008 6.58299912814e-05
BPM.20R3.B1 7580.037186 -0.00134407250976 -0.00761019790773 6.39983785737e-05 -0.000165474010963
BPM.21R3.B1 7633.485701 -0.00289432468208 -0.00716550959616 -0.000167314919675 -5.90182885503e-05
BPM.22R3.B1 7686.934217 -0.00230659278353 -0.00737572185215 -5.71599794e-05 0.000167958855591
BPM.23R3.B1 7740.382733 -0.00378700786596 -0.00673648383943 0.000169594423882 5.2107322213e-05
BPM.24R3.B1 7793.831249 -0.00323108148298 -0.00702009654949 5.02222266654e-05 -0.000170162183521
BPM.25R3.B1 7847.279765 -0.00461774973671 -0.00619661443821 -0.000171588661456 -4.51084468693e-05
BPM.26R3.B1 7900.728281 -0.00410259430371 -0.00654907345333 -4.32041973656e-05 0.000172077999256
BPM.27R3.B1 7954.176797 -0.0053723778846 -0.00555510567411 0.00017329411475 3.80340536688e-05
BPM.28R3.B1 8007.625313 -0.00490660334463 -0.00597050138049 3.61082571611e-05 -0.000173705595903
BPM.29R3.B1 8061.073829 -0.00603892641069 -0.00482213759108 -0.000174708114137 -3.08952392842e-05
BPM.30R3.B1 8114.522345 -0.00563006843864 -0.00529376732356 -2.89577292649e-05 0.000175039683324
BPM.31R3.B1 8167.97086 -0.00660610401817 -0.0040101163028 0.000175828101558 2.37048587578e-05
BPM.32R3.B1 8221.419376 -0.00626096749242 -0.0045301135948 2.175146897e-05 -0.000176080421188
BPM.33R3.B1 8274.867892 -0.00706483857943 -0.00313204389616 -0.000176652313074 -1.64742686737e-05
BPM.34R3.B1 8328.316408 -0.00678903757271 -0.00369196586669 -1.45163729669e-05 0.000176823965739
BPM.33L4.B1 8381.764924 -0.00740742951946 -0.00220264182827 0.000177179296315 9.21615930093e-06
BPM.32L4.B1 8435.21344 -0.00720552560472 -0.00279321389965 7.24846981125e-06 -0.000177270692477
BPM.31L4.B1 8488.661956 -0.00762834113322 -0.0012369537931 -0.000177408196034 -1.94251055128e-06
BPM.30L4.B1 8542.110472 -0.00750364256697 -0.00184851057203 2.27631596636e-08 0.000177418827679
BPM.29L4.B1 8595.558988 -0.00772390098477 -0.000250991355759 0.00017733861321 -5.33457321691e-06
BPM.28L4.B1 8649.007504 -0.00767845409846 -0.000873490581031 -7.3031419057e-06 -0.000177268449871
BPM.27L4.B1 8702.45602 -0.00769255350198 0.000739096577371 -0.000176970685714 1.26023034631e-05
BPM.26L4.B1 8755.904535 -0.00772710820391 0.000115939254833 1.45619065781e-05 0.000176820222346
BPM.25L4.B1 8809.353051 -0.00753480278914 0.00171708766044 0.000176304967111 -1.9849403735e-05
BPM.24L4.B1 8862.801567 -0.00764880027228 0.00110340269777 -2.18054695515e-05 -0.000176073736847
BPM.23L4.B1 8916.250083 -0.00725327281049 0.00266677270009 -0.000175342721839 2.70623610322e-05
BPM.22L4.B1 8969.698599 -0.00744480549466 0.00207280347228 2.90032391037e-05 0.000175032147619
BPM.21L4.B1 9023.147115 -0.00685251340294 0.00357277247423 0.000174085325059 -3.42306730955e-05
BPM.20L4.B1 9076.595631 -0.00711850738649 0.00300807176181 -3.61609720176e-05 -0.000173694630264
BPM.19L4.B1 9130.044147 -0.00633924897684 0.0044199056019 -0.000172535241175 4.13404242296e-05
BPM.18L4.B1 9183.492663 -0.0066752101584 0.00389399697699 4.32496023649e-05 0.000172066594858
BPM.17L4.B1 9236.941179 -0.00572169477723 0.00519459834683 0.000170694637165 -4.83816147388e-05
BPM.16L4.B1 9290.389694 -0.00612228651214 0.00471585103514 -5.02730981713e-05 -0.000170147159853
BPM.15L4.B1 9343.83821 -0.00501030371201 0.00588374878975 -0.000168567118216 5.5340469292e-05
BPM.14L4.B1 9397.286726 -0.00546869415459 0.00546031384706 5.72051341728e-05 0.000167943478307
BPM.13L4.B1 9450.735242 -0.00421636793196 0.00647640985197 0.000166155732573 -6.2207022936e-05
BPM.12L4.B1 9504.183758 -0.00498088175837 0.00590867667496 -5.96226813501e-05 -0.00016710049727
BPM.11L4.B1 9557.632274 -0.00406904858845 0.00656996854599 -0.000167004762228 5.98903217902e-05
BPMC.10L4.B1 9609.470985 -0.00430670132508 0.00641669438374 6.41554624979e-05 0.000165413171465
BPMC.9L4.B1 9648.535995 -0.00266544716146 0.00725376002772 0.000174749323872 -3.06612632201e-05
BPMC.8L4.B1 9688.999006 -0.00522758524794 0.00569157232992 -9.22512312828e-05 -0.000151549171909
BPMC.7L4.B1 9728.063016 -0.00098589251345 0.00766483261788 -0.000143569561998 0.000104236371921
BPMYB.6L4.B1 9824.667016 0.000568753709874 0.00770702032775 9.99625527701e-05 0.000146577381979
BPMYA.5L4.B1 9861.667016 0.000983374707036 0.0076651560494 0.000136453196627 0.000113392961604
BPMWA.B5L4.B1 9964.133516 -0.0036915864043 0.0067892439154 0.000153838684365 -8.83804238981e-05
BPMWA.A5L4.B1 9973.018516 -0.00406085668509 0.00657503506521 0.00014158647961 -0.000106914494746
BPMWA.A5R4.B1 10021.06752 -0.00515862788632 0.00575414645777 5.30147284195e-05 -0.000169312963181
BPMWA.B5R4.B1 10029.95252 -0.00521045485432 0.00570725882405 3.53943995607e-05 -0.000173852455385
BPMYB.5R4.B1 10132.34302 -0.00383551616772 0.00670898344533 -0.000124382801971 -0.000126516255911
BPMYA.6R4.B1 10163.90702 -0.00398003152489 0.0066242729565 -0.000150015397113 -9.47249885948e-05
BPMCA.7R4.B1 10260.42302 -0.00589835397859 0.00499310159128 -0.000128769254142 0.000122048845005
BPMC.8R4.B1 10298.21203 -0.00625673990827 0.00453595070989 2.26940757589e-05 0.000175961414409
BPMC.9R4.B1 10337.27704 -0.00392547840448 0.00665674563268 0.000176021757094 -2.22212151223e-05
BPMC.10R4.B1 10377.74005 0.00016574043354 0.00772620043808 -2.80492794891e-05 -0.000175187550607
BPM.11R4.B1 10429.57876 -0.000695291390414 0.00769663647312 -0.000177376301992 3.88436636655e-06
BPM.12R4.B1 10484.30227 6.62845970052e-05 0.00772769367124 7.08104678508e-07 0.000177417415805
BPM.13R4.B1 10537.75079 -0.000636763941552 0.00770169947512 0.000177373142578 -4.02604646287e-06
BPM.14R4.B1 10591.19931 0.000975370116252 0.00766617872546 -9.33202311939e-06 -0.000177173229633
BPM.15R4.B1 10644.64782 0.000353445235752 0.0077198911636 -0.00017705879872 1.12969789429e-05
BPM.16R4.B1 10698.09634 0.00194802050125 0.00747842625551 1.65908371981e-05 0.000176641400015
BPM.17R4.B1 10751.54485 0.00133826533368 0.00761122125552 0.000176446655453 -1.85477196611e-05
BPM.18R4.B1 10804.99337 0.00288864057129 0.00716780292194 -2.38192300627e-05 -0.000175812640991
BPM.19R4.B1 10858.44189 0.00230070687569 0.00737755996115 -0.000175537485553 2.57688171975e-05
BPM.20R4.B1 10911.8904 0.00378182507303 0.00673939479635 3.10110851243e-05 0.000174687585243
BPM.21R4.B1 10965.33892 0.00322570993804 0.00702256637642 0.00017433324437 -3.29448042736e-05
BPM.22R4.B1 11018.78743 0.00461284154728 0.00620026902457 -3.81462805826e-05 -0.00017326945103
BPM.23R4.B1 11072.23595 0.0040973833306 0.00655233492392 -0.000172835318102 4.0067367481e-05
BPM.24R4.B1 11125.68447 0.00545410913717 0.00554285178245 4.51357927322e-05 8.39719974494e-05
BPM.25R4.B1 11179.13298 0.00498905138057 0.00596488714491 8.34666931484e-05 -4.60635221376e-05
BPM.26R4.B1 11232.5815 0.00611833079653 0.00479963963602 -4.85405621772e-05 -8.20509008588e-05
BPM.27R4.B1 11286.03001 0.00571103215975 0.00527774800462 -8.15070769435e-05 4.94482864257e-05
BPM.28R4.B1 11339.47853 0.00676807174328 0.00396115142284 5.17793430354e-05 -7.59665155861e-06
BPM.29R4.B1 11392.92705 0.00642634460025 0.00449439771173 -8.17012576179e-06 -5.16919580705e-05
BPM.30R4.B1 11446.37556 0.00721917642391 0.00306284303147 -5.14242767933e-05 9.71356705724e-06
BPM.31R4.B1 11499.82408 0.00694846196873 0.00363543559634 1.02835387782e-05 5.13133337261e-05
BPM.32R4.B1 11553.27259 0.00755166355259 0.00211421222605 5.09826509941e-05 -1.18143523043e-05
BPM.33R4.B1 11606.72111 0.00735642598638 0.00271670985444 -1.23787282554e-05 -5.08485667874e-05
BPM.34R4.B1 11660.16962 0.00776007424065 0.00113082426707 -5.04552909293e-05 1.38950528249e-05
BPM.33L5.B1 11713.61814 0.00764350656744 0.00175337476872 1.44540114703e-05 5.02980190555e-05
BPM.32L5.B1 11767.06666 0.00784097587771 0.000128891342126 4.98429989298e-05 -1.59525689596e-05
BPM.31L5.B1 11820.51517 0.00780500388757 0.000761203010931 -1.65040763545e-05 -4.96631123195e-05
BPM.30L5.B1 11873.96369 0.00779304310951 -0.000875211293306 -4.9146905706e-05 1.79830803235e-05
BPM.29L5.B1 11927.4122 0.00783825540705 -0.000243449963656 1.8527242592e-05 4.89443659964e-05
BPM.28L5.B1 11980.86072 0.00761707218132 -0.00186486651599 4.83680664802e-05 -1.99834809704e-05
BPM.27L5.B1 12034.30924 0.00774271662474 -0.00124412820265 -2.05184156472e-05 -4.81435778203e-05
BPM.26L5.B1 12087.75775 0.00740197761708 -0.00284040206073 -4.75940987989e-05 -6.56390155645e-05
BPM.25L5.B1 12141.20627 0.00760705697313 -0.00223379514934 -6.5106707016e-05 4.83197116988e-05
BPM.24L5.B1 12194.65478 0.00697784919436 -0.00376387794285 5.0246558593e-05 6.36314497308e-05
BPM.23L5.B1 12248.1033 0.00725882213263 -0.00318851968112 6.30707707903e-05 -5.0948565947e-05
BPM.22L5.B1 12301.55182 0.00652505580231 -0.00464206255243 -5.28985445424e-05 -0.000149108356874
BPM.21L5.B1 12355.00033 0.00687837756039 -0.00410036829218 -0.000148511847108 5.45507896249e-05
BPM.20L5.B1 12408.44885 0.00587768637438 -0.0054385568734 5.89714839178e-05 0.00014681254062
BPM.19L5.B1 12461.89736 0.00629740350684 -0.00494649442063 0.000146150244677 -6.05942560306e-05
BPM.18L5.B1 12515.34588 0.00513364025003 -0.00614579821896 -6.49401452528e-05 -0.000144271741369
BPM.17L5.B1 12568.79439 0.00561284318997 -0.00571148748426 -0.000143541993514 6.65376124448e-05
BPM.16L5.B1 12622.24291 0.00430537267562 -0.00675195261272 7.08039458107e-05 0.000141486249306
BPM.15L5.B1 12675.69143 0.00483621082705 -0.00638248875829 0.000140693001705 -7.23673697086e-05
BPM.14L5.B1 12729.13994 0.00340620672611 -0.00724726525689 -7.65449207162e-05 -0.000138464553996
BPM.13L5.B1 12782.58846 0.00397992663726 -0.00694876117767 -0.000137606591452 7.80767855978e-05
BPM.12L5.B1 12836.03697 0.00354540687305 -0.00718019415314 9.47215252608e-05 0.000126725648374
BPM.11L5.B1 12889.48549 0.00520869968697 -0.00608231415816 0.000114352659855 -0.000109339045081
BPM.10L5.B1 12942.2662 0.00440382460956 -0.00668815570767 -0.000114938395923 -0.00010872314941
BPM.9L5.B1 12981.33121 0.00541081857607 -0.00590323134897 -0.000122961576678 9.9559064223e-05
BPM.8L5.B1 13021.79422 0.000821738367524 -0.00796554103787 0.000146025408812 6.08944720753e-05
BPMR.7L5.B1 13060.86023 0.00511869064003 -0.00615825495753 7.30196415708e-05 -0.000140355585114
BPM.6L5.B1 13097.75423 0.00495376989762 -0.0062916819508 -4.54293121821e-05 -0.000151551097962
BPMR.5L5.B1 13129.65423 0.00534203501754 -0.0059655477429 -0.000113146634449 -0.000110586599554
BPMYA.4L5.B1 13157.06023 0.00519363036078 -0.00609518676072 -0.000147753604037 -5.65723401315e-05
BPMWB.4L5.B1 13178.19473 0.00600555697372 -0.00529701646283 -0.00015820690199 1.46075313973e-06
BPMSY.4L5.B1 13270.97473 0.00641898336024 -0.00478766650559 1.38198318417e-05 0.000157608919182
BPMS.2L5.B1 13297.76023 0.00686005773631 -0.00413094493971 8.09241283112e-05 0.00013595163185
BPMSW.1L5.B1 13307.81423 0.00700522822251 -0.00387967466621 0.000115612550447 0.000108006000802
BPMSW.1R5.B1 13350.76423 0.00700519202916 -0.00387974001265 -0.000139096582404 7.5390307831e-05
BPMS.2R5.B1 13360.81823 0.00686002652988 -0.00413099673788 -0.00011256837503 0.000111175165351
BPMSY.4R5.B1 13387.60373 0.00641896884666 -0.00478768596625 -5.30856591282e-05 0.000149041841335
BPMWT.A4R5.B1 13478.00823 0.00608669002178 -0.00520358554535 0.000150748497887 4.80254961378e-05
BPMWT.B4R5.B1 13479.99023 0.00601932074939 -0.0052813706268 0.00015242658983 4.23992080221e-05
BPMWB.4R5.B1 13480.38373 0.0060056786097 -0.00529687855138 0.000152733789302 4.12788970924e-05
BPMYA.4R5.B1 13501.51623 0.00519387054938 -0.0060949820886 0.00015724180107 -1.75092788967e-05
BPM.5R5.B1 13522.63423 0.00515212603037 -0.00613030956206 0.000144217197622 -6.50611732755e-05
BPMWT.A6R5.B1 13543.69223 0.00548786323371 -0.00583167686098 0.000117083280044 -0.000106409884819
BPMWT.B6R5.B1 13549.51423 0.00539985544104 -0.00591326129667 0.000107049796012 -0.000116498488728
BPMR.6R5.B1 13554.53423 0.00524453681969 -0.00605144044371 9.69818149251e-05 -0.000125004336694
BPM_A.7R5.B1 13588.54823 0.00467118078496 -0.0065042423109 1.97625432728e-07 -0.000158213522684
BPM.8R5.B1 13629.98722 0.00268801353577 -0.00754318773471 -0.000153819907289 -3.70269322275e-05
BPM.9R5.B1 13669.05421 0.00286559814497 -0.00747752935403 1.31583592953e-05 0.000157665517384
BPM.10R5.B1 13709.5192 0.00558725047868 -0.00573652595696 0.000152947260142 -4.04807768348e-05
BPM.11R5.B1 13762.30189 0.00321115995022 -0.00733577192564 -6.28075377226e-05 -0.000145212846371
BPM.12R5.B1 13817.02837 0.00477788959164 -0.0064262639997 -0.000144552463878 6.4312855506e-05
BPM.13R5.B1 13870.47986 0.0041869331197 -0.00682603025249 5.57140198922e-05 0.00014807938896
BPM.14R5.B1 13923.93134 0.00472436987832 -0.00646571165688 0.000147445545949 -5.73704536598e-05
BPM.15R5.B1 13977.38283 0.0032793779341 -0.00730553066747 -6.17738095558e-05 -0.000145655602819
BPM.16R5.B1 14030.83431 0.00385829731426 -0.00701702499763 -0.000144953923342 6.34028192486e-05
BPM.17R5.B1 14084.28579 0.00231794674157 -0.0076649997303 6.77294862476e-05 0.00014298347577
BPM.18R5.B1 14137.73728 0.00292906348453 -0.00745289776163 0.000142215998636 -6.93265226893e-05
BPM.19R5.B1 14191.18876 0.00131824665573 -0.00789856466152 -7.35676055885e-05 -0.00014006914547
BPM.20R5.B1 14244.64025 0.00195142752701 -0.00776640383538 -0.000139235873965 7.51327496659e-05
BPM.21R5.B1 14298.09173 0.000297080497664 -0.00800230224039 7.92821274017e-05 0.000136915673331
BPM.22R5.B1 14351.54322 0.000942013583368 -0.00795221405439 0.000136018891514 -8.08110059213e-05
BPM.23R5.B1 14404.9947 -0.000729176355149 -0.0079745469969 -8.48608774683e-05 -0.000133529730872
BPM.24R5.B1 14458.44618 -0.000315552300806 -0.00802207495656 -0.000136121145842 0.000319277010038
BPM.25R5.B1 14511.89767 -0.00197348283632 -0.00778194226163 0.000323222532999 0.000126467271599
BPM.26R5.B1 14565.34915 -0.00133905074356 -0.00791581979186 0.000122836485242 -0.000324619737163
BPM.27R5.B1 14618.80064 -0.00295310362749 -0.00746541618592 -0.000328163308539 -0.000113029286907
BPM.28R5.B1 14672.25212 -0.00257321579951 -0.00769418133115 -0.000112902595011 0.000562337112164
BPM.29R5.B1 14725.7036 -0.0041138773742 -0.00699270182616 0.000565476118147 9.59519859881e-05
BPM.30R5.B1 14779.15509 -0.00353625684298 -0.00730183219781 8.96009071099e-05 -0.000566517167915
BPM.31R5.B1 14832.60657 -0.00497504015902 -0.00640865363439 -0.000568952367292 -7.25481527431e-05
BPM.32R5.B1 14886.05806 -0.00444138177244 -0.00678940305638 -6.61810298734e-05 0.000569728086878
BPM.33R5.B1 14939.50954 -0.00575366559701 -0.00571989494197 0.000571460113845 4.90240894253e-05
BPM.34R5.B1 14992.96102 -0.00527338117298 -0.00616549405437 4.26042483979e-05 -0.000571974564526
BPM.33L6.B1 15046.41251 -0.00643837821451 -0.00493651211428 -0.00057299575936 -2.5414246577e-05
BPM.32L6.B1 15099.86399 -0.00601881944631 -0.00544019102564 -1.90086510678e-05 0.000573244009146
BPM.31L6.B1 15153.31548 -0.00701680597331 -0.00407262811749 0.000573556383803 1.76195067926e-06
BPM.30L6.B1 15206.76696 -0.00666529336601 -0.00462555188702 -4.68142038793e-06 -0.000573539980066
BPM.29L6.B1 15260.21845 -0.00748026816097 -0.00314125040202 -0.00057314113696 2.18919491198e-05
BPM.28L6.B1 15313.66993 -0.00720227027971 -0.00373485859197 2.82940829561e-05 0.000572860780583
BPM.27L6.B1 15367.12141 -0.00782059611866 -0.00215873627431 0.00057175048728 -4.55126382417e-05
BPM.26L6.B1 15420.5729 -0.00785341370069 -0.00279755606955 -5.54723828233e-05 -0.000338284471529
BPM.25L6.B1 15474.02438 -0.00826304915891 -0.00110654657547 -0.00033646676545 6.56024771871e-05
BPM.24L6.B1 15527.47587 -0.00814677156849 -0.00176989822339 6.93625177979e-05 0.000335711797353
BPM.23L6.B1 15580.92735 -0.00833671338448 -4.04552058304e-05 0.000333474336352 -7.94256704581e-05
BPM.22L6.B1 15634.37883 -0.00853881466183 -0.000727873485788 -8.67082743415e-05 -9.96334232084e-05
BPM.21L6.B1 15687.83032 -0.00850393536863 0.00106030132324 -9.69843640054e-05 8.96614498054e-05
BPM.20L6.B1 15741.2818 -0.00856176997732 0.000370473317996 9.07424143916e-05 9.59737345601e-05
BPM.19L6.B1 15794.73329 -0.0082984295444 0.0021394444918 9.32032375481e-05 -9.35857921303e-05
BPM.18L6.B1 15848.18477 -0.0084440353432 0.00146267656593 -9.46242017547e-05 -9.21488123995e-05
BPM.17L6.B1 15901.63625 -0.00795654797754 0.00318347293833 -8.92653827015e-05 9.73490297118e-05
BPM.16L6.B1 15955.08774 -0.00818752754054 0.00253091849238 9.83430075055e-05 8.81691331871e-05
BPM.15L6.B1 16008.53922 -0.00748392573688 0.00417516600796 8.51737691899e-05 -0.000100948366616
BPM.14L6.B1 16061.99071 -0.00779650573254 0.00355747861431 -0.000101896376266 -8.40373289896e-05
BPM.13L6.B1 16115.44219 -0.00688832063478 0.00509825405724 -8.09390896264e-05 0.000104374362536
BPM.12L6.B1 16168.89367 -0.00727726123796 0.00452577336268 0.000105275201809 7.97638726671e-05
BPM.11L6.B1 16222.34516 -0.00647155068551 0.00561784543858 7.31517053404e-05 -0.000109972594412
BPM.10L6.B1 16274.18585 -0.00689871946561 0.00508417400827 -0.000114398680085 -6.60157962629e-05
BPM.9L6.B1 16313.25284 -0.00392504418833 0.00761808268295 -9.56379796962e-05 9.10962151572e-05
BPM.8L6.B1 16353.71783 -0.00165621942186 0.008408215796 8.48696580815e-05 0.000101204169866
BPMYA.5L6.B1 16450.80782 0.00514977500696 0.00684988853458 3.84287728959e-05 -0.000126366024435
BPMYB.4L6.B1 16487.20782 0.004941827111 0.00700139275025 1.00131788818e-05 -0.000131699963289
BPMSA.B4L6.B1 16519.19832 0.00569019897241 0.00640802553653 -1.96992172675e-05 -0.000130602775825
BPMSA.A4L6.B1 16519.78332 0.00570444759181 0.00639534465791 -2.02923005175e-05 -0.000130511938556
BPMSE.4L6.B1 16616.45832 0.0075786454592 0.00400066102869 -0.000116163436725 -6.28585652685e-05
BPMSA.4R6.B1 16708.02832 0.00732139151918 0.00445402984312 -0.000113512600837 6.7528017983e-05
BPMSB.A4R6.B1 16804.83832 0.00462941361076 0.00721177407029 -2.52004122079e-06 0.000132056021682
BPMSB.B4R6.B1 16805.47332 0.00461050454827 0.00722387731291 -1.82816831498e-06 0.000132067412222
BPMYA.4R6.B1 16830.80782 0.0039079691527 0.00762685601828 2.32805966426e-05 0.000130012144788
BPMYB.5R6.B1 16867.20782 0.00390743385236 0.00762713027799 5.16309890038e-05 0.000121570487427
BPM.8R6.B1 16962.93481 -0.000758011995148 0.00853619197607 8.35187943562e-05 -0.000102321819278
BPM.9R6.B1 17002.0018 -0.00226986777882 0.00826370714863 -0.000125879270232 -3.99944048353e-05
BPM.10R6.B1 17042.46678 0.00348997027101 0.00782695746515 -4.45796402152e-05 0.000124329397665
BPM.11R6.B1 17094.30747 0.0034096646216 0.00786227338711 0.000109558066055 7.37710938832e-05
BPM.12R6.B1 17149.03396 0.00389681453778 0.00763256130218 7.91066443526e-05 -0.000105769944347
BPM.13R6.B1 17202.48544 0.00322898191401 0.00793818817122 -0.000106932196246 -7.75283776699e-05
BPM.14R6.B1 17255.93693 0.00480629443397 0.00709511729799 -7.42804965975e-05 0.000109213327634
BPM.15R6.B1 17309.38841 0.00421803050985 0.00745985081952 0.00011003836157 7.30527348667e-05
BPM.16R6.B1 17362.83989 0.00567452119213 0.0064219128632 6.9714316319e-05 -0.000112183138798
BPM.17R6.B1 17416.29138 0.00513761949598 0.00685901024605 -0.000112957517411 -6.84524852588e-05
BPM.18R6.B1 17469.74286 0.00644938032536 0.00564328353268 -6.50273512486e-05 0.000114963420207
BPM.19R6.B1 17523.19435 0.00597291503358 0.00614535935819 0.000115684443373 6.3735808788e-05
BPM.20R6.B1 17576.64583 0.00711835807528 0.00477180614736 6.02322166605e-05 -0.000117546681965
BPM.21R6.B1 17630.09731 0.00670995089939 0.005330826821 -0.000118214463184 -5.89108171111e-05
BPM.22R6.B1 17683.5488 0.00767028184397 0.00382203244499 -5.5331833493e-05 0.000119931364737
BPM.23R6.B1 17737.00028 0.00733680705031 0.00442859096402 0.00012054348441 5.39852977965e-05
BPM.24R6.B1 17790.45177 0.00810139498233 0.00280834769921 5.0334629618e-05 -0.000127376912898
BPM.25R6.B1 17843.90325 0.00784827551281 0.00345311294427 -0.000127933165689 -4.89035826985e-05
BPM.26R6.B1 17897.35474 0.00839408151729 0.001748946254 -4.50368679135e-05 0.000129345021928
BPM.27R6.B1 17950.80622 0.00822554854775 0.00242069588766 0.000129841231357 4.35856499493e-05
BPM.28R6.B1 18004.2577 0.00855402812912 0.000659706430895 3.96605802993e-05 -0.000136358083158
BPM.29R6.B1 18057.70919 0.00847286863786 0.00134800103796 -0.00013679412736 -3.81294411078e-05
BPM.30R6.B1 18111.16067 0.00856814166043 -0.000439952536218 -3.40011732075e-05 0.000137878235306
BPM.31R6.B1 18164.61216 0.00857569816369 0.00025300355488 0.000138250315803 3.24551582877e-05
BPM.32R6.B1 18218.06364 0.00844145235668 -0.0015324790057 2.82883162664e-05 -0.000139162700492
BPM.33R6.B1 18271.51512 0.00853760277547 -0.000846137465014 -0.000139471085901 -2.67264619511e-05
BPM.34R6.B1 18324.96661 0.00817606231232 -0.00259973360782 -2.25228942604e-05 0.000140211286236
BPM.33L7.B1 18378.41809 0.00835921457574 -0.00193135742319 0.000140454707662 2.09514426075e-05
BPM.32L7.B1 18431.86958 0.00777629153028 -0.00362434818865 1.67235460017e-05 -0.000141020604572
BPM.31L7.B1 18485.32106 0.00804344846706 -0.00298488635267 -0.000141199213797 -1.51416435805e-05
BPM.30L7.B1 18538.77254 0.00724876841138 -0.00458933179248 -1.08914586001e-05 0.000141590474053
BPM.29L7.B1 18592.22403 0.00759553558688 -0.00398929177934 0.000141703562628 9.30520820834e-06
BPM.28L7.B1 18645.67551 0.00660208676994 -0.00547896523297 5.04493863049e-06 -0.000141919120433
BPM.27L7.B1 18699.127 0.00702275451329 -0.00492823789975 -0.000141966753673 -3.45381207393e-06
BPM.26L7.B1 18752.57848 0.00585213487142 -0.00627949605182 8.08146011818e-07 0.000136740179143
BPM.25L7.B1 18806.02997 0.006339884733 -0.00578665834835 0.000136722554047 -2.33953355906e-06
BPM.24L7.B1 18859.48145 0.00500070532947 -0.0069765678829 -6.44513950116e-06 -0.00013659059181
BPM.23L7.B1 18912.93293 0.00554746027522 -0.00655020898267 -0.000136509777485 7.97560394596e-06
BPM.22L7.B1 18966.38442 0.0040723316519 -0.00755994201027 1.20682273602e-05 0.000130942210113
BPM.21L7.B1 19019.8359 0.00466924560261 -0.00720657712047 0.000130798818834 -1.35341830819e-05
BPM.20L7.B1 19073.28739 0.00307171775065 -0.00801880030555 -1.74569992553e-05 -0.000130333255535
BPM.19L7.B1 19126.73887 0.00370887649658 -0.00774473004016 -0.000130129454426 1.89164103278e-05
BPM.18L7.B1 19180.19035 0.00202069625798 -0.00834586094458 2.28180216264e-05 0.000129502287346
BPM.17L7.B1 19233.64184 0.0026877469887 -0.00815552723138 0.000129238528982 -2.42674039023e-05
BPM.16L7.B1 19287.09332 0.000936397033185 -0.00853579339433 -2.81386768555e-05 -0.000128451234149
BPM.15L7.B1 19340.54481 0.00162224097112 -0.00843237466761 -0.000128127903149 2.95760816147e-05
BPM.14L7.B1 19393.99629 -0.000163216323109 -0.00858545098989 3.34125784802e-05 0.000127181384443
BPM.13L7.B1 19447.44777 0.000530303525825 -0.0085706117888 0.00012679900756 -3.48355431276e-05
BPM.12L7.B1 19500.89926 -0.00125177672384 -0.00849527299998 -3.87042581741e-05 -0.000125672131979
BPM.11L7.B1 19554.35074 -0.000483219667207 -0.00857339530413 -0.000125390876007 3.96059735342e-05
BPM.10L7.B1 19607.13343 -0.00335602974766 -0.00790402888356 2.90234980687e-05 0.000128254202614
BPM.9L7.B1 19646.20042 -0.00408371203165 -0.00755380065412 0.000126021657126 3.75505714497e-05
BPM.8L7.B1 19686.66541 -0.00823240678899 -0.0024421479688 4.27331148662e-05 -0.000124359902972
BPM.7L7.B1 19725.7314 -0.00837561707367 -0.00189358045023 -8.00375289471e-05 -0.000104333592646
BPM.6L7.B1 19760.5494 -0.00808646835585 -0.00288888176856 -0.000128602105752 -2.74409188003e-05
BPMWC.6L7.B1 19772.6519 -0.00728853174968 -0.00454025475168 -0.000130856449986 1.29651482164e-05
BPMWE.5L7.B1 19849.7059 -0.00858221951546 -0.000286559715906 4.88827324221e-05 0.000122073681147
BPMW.5L7.B1 19872.9109 -0.00751576556683 0.00415329703159 0.000114886900265 6.39726798205e-05
BPMWE.4L7.B1 19907.9959 -0.00731751119409 0.00449339940591 0.000131442667213 3.78524108882e-06
BPMW.4L7.B1 19936.1009 -0.00843403451483 0.00161358918432 0.000115418855193 -6.30078790694e-05
BPMW.4R7.B1 20052.1479 -0.00782707109222 0.00353179364865 -0.000114527640952 -6.46136474277e-05
BPMWE.4R7.B1 20080.2529 -0.0058136824316 0.00631962854065 -0.000131390106703 5.3053010088e-06
BPMW.5R7.B1 20115.3379 -0.00580323111984 0.00632922718958 -0.00011823662206 5.75465379534e-05
BPMWE.5R7.B1 20138.5429 -0.00749695147576 0.00418716214868 -8.14086758314e-05 0.000103267280458
BPMR.6R7.B1 20217.7584 -0.00858670785053 7.11096097899e-05 0.000110514429419 7.12605485604e-05
BPM_A.7R7.B1 20255.7944 -0.00839914110404 0.00178634738193 0.00012664978634 -3.53742384552e-05
BPM.8R7.B1 20294.86039 -0.00707496511657 0.00486636177302 1.65681275847e-05 -0.000130449229648
BPM.9R7.B1 20333.92738 -0.00252671298624 0.00820684651713 -0.00012614504538 -3.71339685708e-05
BPM.10R7.B1 20374.39237 -0.000715246392134 0.00855716254772 -8.84122659527e-05 9.73384577894e-05
BPM.11R7.B1 20427.17506 0.000507404546082 0.00857199795344 8.90279421779e-05 9.67756692085e-05
BPM.12R7.B1 20481.90154 8.43325333298e-05 0.00858658816449 9.44802709257e-05 -9.14602812594e-05
BPM.13R7.B1 20535.35303 0.00202081873621 0.00834583129269 -9.55606373601e-05 -9.03308930117e-05
BPM.14R7.B1 20588.80451 0.00134064537927 0.00848170255603 -8.92546746624e-05 9.65665974342e-05
BPM.15R7.B1 20642.25599 0.00307197597545 0.0080187013823 9.92042606183e-05 8.63134973127e-05
BPM.16R7.B1 20695.70748 0.00241475235731 0.00824048416814 8.51967934728e-05 -0.000100164920588
BPM.17R7.B1 20749.15896 0.00407246830913 0.00755986839196 -0.00010267956103 -8.21487207669e-05
BPM.18R7.B1 20802.61045 0.00344901006908 0.00786390092966 -8.09928201015e-05 0.000103593762389
BPM.19R7.B1 20856.06193 0.00500618136733 0.00697672963702 0.000105980043835 7.78442945865e-05
BPM.20R7.B1 20909.51341 0.00442674895197 0.00735802296787 7.6652465682e-05 -0.00010684523575
BPM.21R7.B1 20962.9649 0.00585750599118 0.00627903112228 -0.0001091001552 -7.34074944745e-05
BPM.22R7.B1 21016.41638 0.00533160021142 0.00673131840513 -7.21799523519e-05 0.000109916146894
BPM.23R7.B1 21069.86787 0.0066126764448 0.00547805790987 0.000112034806082 6.88455333665e-05
BPM.24R7.B1 21123.31935 0.00619579179118 0.00599687768068 6.83025546454e-05 -0.000159717947965
BPM.25R7.B1 21176.77083 0.00730552127166 0.00458036425964 -0.000161698287834 -6.3472249769e-05
BPM.26R7.B1 21230.22232 0.00691200087341 0.00515505788454 -6.165505442e-05 0.000162399869781
BPM.27R7.B1 21283.6738 0.00783147818753 0.00360809192452 0.000164178499801 5.67493030087e-05
BPM.28R7.B1 21337.12529 0.00756155034841 0.00423138524285 5.5624293771e-05 -0.000211723164221
BPM.29R7.B1 21390.57677 0.00827511846694 0.00256984027757 -0.000213299241199 -4.92361109003e-05
BPM.30R7.B1 21444.02826 0.00804070508023 0.0032293538843 -4.68402574174e-05 0.000213838142942
BPM.31R7.B1 21497.47974 0.00853588693314 0.00149006676661 0.000215148403358 4.03970911932e-05
BPM.32R7.B1 21550.93122 0.00838777533393 0.00217414112629 3.79871117305e-05 -0.000215586965687
BPM.33R7.B1 21604.38271 0.00865637121765 0.000385878264588 -0.000216631280371 -3.14904404248e-05
BPM.34R7.B1 21657.83419 0.0085969821387 0.00108331102452 -2.90581864811e-05 0.000216970926326
BPM.33L8.B1 21711.28568 0.0086346116618 -0.000724669677083 0.000217745712526 2.25292169741e-05
BPM.32L8.B1 21764.73716 0.00866493036506 -2.54265281729e-05 2.00913354315e-05 -0.000217984175469
BPM.31L8.B1 21818.18864 0.00847095492672 -0.00182334510225 -0.000218489552579 -1.35305127788e-05
BPM.30L8.B1 21871.64013 0.00859048986867 -0.00113364390742 -1.1078605777e-05 0.000218627597825
BPM.29L8.B1 21925.09161 0.0081681194007 -0.00289196994433 0.000218861683124 4.50809063536e-06
BPM.28L8.B1 21978.5431 0.00837487054126 -0.0022233326593 2.05868255364e-06 -0.000218898426125
BPM.27L8.B1 22031.99458 0.0077310078258 -0.0039132061927 -0.000218861410079 4.52145197378e-06
BPM.26L8.B1 22085.44606 0.00806849406732 -0.00327344430729 7.69020347081e-06 0.000171878417244
BPM.25L8.B1 22138.89755 0.00721336527487 -0.00487682228153 0.000171569905632 -1.28489801577e-05
BPM.24L8.B1 22192.34903 0.00758341149328 -0.0042787736875 -1.47688211402e-05 -0.000171415321192
BPM.23L8.B1 22245.80052 0.006530155598 -0.00575960953861 -0.000170894072581 1.99135034988e-05
BPM.22L8.B1 22299.252 0.00702059819247 -0.00521075491323 2.2542921199e-05 0.000123741076366
BPM.21L8.B1 22352.70349 0.00578618191715 -0.00655445379992 0.000123008082675 -2.62497327121e-05
BPM.20L8.B1 22406.15497 0.00629627576177 -0.00606610891522 -2.76255389483e-05 -0.000122706431342
BPM.19L8.B1 22459.60645 0.00490008155719 -0.00724085399151 -0.000121820938531 3.13001028041e-05
BPM.18L8.B1 22513.05794 0.00546857558517 -0.00682168944307 3.26637070778e-05 0.0001214624189
BPM.17L8.B1 22566.50942 0.00393360157722 -0.00780817164455 0.000120426388884 -3.62976953011e-05
BPM.16L8.B1 22619.96091 0.00455091012171 -0.00746525169246 -3.76440253534e-05 -0.000120012352446
BPM.15L8.B1 22673.41239 0.00290231717297 -0.00824726141391 -0.000118827124287 4.12329055196e-05
BPM.14L8.B1 22726.86387 0.00355857430448 -0.00798607004406 4.25622628188e-05 0.000118357471355
BPM.13L8.B1 22780.31536 0.00182352229501 -0.00855076208613 0.000117025404106 -4.60987299674e-05
BPM.12L8.B1 22833.76684 0.00238034700877 -0.00841277087851 -4.85427991945e-05 -0.000116032904339
BPM.11L8.B1 22887.21833 0.00104220548925 -0.00868070121157 -0.000111489263841 5.82252647078e-05
BPM.10L8.B1 22939.05902 0.00226086964971 -0.0084456636332 6.38244122606e-05 0.000108381190006
BPM.9L8.B1 22978.126 -0.000833558365733 -0.00870321470932 0.000122144679448 -3.00119158494e-05
BPM.8L8.B1 23018.59099 -0.000894423377116 -0.00869717037979 -3.660839814e-05 -0.000120332300378
BPM.7L8.B1 23057.65898 -0.00663671950323 -0.00569163597629 -0.000120201015867 3.70372055631e-05
BPMR.6L8.B1 23090.12798 -0.00867310571188 -0.00110363179186 -3.50367789091e-05 0.000120799264746
BPM.5L8.B1 23150.54698 -0.00774928427875 0.00404837731974 0.000125690985139 -4.67060385969e-06
BPMYB.4L8.B1 23171.31398 -0.00832024250957 0.00268595055382 0.000100235100418 -7.59800120402e-05
BPMWB.4L8.B1 23195.70548 -0.00766396709656 0.00420765660928 -8.91885176181e-07 -0.000125774569843
BPMSX.4L8.B1 23245.93848 -0.00874153670073 -0.000162178592944 -0.000120033421408 3.75768005561e-05
BPMS.2L8.B1 23283.84998 -0.00874132759438 -0.000173082021948 -6.7764475626e-05 0.000105962337541
BPMSW.1L8.B1 23293.78398 -0.00874166159291 0.000155300864281 -3.81035952373e-05 0.0001198672323
BPMSW.1R8.B1 23336.97398 -0.00874166224927 0.000155264056371 -0.000112045092422 -5.71483629277e-05
BPMS.2R8.B1 23346.90798 -0.00874132711614 -0.00017310830642 -0.000123002303493 -2.62769209347e-05
BPMSX.4R8.B1 23384.81948 -0.00874153670538 -0.000162178406844 -0.000111097676548 5.89690124852e-05
BPMWB.4R8.B1 23434.97648 -0.00766352012555 0.00420847063419 8.85554295057e-05 8.931950294e-05
BPMYB.4R8.B1 23459.44398 -0.0083124188315 0.00271006622506 0.000124506898467 -1.78345386045e-05
BPMYB.5R8.B1 23480.02098 -0.00744067386335 0.00459098445621 8.82627487339e-05 -8.96087317301e-05
BPM.6R8.B1 23564.12898 -0.0083665251233 0.00253811412127 -0.000124607369111 -1.71185092522e-05
BPM_A.7R8.B1 23586.36898 -0.00868072997952 0.00104196575582 -0.000120726456725 3.52867943043e-05
BPM.8R8.B1 23627.80599 -0.00813552266869 -0.00320219248335 -1.81804489535e-06 0.000125764593054
BPM.9R8.B1 23666.871 -0.0067766637642 -0.00552427316828 0.00010922163791 -6.23752451967e-05
BPM.10R8.B1 23707.33402 -0.0087124323354 -0.000730950511224 -9.75796232507e-05 -7.93615487747e-05
BPM.11R8.B1 23759.17273 -0.00745750655976 -0.00456359087469 -6.47162433467e-05 0.000107851036388
BPM.12R8.B1 23813.89624 -0.00776464798946 -0.00401883159368 0.000109148271038 6.25035357196e-05
BPM.13R8.B1 23867.34476 -0.00709404451742 -0.00511031292602 5.57851344132e-05 -0.000112730022967
BPM.14R8.B1 23920.79327 -0.00800014234998 -0.00352682408731 -0.000114348229071 -5.23881659409e-05
BPM.15R8.B1 23974.24179 -0.00768945028315 -0.00416090376864 -5.11176842089e-05 0.00011492179683
BPM.16R8.B1 24027.69031 -0.00838556111667 -0.00247449602317 0.000116400322734 4.76550315136e-05
BPM.17R8.B1 24081.13882 -0.00815851788564 -0.00314314360173 4.63603436026e-05 -0.000116922004296
BPM.18R8.B1 24134.58734 -0.00863320766659 -0.00138148150575 -0.000118256778206 -4.28412389675e-05
BPM.19R8.B1 24188.03585 -0.00849357452232 -0.0020736339151 -4.15280973598e-05 0.000118724270731
BPM.20R8.B1 24241.48437 -0.00873900057499 -0.000265771989472 0.000119914078547 3.7955913449e-05
BPM.21R8.B1 24294.93289 -0.00868904835989 -0.000970156886281 3.66227707442e-05 -0.000120327928743
BPM.22R8.B1 24348.3814 -0.00870120493139 0.000854282466477 -0.000121369821042 -3.30061213187e-05
BPM.23R8.B1 24401.82992 -0.00874176506637 0.000149362953831 -3.16591210259e-05 0.000121728125073
BPM.24R8.B1 24455.27843 -0.00835202623123 0.00192818725829 0.000122449315627 -0.000143399001641
BPM.25R8.B1 24508.72695 -0.00848039616309 0.00124784980334 -0.000144747708102 -0.000120852018866
BPM.26R8.B1 24562.17546 -0.0080367724944 0.00298069389981 -0.000116468630702 0.000148297565839
BPM.27R8.B1 24615.62398 -0.00825107743774 0.00232249207208 0.000149580467036 0.000114816344604
BPM.28R8.B1 24669.0725 -0.00742105097233 0.00395211872798 0.000110111118488 -0.000324345410393
BPM.29R8.B1 24722.52101 -0.00771582671457 0.00334024820953 -0.000325545066912 -0.000106512031733
BPM.30R8.B1 24775.96953 -0.006854561774 0.0048689036564 -9.67297692567e-05 0.000328584471927
BPM.31R8.B1 24829.41804 -0.00722504087671 0.0043000028222 0.000329638249223 9.30753830819e-05
BPM.32R8.B1 24882.86656 -0.00617538558221 0.00570577364287 8.31623098645e-05 -0.000332277645785
BPM.33R8.B1 24936.31508 -0.00661579383646 0.00518869076837 -0.000333178457498 -7.94765139652e-05
BPM.34R8.B1 24989.76359 -0.00539480759573 0.00644882089702 -6.94758414185e-05 0.000335406483753
BPM.33L1.B1 25043.21211 -0.00589749013094 0.00599256623641 0.00033615706993 6.57481896097e-05
BPM.32L1.B1 25096.66062 -0.00452552587994 0.00708596185805 5.56545518722e-05 -0.000337974811313
BPM.31L1.B1 25150.10914 -0.00508274332183 0.00669753389833 -0.000338570737889 -5.19062336442e-05
BPM.30L1.B1 25203.55766 -0.00358193633347 0.00760663999832 -4.17541444496e-05 0.000339972047204
BPM.29L1.B1 25257.00617 -0.00418392300529 0.00729287516555 0.000340414460292 3.7978913257e-05
BPM.28L1.B1 25310.45469 -0.00257946142754 0.00800235082323 2.77727449559e-05 -0.000341398706624
BPM.27L1.B1 25363.9032 -0.00321700803416 0.00776801771782 -0.000341685596357 -2.39865352549e-05
BPM.26L1.B1 25417.35172 -0.00136633976379 0.00823439290236 -1.39191754746e-05 0.000170853849343
BPM.25L1.B1 25470.80023 -0.00202628211825 0.00809730149874 0.00017099770392 1.20236031319e-05
BPM.24L1.B1 25524.24875 -0.000301791752551 0.0083415245942 6.90116122897e-06 -0.000171280925151
BPM.23L1.B1 25577.69727 -0.000974051871015 0.00828995378677 -0.000171346932155 -5.00093307445e-06
BPM.22L1.B1 25631.14578 0.000936014054359 0.00827945773617 -3.94883442782e-08 2.53221421281e-08
BPM.21L1.B1 25684.5943 0.000264824454856 0.00832798959633 2.57605590941e-08 3.9202997072e-08
BPM.20L1.B1 25738.04281 0.00198740198653 0.00809171033148 3.84156984557e-08 -2.69222417249e-08
BPM.19L1.B1 25791.49133 0.00132793740391 0.00822569905687 -2.73429583901e-08 -3.81146496229e-08
BPM.18L1.B1 25844.93985 0.00300618602813 0.00777099661056 -3.72766595293e-08 2.84734286087e-08
BPM.17L1.B1 25898.38836 0.00236927321555 0.00798824681315 2.88852546316e-08 3.69620983843e-08
BPM.16L1.B1 25951.83688 0.00397553052421 0.00732261563757 3.60777450371e-08 -2.99822357833e-08
BPM.15L1.B1 26005.28539 0.00337164873015 0.00761954903834 -3.03738435564e-08 -3.57471225509e-08
BPM.14L1.B1 26058.73391 0.00487959130443 0.00675389749682 -3.48207234173e-08 3.14341547114e-08
BPM.13L1.B1 26112.18243 0.0043186451499 0.0071256471141 3.18152938921e-08 3.44712670755e-08
BPM.12L1.B1 26165.63094 0.00474844797772 0.00684673531341 3.02030538549e-08 -3.5888743783e-08
BPM.11L1.B1 26219.07946 0.00291062937488 0.00780729014142 -3.92745046204e-08 -2.56484802303e-08
BPM.10L1.B1 26271.86017 0.00386774636393 0.00738011387625 -2.36440168384e-08 4.0513590807e-08
BPM.9L1.B1 26310.92518 0.00264565438985 0.00790101610955 3.70372186685e-08 2.87938365517e-08
BPM.8L1.B1 26351.38819 0.00683633753166 0.00476340549578 7.74235728738e-09 -4.62707242905e-08
BPMR.7L1.B1 26390.4542 0.00302511213102 0.0077636485825 -4.54497073241e-08 -1.16254377328e-08
BPM.6L1.B1 26433.6382 0.00286465032431 0.00782427768149 -3.7781864742e-08 2.78029118699e-08
BPMR.5L1.B1 26465.5382 0.00298298802748 0.00777993092136 -2.03718414718e-08 4.22526395458e-08
BPMYA.4L1.B1 26486.6562 0.00292976564444 0.00780012922452 -6.37940088974e-09 4.64765490293e-08
BPMWB.4L1.B1 26507.7887 0.00179403354235 0.00813676756182 1.10845656365e-08 4.5580491539e-08
BPMSY.4L1.B1 26600.5687 0.00112205041091 0.00825630338549 4.45770294199e-08 -1.46115236894e-08
BPMS.2L1.B1 26627.3542 0.000301939903464 0.00832672654854 3.38082457906e-08 -3.25279112606e-08
BPMSW.1L1.B1 26637.4082 4.53791150043e-08 0.0083321991531 2.33909486712e-08 -4.06587765928e-08
