BPMSW.1R1.B1 21.475 -0.0236429329749 0.00693875517197 8.63755555922e-06 6.64849671777e-06
BPMS.2R1.B1 31.529 -0.0236035313177 0.00707162604009 8.93120895435e-06 6.24871398373e-06
BPMSY.4R1.B1 58.3145 -0.0235075141096 0.00738453665647 9.32137121157e-06 5.65007782585e-06
BPMWB.4R1.B1 151.0945 -0.0232446995393 0.0081742611353 1.06393624696e-05 2.36963961277e-06
BPMYA.4R1.B1 172.227 -0.0220731571833 0.0109503577365 1.08974666729e-05 2.36076719091e-07
BPM.5R1.B1 199.635 -0.0176826469817 0.017159795961 9.79039774265e-06 -4.79158225498e-06
BPMR.6R1.B1 231.535 0.00878828338187 0.0230195716084 -3.70650065776e-06 -1.02505112949e-05
BPM_A.7R1.B1 259.259 0.0141145814713 0.0201968609347 -1.01302677036e-05 -4.02352606935e-06
BPM.8R1.B1 300.6979894 0.0147150178157 0.0197636750691 -4.64640076878e-06 9.8601222594e-06
BPM.9R1.B1 339.7649788 0.0164211117837 0.0183706747126 1.0881563161e-05 6.34614174788e-07
BPM.10R1.B1 380.2299682 0.009593267818 0.0226958986246 -9.48918866718e-08 -1.08996375915e-05
BPM.11R1.B1 433.0126576 0.0154763818753 0.0191733201591 -1.08499808028e-05 1.04350346763e-06
BPM.12R1.B1 487.7391417 0.010759816696 0.0221666629456 1.15986971248e-06 1.0838167641e-05
BPM.13R1.B1 541.1906258 0.0126903978464 0.0211208050135 1.08875842124e-05 -5.21401560449e-07
BPM.14R1.B1 594.6421099 0.0109437979887 0.0220764102039 -6.43533911883e-07 -1.08810400216e-05
BPM.15R1.B1 648.093594 0.0152876032387 0.0193241762938 -1.08567849607e-05 9.70175317183e-07
BPM.16R1.B1 701.5450781 0.0136780733395 0.0204949972273 1.09170594685e-06 1.08452494733e-05
BPM.17R1.B1 754.9965622 0.0176341107621 0.0172096699225 1.08075483864e-05 -1.41702226934e-06
BPM.18R1.B1 808.4480463 0.0161875321924 0.0185768243559 -1.53806285499e-06 -1.07909995739e-05
BPM.19R1.B1 861.8995304 0.0196907641716 0.0148124409777 -1.0739916179e-05 1.86159336075e-06
BPM.20R1.B1 915.3510145 0.0184310078658 0.0163533651165 1.98174951981e-06 1.07183914459e-05
BPM.21R1.B1 968.8024986 0.0214239185452 0.0121717013936 1.06539928767e-05 -2.30287518979e-06
BPM.22R1.B1 1022.253983 0.0203716082386 0.0138611752539 -2.42213934059e-06 -1.06275291737e-05
BPM.23R1.B1 1075.705467 0.0228049497318 0.00933107011108 -1.05499629698e-05 2.74033549783e-06
BPM.24R1.B1 1129.156951 0.0219208874969 0.0111375090485 1.9962306637e-06 6.7107593006e-05
BPM.25R1.B1 1182.608435 0.0237552213631 0.0063449881259 6.7017369462e-05 -4.01073255023e-06
BPM.26R1.B1 1236.059919 0.0231655724938 0.00824170294568 -4.76086003929e-06 -6.69682586491e-05
BPM.27R1.B1 1289.511403 0.0243717074032 0.00325411963296 -6.67949175696e-05 6.77148004694e-06
BPM.28R1.B1 1342.962887 0.0239729575588 0.00520688624948 6.65907155726e-06 0.0001233018507
BPM.29R1.B1 1396.414371 0.0245316228143 0.00011764661079 0.000123046383026 -1.0357521862e-05
BPM.30R1.B1 1449.865855 0.024442090381 0.00209727832886 -1.1733237215e-05 -0.000122922838283
BPM.31R1.B1 1503.31734 0.0243451161486 -0.00302153575006 -0.000122514448641 1.54240310499e-05
BPM.32R1.B1 1556.768824 0.0245095651954 -0.00104669596305 1.67978948617e-05 0.000122333653276
BPM.33R1.B1 1610.220308 0.0237585756852 -0.00611100973458 0.000121774297475 -2.04624757826e-05
BPM.34R1.B1 1663.671792 0.0241742711186 -0.00417360448564 -2.18234919811e-05 -0.000121537750891
BPM.33L2.B1 1717.123276 0.0227815211122 -0.00910036561558 -0.000120826579108 2.54682119698e-05
BPM.32L2.B1 1770.57476 0.0234417633556 -0.00723174180407 2.68222680694e-05 0.000120533225772
BPM.31L2.B1 1824.026244 0.0214303268893 -0.0119396586197 0.000119673767177 -3.04282584633e-05
BPM.30L2.B1 1877.477728 0.0223239590277 -0.0101712935333 -3.17654422175e-05 -0.000119325803781
BPM.29L2.B1 1930.929212 0.0197265722784 -0.0145834394034 -0.000118316704047 3.53390484071e-05
BPM.28L2.B1 1984.380696 0.0208394636264 -0.0129433810759 3.66639792038e-05 0.000117912852718
BPM.27L2.B1 2037.83218 0.0176992663379 -0.0169867692609 0.000116759103817 -4.01871481034e-05
BPM.26L2.B1 2091.283665 0.0189558244273 -0.0155065245155 -4.2354945037e-05 -5.9712858442e-05
BPM.25L2.B1 2144.735149 0.0153245269953 -0.0191032576972 -5.84128201225e-05 4.41306061154e-05
BPM.24L2.B1 2198.186633 0.0168166070689 -0.0178038565788 4.47824537011e-05 5.79146080832e-05
BPM.23L2.B1 2251.638117 0.0127550361673 -0.0209065691667 5.65436094169e-05 -4.65014974759e-05
BPM.22L2.B1 2305.089601 0.0143442090724 -0.0198124582087 -4.79944457763e-05 5.68553664573e-07
BPM.21L2.B1 2358.541085 0.00991985942575 -0.0223581355025 2.01038662644e-06 4.79557113915e-05
BPM.20L2.B1 2411.992569 0.0116921611532 -0.0214844874619 4.7930174083e-05 -2.54742823761e-06
BPM.19L2.B1 2465.444053 0.00697797332506 -0.0234435006337 -3.98610575225e-06 -4.7832025351e-05
BPM.18L2.B1 2518.895537 0.00884725911715 -0.0228038558117 -4.77843600716e-05 4.52183847341e-06
BPM.17L2.B1 2572.347021 0.0039217785497 -0.0241435185292 5.9555008474e-06 4.76269195661e-05
BPM.16L2.B1 2625.798506 0.00585776287971 -0.0237481883102 4.75571951535e-05 -6.48875739816e-06
BPM.15L2.B1 2679.24999 0.000800752387006 -0.0244468531637 -7.91451442961e-06 -4.73408110256e-05
BPM.14L2.B1 2732.701474 0.00277116915819 -0.0243024783757 -4.72491753151e-05 8.4443541611e-06
BPM.13L2.B1 2786.152958 -0.00233303107923 -0.0243484455337 9.86011384624e-06 4.69741391351e-05
BPM.12L2.B1 2839.604442 0.00275894034135 -0.0243038696882 4.75142358236e-05 -6.79622489726e-06
BPM.11L2.B1 2893.055926 0.00245369857787 -0.0243365814625 -3.17735277391e-06 -4.7892546915e-05
BPM.10L2.B1 2944.896615 0.00295800416139 -0.024280445737 -4.76509795887e-05 5.75978931584e-06
BPM.9L2.B1 2983.963605 -0.0108343363584 -0.0219295916317 -7.63218931668e-06 4.7387132396e-05
BPM.8L2.B1 3024.428594 -0.0136370371281 -0.0203056901389 3.7928712442e-05 2.94143733193e-05
BPM.7L2.B1 3063.496584 -0.0219623700844 -0.0107677357952 4.41761745246e-05 -1.87685122922e-05
BPMR.6L2.B1 3095.602584 -0.024449848778 0.00070336954106 1.72124491965e-05 -4.48053809576e-05
BPMYB.5L2.B1 3167.801584 -0.023925645421 -0.00508461651044 -4.74544609906e-05 7.20175643063e-06
BPMYB.4L2.B1 3188.371584 -0.020831351065 -0.0128196976043 -3.06973911901e-05 3.68979977735e-05
BPMWI.4L2.B1 3212.839084 -0.0228208518753 -0.00880332627766 1.12933393006e-05 4.6650316911e-05
BPMSX.4L2.B1 3262.996084 -0.0154153209766 -0.0189909903114 4.13968394461e-05 -2.42918337506e-05
BPMS.2L2.B1 3300.907584 -0.0153916677045 -0.0190101657912 1.6083102965e-05 -4.52230130627e-05
BPMSW.1L2.B1 3310.841584 -0.0160947227444 -0.0184187332426 3.85980379931e-06 -4.78423646923e-05
BPMSW.1R2.B1 3354.031584 -0.0160946015026 -0.0184188391704 4.65715622771e-05 1.16138431546e-05
BPMS.2R2.B1 3363.965584 -0.0153915687655 -0.019010245801 4.79910297858e-05 -8.06320249574e-07
BPMSX.4R2.B1 3401.877084 -0.0154153280936 -0.018990984533 3.62351275421e-05 -3.14770969156e-05
BPMWB.4R2.B1 3452.110084 -0.0228194019495 -0.00880708399627 -4.06855653774e-05 -2.54651964467e-05
BPMYB.4R2.B1 3476.501584 -0.0207905146912 -0.0128858190554 -4.47588916677e-05 1.73329978397e-05
BPMR.5R2.B1 3506.035584 -0.0244245184008 -0.00131633377198 -9.45740796393e-06 4.70568688054e-05
BPM.6R2.B1 3579.331584 -0.0200355221712 -0.014030954546 4.7342646759e-05 -7.90347986503e-06
BPM_A.7R2.B1 3592.206584 -0.0177861457579 -0.0167911539941 4.34031561196e-05 -2.04929059424e-05
BPM.8R2.B1 3633.643594 -0.0115337228527 -0.0215699576 2.9804920812e-06 -4.79051905472e-05
BPM.9R2.B1 3672.708605 -0.0170154503028 -0.0175716898731 -4.79878937706e-05 9.76188689761e-07
BPM.10R2.B1 3713.171615 -0.0238752243671 -0.00531634226215 8.2723337061e-06 4.72795827329e-05
BPM.11R2.B1 3765.010326 -0.0227376506214 -0.00901604559463 4.7795492126e-05 -4.40251173635e-06
BPM.12R2.B1 3819.733842 -0.0231938410864 -0.00776759739874 -6.68179268474e-06 -4.75304711749e-05
BPM.13R2.B1 3873.182358 -0.0212612479302 -0.0120933523181 -4.66596626333e-05 1.12546608049e-05
BPM.14R2.B1 3926.630874 -0.0233079723991 -0.00741810329217 1.26451550887e-05 4.63021733394e-05
BPM.15R2.B1 3980.07939 -0.0226332901465 -0.00927491299039 4.61589123034e-05 -1.31584956571e-05
BPM.16R2.B1 4033.527906 -0.0240653974977 -0.00437566875601 -1.45340614337e-05 -4.57444410499e-05
BPM.17R2.B1 4086.976421 -0.0236338265146 -0.00630333866114 -4.55806481115e-05 1.503983236e-05
BPM.18R2.B1 4140.424937 -0.0244274272972 -0.00126120161272 1.63970314079e-05 4.51101965927e-05
BPM.19R2.B1 4193.873453 -0.0242459715634 -0.00322842016921 4.49253363952e-05 -1.68969236415e-05
BPM.20R2.B1 4247.321969 -0.0243880865576 0.0018737843756 -1.82338648165e-05 -4.439952187e-05
BPM.21R2.B1 4300.770485 -0.0244597581817 -0.000100316819499 -4.41948439954e-05 1.872451929e-05
BPM.22R2.B1 4354.219001 -0.0239480021098 0.00497825559171 2.00386283623e-05 4.36147373067e-05
BPM.23R2.B1 4407.667517 -0.0242716432528 0.00302938404715 4.33895427473e-05 -2.05216656057e-05
BPM.24R2.B1 4461.116033 -0.0229220474622 0.00796364131667 -2.20116003335e-05 -0.000238289381648
BPM.25R2.B1 4514.564549 -0.0234899782678 0.0060877552523 -0.000238031851707 2.46410205131e-05
BPM.26R2.B1 4568.013065 -0.0217149167576 0.01083061555 3.17451207777e-05 0.000237188935571
BPM.27R2.B1 4621.46158 -0.0225180130959 0.00904317031391 0.000236820628233 -3.43849982129e-05
BPM.28R2.B1 4674.910096 -0.0199590504051 0.0134819283995 -4.16746322342e-05 -0.000431196877528
BPM.29R2.B1 4728.358612 -0.0209822978074 0.0118266337041 -0.000430711831922 4.64202080988e-05
BPM.30R2.B1 4781.807128 -0.0180701821475 0.0159246539603 5.92657136475e-05 0.000429132958664
BPM.31R2.B1 4835.255644 -0.0192957985157 0.0144152088264 0.00042844463079 -6.40525179639e-05
BPM.32R2.B1 4888.70416 -0.0158851086398 0.018104955397 -7.68643745791e-05 -0.000426332487626
BPM.33R2.B1 4942.152676 -0.0172950295089 0.0167632944666 -0.000425459314834 8.15592205276e-05
BPM.34R2.B1 4995.601192 -0.0134379776076 0.0199886678954 9.42401727532e-05 0.000422831305193
BPM.33L3.B1 5049.049708 -0.0150063688727 0.0188397181536 0.000421754411364 -9.89481181251e-05
BPM.32L3.B1 5102.498224 -0.0107715101098 0.0215429955273 -0.000111535838932 -0.000418601573918
BPM.31L3.B1 5155.94674 -0.0124757889763 0.0206029312247 -0.000417344545051 0.000116150944625
BPM.30L3.B1 5209.395255 -0.00792614419624 0.0227442811414 0.000128581523128 0.000413683831727
BPM.29L3.B1 5262.843771 -0.00973472050898 0.0220309169839 0.000412227481466 -0.000133176658134
BPM.28L3.B1 5316.292287 -0.00495291952 0.0235710558659 -0.000145456581952 -0.000408056247691
BPM.27L3.B1 5369.740803 -0.00683991458847 0.0230941909446 -0.000406421830723 0.000149962775944
BPM.26L3.B1 5423.189319 -0.0017043046082 0.0239742402017 0.000161865538985 0.000206222093226
BPM.25L3.B1 5476.637835 -0.00363331707114 0.0237585322424 0.000204412789008 -0.000164144494094
BPM.24L3.B1 5530.086351 0.00137482216486 0.0239953893746 -0.00017018755531 -0.000199409626763
BPM.23L3.B1 5583.534867 -0.000566098012343 0.0240280748298 -0.000197510063844 0.00017238841874
BPM.22L3.B1 5636.983383 0.00462585258894 0.0235855663057 0.000178029783423 -3.26072947638e-06
BPM.21L3.B1 5690.431899 0.00270657118204 0.0238820418449 -5.23464055522e-06 -0.000177982692303
BPM.20L3.B1 5743.880414 0.00760329485168 0.0228005999398 -0.000177746230754 1.05600548402e-05
BPM.19L3.B1 5797.32893 0.00573939192087 0.0233395979101 1.25314930236e-05 0.000177618126749
BPM.18L3.B1 5850.777446 0.0104589300486 0.0216399684044 0.000177163804288 -1.78388314903e-05
BPM.17L3.B1 5904.225962 0.00867771275495 0.0224137179344 -1.98009356287e-05 -0.000176955247972
BPM.16L3.B1 5957.674478 0.0131399092962 0.0201251144994 -0.00017628295277 2.50909570432e-05
BPM.15L3.B1 6011.122994 0.011473717077 0.0211194523322 2.70463908682e-05 0.000175993549629
BPM.14L3.B1 6064.57151 0.0156074100452 0.0182780250923 0.000175106109063 -3.22967880073e-05
BPM.13L3.B1 6118.020026 0.014080890233 0.0194783464441 -3.42342745254e-05 -0.000174737663018
BPM.12L3.B1 6171.468542 0.0185783601069 0.0152486715908 -0.000174683033854 3.45120121822e-05
BPM.11L3.B1 6224.917058 0.0192750780526 0.0143578834155 3.42912105521e-05 0.000174726505697
BPM.10L3.B1 6277.697768 0.0236779528703 0.00412698413154 0.000176761553655 -2.14613468335e-05
BPM.9L3.B1 6316.762779 0.023493580459 0.00507238872175 0.000100631526792 -0.000146896336495
BPM.8L3.B1 6357.225789 0.0186920150508 0.0151091370749 -0.000130044034571 -0.000121629720717
BPM.7L3.B1 6396.2898 -0.0032540624226 0.0238136206354 -8.98509190073e-05 0.00015372718576
BPM.6L3.B1 6468.9288 -0.00303009921311 0.0238431530808 0.000145294290755 0.000102931100731
BPMWE.5L3.B1 6512.0583 -0.00109859635262 0.0240098008433 0.000177706782583 -1.12042989784e-05
BPMW.5L3.B1 6539.6033 0.00855904296749 0.0224593017255 0.000140887057253 -0.000108885618516
BPMWE.4L3.B1 6614.7313 0.0126083792445 0.020462312257 -3.50300188252e-05 -0.000174579890913
BPMW.4L3.B1 6642.2763 0.00849072077491 0.0224852198305 -9.7616234295e-05 -0.000148917126192
BPMW.4R3.B1 6687.2413 0.0131921376996 0.0200909171781 -0.000168510814433 -5.75268918062e-05
BPMWE.4R3.B1 6714.7863 0.0238226042113 0.00318762896438 -0.000139606296269 0.000110522953162
BPMW.5R3.B1 6789.9143 0.0234569064536 -0.00523936921443 6.50175369748e-05 0.000165764771602
BPMWE.5R3.B1 6817.4593 0.0239393946283 0.00214075533794 0.000131848081238 0.000119671698136
BPMWC.6R3.B1 6858.4503 0.0239307775915 0.00223502440658 0.00017609309872 2.63904738053e-05
BPMR.6R3.B1 6870.5288 0.0238879999293 -0.00265347122855 0.000176021532671 -2.68636666955e-05
BPM_A.7R3.B1 6926.3528 0.0159945853879 -0.017940197557 -3.81782571881e-05 -0.000173918535927
BPM.8R3.B1 6965.416811 0.00975133378598 -0.0219679070461 -0.000172088875325 -4.57236573086e-05
BPM.9R3.B1 7004.481821 0.0022139495922 -0.0239327365198 -0.000131971261574 0.000119535869585
BPM.10R3.B1 7044.944832 0.000480861630525 -0.024030110742 7.31454234187e-06 0.000177909345581
BPM.11R3.B1 7097.725542 0.00162517247736 -0.0239799137748 0.000170324639841 5.19110361894e-05
BPM.12R3.B1 7152.449058 0.00416471248334 -0.0236713459639 7.92179718185e-05 -0.000159467081459
BPM.13R3.B1 7205.897574 0.00355402452423 -0.0237707038163 -0.000150461408411 -9.52186914382e-05
BPM.14R3.B1 7259.34609 0.00546178194197 -0.0234061186054 -9.35393000508e-05 0.000151511172922
BPM.15R3.B1 7312.794606 0.000486410877588 -0.024029999056 0.000154242330267 8.89636935973e-05
BPM.16R3.B1 7366.243122 0.00242364639129 -0.023912410757 8.72483369534e-05 -0.000155219080447
BPM.17R3.B1 7419.691638 -0.00259302148041 -0.0238946372585 -0.000157760599751 -8.25640751168e-05
BPM.18R3.B1 7473.140154 -0.0006559296034 -0.024025969417 -8.08097896147e-05 0.00015866636838
BPM.19R3.B1 7526.58867 -0.00562681162205 -0.0233669947055 0.000161013716905 7.60251228105e-05
BPM.20R3.B1 7580.037186 -0.00372319041861 -0.023744795288 7.42335495213e-05 -0.000161847511049
BPM.21R3.B1 7633.485701 -0.00857109200271 -0.0224547062433 -0.000163996243498 -6.93575782115e-05
BPM.22R3.B1 7686.934217 -0.00673068434238 -0.0230732602492 -6.75368609314e-05 0.000164754396559
BPM.23R3.B1 7740.382733 -0.0113717886825 -0.0211745099656 0.000166702179586 6.2574949801e-05
BPM.24R3.B1 7793.831249 -0.00962634449298 -0.0220229639656 6.07192848096e-05 -0.000167386999314
BPM.25R3.B1 7847.279765 -0.0139881130266 -0.0195450798024 -0.000169128503274 -5.56847098985e-05
BPM.26R3.B1 7900.728281 -0.0123648897704 -0.0206103602935 -5.38096479491e-05 0.000169734373305
BPM.27R3.B1 7954.176797 -0.0163724678726 -0.0175960150592 0.000171269363258 4.87036032266e-05
BPM.28R3.B1 8007.625313 -0.0148994097947 -0.018859613936 4.67965624609e-05 -0.00017180023118
BPM.29R3.B1 8061.073829 -0.0184895534382 -0.015356232087 -0.000173122950698 -4.16375242009e-05
BPM.30R3.B1 8114.522345 -0.0171897891124 -0.0167984701903 -3.97203975213e-05 0.000173572829058
BPM.31R3.B1 8167.97086 -0.0203014973719 -0.0128657162829 0.000174684509209 3.45043930587e-05
BPM.32R3.B1 8221.419376 -0.0191972265059 -0.0144618098536 3.25592151317e-05 -0.000175057515629
BPM.33R3.B1 8274.867892 -0.021780821198 -0.0101623460946 -0.00017595277429 -2.73104460295e-05
BPM.34R3.B1 8328.316408 -0.0208895886201 -0.0118870743867 -2.53636971743e-05 0.000176243921624
BPM.33L4.B1 8381.764924 -0.0229016637857 -0.00729323289405 0.000176924602064 2.00728911046e-05
BPM.32L4.B1 8435.21344 -0.0222384805178 -0.00911742476787 1.81031381117e-05 -0.000177136990531
BPM.31L4.B1 8488.661956 -0.023646532655 -0.00430336421523 -0.000177598995905 -1.27998050013e-05
BPM.30L4.B1 8542.110472 -0.0232221223129 -0.00619761933937 -1.08360323308e-05 0.000177729615936
BPM.29L4.B1 8595.558988 -0.0240027410613 -0.00124333093131 0.000177974486799 5.50625067798e-06
BPM.28L4.B1 8649.007504 -0.0238241188746 -0.00317628870681 3.52567428349e-06 -0.000178024726349
BPM.27L4.B1 8702.45602 -0.0239645975096 0.00183725783586 -0.000178050574654 1.79688589173e-06
BPM.26L4.B1 8755.904535 -0.0240347029803 -0.000102482971819 3.764939636e-06 0.000178019825701
BPM.25L4.B1 8809.353051 -0.0235326432445 0.00488795990867 0.000177827086675 -9.09743487064e-06
BPM.24L4.B1 8862.801567 -0.0238503752759 0.00297271750899 -1.107506046e-05 -0.000177714872991
BPM.23L4.B1 8916.250083 -0.0227142016939 0.00785763905226 -0.000177304494936 1.63815078721e-05
BPM.22L4.B1 8969.698599 -0.0232741218954 0.00599939164819 1.83410299089e-05 0.00017711252598
BPM.21L4.B1 9023.147115 -0.0215221479071 0.010699280331 0.000176483412845 -2.36398588071e-05
BPM.20L4.B1 9076.595631 -0.0223155542481 0.00892712096062 -2.56008547453e-05 -0.000176209626534
BPM.19L4.B1 9130.044147 -0.0199771683617 0.0133637642304 -0.000175365726144 3.08560513491e-05
BPM.18L4.B1 9183.492663 -0.02099014037 0.011708606133 3.27941505841e-05 0.00017501366349
BPM.17L4.B1 9236.941179 -0.0181028791686 0.0158102250388 0.000173952533785 -3.80230899952e-05
BPM.16L4.B1 9290.389694 -0.0193201329922 0.0142971994388 -3.99540932292e-05 -0.000173519196225
BPM.15L4.B1 9343.83821 -0.0159326083732 0.0179952616193 -0.000172247309099 4.5123244998e-05
BPM.14L4.B1 9397.286726 -0.0173322412466 0.0166514523187 4.70269757175e-05 0.000171737293177
BPM.13L4.B1 9450.735242 -0.0134986832522 0.0198862515555 0.000170251529622 -5.21503238171e-05
BPM.12L4.B1 9504.183758 -0.0158424071946 0.0180747222709 -4.95057737248e-05 -0.000171039234147
BPM.11L4.B1 9557.632274 -0.0130469331861 0.0201855142313 -0.000170960575341 4.97766942101e-05
BPMC.10L4.B1 9609.470985 -0.0137762448995 0.0196949873383 5.41448897309e-05 0.000169627750156
BPMC.9L4.B1 9648.535995 -0.00872249462925 0.0223963286568 0.000176930239444 -2.00232241465e-05
BPMC.8L4.B1 9688.999006 -0.0165965805986 0.0173847911184 -8.31424437351e-05 -0.00015745656164
BPMC.7L4.B1 9728.063016 -0.00352542900083 0.0237749616306 -0.000150197626404 9.56342423469e-05
BPMYB.6L4.B1 9824.667016 0.00130701903235 0.0239993573119 9.11691648537e-05 0.000152949078362
BPMYA.5L4.B1 9861.667016 0.00259892682096 0.0238939956833 0.000129753899846 0.000121939236547
BPMWA.B5L4.B1 9964.133516 -0.0118855870026 0.020890434934 0.000159514141646 -7.91231690341e-05
BPMWA.A5L4.B1 9973.018516 -0.013021062202 0.0202022124835 0.000148374236756 -9.84394438949e-05
BPMWA.A5R4.B1 10021.06752 -0.016385662744 0.0175837284643 6.34637575569e-05 -0.000166365827023
BPMWA.B5R4.B1 10029.95252 -0.0165440418657 0.0174347964963 4.60902031433e-05 -0.000171991076864
BPMYB.5R4.B1 10132.34302 -0.0123289810298 0.0206318607248 -0.000116860645377 -0.000134345924924
BPMYA.6R4.B1 10163.90702 -0.0127733358768 0.0203597480531 -0.000144482583998 -0.000104067401331
BPMCA.7R4.B1 10260.42302 -0.0186405316691 0.0151726078608 -0.000136462449504 0.000114381979608
BPMC.8R4.B1 10298.21203 -0.019727369059 0.0137298346742 1.1964585861e-05 0.000177657213568
BPMC.9R4.B1 10337.27704 -0.0126049169245 0.0204644452539 0.00017768850557 -1.14905684639e-05
BPMC.10R4.B1 10377.74005 5.23611181985e-05 0.0240348644364 -1.73799131003e-05 -0.000177209412176
BPM.11R4.B1 10429.57876 -0.00262378632793 0.0238912786537 -0.000177923536423 -6.96091939141e-06
BPM.12R4.B1 10484.30227 -0.000256985030012 0.0240335475701 -1.01454961272e-05 0.000177770370238
BPM.13R4.B1 10537.75079 -0.0024409924957 0.0239106462827 0.000177929034564 6.81919646842e-06
BPM.14R4.B1 10591.19931 0.00257359558026 0.0238967373494 1.49195299961e-06 -0.000178053391349
BPM.15R4.B1 10644.64782 0.000635901781031 0.0240265078468 -0.000178059001038 4.84030507989e-07
BPM.16R4.B1 10698.09634 0.00560932954646 0.0233711974886 5.81343653044e-06 0.000177964724169
BPM.17R4.B1 10751.54485 0.00370585649539 0.0237475067703 0.000177889409276 -7.78451605651e-06
BPM.18R4.B1 10804.99337 0.00855281478453 0.0224616742412 -1.31027633349e-05 -0.000177576895059
BPM.19R4.B1 10858.44189 0.00671154696007 0.0230788341919 -0.00017742040756 1.50742732383e-05
BPM.20R4.B1 10911.8904 0.0113559330278 0.0211830176077 2.03793322863e-05 0.000176889558706
BPM.21R4.B1 10965.33892 0.00961013808479 0.0220300407592 0.000176653169556 -2.23358860288e-05
BPM.22R4.B1 11018.78743 0.013972243718 0.0195564274596 -2.76095528249e-05 -0.000175906082621
BPM.23R4.B1 11072.23595 0.0123479399894 0.0206205195888 -0.000175588289099 2.95633170712e-05
BPM.24R4.B1 11125.68447 0.016445346115 0.0175921624343 3.47191327929e-05 8.67671358312e-05
BPM.25R4.B1 11179.13298 0.0149722715665 0.0188617250463 8.6377469927e-05 -3.56775217341e-05
BPM.26R4.B1 11232.5815 0.0185605196014 0.0153440770615 -3.82458524245e-05 -8.52713581782e-05
BPM.27R4.B1 11286.03001 0.0172615794812 0.0167920058773 -8.4841124801e-05 3.91910491052e-05
BPM.28R4.B1 11339.47853 0.020457193578 0.0128274900498 4.16263789757e-05 -4.22942447975e-06
BPM.29R4.B1 11392.92705 0.0193553030099 0.014436534052 -4.69038197097e-06 -4.15769736246e-05
BPM.30R4.B1 11446.37556 0.021929977989 0.0101053122659 -4.14179289286e-05 5.93285138835e-06
BPM.31R4.B1 11499.82408 0.0210429789534 0.0118420567121 6.39220676534e-06 4.13495271359e-05
BPM.32R4.B1 11553.27259 0.0230424893441 0.00721699072334 4.11397838799e-05 -7.62639360189e-06
BPM.33R4.B1 11606.72111 0.0223849490714 0.00905291806584 -8.08176194009e-06 -4.10527549174e-05
BPM.34R4.B1 11660.16962 0.0237763833653 0.00421009079488 -4.07924271894e-05 9.30705964578e-06
BPM.33L5.B1 11713.61814 0.023359080121 0.00611511621387 9.75926105366e-06 4.06866201846e-05
BPM.32L5.B1 11767.06666 0.0241195986116 0.00113412229012 4.03764497273e-05 -1.0972079922e-05
BPM.31L5.B1 11820.51517 0.0239494234686 0.00307674924269 -1.14188025463e-05 -4.02523910036e-05
BPM.30L5.B1 11873.96369 0.0240665105181 -0.00196069934435 -3.98925163422e-05 1.26186778937e-05
BPM.29L5.B1 11927.4122 0.0241462445238 -1.2072924581e-05 1.30606398518e-05 3.97500078598e-05
BPM.28L5.B1 11980.86072 0.0236180212646 -0.00502298137769 3.93414964857e-05 -1.42439527824e-05
BPM.27L5.B1 12034.30924 0.0239463199188 -0.00310081163096 -1.46790571066e-05 -3.91812278338e-05
BPM.26L5.B1 12087.75775 0.022867847395 -0.00801974970998 -3.88106450149e-05 -7.20188469438e-05
BPM.25L5.B1 12141.20627 0.0234404619085 -0.00614813591521 -7.15831039292e-05 3.96085954668e-05
BPM.24L5.B1 12194.65478 0.0216542262605 -0.0108788471306 4.17334559576e-05 7.03654763576e-05
BPM.23L5.B1 12248.1033 0.0224614836848 -0.00909596506352 6.9899276978e-05 -4.25096811299e-05
BPM.22L5.B1 12301.55182 0.0201708885859 -0.0135764800871 -4.46662254567e-05 -0.000156464366137
BPM.21L5.B1 12355.00033 0.021200623756 -0.0119045836185 -0.000155957753052 4.64041209716e-05
BPM.20L5.B1 12408.44885 0.0182687558528 -0.0160448782349 5.1053061219e-05 0.000154498388266
BPM.19L5.B1 12461.89736 0.0195040778294 -0.0145181440225 0.000153924445239 -5.27582529663e-05
BPM.18L5.B1 12515.34588 0.0160658404868 -0.0182503240432 -5.73388975914e-05 -0.000152277437962
BPM.17L5.B1 12568.79439 0.0174860603649 -0.0168944739678 -0.000151630473012 5.90285510652e-05
BPM.16L5.B1 12622.24291 0.0135997663432 -0.0201551956889 6.35413668269e-05 0.000149795401568
BPM.15L5.B1 12675.69143 0.0151820747458 -0.0189918446745 0.000149083191311 -6.51948561727e-05
BPM.14L5.B1 12729.13994 0.0109091957171 -0.0217295882786 -6.96259771069e-05 -0.00014706594725
BPM.13L5.B1 12782.58846 0.0126269559057 -0.020778487509 -0.000146283250918 7.12557050475e-05
BPM.12L5.B1 12836.03697 0.0113268328475 -0.0215148417488 8.90434201712e-05 0.000136188970814
BPM.11L5.B1 12889.48549 0.0164834316653 -0.0178740605095 0.000125159878124 -0.000103976806099
BPM.10L5.B1 12942.2662 0.0105745489113 -0.0218943936557 -9.35845976325e-05 -0.000133109321479
BPM.9L5.B1 12981.33121 0.00871787569502 -0.022697669509 -0.000157511318482 4.08209907796e-05
BPM.8L5.B1 13021.79422 -0.00266783010958 -0.0241675038049 0.000106822230404 0.000122740293477
BPMR.7L5.B1 13060.86023 0.013834245536 -0.0199949795871 8.93646873224e-05 -0.000135978392272
BPM.6L5.B1 13097.75423 0.0154681738209 -0.0187595617488 -8.7192690653e-05 -0.000137381230332
BPMR.5L5.B1 13129.65423 0.0233409609437 0.00681066077098 -0.000145987663317 7.1859381714e-05
BPMYA.4L5.B1 13157.06023 0.0201522052552 0.0136041971844 -9.67244405922e-05 0.000130845523604
BPMWB.4L5.B1 13178.19473 0.0183406601621 0.0159626358029 -6.91675781441e-05 0.0001472820775
BPMSY.4L5.B1 13270.97473 0.0177911344691 0.0165729023129 -1.83920166382e-05 0.000161672180443
BPMS.2L5.B1 13297.76023 0.0175694449026 0.016807741939 -7.75366973942e-06 0.000162530290902
BPMSW.1L5.B1 13307.81423 0.0174746465768 0.0169062795289 -3.5739228345e-07 0.000162714646947
BPMSW.1R5.B1 13350.76423 0.0174745370903 0.0169063925152 -4.51453112514e-05 0.000156326838298
BPMS.2R5.B1 13360.81823 0.017569369075 0.0168078188765 -3.79933208539e-05 0.000158218093206
BPMSY.4R5.B1 13387.60373 0.0177911130321 0.0165729253423 -2.753809631e-05 0.000160367801426
BPMWT.A4R5.B1 13478.00823 0.0182240735694 0.0160956112271 2.27422303939e-05 0.000161117840092
BPMWT.B4R5.B1 13479.99023 0.018320583121 0.0159856745666 2.48127245237e-05 0.000160812002596
BPMWB.4R5.B1 13480.38373 0.0183408235619 0.0159624480905 2.52355106609e-05 0.000160746181461
BPMYA.4R5.B1 13501.51623 0.0201520875919 0.0136043714742 5.62840537761e-05 0.000152670490285
BPM.5R5.B1 13522.63423 0.0226811866142 0.00876066958574 0.000103942315056 0.000125188506093
BPMWT.A6R5.B1 13543.69223 0.0241932257314 -0.00242350710698 0.000158634327981 3.62121377643e-05
BPMWT.B6R5.B1 13549.51423 0.0228040926497 -0.00843557446214 0.000162136299654 -1.37108961535e-05
BPMR.6R5.B1 13554.53423 0.0200466061448 -0.013759329199 0.000151149699311 -6.02489737256e-05
BPM_A.7R5.B1 13588.54823 0.010452565723 -0.0219528910982 5.28554628427e-07 -0.000162714137231
BPM.8R5.B1 13629.98722 0.00978767634412 -0.0222572898098 -0.000162365745601 -1.06553107467e-05
BPM.9R5.B1 13669.05421 0.00776200366076 -0.0230420671179 5.0659499644e-05 0.00015462789426
BPM.10R5.B1 13709.5192 0.0148005623096 -0.0192906431602 0.000150893153197 -6.08886376696e-05
BPM.11R5.B1 13762.30189 0.00891040636054 -0.0226227809218 -7.37938955928e-05 -0.00014501940913
BPM.12R5.B1 13817.02837 0.0137771417618 -0.0200343685549 -0.000144217423054 7.53491887971e-05
BPM.13R5.B1 13870.47986 0.0119397362504 -0.0211808464535 6.67516263883e-05 0.000148392684264
BPM.14R5.B1 13923.93134 0.0136109415695 -0.0201476506696 0.000147636078792 -6.84087319765e-05
BPM.15R5.B1 13977.38283 0.00913184647611 -0.0225343058027 -7.28124403417e-05 -0.000145514662328
BPM.16R5.B1 14030.83431 0.0109206288858 -0.0217238445662 -0.000144688396686 7.44408319485e-05
BPM.17R5.B1 14084.28579 0.00617484267631 -0.0235171613041 7.8754698042e-05 0.000142386322086
BPM.18R5.B1 14137.73728 0.00805301136479 -0.0229419826047 0.000141496054451 -8.03432226007e-05
BPM.19R5.B1 14191.18876 0.00311477693703 -0.0241139735967 -8.45577061376e-05 -0.000139018563827
BPM.20R5.B1 14244.64025 0.00505069953808 -0.0237839439927 -0.000138061806775 8.6111015191e-05
BPM.21R5.B1 14298.09173 5.28073524675e-06 -0.0243143071106 9.0220021041e-05 0.000135412386215
BPM.22R5.B1 14351.54322 0.001967883428 -0.0242345413183 0.00013439324518 -9.17312691433e-05
BPM.23R5.B1 14404.9947 -0.00310616741355 -0.0241150841196 -9.57275981104e-05 -0.000131576576426
BPM.24R5.B1 14458.44618 -0.00138196106857 -0.0243019546923 -0.000134059401749 0.000330857471639
BPM.25R5.B1 14511.89767 -0.00639379308785 -0.0234864690459 0.000334735835604 0.000124058498856
BPM.26R5.B1 14565.34915 -0.00447826512702 -0.023925717534 0.000120294621009 -0.000336106816316
BPM.27R5.B1 14618.80064 -0.00934865076375 -0.0224743753531 -0.000339568339378 -0.000110145074063
BPM.28R5.B1 14672.25212 -0.00773558397345 -0.023171155403 -0.000109919307607 0.000574452256882
BPM.29R5.B1 14725.7036 -0.0123739527314 -0.0210624546327 0.000577497945793 9.25947260401e-05
BPM.30R5.B1 14779.15509 -0.0106353962892 -0.0219915903912 8.60867130707e-05 -0.000578503872702
BPM.31R5.B1 14832.60657 -0.0149703932828 -0.0193036013991 -0.000580826126664 -6.86925653046e-05
BPM.32R5.B1 14886.05806 -0.0133619115328 -0.0204499638746 -6.22199104566e-05 0.000581555090052
BPM.33R5.B1 14939.50954 -0.0173138610704 -0.0172328731384 0.000583164460518 4.46863545566e-05
BPM.34R5.B1 14992.96102 -0.0158678567949 -0.0185729056042 3.81043913686e-05 -0.00058363147348
BPM.33L6.B1 15046.41251 -0.0193784243598 -0.0148734115709 -0.000584511327392 -2.05952033784e-05
BPM.32L6.B1 15099.86399 -0.0181136472374 -0.0163901643055 -1.40952046414e-05 0.000584704166784
BPM.31L6.B1 15153.31548 -0.021120313787 -0.0122749357314 0.000584863411294 -3.5282376241e-06
BPM.30L6.B1 15206.76696 -0.0200614834711 -0.0139383852383 -1.01343850752e-05 -0.000584786238916
BPM.29L6.B1 15260.21845 -0.0225180698284 -0.00946985919321 -0.00058422054954 2.76404510976e-05
BPM.28L6.B1 15313.66993 -0.0216797530111 -0.0112574424892 3.412879733e-05 0.000583877441183
BPM.27L6.B1 15367.12141 -0.0235439919947 -0.00651322831124 0.000582582757302 -5.17201564873e-05
BPM.26L6.B1 15420.5729 -0.023175393409 -0.00840668889224 -6.1826052181e-05 -0.000348319442917
BPM.25L6.B1 15474.02438 -0.0244156061363 -0.00341312975943 -0.000346310342782 7.22359837468e-05
BPM.24L6.B1 15527.47587 -0.0240604050372 -0.00537291236149 7.6093866387e-05 0.000345483168292
BPM.23L6.B1 15580.92735 -0.024651624956 -0.000262039573789 0.000343033982694 -8.64672101598e-05
BPM.22L6.B1 15634.37883 -0.0247838681697 -0.00226562007651 -9.38699330078e-05 -0.000108368029947
BPM.21L6.B1 15687.83032 -0.024714387313 0.00292783459952 -0.00010550265797 9.70792574788e-05
BPM.20L6.B1 15741.2818 -0.0248700640254 0.000923618511891 9.82550733065e-05 0.000104408488475
BPM.19L6.B1 15794.73329 -0.0241367643968 0.00606545630952 0.00010140559954 -0.000101351360427
BPM.18L6.B1 15848.18477 -0.0245476024267 0.00409736144555 -0.000102481202973 -0.000100263630944
BPM.17L6.B1 15901.63625 -0.023162569258 0.00910321598447 -9.71433924279e-05 0.000105443606198
BPM.16L6.B1 15955.08774 -0.0238216487324 0.0072043186654 0.000106525393625 9.59558896889e-05
BPM.15L6.B1 16008.53922 -0.0218075917882 0.0119917511743 9.27083276525e-05 -0.00010936341541
BPM.14L6.B1 16061.99071 -0.0227044867613 0.0101921262281 -0.000110395209737 -9.14772787168e-05
BPM.13L6.B1 16115.44219 -0.0200945398765 0.0146827321352 -8.81230789285e-05 0.000113090743437
BPM.12L6.B1 16168.89367 -0.0212136246099 0.0130136576805 0.000114071740773 8.68494770102e-05
BPM.11L6.B1 16222.34516 -0.0188932629511 0.0161993139075 7.96813969552e-05 -0.000119189205139
BPM.10L6.B1 16274.18585 -0.0201245450656 0.0146415792461 -0.00012401133942 -7.19470980842e-05
BPM.9L6.B1 16313.25284 -0.0115341450421 0.0220530418299 -0.000104044054446 9.8640900252e-05
BPM.8L6.B1 16353.71783 -0.00495891808586 0.0243881587446 9.18682615656e-05 0.000110070055287
BPMYA.5L6.B1 16450.80782 0.0148332701808 0.0199836746106 4.2034809396e-05 -0.000137070288361
BPMYB.4L6.B1 16487.20782 0.0142266274224 0.0204199958109 1.12037976493e-05 -0.000142932388613
BPMSA.B4L6.B1 16519.19832 0.0164103974014 0.0187102114625 -2.10510851901e-05 -0.000141816940033
BPMSA.A4L6.B1 16519.78332 0.0164520000718 0.0186736404961 -2.16950835286e-05 -0.000141719856194
BPMSE.4L6.B1 16616.45832 0.0219372299957 0.0117529186149 -0.00012593377408 -6.85264715835e-05
BPMSA.4R6.B1 16708.02832 0.021182070713 0.0130649545029 -0.000123385839794 7.30145659107e-05
BPMSB.A4R6.B1 16804.83832 0.0133155873424 0.0210254200781 -3.06768822728e-06 0.00014333800239
BPMSB.B4R6.B1 16805.47332 0.0132604617418 0.0210602305336 -2.31671131717e-06 0.000143352102362
BPMYA.4R6.B1 16830.80782 0.0112131973737 0.0222179513122 2.49432941668e-05 0.000141184370545
BPMYB.5R6.B1 16867.20782 0.0112117208738 0.0222186964219 5.57382741562e-05 0.000132092535144
BPM.8R6.B1 16962.93481 -0.00235279346551 0.0247757445654 9.09167088223e-05 -0.000110857314363
BPM.9R6.B1 17002.0018 -0.00673913933386 0.0239574029649 -0.000136538564209 -4.37311013494e-05
BPM.10R6.B1 17042.46678 0.00999556138205 0.0227917070328 -4.87035345564e-05 0.000134844936018
BPM.11R6.B1 17094.30747 0.009762202991 0.0228926308821 0.000118737053797 8.03536200259e-05
BPM.12R6.B1 17149.03396 0.0111808764937 0.0222342338904 8.61370885967e-05 -0.000114610616582
BPM.13R6.B1 17202.48544 0.00923547689055 0.0231101519334 -0.000115876558124 -8.44263992433e-05
BPM.14R6.B1 17255.93693 0.013831147459 0.0206899133904 -8.09049948244e-05 0.000118362041678
BPM.15R6.B1 17309.38841 0.0121168298464 0.0217383437762 0.000119260314055 7.95749426565e-05
BPM.16R6.B1 17362.83989 0.0163648033155 0.0187501031694 7.59586335693e-05 -0.000121595560448
BPM.17R6.B1 17416.29138 0.0147974509091 0.0200102124574 -0.000122439767693 -7.45901591641e-05
BPM.18R6.B1 17469.74286 0.0186285925228 0.0165029905546 -7.08748892152e-05 0.000124627207889
BPM.19R6.B1 17523.19435 0.0172363233724 0.0179522230503 0.000125412593106 6.94756936586e-05
BPM.20R6.B1 17576.64583 0.0205869952136 0.0139838758527 6.56800225686e-05 -0.000127441470248
BPM.21R6.B1 17630.09731 0.0193907981455 0.0156003238104 -0.000128170236142 -6.42462777874e-05
BPM.22R6.B1 17683.5488 0.0222065607917 0.0112357382611 -6.03626959852e-05 0.000130044374121
BPM.23R6.B1 17737.00028 0.0212275151716 0.012990987469 0.000130711606806 5.89038988621e-05
BPM.24R6.B1 17790.45177 0.0234667713608 0.00830129221273 5.49490216224e-05 -0.000137704167181
BPM.25R6.B1 17843.90325 0.0227200346226 0.0101686202202 -0.000138312109892 -5.34002834744e-05
BPM.26R6.B1 17897.35474 0.0243358555931 0.00523134236562 -4.92160787055e-05 0.000139855670922
BPM.27R6.B1 17950.80622 0.0238343153493 0.00717817680203 0.000140397406081 4.76487142343e-05
BPM.28R6.B1 18004.2577 0.0248103527099 0.00207393783592 4.34086235601e-05 -0.000147047748112
BPM.29R6.B1 18057.70919 0.0245619860193 0.00406984797454 -0.000147525755213 -4.17552356226e-05
BPM.30R6.B1 18111.16067 0.0248718215895 -0.00111683060295 -3.72989730877e-05 0.000148714944465
BPM.31R6.B1 18164.61216 0.0248808214284 0.000894172687572 0.000149122721087 3.56337228376e-05
BPM.32R6.B1 18218.06364 0.0245245681233 -0.00428956617757 3.11426631039e-05 -0.000150124889645
BPM.33R6.B1 18271.51512 0.0247907727753 -0.00229617180883 -0.000150465059661 -2.94552926926e-05
BPM.34R6.B1 18324.96661 0.0237743483241 -0.00739156150784 -2.49165389085e-05 0.000151282890581
BPM.33L7.B1 18378.41809 0.0242933949758 -0.00544846586807 0.000151552036474 2.32234475615e-05
BPM.32L7.B1 18431.86958 0.0226333886578 -0.0103722966421 1.8664542181e-05 -0.000152180751834
BPM.31L7.B1 18485.32106 0.0233966414025 -0.00851187351854 -0.00015238070627 -1.69549301351e-05
BPM.30L7.B1 18538.77254 0.0211205810494 -0.0131824078149 -1.23648805485e-05 0.000152821638609
BPM.29L7.B1 18592.22403 0.022115780788 -0.0114344680525 0.000152950363987 1.06551945243e-05
BPM.28L7.B1 18645.67551 0.0192605951691 -0.0157760671172 6.05918783994e-06 -0.000153201292673
BPM.27L7.B1 18699.127 0.0204708663663 -0.014170336988 -0.000153259634025 -4.33920828808e-06
BPM.26L7.B1 18752.57848 0.0170894390756 -0.0181113131516 2.64601362765e-07 0.000148037482075
BPM.25L7.B1 18806.02997 0.0184957446373 -0.0166726129363 0.000148025262729 -1.92057956819e-06
BPM.24L7.B1 18859.48145 0.0146319782069 -0.0201487916598 -6.36416378985e-06 -0.000147900858271
BPM.23L7.B1 18912.93293 0.0162101480627 -0.0189023726471 -0.000147820151839 8.02308641361e-06
BPM.22L7.B1 18966.38442 0.0119395273251 -0.0218559809989 1.245677325e-05 0.000142228816412
BPM.21L7.B1 19019.8359 0.0136649844782 -0.0208207688966 0.00014208047946 -1.40478285699e-05
BPM.20L7.B1 19073.28739 0.00904525148505 -0.0232038713159 -1.83084269288e-05 -0.000141594524018
BPM.19L7.B1 19126.73887 0.0108881397043 -0.022398317611 -0.000141380337167 1.98949719159e-05
BPM.18L7.B1 19180.19035 0.00600279201309 -0.0241702856108 2.41347121445e-05 0.000140718598043
BPM.17L7.B1 19233.64184 0.00793448648783 -0.0236067817135 0.000140439505106 -2.57090370274e-05
BPM.16L7.B1 19287.09332 0.00286114268754 -0.0247396459356 -2.99159541325e-05 -0.000139603884522
BPM.15L7.B1 19340.54481 0.00484811595648 -0.0244280983748 -0.000139259886106 3.14784246075e-05
BPM.14L7.B1 19393.99629 -0.000326890613385 -0.0249023966969 3.56484151202e-05 0.000138251202903
BPM.13L7.B1 19447.44777 0.00168455637625 -0.0248475046724 0.000137843057376 -3.71954790061e-05
BPM.12L7.B1 19500.89926 -0.00348574408381 -0.0246593959082 -4.14018214902e-05 -0.000136638560252
BPM.11L7.B1 19554.35074 -0.00125576215722 -0.0248728623188 -0.000136337823251 4.23816565816e-05
BPM.10L7.B1 19607.13343 -0.00959837624287 -0.0229805872934 3.08767355019e-05 0.000139394527777
BPM.9L7.B1 19646.20042 -0.0117145061897 -0.021977410292 0.000136641080471 4.13935774756e-05
BPM.8L7.B1 19686.66541 -0.0238340652363 -0.00722312624952 4.70095238897e-05 -0.000134812133479
BPM.7L7.B1 19725.7314 -0.0242587821127 -0.00563451051975 -8.63858438633e-05 -0.000113673623919
BPM.6L7.B1 19760.5494 -0.0234032636139 -0.00851607134046 -0.000139492941872 -3.04290771029e-05
BPMWC.6L7.B1 19772.6519 -0.0210610128727 -0.01329172507 -0.000142140267889 1.34294861729e-05
BPMWE.5L7.B1 19849.7059 -0.0248853569254 -0.000977358235361 5.2467955323e-05 0.000132782994062
BPMW.5L7.B1 19872.9109 -0.0218679884894 0.0119175206372 0.000124420443551 7.00268377421e-05
BPMWE.4L7.B1 19907.9959 -0.0212987751522 0.0129073000897 0.000142693909694 4.75982042985e-06
BPMW.4L7.B1 19936.1009 -0.0244879628299 0.00453606601605 0.000125625844437 -6.78406590812e-05
BPMW.4R7.B1 20052.1479 -0.0227604340496 0.0101093451989 -0.00012402844748 -7.07188284237e-05
BPMWE.4R7.B1 20080.2529 -0.0169688960491 0.0182288997274 -0.000142681769429 5.11054476718e-06
BPMW.5R7.B1 20115.3379 -0.016938718551 0.0182569447677 -0.00012865913404 6.18953321855e-05
BPMWE.5R7.B1 20138.5429 -0.0218141786516 0.0120157325302 -8.8900750465e-05 0.000111717791658
BPMR.6R7.B1 20217.7584 -0.0249044701117 5.98911466464e-05 0.000119636808412 7.79181751283e-05
BPM_A.7R7.B1 20255.7944 -0.0243897031604 0.00503771755851 0.000137683510625 -3.77817134431e-05
BPM.8R7.B1 20294.86039 -0.0206018259652 0.013992890511 1.86314813931e-05 -0.000141552385625
BPM.9R7.B1 20333.92738 -0.00746832607559 0.0237583737641 -0.000136777265683 -4.09412814188e-05
BPM.10R7.B1 20374.39237 -0.00222055589689 0.0248053492285 -9.64740933344e-05 0.000105247126641
BPM.11R7.B1 20427.17506 0.00132579142712 0.0248692278802 9.61828060838e-05 0.00010551337614
BPM.12R7.B1 20481.90154 9.85674233097e-05 0.0249043470625 0.000103033404463 -9.88348584521e-05
BPM.13R7.B1 20535.35303 0.00571820568917 0.024239190225 -0.000103307086524 -9.85487041685e-05
BPM.14R7.B1 20588.80451 0.00374325025424 0.024621622525 -9.73845272864e-05 0.000104405264867
BPM.15R7.B1 20642.25599 0.0087730049492 0.023308165997 0.000107283721876 9.42040846878e-05
BPM.16R7.B1 20695.70748 0.00686311645718 0.0239402140992 9.2997427068e-05 -0.0001083313762
BPM.17R7.B1 20749.15896 0.011681862036 0.0219947793394 -0.000111076662518 -8.97005193076e-05
BPM.18R7.B1 20802.61045 0.00986855164509 0.0228658677226 -8.84486054236e-05 0.000112076101898
BPM.19R7.B1 20856.06193 0.0144003041275 0.0203191402282 0.00011468248388 8.50419627458e-05
BPM.20R7.B1 20909.51341 0.0127132911937 0.0214151452312 8.37540069867e-05 -0.000115626432764
BPM.21R7.B1 20962.9649 0.0168807602727 0.0183105475276 -0.000118090916493 -8.02417854111e-05
BPM.22R7.B1 21016.41638 0.0153478508301 0.0196132530078 -7.89108640992e-05 0.000118984381239
BPM.23R7.B1 21069.86787 0.0190849330424 0.0160000484359 0.000121300919481 7.53014050656e-05
BPM.24R7.B1 21123.31935 0.0177781900779 0.0174913913501 7.46609568173e-05 -0.000169208593936
BPM.25R7.B1 21176.77083 0.0210211261115 0.0134210681699 -0.00017137637067 -6.9541039271e-05
BPM.26R7.B1 21230.22232 0.0198694044078 0.0150738045099 -6.76102738452e-05 0.000172147220608
BPM.27R7.B1 21283.6738 0.0225656348135 0.0106209669423 0.000174099582295 6.24110784233e-05
BPM.28R7.B1 21337.12529 0.0216817475244 0.0124108333162 6.11847360601e-05 -0.000221860631336
BPM.29R7.B1 21390.57677 0.0237853891102 0.00764082612656 -0.000223600286109 -5.44850299386e-05
BPM.30R7.B1 21444.02826 0.0230911366145 0.00953553192467 -5.19654064432e-05 0.000224199252228
BPM.31R7.B1 21497.47974 0.0245675108025 0.00453479572334 0.000225657753483 4.52137582041e-05
BPM.32R7.B1 21550.93122 0.0241213382274 0.00650292251549 4.26939453984e-05 -0.000226148027932
BPM.33R7.B1 21604.38271 0.0249457654772 0.00135489631886 -0.000227329930681 -3.58721227195e-05
BPM.34R7.B1 21657.83419 0.0247550144214 0.00336395901921 -3.33115045604e-05 0.000227719224953
BPM.33L8.B1 21711.28568 0.0249141341277 -0.00184739814827 0.00022861619636 2.64639571525e-05
BPM.32L8.B1 21764.73716 0.0249819594339 0.000169298833205 2.39120883667e-05 -0.000228897171577
BPM.31L8.B1 21818.18864 0.0244730289441 -0.0050197423806 -0.000229512949163 -1.70150375046e-05
BPM.30L8.B1 21871.64013 0.0247983760825 -0.00302778843627 -1.4431659072e-05 0.000229689864796
BPM.29L8.B1 21925.09161 0.0236299893439 -0.00810867208081 0.000230019438928 7.53417341168e-06
BPM.28L8.B1 21978.5431 0.024207247394 -0.00617544595222 4.96686461057e-06 -0.000230089189206
BPM.27L8.B1 22031.99458 0.0223981314817 -0.0110657428739 -0.000230134468831 1.95776453989e-06
BPM.26L8.B1 22085.44606 0.0232654594756 -0.00921845737926 5.25967102582e-06 0.000183026789661
BPM.25L8.B1 22138.89755 0.0208456552952 -0.0138463069534 0.000182786503581 -1.07500665635e-05
BPM.24L8.B1 22192.34903 0.0218949104048 -0.0121191773502 -1.27918425645e-05 -0.000182654975488
BPM.23L8.B1 22245.80052 0.0189023670104 -0.0164000634922 -0.000182187636937 1.82793237328e-05
BPM.22L8.B1 22299.252 0.0202117672755 -0.0148175464568 2.10396306897e-05 0.000134898386755
BPM.21L8.B1 22352.70349 0.0166963578961 -0.0186897526366 0.000134205941755 -2.50801104009e-05
BPM.20L8.B1 22406.15497 0.0181499274725 -0.0172816478857 -2.65798759259e-05 -0.000133916967325
BPM.19L8.B1 22459.60645 0.0141674393846 -0.0206726602414 -0.000133057399345 3.05937058451e-05
BPM.18L8.B1 22513.05794 0.0157902883678 -0.0194612952866 3.20845599125e-05 0.000132705786465
BPM.17L8.B1 22566.50942 0.0114073931997 -0.0223147171349 0.000131682540787 -3.605490217e-05
BPM.16L8.B1 22619.96091 0.0131705867372 -0.0213216055997 -3.75263262946e-05 -0.000131270791076
BPM.15L8.B1 22673.41239 0.00845796286458 -0.0235910594257 -0.000130083602723 4.14548412877e-05
BPM.14L8.B1 22726.86387 0.0103351778576 -0.022831104194 4.29110830574e-05 0.000129610512146
BPM.13L8.B1 22780.31536 0.00537166701254 -0.0244789790205 0.000128263228883 -4.67845176484e-05
BPM.12L8.B1 22833.76684 0.00109148227976 -0.0250376493879 -7.00971493641e-05 -0.000117160726279
BPM.11L8.B1 22887.21833 -0.00727522313603 -0.0239822090044 -0.000104143477822 8.82857976566e-05
BPM.10L8.B1 22939.05902 0.000819824270469 -0.0250480160627 7.59296245785e-05 0.000113467788605
BPM.9L8.B1 22978.126 0.00263112626931 -0.0249229291007 0.000124128989764 -5.68527693256e-05
BPM.8L8.B1 23018.59099 -0.00568235532416 -0.0244087291414 -0.000134664979776 2.24852635279e-05
BPM.7L8.B1 23057.65898 -0.0188094160665 -0.0165614337617 -2.07898798352e-05 0.000134937160503
BPMR.6L8.B1 23090.12798 -0.0229319691292 -0.0101094021289 6.64362710542e-05 0.000119274767047
BPM.5L8.B1 23150.54698 -0.0205714134569 -0.0143140549233 -0.000124665118915 5.56673213819e-05
BPMYB.4L8.B1 23171.31398 -0.0178939415227 -0.0175465688047 -9.71753676433e-05 9.5902001899e-05
BPMWB.4L8.B1 23195.70548 -0.0187628722096 -0.0166141459899 -7.36743651031e-05 0.000114944918718
BPMSX.4L8.B1 23245.93848 -0.0184254195355 -0.0169876171064 -3.69760808403e-05 0.000131426821061
BPMS.2L8.B1 23283.84998 -0.0186337851488 -0.0167587967036 -1.26582122186e-05 0.000135941231894
BPMSW.1L8.B1 23293.78398 -0.0188203691374 -0.0165489856845 -5.90941273603e-07 0.000136528003488
BPMSW.1R8.B1 23336.97398 -0.0188205081767 -0.0165488275987 -7.2114585751e-05 0.000115929888872
BPMS.2R8.B1 23346.90798 -0.0186338833183 -0.0167586881267 -6.15839015561e-05 0.000121851191939
BPMSX.4R8.B1 23384.81948 -0.0184254212998 -0.016987615207 -3.85895179379e-05 0.000130962185388
BPMWB.4R8.B1 23434.97648 -0.018763825503 -0.0166130693371 1.17520487143e-06 0.000136524210825
BPMYB.4R8.B1 23459.44398 -0.0178726810004 -0.0175682239978 3.13171221883e-05 0.000132888980211
BPMYB.5R8.B1 23480.02098 -0.0193004435539 -0.0159864973843 6.87233909472e-05 0.000117971792359
BPM.6R8.B1 23564.12898 -0.0203156368374 0.0146748124546 -0.000114258540264 -7.47344089015e-05
BPM_A.7R8.B1 23586.36898 -0.0226612909502 0.0107023882376 -0.000135413507252 -1.74193214889e-05
BPM.8R8.B1 23627.80599 -0.0247513926116 -0.00392985801155 -3.39714180946e-05 0.000132235352791
BPM.9R8.B1 23666.871 -0.0229158172231 -0.0101459618096 0.000130724779673 -3.93862311928e-05
BPM.10R8.B1 23707.33402 -0.0248333028592 0.00337376481038 -7.67500880947e-05 -0.000112914422891
BPM.11R8.B1 23759.17273 -0.0201402854705 -0.0149145607238 -7.07878374249e-05 0.000116744709559
BPM.12R8.B1 23813.89624 -0.0217962346961 -0.0123692915698 0.000118425202175 6.79390476048e-05
BPM.13R8.B1 23867.34476 -0.0202479112141 -0.0147681180701 6.36526171056e-05 -0.000120783233797
BPM.14R8.B1 23920.79327 -0.0228721068945 -0.0102441176446 -0.000122633054069 -6.0011488757e-05
BPM.15R8.B1 23974.24179 -0.0219708188092 -0.012056464703 -5.86513744413e-05 0.000123289339613
BPM.16R8.B1 24027.69031 -0.0239945191448 -0.00723451942956 0.000124990040062 5.49339197095e-05
BPM.17R8.B1 24081.13882 -0.0233324488752 -0.0091472427402 5.35406246712e-05 -0.000125593162713
BPM.18R8.B1 24134.58734 -0.024722867433 -0.004105489758 -0.000127138433505 -4.97600781e-05
BPM.19R8.B1 24188.03585 -0.0243109426237 -0.00608714128548 -4.83510237868e-05 0.000127680942165
BPM.20R8.B1 24241.48437 -0.02504492706 -0.000909312267862 0.000129071445372 4.45062797658e-05
BPM.21R8.B1 24294.93289 -0.0248898544118 -0.0029275190226 4.30681008826e-05 -0.000129558417995
BPM.22R8.B1 24348.3814 -0.0249554961468 0.00230183239334 -0.000130788545167 -3.9174007201e-05
BPM.23R8.B1 24401.82992 -0.0250598578513 0.000280615159418 -3.77252496602e-05 0.000131213766531
BPM.24R8.B1 24455.27843 -0.0242866583028 0.00544305224896 0.000132105348446 -0.000138185546099
BPM.25R8.B1 24508.72695 -0.0246467390806 0.00346508904123 -0.000139641631087 -0.00013056522907
BPM.26R8.B1 24562.17546 -0.023390979393 0.00850474411252 -0.00012633525009 0.000143479859267
BPM.27R8.B1 24615.62398 -0.0240008793687 0.00658986941976 0.000144872641245 0.000124735643911
BPM.28R8.B1 24669.0725 -0.0219415284708 0.0113948003327 0.000120148082021 -0.00032049300704
BPM.29R8.B1 24722.52101 -0.0227898778736 0.00958611562994 -0.000321801493885 -0.000116598161028
BPM.30R8.B1 24775.96953 -0.0203039563434 0.014107498119 -0.000106939409336 0.000325138878277
BPM.31R8.B1 24829.41804 -0.0213755966338 0.0124240095814 0.00032630854742 0.000103315427661
BPM.32R8.B1 24882.86656 -0.0183321526886 0.0165892834129 9.34829131768e-05 -0.000329260191216
BPM.33R8.B1 24936.31508 -0.0196119106455 0.0150547370479 -0.000330273582778 -8.98370598623e-05
BPM.34R8.B1 24989.76359 -0.0160598661632 0.0187976819021 -7.99313183741e-05 0.000332809728906
BPM.33L1.B1 25043.21211 -0.0175233660392 0.0174414388306 0.000333678090556 7.6225118552e-05
BPM.32L1.B1 25096.66062 -0.013522920685 0.0206978927076 6.61903411927e-05 -0.000335812695447
BPM.31L1.B1 25150.10914 -0.0151503727311 0.0195381255928 -0.000336524354634 -6.24714397687e-05
BPM.30L1.B1 25203.55766 -0.010764540115 0.0222575115978 -5.23842423122e-05 0.00033824136627
BPM.29L1.B1 25257.00617 -0.0125241122137 0.0213171001671 0.000338802582883 4.8622433329e-05
BPM.28L1.B1 25310.45469 -0.00782862736954 0.0234517534471 3.84536346134e-05 -0.000340106818688
BPM.27L1.B1 25363.9032 -0.00969719966323 0.0227428332688 -0.000340511799592 -3.46850301686e-05
BPM.26L1.B1 25417.35172 -0.00459641311978 0.0242279289904 -2.46496218289e-05 0.000169443902657
BPM.25L1.B1 25470.80023 -0.00653567085072 0.023778237173 0.000169706890882 2.2768585618e-05
BPM.24L1.B1 25524.24875 -0.00145931100634 0.0246168634941 1.76795118865e-05 -0.00017031227869
BPM.23L1.B1 25577.69727 -0.00344199368878 0.0244186862136 -0.000170497922209 -1.57894289332e-05
BPM.22L1.B1 25631.14578 0.00186966987253 0.0245690646176 -1.08491001434e-05 -1.05278888661e-06
BPM.21L1.B1 25684.5943 -0.000119047442732 0.0246398139093 -9.32456636943e-07 1.08600937949e-05
BPM.20L1.B1 25738.04281 0.00499719589781 0.0241280466384 1.08831337995e-05 6.07041662575e-07
BPM.19L1.B1 25791.49133 0.00303375921446 0.0244526257574 4.86274685408e-07 -1.08892073169e-05
BPM.18L1.B1 25844.93985 0.00804256201234 0.02329059464 -1.08988533674e-05 -1.60172268654e-07
BPM.17L1.B1 25898.38836 0.00613687282465 0.023863641665 -3.93518131753e-08 1.08999832928e-05
BPM.16L1.B1 25951.83688 0.0109558410728 0.0220704360737 1.08962916683e-05 -2.86849160609e-07
BPM.15L1.B1 26005.28539 0.00913902676518 0.0228825870818 -4.07705669282e-07 -1.08924286419e-05
BPM.14L1.B1 26058.73391 0.0136890391733 0.0204876745547 -1.08753417539e-05 7.33514693816e-07
BPM.13L1.B1 26112.18243 0.0119911134822 0.0215255150706 8.54048281713e-07 1.08665417235e-05
BPM.12L1.B1 26165.63094 0.0132915094209 0.0207477801098 1.06736075808e-05 -2.2103430077e-06
BPM.11L1.B1 26219.07946 0.00750265194373 0.0234700834101 -3.41209201026e-06 -1.03522372138e-05
BPM.10L1.B1 26271.86017 0.0140016540834 0.0202753121973 -1.05929191122e-05 2.56930534972e-06
BPM.9L1.B1 26310.92518 0.0156384894474 0.0190413300345 -1.31851620068e-06 1.082002074e-05
BPM.8L1.B1 26351.38819 0.0226322248259 0.00974253566148 1.02712504222e-05 -3.64863720725e-06
BPMR.7L1.B1 26390.4542 0.0106972684145 0.0221969153227 -6.28492001766e-06 -8.90568088797e-06
BPM.6L1.B1 26433.6382 0.00209602220478 0.0245507900568 -9.38706846813e-06 5.54023016565e-06
BPMR.5L1.B1 26465.5382 -0.0190699483787 0.015603578751 2.37483158587e-06 1.06382102328e-05
BPMYA.4L1.B1 26486.6562 -0.0220730314409 0.0109506111264 5.78430661054e-06 9.23867560404e-06
BPMWB.4L1.B1 26507.7887 -0.0232446647641 0.0081743600209 7.48456943954e-06 7.9241527721e-06
BPMSY.4L1.B1 26600.5687 -0.0235075152641 0.00738453303007 9.62700126806e-06 5.11193803019e-06
BPMS.2L1.B1 26627.3542 -0.0236035360881 0.00707161439563 9.9404841315e-06 4.46980493323e-06
BPMSW.1L1.B1 26637.4082 -0.0236429389397 0.00693873750949 1.01335298933e-05 4.01341397475e-06
