BPMSW.1R1.B1 21.475 0.00720131696867 0.0240663558114 6.66446195976e-06 -1.21227162816e-05
BPMS.2R1.B1 31.529 0.00733656694879 0.0240254705917 6.10637995164e-06 -1.2413096119e-05
BPMSY.4R1.B1 58.3145 0.00765506123681 0.0239258957655 5.27966857076e-06 -1.27867667602e-05
BPMWB.4R1.B1 151.0945 0.00845877531367 0.0236537009906 9.09600150233e-07 -1.38039437123e-05
BPMYA.4R1.B1 172.227 0.0112826781289 0.022444367325 -1.81646070656e-06 -1.3714105229e-05
BPM.5R1.B1 199.635 0.0175895107318 0.0179348142633 -7.90788378334e-06 -1.13508387566e-05
BPMR.6R1.B1 231.535 0.023420863539 -0.00908358968435 -1.21382927306e-05 6.63610399808e-06
BPM_A.7R1.B1 259.259 0.0205144706058 -0.0144984463385 -3.08273419001e-06 1.34860321448e-05
BPM.8R1.B1 300.6979894 0.0200696270097 -0.0151082269577 1.3267944946e-05 3.91633076348e-06
BPM.9R1.B1 339.7649788 0.0186402444969 -0.016840122797 -1.3135905602e-06 -1.37713616621e-05
BPM.10R1.B1 380.2299682 0.0230865404989 -0.00990252982459 -1.36526537405e-05 2.23202040683e-06
BPM.11R1.B1 433.0126576 0.0194636582221 -0.0158812612591 3.4121886656e-06 1.34064585961e-05
BPM.12R1.B1 487.7391417 0.0225407444709 -0.0110888813318 1.33690655563e-05 -3.55588030815e-06
BPM.13R1.B1 541.1906258 0.0214640691661 -0.0130515204214 -2.76469260652e-06 -1.3554799823e-05
BPM.14R1.B1 594.6421099 0.0224477035112 -0.011276039097 -1.35229311355e-05 2.91659400941e-06
BPM.15R1.B1 648.093594 0.0196184710577 -0.0156896157892 3.32152368505e-06 1.34292107723e-05
BPM.16R1.B1 701.5450781 0.0208207808991 -0.014055018066 1.33911479997e-05 -3.471782324e-06
BPM.17R1.B1 754.9965622 0.0174500746699 -0.018070510356 -3.87251115208e-06 -1.32808096965e-05
BPM.18R1.B1 808.4480463 0.0188516692372 -0.0166031026433 -1.32365817954e-05 4.02108968582e-06
BPM.19R1.B1 861.8995304 0.0149950880474 -0.0201542994188 4.41694286666e-06 1.31097987518e-05
BPM.20R1.B1 915.3510145 0.0165728226102 -0.0188782944503 1.30594864995e-05 -4.56354708601e-06
BPM.21R1.B1 968.8024986 0.0122935069349 -0.0219070339815 -4.95383578504e-06 -1.2916484546e-05
BPM.22R1.B1 1022.253983 0.0140215871177 -0.0208433093729 -1.28601598913e-05 5.09824440765e-06
BPM.23R1.B1 1075.705467 0.00939010752971 -0.023299663752 5.48230487286e-06 1.27011980159e-05
BPM.24R1.B1 1129.156951 0.0112498428911 -0.0224651810627 1.27900347525e-05 -1.55342467328e-05
BPM.25R1.B1 1182.608435 0.00634191436867 -0.0243109738054 -1.59114864125e-05 -1.23175604533e-05
BPM.26R1.B1 1236.059919 0.00828349012331 -0.023719762167 -1.2138507936e-05 1.60484912315e-05
BPM.27R1.B1 1289.511403 0.0031799815374 -0.0249225007293 1.64059458286e-05 1.16508914684e-05
BPM.28R1.B1 1342.962887 0.00519089436684 -0.024583937804 1.16173875356e-05 -2.64454148718e-05
BPM.29R1.B1 1396.414371 -2.48902992593e-05 -0.025125977845 -2.67824855476e-05 -1.081763192e-05
BPM.30R1.B1 1449.865855 0.00200329576489 -0.0250460014511 -1.0516906807e-05 2.69020204354e-05
BPM.31R1.B1 1503.31734 -0.00323869016169 -0.0249163855368 2.72058410423e-05 9.7039080001e-06
BPM.32R1.B1 1556.768824 -0.00121722755239 -0.0250964885876 9.39843048635e-06 -2.73128848352e-05
BPM.33R1.B1 1610.220308 -0.00639981279971 -0.0242972792325 -2.7582879532e-05 -8.57368039422e-06
BPM.34R1.B1 1663.671792 -0.00441771962236 -0.0247345736943 -8.26418812592e-06 2.76771967744e-05
BPM.33L2.B1 1717.123276 -0.00945527248733 -0.023279029281 2.79130127809e-05 7.42884428454e-06
BPM.32L2.B1 1770.57476 -0.00754566575126 -0.023966190992 7.11556325423e-06 -2.79945109253e-05
BPM.31L2.B1 1824.026244 -0.0123557907624 -0.0218780670307 -2.81956278208e-05 -6.27141486451e-06
BPM.30L2.B1 1877.477728 -0.0105495507092 -0.0228039988275 -5.95520694305e-06 2.82640973397e-05
BPM.29L2.B1 1930.929212 -0.0150529053402 -0.0201177887125 2.84302836088e-05 5.10322208477e-06
BPM.28L2.B1 1984.380696 -0.013380151201 -0.0212670387237 4.78428427598e-06 -2.84856885508e-05
BPM.27L2.B1 2037.83218 -0.0175029467295 -0.0180267090429 -2.86165684918e-05 -3.92648682192e-06
BPM.26L2.B1 2091.283665 -0.0159809282619 -0.0193799895417 -3.45458814125e-06 1.8748703646e-05
BPM.25L2.B1 2144.735149 -0.0196553767372 -0.0156409791135 1.88440580139e-05 2.88967629698e-06
BPM.24L2.B1 2198.186633 -0.0183288737534 -0.0171763340015 2.67832103091e-06 -1.88752374602e-05
BPM.23L2.B1 2251.638117 -0.0214948004451 -0.0129979851022 -1.89471655774e-05 -2.11013626465e-06
BPM.22L2.B1 2305.089601 -0.0203656741402 -0.0146898256423 -1.74667688465e-06 9.05962971602e-06
BPM.21L2.B1 2358.541085 -0.0229711702734 -0.0101428297886 9.10803514653e-06 1.47366723114e-06
BPM.20L2.B1 2411.992569 -0.0220775780464 -0.0119637873577 1.37151278404e-06 -9.12395729765e-06
BPM.19L2.B1 2465.444053 -0.0240799568055 -0.00712090870034 -9.16104472182e-06 -1.09682550321e-06
BPM.18L2.B1 2518.895537 -0.0234266634943 -0.00904118896229 -9.94107584677e-07 9.17275892427e-06
BPM.17L2.B1 2572.347021 -0.0247930707136 -0.00398187205836 9.19848179044e-06 7.18053514098e-07
BPM.16L2.B1 2625.798506 -0.0243907914765 -0.00597000431541 6.14939607931e-07 -9.20594324966e-06
BPM.15L2.B1 2679.24999 -0.0250987473173 -0.000777523860276 -9.22027408777e-06 -3.38111688306e-07
BPM.14L2.B1 2732.701474 -0.0249541124769 -0.002800701827 -2.34792266426e-07 9.22349351002e-06
BPM.13L2.B1 2786.152958 -0.0249919853211 0.00243973975103 9.22637253706e-06 -4.24496871174e-08
BPM.12L2.B1 2839.604442 -0.0249555664362 -0.00278771667576 5.55392964796e-07 -9.2097468238e-06
BPM.11L2.B1 2893.055926 -0.0249885548169 -0.00247462896442 -9.14120464544e-06 -1.25146771128e-06
BPM.10L2.B1 2944.896615 -0.0249318324686 -0.0029925557898 -7.55835261056e-07 9.19546357087e-06
BPM.9L2.B1 2983.963605 -0.022493231025 0.0111627155464 8.62855391736e-06 3.26739695184e-06
BPM.8L2.B1 3024.428594 -0.0208209304053 0.0140371121563 7.00383849096e-06 -6.00614773977e-06
BPM.7L2.B1 3063.496584 -0.0110140581665 0.0225663949947 -1.82793038615e-06 -9.0435879578e-06
BPMR.6L2.B1 3095.602584 0.000766761619328 0.0250990784086 -7.77231210664e-06 -4.97182712536e-06
BPMYB.5L2.B1 3167.801584 -0.00517616961351 0.0245715064283 -4.76645317853e-07 9.21414573878e-06
BPMYB.4L2.B1 3188.371584 -0.0131227294803 0.0214090081937 5.76255066672e-06 7.20558471649e-06
BPMWI.4L2.B1 3212.839084 -0.00899582509721 0.0234441206087 9.2207481312e-06 -3.24888260121e-07
BPMSX.4L2.B1 3262.996084 -0.0194680406263 0.0158602350153 -2.97538319736e-06 -8.73354979298e-06
BPMS.2L2.B1 3300.907584 -0.0194878349987 0.0158359068725 -7.89450715931e-06 -4.77528621613e-06
BPMSW.1L2.B1 3310.841584 -0.0188794071922 0.0165565589707 -8.85995565889e-06 -2.57472421594e-06
BPMSW.1R2.B1 3354.031584 -0.0188793853801 0.0165565838259 3.98572374496e-06 -8.32116822533e-06
BPMS.2R2.B1 3363.965584 -0.0194878191015 0.0158359264686 1.70180935875e-06 -9.06820739988e-06
BPMSX.4R2.B1 3401.877084 -0.0194680505604 0.0158602227989 -4.52776022018e-06 -8.03910988258e-06
BPMWB.4R2.B1 3452.110084 -0.00899973852239 0.0234426185989 -6.36668697361e-06 6.67779877411e-06
BPMYB.4R2.B1 3476.501584 -0.0131907152994 0.0213671872234 1.53524183872e-06 9.09783929113e-06
BPMR.5R2.B1 3506.035584 -0.00130673085821 0.0250767644349 8.49588841307e-06 3.59830590112e-06
BPM.6R2.B1 3579.331584 -0.0143675883454 0.0205942726335 3.40318299282e-07 -9.22020626345e-06
BPM_A.7R2.B1 3592.206584 -0.0172053399154 0.0182901049434 -2.18251287313e-06 -8.96464167793e-06
BPM.8R2.B1 3633.643594 -0.0221228063244 0.0118799453088 -8.90573249946e-06 -2.41156792843e-06
BPM.9R2.B1 3672.708605 -0.0180081971797 0.0175001855494 -1.66959797959e-06 9.07414903789e-06
BPM.10R2.B1 3713.171615 -0.00541416079635 0.0245201656445 9.22255747716e-06 2.68287092539e-07
BPM.11R2.B1 3765.010326 -0.00921435012501 0.0233590969912 1.01705438198e-06 -9.17024034305e-06
BPM.12R2.B1 3819.733842 -0.00793189339544 0.023825128066 -9.20835999671e-06 -5.77643412356e-07
BPM.13R2.B1 3873.182358 -0.0123763049277 0.021848998532 3.17217477401e-07 9.2210169615e-06
BPM.14R2.B1 3926.630874 -0.00757286476053 0.0239416661822 9.20739230954e-06 -5.9288951218e-07
BPM.15R2.B1 3980.07939 -0.00948029770508 0.023252432477 -6.94961325514e-07 -9.20026089957e-06
BPM.16R2.B1 4033.527906 -0.00444810511469 0.0247136808531 -9.17533979987e-06 9.69981149364e-07
BPM.17R2.B1 4086.976421 -0.0064278604004 0.0242741482057 1.07168139253e-06 9.16402529351e-06
BPM.18R2.B1 4140.424937 -0.0012501504918 0.0250796487991 9.12783715464e-06 -1.34542747097e-06
BPM.19R2.B1 4193.873453 -0.00327003189333 0.0248969586848 -1.44656046283e-06 -9.11236803519e-06
BPM.20R2.B1 4247.321969 0.00196825926901 0.0250335298209 -9.06500805498e-06 1.71863167737e-06
BPM.21R2.B1 4300.770485 -5.82455179408e-05 0.0251107201727 1.81907007231e-06 9.04537322209e-06
BPM.22R2.B1 4354.219001 0.00515438963482 0.0245760844702 8.98689816009e-06 -2.08891742358e-06
BPM.23R2.B1 4407.667517 0.0031542746039 0.0249118889697 -2.18844405544e-06 -8.96317921861e-06
BPM.24R2.B1 4461.116033 0.00817884331241 0.0237294447538 -8.81561842358e-06 8.11624948699e-05
BPM.25R2.B1 4514.564549 0.00623766838287 0.024311962483 8.12552001815e-05 7.91545331214e-06
BPM.26R2.B1 4568.013065 0.0111470953966 0.0224882700693 5.48110405854e-06 -8.14556433505e-05
BPM.27R2.B1 4621.46158 0.00929561674705 0.0233146206441 -8.1511445412e-05 -4.57678958724e-06
BPM.28R2.B1 4674.910096 0.0138552006445 0.0208920556507 -2.05475664879e-06 0.000160317155232
BPM.29R2.B1 4728.358612 0.0121246666533 0.0219416734386 0.000160330094937 2.79865860288e-07
BPM.30R2.B1 4781.807128 0.0164138017671 0.0189481314821 -4.51451223511e-06 -0.000160266744551
BPM.31R2.B1 4835.255644 0.0148307105959 0.0202112492871 -0.000160206674318 6.2954099069e-06
BPM.32R2.B1 4888.70416 0.0187028854237 0.0166927125153 1.10909377126e-05 0.000159946239282
BPM.33R2.B1 4942.152676 0.0172951815194 0.0181472110954 0.000159813794718 -1.2859544251e-05
BPM.34R2.B1 4995.601192 0.0206844592331 0.0141632524735 -1.76321697487e-05 -0.000159357834244
BPM.33L3.B1 5049.049708 0.019473796429 0.0157865710928 -0.000159151890301 1.94034384605e-05
BPM.32L3.B1 5102.498224 0.0223263670649 0.0114007853954 2.41616941036e-05 0.000158499280571
BPM.31L3.B1 5155.94674 0.02133369295 0.0131650339787 0.000158222506984 -2.59123082339e-05
BPM.30L3.B1 5209.395255 0.0236012690015 0.00845131208594 -3.06315585212e-05 -0.000157376996224
BPM.29L3.B1 5262.843771 0.0228422013948 0.0103285240933 -0.000157026366639 3.23810079709e-05
BPM.28L3.B1 5316.292287 0.0244884940564 0.00536267034292 3.70695507761e-05 0.000155986087998
BPM.27L3.B1 5369.740803 0.0239759085256 0.00732122837317 0.000155566997354 -3.87907513239e-05
BPM.26L3.B1 5423.189319 0.0248958024118 0.00220080065938 -4.33504978456e-05 -7.5628849408e-05
BPM.25L3.B1 5476.637835 0.0246370085828 0.00420265504654 -7.51422690719e-05 4.41885793829e-05
BPM.24L3.B1 5530.086351 0.0249727959329 -0.00100198024949 4.64178773845e-05 7.37859847204e-05
BPM.23L3.B1 5583.534867 0.0249722061683 0.00101657288375 7.32679643647e-05 -4.72313080546e-05
BPM.22L3.B1 5636.983383 0.0245619536337 -0.004173504391 -4.93248654984e-05 6.88313746365e-06
BPM.21L3.B1 5690.431899 0.0248186404159 -0.00217779542576 7.43029009976e-06 4.92454168038e-05
BPM.20L3.B1 5743.880414 0.023826326781 -0.00728106154886 4.90011250486e-05 -8.90004692223e-06
BPM.19L3.B1 5797.32893 0.0243361789579 -0.00533461327375 -9.44239538606e-06 -4.8899512985e-05
BPM.18L3.B1 5850.777446 0.0226991150261 -0.0102692688221 -4.85948940002e-05 1.09021755215e-05
BPM.17L3.B1 5904.225962 0.0234538217983 -0.00840392456725 1.1440866824e-05 4.84708870974e-05
BPM.16L3.B1 5957.674478 0.0211991290971 -0.0130883394908 4.81069777053e-05 -1.28856374293e-05
BPM.15L3.B1 6011.122994 0.0221861357878 -0.0113350378982 -1.34179319325e-05 -4.79612180101e-05
BPM.14L3.B1 6064.57151 0.0193505088116 -0.0156928491224 -4.75380302367e-05 1.48478467479e-05
BPM.13L3.B1 6118.020026 0.020553879243 -0.0140799770492 1.53744622297e-05 4.73703249876e-05
BPM.12L3.B1 6171.468542 0.0162887695495 -0.0188516230573 4.73464639692e-05 -1.54477897953e-05
BPM.11L3.B1 6224.917058 0.0153842804894 -0.0195967247017 -1.53867301727e-05 -4.73663270507e-05
BPM.10L3.B1 6277.697768 0.00489800991107 -0.0244277957269 -4.83615532132e-05 1.1894594222e-05
BPM.9L3.B1 6316.762779 0.0058729612044 -0.0242118985447 -2.30091527069e-05 4.41689941036e-05
BPM.8L3.B1 6357.225789 0.0161472473475 -0.0189729836487 4.01944564326e-05 2.94062278115e-05
BPM.7L3.B1 6396.2898 0.0245913395628 0.00399671419707 1.97881495137e-05 -4.57028775441e-05
BPM.6L3.B1 6468.9288 0.0246276275059 0.00376665216017 -4.38005294811e-05 -2.37030520437e-05
BPMWE.5L3.B1 6512.0583 0.0248510775815 0.00176964631122 -4.89684642127e-05 9.07801740783e-06
BPMW.5L3.B1 6539.6033 0.0234981748119 -0.00827909933492 -3.54641922909e-05 3.49658666122e-05
BPMWE.4L3.B1 6614.7313 0.021534847788 -0.0125282894277 1.55900250357e-05 4.72998131118e-05
BPMW.4L3.B1 6642.2763 0.0235228976571 -0.00820859248509 3.21063297081e-05 3.80723408061e-05
BPMW.4R3.B1 6687.2413 0.0211650762311 -0.0131433349151 4.87227845744e-05 1.03155137934e-05
BPMWE.4R3.B1 6714.7863 0.00392863641739 -0.0246023072315 3.50551474198e-05 -3.53759519368e-05
BPMW.5R3.B1 6789.9143 -0.0048137354796 -0.0244445424619 -2.36181100793e-05 -4.38463957081e-05
BPMWE.5R3.B1 6817.4593 0.00284657897515 -0.0247508523809 -4.06282999759e-05 -2.88038414998e-05
BPMWC.6R3.B1 6858.4503 0.00294402307638 -0.0247394509592 -4.97826705534e-05 -1.41561388163e-06
BPMR.6R3.B1 6870.5288 -0.00212293395761 -0.0248233933295 -4.79746505329e-05 1.3369813964e-05
BPM_A.7R3.B1 6926.3528 -0.0181703276649 -0.0170454362735 1.64413746822e-05 4.70106609862e-05
BPM.8R3.B1 6965.416811 -0.0225076849801 -0.010682313509 4.93199816433e-05 6.91810069395e-06
BPM.9R3.B1 7004.481821 -0.0247419287414 -0.00292312628331 3.26312451446e-05 -3.76234314581e-05
BPM.10R3.B1 7044.944832 -0.0248884111789 -0.00112902351447 -8.00512110098e-06 -4.91552544391e-05
BPM.11R3.B1 7097.725542 -0.0248064370198 -0.00231265810989 -4.90378291677e-05 -8.69553719081e-06
BPM.12R3.B1 7152.449058 -0.024420007116 -0.00493669500743 -1.66428390275e-05 4.693970936e-05
BPM.13R3.B1 7205.897574 -0.02453877567 -0.00430769008906 4.49763821338e-05 2.13879869099e-05
BPM.14R3.B1 7259.34609 -0.0241109278435 -0.00627462060365 2.08861605862e-05 -4.5211606824e-05
BPM.15R3.B1 7312.794606 -0.0248881838908 -0.00113402284113 -4.58163235225e-05 -1.95239800925e-05
BPM.16R3.B1 7366.243122 -0.024715492826 -0.00313880861893 -1.90154083682e-05 4.60297067289e-05
BPM.17R3.B1 7419.691638 -0.0248287849968 0.00205891737989 4.65782304481e-05 1.76292040032e-05
BPM.18R3.B1 7473.140154 -0.0249139587833 4.8609281695e-05 1.71108245975e-05 -4.67711513754e-05
BPM.19R3.B1 7526.58867 -0.0243614319026 0.00521807826519 -4.72621569308e-05 -1.57037834363e-05
BPM.20R3.B1 7580.037186 -0.0247030710825 0.00323511732162 -1.51794119453e-05 4.74331586149e-05
BPM.21R3.B1 7633.485701 -0.0234937700751 0.00829159048883 4.78662844379e-05 1.37528035737e-05
BPM.22R3.B1 7686.934217 -0.0240862630596 0.0063686448299 1.3220415362e-05 -4.80160597953e-05
BPM.23R3.B1 7740.382733 -0.022240173169 0.0112286420622 -4.83900915401e-05 -1.1777949578e-05
BPM.24R3.B1 7793.831249 -0.0230737575203 0.00939730914044 -1.12412661366e-05 4.8517568625e-05
BPM.25R3.B1 7847.279765 -0.0206209684832 0.0139815365347 4.88323206078e-05 9.78389268132e-06
BPM.26R3.B1 7900.728281 -0.0216820277962 0.0122718122284 9.24112547949e-06 -4.89379562747e-05
BPM.27R3.B1 7954.176797 -0.0186632461328 0.0165042706344 -4.91925062379e-05 -7.77291008318e-06
BPM.28R3.B1 8007.625313 -0.0199341843337 0.0149444304061 -7.22745488845e-06 4.92756102521e-05
BPM.29R3.B1 8061.073829 -0.0163984250865 0.018756315194 4.94698729592e-05 5.74915160724e-06
BPM.30R3.B1 8114.522345 -0.0178586307471 0.0173717302983 5.19969569223e-06 -4.95306284971e-05
BPM.31R3.B1 8167.97086 -0.0138647604636 0.0206996647872 -4.9664026953e-05 -3.71557174854e-06
BPM.32R3.B1 8221.419376 -0.015489837416 0.0195133964705 -3.1649739447e-06 4.97021493122e-05
BPM.33R3.B1 8274.867892 -0.0111025359862 0.0223033943546 4.9774612013e-05 1.67575746152e-06
BPM.34R3.B1 8328.316408 -0.0128663351414 0.0213345992605 1.12333173248e-06 -4.97901561598e-05
BPM.33L4.B1 8381.764924 -0.00815877779631 0.0235402219678 -4.98014698755e-05 3.66774951861e-07
BPM.32L4.B1 8435.21344 -0.0100316100793 0.0228051420648 9.18814730273e-07 4.9794341048e-05
BPM.31L4.B1 8488.661956 -0.00507995242673 0.024390608611 4.97445369978e-05 -2.40888861043e-06
BPM.30L4.B1 8542.110472 -0.00703190651384 0.0239010459204 -2.96054582388e-06 -4.97147460328e-05
BPM.29L4.B1 8595.558988 -0.00191876046787 0.0248400093313 -4.96039007624e-05 4.44668521667e-06
BPM.28L4.B1 8649.007504 -0.00391676451864 0.0246042000725 4.99644095743e-06 4.95515435378e-05
BPM.27L4.B1 8702.45602 0.00127511381557 0.0248813542592 4.93797992366e-05 -6.47730870249e-06
BPM.26L4.B1 8755.904535 -0.000737224488348 0.0249030962969 -7.02449858856e-06 -4.93049477323e-05
BPM.25L4.B1 8809.353051 0.00444686813273 0.0245139362144 -4.90726682531e-05 8.49671169826e-06
BPM.24L4.B1 8862.801567 0.00245445336025 0.0247928087153 9.04048456218e-06 4.89754063329e-05
BPM.23L4.B1 8916.250083 0.00754669702499 0.0237435268801 4.86829003514e-05 -1.05021107647e-05
BPM.22L4.B1 8969.698599 0.00560571042283 0.0242751666453 -1.10411920014e-05 -4.85634910738e-05
BPM.21L4.B1 9023.147115 0.0105214538345 0.022583328244 -4.82113053736e-05 1.24896091399e-05
BPM.20L4.B1 9076.595631 0.00866501459384 0.023358622122 1.30237295437e-05 4.80697777794e-05
BPM.19L4.B1 9130.044147 0.0133243050822 0.0210516174874 4.76585392126e-05 -1.44562590515e-05
BPM.18L4.B1 9183.492663 0.0115817398594 0.0220583545839 -1.49836312535e-05 -4.7495382082e-05
BPM.17L4.B1 9236.941179 0.0159073833888 0.0191745367358 -4.7025619718e-05 1.63985161541e-05
BPM.16L4.B1 9290.389694 0.014308407302 0.0203955187669 1.69192964214e-05 4.68407787597e-05
BPM.15L4.B1 9343.83821 0.01822978589 0.0169818317978 4.63136008827e-05 -1.83131187997e-05
BPM.14L4.B1 9397.286726 0.0167997172049 0.0183977500459 -1.88253173851e-05 -4.61077929096e-05
BPM.13L4.B1 9450.735242 0.0202521128849 0.0145106729316 -4.55235905791e-05 2.01971212914e-05
BPM.12L4.B1 9504.183758 0.0183141423342 0.0168908228387 1.94886443606e-05 4.58313628097e-05
BPM.11L4.B1 9557.632274 0.0205750945153 0.0140489569508 4.58001094431e-05 -1.95619878222e-05
BPMC.10L4.B1 9609.470985 0.0200469238324 0.0147928546905 -2.07306167009e-05 -4.52831358076e-05
BPMC.9L4.B1 9648.535995 0.0229786827547 0.0096274526402 -4.8456735007e-05 1.1500651447e-05
BPMC.8L4.B1 9688.999006 0.0175795293635 0.0176541171605 2.83727043625e-05 4.09305583573e-05
BPMC.7L4.B1 9728.063016 0.0245442205184 0.00427655753209 3.84952519589e-05 -3.15980499445e-05
BPMYB.6L4.B1 9824.667016 0.024903488385 -0.000723858260793 -3.04503959817e-05 -3.94093443005e-05
BPMYA.5L4.B1 9861.667016 0.024828264441 -0.0020651842133 -4.01234401733e-05 -2.95031896626e-05
BPMWA.B5L4.B1 9964.133516 0.0213351219527 0.0128654683714 -4.16364649653e-05 2.73262797606e-05
BPMWA.A5L4.B1 9973.018516 0.0205921553025 0.0140239382917 -3.78947183032e-05 3.23158066089e-05
BPMWA.A5R4.B1 10021.06752 0.0177906995424 0.0174412933857 -1.20371104124e-05 4.83262756625e-05
BPMWA.B5R4.B1 10029.95252 0.0176322749742 0.0176014369975 -7.02409081112e-06 4.93049979476e-05
BPMYB.5R4.B1 10132.34302 0.0210563335507 0.0133168509211 3.69597285899e-05 3.33810258749e-05
BPMYA.6R4.B1 10163.90702 0.0207627789062 0.0137700659508 4.36131657884e-05 2.40460111228e-05
BPMCA.7R4.B1 10260.42302 0.015233619882 0.0197140693519 3.40511961261e-05 -3.63433222089e-05
BPMC.8R4.B1 10298.21203 0.0137094498203 0.0208028529502 -9.28845508288e-06 -4.89289784578e-05
BPMC.9R4.B1 10337.27704 0.0208747185935 0.0135997731184 -4.8953788257e-05 9.15676324782e-06
BPMC.10R4.B1 10377.74005 0.0249073341795 0.000576549310934 1.07765500133e-05 4.86228856498e-05
BPM.11R4.B1 10429.57876 0.0246884176104 0.00334510702474 4.96386023179e-05 -4.04098403586e-06
BPM.12R4.B1 10484.30227 0.0248978454427 0.000897216530775 -3.15108463821e-06 -4.97030326052e-05
BPM.13R4.B1 10537.75079 0.0247130343613 0.00315810667634 -4.96353503368e-05 4.08075712669e-06
BPM.14R4.B1 10591.19931 0.0248303808428 -0.00203958141736 5.56486653309e-06 4.94909407971e-05
BPM.15R4.B1 10644.64782 0.0249139891623 -2.91421231716e-05 4.94262586026e-05 -6.11277975048e-06
BPM.16R4.B1 10698.09634 0.0243655025248 -0.00519903759458 -7.58859132992e-06 -4.92212722176e-05
BPM.17R4.B1 10751.54485 0.0247055811258 -0.0032158927873 -4.91339920609e-05 8.13460069887e-06
BPM.18R4.B1 10804.99337 0.0235002472097 -0.00827321498023 9.60184787614e-06 4.88684485856e-05
BPM.19R4.B1 10858.44189 0.0240912596736 -0.00634971751172 4.8759091412e-05 -1.01425716236e-05
BPM.20R4.B1 10911.8904 0.0222489013495 -0.0112113377361 -1.15967324299e-05 -4.84338403873e-05
BPM.21R4.B1 10965.33892 0.0230810261592 -0.00937944223864 -4.83020954046e-05 1.21337575901e-05
BPM.22R4.B1 11018.78743 0.0206319498963 -0.013965326653 1.3574182687e-05 4.79172477624e-05
BPM.23R4.B1 11072.23595 0.0216917062858 -0.012254696381 4.77639340221e-05 -1.41041532052e-05
BPM.24R4.B1 11125.68447 0.0183701031693 -0.0164303896609 -1.52099411237e-05 0.000264140504205
BPM.25R4.B1 11179.13298 0.0196365462967 -0.0148937720026 0.000264292515114 1.22889213695e-05
BPM.26R4.B1 11232.5815 0.0161174032021 -0.0186453133315 4.3835702524e-06 -0.000264541752285
BPM.27R4.B1 11286.03001 0.0175688879053 -0.0172844604557 -0.000264574135089 -1.44119620973e-06
BPM.28R4.B1 11339.47853 0.0132946639376 -0.0204943938335 6.81910976595e-06 0.000575917411689
BPM.29R4.B1 11392.92705 0.0149068063671 -0.0193534335945 0.000575807189717 -1.31695205993e-05
BPM.30R4.B1 11446.37556 0.0105636096299 -0.0220267659798 -3.03669017527e-05 -0.00057515668791
BPM.31R4.B1 11499.82408 0.0123047999542 -0.0211035581276 -0.000574782653285 3.67733234531e-05
BPM.32R4.B1 11553.27259 0.00765957831513 -0.02319696377 5.3977238003e-05 0.000573422901209
BPM.33R4.B1 11606.72111 0.00950858579687 -0.0225023346295 0.000572791439149 -6.03103118825e-05
BPM.34R4.B1 11660.16962 0.00462867066049 -0.023986322684 -7.7413555656e-05 -0.000570731552508
BPM.33L5.B1 11713.61814 0.00654709984791 -0.0235351599074 -0.000569835787274 8.37527091126e-05
BPM.32L5.B1 11767.06666 0.001523196137 -0.0243813072176 0.000100771213032 0.000567073651185
BPM.31L5.B1 11820.51517 0.00348788207468 -0.024178563789 0.000565922353032 -0.000107047974265
BPM.30L5.B1 11873.96369 -0.00160924827576 -0.0243757787138 -0.000123939651271 -0.000562464518693
BPM.29L5.B1 11927.4122 0.000361022796302 -0.0244261730558 -0.000561056298465 0.000130166079728
BPM.28L5.B1 11980.86072 -0.00471290370626 -0.0239699146058 0.000146887933271 0.000556912302907
BPM.27L5.B1 12034.30924 -0.00276129491133 -0.024272278801 0.000555245468388 -0.000153068070394
BPM.26L5.B1 12087.75775 -0.00804633566534 -0.0231117989453 -0.00016931231988 -0.000238981213422
BPM.25L5.B1 12141.20627 -0.00615533678424 -0.0236856622693 -0.000237092364494 0.000171947357436
BPM.24L5.B1 12194.65478 -0.0109353101966 -0.0218933268206 0.000178963810473 0.000231841822208
BPM.23L5.B1 12248.1033 -0.00913264955468 -0.0227044814911 0.000229837491156 -0.000181530749051
BPM.22L5.B1 12301.55182 -0.0139522668476 -0.020256371063 -0.000188026269976 8.71375302105e-05
BPM.21L5.B1 12355.00033 -0.0122711621861 -0.0213167750349 8.92166346608e-05 0.000187048721214
BPM.20L5.B1 12408.44885 -0.0164277664766 -0.0183061412519 0.000184291870736 -9.47804887776e-05
BPM.19L5.B1 12461.89736 -0.0148977159578 -0.0195715195821 -9.6819271578e-05 -0.000183228985082
BPM.18L5.B1 12515.34588 -0.0186353371322 -0.0160533650339 -0.000180253553256 0.000102252071709
BPM.17L5.B1 12568.79439 -0.0172784523621 -0.017505467802 0.000104243868325 0.000179109043261
BPM.16L5.B1 12622.24291 -0.0205351880626 -0.0135385512731 0.00017590432914 -0.000109565045316
BPM.15L5.B1 12675.69143 -0.019376145307 -0.0151509508728 -0.000111509903872 -0.000174677911988
BPM.14L5.B1 12729.13994 -0.0220987129416 -0.0107996854568 -0.00017126838675 0.000116678933078
BPM.13L5.B1 12782.58846 -0.0211548153062 -0.0125483109865 0.000118570347819 0.000169964425712
BPM.12L5.B1 12836.03697 -0.021886028222 -0.0112244415681 0.000153741244907 -0.000138962080635
BPM.11L5.B1 12889.48549 -0.018259629748 -0.0164794490401 -0.000155572575963 -0.000136908758235
BPM.10L5.B1 12942.2662 -0.0222617319103 -0.0104595225433 -0.000148972399615 0.000144062693436
BPM.9L5.B1 12981.33121 -0.0230539471619 -0.00857332138248 8.24972866122e-05 0.000190107942712
BPM.8L5.B1 13021.79422 -0.0244175843953 0.00296106255686 0.000133301833441 -0.000158674051058
BPMR.7L5.B1 13060.86023 -0.0203761902444 -0.0137766901129 -0.000188756343987 -8.5544572892e-05
BPM.6L5.B1 13097.75423 -0.0191438484496 -0.0154434253157 -0.000155609631881 0.00013686662216
BPMR.5L5.B1 13129.65423 0.00663673579352 -0.0236841731404 0.000119276251018 0.000169469788226
BPMYA.4L5.B1 13157.06023 0.0135433235397 -0.0205320409587 0.000183750204122 9.58263219693e-05
BPMWB.4L5.B1 13178.19473 0.0159486129978 -0.0187250650967 0.000198981761639 5.79058619104e-05
BPMSY.4L5.B1 13270.97473 0.0165719801286 -0.0181756923989 0.000207048316665 -8.8219061138e-06
BPMS.2L5.B1 13297.76023 0.016811940632 -0.0179539665254 0.00020602346779 -2.23753438923e-05
BPMSW.1L5.B1 13307.81423 0.0169126527857 -0.0178591296961 0.000204795184778 -3.17182326975e-05
BPMSW.1R5.B1 13350.76423 0.0169126718881 -0.0178591109127 0.000205611965735 2.58941037056e-05
BPMS.2R5.B1 13360.81823 0.0168119545015 -0.01795395435 0.000206575830441 1.65197564417e-05
BPMSY.4R5.B1 13387.60373 0.0165719842206 -0.0181756886669 0.000207215265673 2.94310254614e-06
BPMWT.A4R5.B1 13478.00823 0.0160845765896 -0.0186084044149 0.000198219051222 -6.04652293055e-05
BPMWT.B4R5.B1 13479.99023 0.0159723322611 -0.0187048368362 0.000197424916911 -6.30097443915e-05
BPMWB.4R5.B1 13480.38373 0.0159486198292 -0.0187250592683 0.000197258557699 -6.35286756289e-05
BPMYA.4R5.B1 13501.51623 0.0135437974507 -0.0205317283779 0.000180960221334 -0.000100996230764
BPM.5R5.B1 13522.63423 0.00861676207149 -0.0230377457725 0.000136961207467 -0.000155526377198
BPMWT.A6R5.B1 13543.69223 -0.00271365696501 -0.024446316391 1.41949884075e-05 -0.000206749447036
BPMWT.B6R5.B1 13549.51423 -0.00878050674926 -0.0229758355793 -4.93127758497e-05 -0.000201283581709
BPMR.6R5.B1 13554.53423 -0.0141360464064 -0.0201285496567 -0.000105695066616 -0.00017825652494
BPM_A.7R5.B1 13588.54823 -0.0223197815235 -0.0103350699978 -0.000204826746486 3.15092696588e-05
BPM.8R5.B1 13629.98722 -0.0226200702822 -0.00966016250685 1.8690684805e-05 0.000206391597718
BPM.9R5.B1 13669.05421 -0.0233922300011 -0.00760196651163 0.000184531026742 -9.43140156157e-05
BPM.10R5.B1 13709.5192 -0.0196742431349 -0.0147617911065 -0.000106449960575 -0.000177806749102
BPM.11R5.B1 13762.30189 -0.0229805240355 -0.00876822871924 -0.000167869896187 0.000121517632823
BPM.12R5.B1 13817.02837 -0.0204145224155 -0.0137198248487 0.000123312352118 0.000166555984728
BPM.13R5.B1 13870.47986 -0.0215547470411 -0.0118481728293 0.000173504315659 -0.000113327342537
BPM.14R5.B1 13923.93134 -0.0205282200354 -0.0135491144162 -0.000115267395766 -0.00017222154495
BPM.15R5.B1 13977.38283 -0.0228934309832 -0.00899317169614 -0.000168686975644 0.000120380810474
BPM.16R5.B1 14030.83431 -0.0220926629566 -0.0108120563595 0.000122262524269 0.000167328139025
BPM.17R5.B1 14084.28579 -0.0238556613843 -0.00599113838533 0.000163572494425 -0.000127243371271
BPM.18R5.B1 14137.73728 -0.0232943885797 -0.00789669424166 -0.000129068530661 -0.000162136197542
BPM.19R5.B1 14191.18876 -0.0244261237741 -0.00288977449692 -0.000158192931428 0.000133872438768
BPM.20R5.B1 14244.64025 -0.0241131605877 -0.0048519898713 0.000135636138842 0.000156683351234
BPM.21R5.B1 14298.09173 -0.0245951107105 0.00025855040446 0.000152529560015 -0.000140291008444
BPM.22R5.B1 14351.54322 -0.0245357369512 -0.00172740599296 -0.000141991215642 -0.000150948087766
BPM.23R5.B1 14404.9947 -0.0243599525932 0.00340279722288 -0.000146622512505 0.000146453652939
BPM.24R5.B1 14458.44618 -0.024531119875 0.00142723473476 0.000148453070167 0.000120989223413
BPM.25R5.B1 14511.89767 -0.0237006764285 0.00648774060721 0.000116466669825 -0.000152027026255
BPM.26R5.B1 14565.34915 -0.024147047824 0.00455334193707 -0.000153321620382 -0.000114757074618
BPM.27R5.B1 14618.80064 -0.0226760766797 0.00946617070521 -0.000110106781016 0.000156694603942
BPM.28R5.B1 14672.25212 -0.0233420069146 0.0076069628185 0.000158284599344 8.43604423315e-05
BPM.29R5.B1 14725.7036 -0.0212548935776 0.0122859541482 7.95601585606e-05 -0.000160750995543
BPM.30R5.B1 14779.15509 -0.0221774032631 0.0105298601272 -0.000161631346049 -7.77560303608e-05
BPM.31R5.B1 14832.60657 -0.0195087222227 0.0149038561259 -7.28713220385e-05 0.00016389163225
BPM.32R5.B1 14886.05806 -0.0206476339013 0.0132812042035 0.000164698606256 7.10285999455e-05
BPM.33R5.B1 14939.50954 -0.017441608264 0.0172773108807 6.60427134352e-05 -0.000166760477245
BPM.34R5.B1 14992.96102 -0.018779670354 0.0158126263392 -0.000167489273347 -6.41719546218e-05
BPM.33L6.B1 15046.41251 -0.0150883293736 0.0193664009702 -5.91160339445e-05 0.000169339861228
BPM.32L6.B1 15099.86399 -0.016601583829 0.0180859775886 0.000169992083578 5.72135053722e-05
BPM.31L6.B1 15153.31548 -0.0124865940165 0.0211376474587 5.20763514183e-05 -0.00017163551547
BPM.30L6.B1 15206.76696 -0.0141526422372 0.0200603561397 -0.000172207852128 -5.01513185107e-05
BPM.29L6.B1 15260.21845 -0.0096802149189 0.0225612191408 -4.49582761769e-05 0.000173635970275
BPM.28L6.B1 15313.66993 -0.0114687555435 0.0217067458782 0.000174128989198 4.30092169292e-05
BPM.27L6.B1 15367.12141 -0.00671422031228 0.0236142841462 3.7756019839e-05 -0.000175343037958
BPM.26L6.B1 15420.5729 -0.00857532639534 0.0229964477185 -0.00017538937645 -5.9770166578e-05
BPM.25L6.B1 15474.02438 -0.00361488832816 0.0242756135454 -5.44756320863e-05 0.000177105368268
BPM.24L6.B1 15527.47587 -0.00556135800937 0.0239048975646 0.000177704452615 5.24884008037e-05
BPM.23L6.B1 15580.92735 -0.000479254855705 0.0245386052059 4.71251673983e-05 -0.000179201355258
BPM.22L6.B1 15634.37883 -0.00243549941069 0.0244212569924 -0.000179352953098 -6.90943695073e-05
BPM.21L6.B1 15687.83032 0.00268694875327 0.0243948715313 -6.36746016052e-05 0.000181347909652
BPM.20L6.B1 15741.2818 0.000710414209879 0.024532116952 0.00018204936512 6.16404925093e-05
BPM.19L6.B1 15794.73329 0.00578616848457 0.023850570319 5.61445909584e-05 -0.000183818668191
BPM.18L6.B1 15848.18477 0.00384114051529 0.0242399482307 -0.000184436868561 -5.40792306483e-05
BPM.17L6.B1 15901.63625 0.00878929475011 0.0229145750375 -4.85113306466e-05 0.000185978949523
BPM.16L6.B1 15955.08774 0.0069121947623 0.0235489068571 0.000186510037997 4.64276389072e-05
BPM.15L6.B1 16008.53922 0.0116488425392 0.0216017110114 4.08066254926e-05 -0.000187819970731
BPM.14L6.B1 16061.99071 0.00986639181568 0.0224718437809 -0.000188266157854 -3.86959486202e-05
BPM.13L6.B1 16115.44219 0.0143162737847 0.0199342357552 -3.30181469126e-05 0.000189344443069
BPM.12L6.B1 16168.89367 0.0126617009776 0.0210240523926 0.000189702006018 3.08977154604e-05
BPM.11L6.B1 16222.34516 0.0158214504479 0.0187619603561 1.92020869086e-05 -0.000191240156746
BPM.10L6.B1 16274.18585 0.0142751368777 0.0199637150235 -0.000192074058953 -7.00572688734e-06
BPM.9L6.B1 16313.25284 0.0216535510772 0.0115521936018 -6.09618841964e-05 0.000182277717702
BPM.8L6.B1 16353.71783 0.0240092758377 0.00508764428072 0.000178059112492 7.23634841501e-05
BPMYA.5L6.B1 16450.80782 0.0198261346584 -0.0144656087211 -3.66168737149e-05 -0.000188681527021
BPMYB.4L6.B1 16487.20782 0.0202513651693 -0.0138640421727 -7.67932043716e-05 -0.000176193930867
BPMSA.B4L6.B1 16519.19832 0.0185828101728 -0.016031488271 -0.000114259516856 -0.000154551871034
BPMSA.A4L6.B1 16519.78332 0.0185470796931 -0.0160728119979 -0.000114960435769 -0.000154031236651
BPMSE.4L6.B1 16616.45832 0.0117662152454 -0.0215380043045 -0.000192193861837 -1.74377202138e-06
BPMSA.4R6.B1 16708.02832 0.0130542773709 -0.0207825718546 -0.000100001936789 0.000164137539795
BPMSB.A4R6.B1 16804.83832 0.0208412779357 -0.0129603466056 8.6681250178e-05 0.000171545553038
BPMSB.B4R6.B1 16805.47332 0.0208751607375 -0.0129057008609 8.75787851342e-05 0.000171089083914
BPMYA.4R6.B1 16830.80782 0.0220002844403 -0.0108773588392 0.000118470083481 0.000151348473718
BPMYB.5R6.B1 16867.20782 0.0220010883997 -0.0108757328239 0.000149181215309 0.000121187918708
BPM.8R6.B1 16962.93481 0.0244125957018 0.00252083746773 3.77455244011e-05 -0.000188459003226
BPM.9R6.B1 17002.0018 0.0235702682486 0.00683899884683 -0.000189120473485 3.42778022489e-05
BPM.10R6.B1 17042.46678 0.0225560058869 -0.00967243759347 2.7330545827e-05 0.000190248684081
BPM.11R6.B1 17094.30747 0.0226540089123 -0.00944062131659 0.000191129472444 2.02742320049e-05
BPM.12R6.B1 17149.03396 0.0220160477325 -0.0108454180538 2.97220539846e-05 -0.000189889764533
BPM.13R6.B1 17202.48544 0.0228635983031 -0.00892106065876 -0.000190310527464 -2.68965320327e-05
BPM.14R6.B1 17255.93693 0.0205142912793 -0.0134719450716 -2.1159985068e-05 0.000191033443028
BPM.15R6.B1 17309.38841 0.0215349122706 -0.0117718734341 0.000191258017515 1.90234096595e-05
BPM.16R6.B1 17362.83989 0.0186222552571 -0.0159856516776 1.32750134769e-05 -0.000191742776119
BPM.17R6.B1 17416.29138 0.0198514246576 -0.014430883207 -0.000191879741078 -1.11211312133e-05
BPM.18R6.B1 17469.74286 0.0164243428548 -0.0182365131616 -5.34600007142e-06 0.000192127408125
BPM.19R6.B1 17523.19435 0.017843060126 -0.016850954168 0.000192175177346 3.19734069825e-06
BPM.20R6.B1 17576.64583 0.013956325747 -0.0201878780994 -2.57315581996e-06 -0.000192184543108
BPM.21R6.B1 17630.09731 0.0155396938198 -0.0189959829189 -0.000192143548802 4.72990106423e-06
BPM.22R6.B1 17683.5488 0.0112592670086 -0.0218073005489 1.05040166779e-05 0.000191914530919
BPM.23R6.B1 17737.00028 0.0129832123822 -0.0208270412409 0.000191784981298 -1.26506563455e-05
BPM.24R6.B1 17790.45177 0.00836376475446 -0.0230660461944 -1.83897811149e-05 -0.000178026206016
BPM.25R6.B1 17843.90325 0.0101975925591 -0.0223160066885 -0.000177808776338 2.03850238801e-05
BPM.26R6.B1 17897.35474 0.00534458486646 -0.0239464080931 2.57194334204e-05 0.000177115850688
BPM.27R6.B1 17950.80622 0.00726052045443 -0.0234367209738 0.000176816715053 -2.77012603319e-05
BPM.28R6.B1 18004.2577 0.00222392600251 -0.0244308961447 -3.29854898047e-05 -0.000162612655739
BPM.29R6.B1 18057.70919 0.00418795938764 -0.0241717920181 -0.000162232884427 3.48053564565e-05
BPM.30R6.B1 18111.16067 -0.000919304648939 -0.0245146774821 3.96639874062e-05 0.00016111389772
BPM.31R6.B1 18164.61216 0.00106287374635 -0.0245088725249 0.000160659187956 -4.14673583161e-05
BPM.32R6.B1 18218.06364 -0.00404827307763 -0.0241955784843 -4.62755379845e-05 -0.000159340802328
BPM.33R6.B1 18271.51512 -0.00208273239716 -0.0244433377202 -0.000158812804496 4.80563336839e-05
BPM.34R6.B1 18324.96661 -0.00710982442991 -0.023479031709 5.28053833785e-05 0.000157297510404
BPM.33L7.B1 18378.41809 -0.00519110856112 -0.0239763826515 0.000156695172198 -5.45667812431e-05
BPM.32L7.B1 18431.86958 -0.010055445425 -0.0223763837587 -5.92505857369e-05 -0.000154984777495
BPM.31L7.B1 18485.32106 -0.00821703975838 -0.0231148175552 -0.000154312433901 6.09802498766e-05
BPM.30L7.B1 18538.77254 -0.0128349533349 -0.0209064225928 6.55877995189e-05 0.000152411159339
BPM.29L7.B1 18592.22403 -0.0111053132593 -0.0218743354384 0.000151665057611 -6.72950662113e-05
BPM.28L7.B1 18645.67551 -0.0154043517903 -0.0190924194198 -7.18223179551e-05 -0.000149574286146
BPM.27L7.B1 18699.127 -0.0138134259061 -0.0202732285989 -0.000148762379041 7.34892430205e-05
BPM.26L7.B1 18752.57848 -0.0177329487286 -0.0169627908455 7.79385522506e-05 0.000159780449457
BPM.25L7.B1 18806.02997 -0.0163057144308 -0.0183389591143 0.000158894365099 -7.97295065974e-05
BPM.24L7.B1 18859.48145 -0.0197574727198 -0.0145545874449 -8.44687209136e-05 -0.000156426481009
BPM.23L7.B1 18912.93293 -0.0185185093564 -0.0161015078669 -0.00015547370513 8.62098442128e-05
BPM.22L7.B1 18966.38442 -0.0214699613881 -0.0119053268912 9.08547102144e-05 0.000166107021595
BPM.21L7.B1 19019.8359 -0.0204388351618 -0.0135996348261 0.000165074438475 -9.27176092319e-05
BPM.20L7.B1 19073.28739 -0.0228166544142 -0.00906070258603 -9.76368305273e-05 -0.000162213360456
BPM.19L7.B1 19126.73887 -0.0220110362963 -0.010872457457 -0.000161114083053 9.94402970816e-05
BPM.18L7.B1 19180.19035 -0.0237882562077 -0.00606752969116 0.000104234390541 0.000158054778392
BPM.17L7.B1 19233.64184 -0.0232208467146 -0.00796795631332 0.000156871606468 -0.000106006683166
BPM.16L7.B1 19287.09332 -0.0243690049541 -0.00297449955264 -0.00011067292676 -0.000153615193354
BPM.15L7.B1 19340.54481 -0.0240494678736 -0.00493144451589 -0.00015237146692 0.000112379086341
BPM.14L7.B1 19393.99629 -0.0245492972153 0.00016749995198 0.000116905297808 0.000148927071443
BPM.13L7.B1 19447.44777 -0.0244827094934 -0.00181465862139 0.000147601613807 -0.000118574395618
BPM.12L7.B1 19500.89926 -0.0243294721554 0.00328219967113 -0.000123042073567 -0.000143898465995
BPM.11L7.B1 19554.35074 -0.0245259938245 0.00108244026228 -0.000143017252691 0.000124065248045
BPM.10L7.B1 19607.13343 -0.0227124493101 0.00931883556892 0.00011172038762 0.000152855088096
BPM.9L7.B1 19646.20042 -0.0217364508806 0.0114115184584 0.000187990712109 -2.24857980256e-05
BPM.8L7.B1 19686.66541 -0.00726844715496 0.0234492158898 -1.46881343615e-05 -0.000188760111253
BPM.7L7.B1 19725.7314 -0.00570595476627 0.0238775654178 -0.000165441956695 -9.20602054861e-05
BPM.6L7.B1 19760.5494 -0.00854126432212 0.0230161433343 -0.000185616224284 3.73195131386e-05
BPMWC.6L7.B1 19772.6519 -0.0132341030105 0.0206773926766 -0.00016547809858 9.19952317307e-05
BPMWE.5L7.B1 19849.7059 -0.00111770726316 0.0245244119274 0.0001344280182 0.000133323753059
BPMW.5L7.B1 19872.9109 0.0116118803726 0.0216300782387 0.000188395535459 1.87949488733e-05
BPMWE.4L7.B1 19907.9959 0.0125910000929 0.0210751694347 0.000175836146143 -7.01981058132e-05
BPMW.4L7.B1 19936.1009 0.0043194387362 0.0241668884844 0.000116451830766 -0.000149281921177
BPMW.4R7.B1 20052.1479 0.00982300450307 0.0224989918128 -0.000188287472228 -1.9848051354e-05
BPMWE.4R7.B1 20080.2529 0.0178632526125 0.0168404352119 -0.000170563954551 8.21830204787e-05
BPMW.5R7.B1 20115.3379 0.0178911293238 0.0168108161856 -0.000123294230602 0.000143682479906
BPMWE.5R7.B1 20138.5429 0.0117085201121 0.0215779194281 -4.84763218961e-05 0.000183019581262
BPMR.6R7.B1 20217.7584 -9.5109048236e-05 0.0245496844016 0.000186787843826 3.09261047098e-05
BPM_A.7R7.B1 20255.7944 0.00481464804274 0.0240731222383 0.00014710004893 -0.000119196049695
BPM.8R7.B1 20294.86039 0.0136649875583 0.0203951995659 -5.2737272883e-05 -0.000181837566036
BPM.9R7.B1 20333.92738 0.0233731763016 0.00750937275573 -0.000187915358077 2.31072320912e-05
BPM.10R7.B1 20374.39237 0.0244378101067 0.00234296546621 -6.11199108124e-05 0.000179193955789
BPM.11R7.B1 20427.17506 0.024522845937 -0.00115155424254 0.000172997631747 7.6928157725e-05
BPM.12R7.B1 20481.90154 0.0245497995828 5.82268171774e-05 7.25124481804e-05 -0.000174894446393
BPM.13R7.B1 20535.35303 0.0239289501254 -0.00548647391449 -0.00017793965527 -6.46807489469e-05
BPM.14R7.B1 20588.80451 0.0242937352563 -0.00353701530934 -6.2674950326e-05 0.000178656018936
BPM.15R7.B1 20642.25599 0.0230306493703 -0.00850207266825 0.000180456967249 5.72835542628e-05
BPM.16R7.B1 20695.70748 0.0236416283028 -0.00661584925672 5.5266326533e-05 -0.000181084953079
BPM.17R7.B1 20749.15896 0.0217534118963 -0.0113791529104 -0.00018266481505 -4.97964599801e-05
BPM.18R7.B1 20802.61045 0.0226010488414 -0.00958585632026 -4.7738954771e-05 0.000183213311686
BPM.19R7.B1 20856.06193 0.0201195451996 -0.0140676917404 0.000184563793228 4.2217628632e-05
BPM.20R7.B1 20909.51341 0.0211890578034 -0.012398382127 4.01543993147e-05 -0.000185023638699
BPM.21R7.B1 20962.9649 0.0181538102224 -0.0165268032163 -0.000186147317246 -3.45730500768e-05
BPM.22R7.B1 21016.41638 0.0194288737582 -0.0150071620934 -3.24786624013e-05 0.00018652414412
BPM.23R7.B1 21069.86787 0.0158914536991 -0.0187125024802 0.000187415107385 2.68644409514e-05
BPM.24R7.B1 21123.31935 0.0173314904383 -0.0173704016177 2.44936983035e-05 -0.000169716751177
BPM.25R7.B1 21176.77083 0.0133481057271 -0.0205897908356 -0.000170376350553 -1.93806819909e-05
BPM.26R7.B1 21230.22232 0.0149669653882 -0.0194448286201 -1.74663049508e-05 0.000170583239856
BPM.27R7.B1 21283.6738 0.0106057652507 -0.0221275655429 0.000171030783197 1.23362140417e-05
BPM.28R7.B1 21337.12529 0.0123385393293 -0.0212008405088 1.01480050974e-05 -0.000153171471216
BPM.29R7.B1 21390.57677 0.00766879195241 -0.0233003180425 -0.000153407271913 -5.53994228468e-06
BPM.30R7.B1 21444.02826 0.00952507873882 -0.0226050451374 -3.81845174624e-06 0.000153459772454
BPM.31R7.B1 21497.47974 0.00462646545031 -0.0240896452446 0.000153505224168 -7.92551352702e-07
BPM.32R7.B1 21550.93122 0.00655491741247 -0.0236378562561 -2.510568273e-06 -0.000153486746812
BPM.33R7.B1 21604.38271 0.0015052695838 -0.024483654837 -0.000153342034067 7.12127878941e-06
BPM.34R7.B1 21657.83419 0.00347729191132 -0.0242821669445 8.84017022689e-06 0.000153252528975
BPM.33L8.B1 21711.28568 -0.0016377365908 -0.0244751508638 0.000152917752384 -1.34404128807e-05
BPM.32L8.B1 21764.73716 0.000342195732069 -0.0245274966661 -1.5152092568e-05 -0.000152757649234
BPM.31L8.B1 21818.18864 -0.0047567418499 -0.024064259763 -0.000152233575824 1.97339222219e-05
BPM.30L8.B1 21871.64013 -0.00279812119585 -0.024369770377 2.14385916835e-05 0.000152002855724
BPM.29L8.B1 21925.09161 -0.00779477699489 -0.0232584746297 0.000151289937593 -2.59969688146e-05
BPM.28L8.B1 21978.5431 -0.00589292016244 -0.0238115241525 -2.76904936684e-05 -0.000150989138011
BPM.27L8.B1 22031.99458 -0.0107073315617 -0.022069622582 -0.000150089487957 3.22121957993e-05
BPM.26L8.B1 22085.44606 -0.00890826666333 -0.0228632951245 3.36169274966e-05 0.000167705879111
BPM.25L8.B1 22138.89755 -0.0134592743813 -0.0205167105726 0.000166619445234 -3.86434363156e-05
BPM.24L8.B1 22192.34903 -0.0117601533348 -0.0215356976298 -4.05089093849e-05 -0.000166175768041
BPM.23L8.B1 22245.80052 -0.0159743102752 -0.0186254903497 -0.000164884858259 4.54790724788e-05
BPM.22L8.B1 22299.252 -0.0144361967522 -0.0198556821395 4.70475969111e-05 0.000182352266715
BPM.21L8.B1 22352.70349 -0.0182427153913 -0.0164272707721 0.000180854850603 -5.25104682479e-05
BPM.20L8.B1 22406.15497 -0.0168578688428 -0.0178455638122 -5.45356561392e-05 -0.000180254505125
BPM.19L8.B1 22459.60645 -0.0201949489802 -0.0139576475848 -0.000178536882609 5.99200379533e-05
BPM.18L8.B1 22513.05794 -0.0190021096461 -0.0155425776273 6.19142749704e-05 0.000177855127999
BPM.17L8.B1 22566.50942 -0.0218141485062 -0.0112603203524 0.000175912018109 -6.72368226964e-05
BPM.16L8.B1 22619.96091 -0.0208344208015 -0.0129837898833 -6.92058991512e-05 -0.000175146700131
BPM.15L8.B1 22673.41239 -0.0230756643936 -0.00837649106799 -0.000172991752027 7.44290108541e-05
BPM.14L8.B1 22726.86387 -0.022324132999 -0.0102120015522 7.63601933009e-05 0.000172148036017
BPM.13L8.B1 22780.31536 -0.0239575251792 -0.00535619987471 0.000169772366857 -8.15056515377e-05
BPM.12L8.B1 22833.76684 -0.0245212404768 -0.00116647131003 -0.000112014900831 -0.00015138852174
BPM.11L8.B1 22887.21833 -0.0235199578038 0.00703302743206 -0.000131074441751 0.000135223194478
BPM.10L8.B1 22939.05902 -0.0245324811514 -0.00089958803693 0.000119515019318 0.000145540327668
BPM.9L8.B1 22978.126 -0.0244029722207 -0.00267335681499 0.000162740351104 -9.47702568296e-05
BPM.8L8.B1 23018.59099 -0.0239315966748 0.00547088386822 -0.000181835445063 4.90070719122e-05
BPM.7L8.B1 23057.65898 -0.016295512395 0.0183605055879 -1.03630819984e-05 0.00018803839952
BPMR.6L8.B1 23090.12798 -0.00999084282212 0.022423981567 0.000107270266531 0.000154786665461
BPM.5L8.B1 23150.54698 -0.0141016538949 0.0200946571997 -0.000163637441203 9.32127544473e-05
BPMYB.4L8.B1 23171.31398 -0.0172573908167 0.0174595061236 -0.000120481012795 0.000144741719118
BPMWB.4L8.B1 23195.70548 -0.0163472864286 0.0183144237275 -8.56541601749e-05 0.000167717588526
BPMSX.4L8.B1 23245.93848 -0.0167115836955 0.0179826266153 -3.30559574427e-05 0.000185399923974
BPMS.2L8.B1 23283.84998 -0.0164881094397 0.018187746974 9.34825174556e-07 0.000188321472686
BPMSW.1L8.B1 23293.78398 -0.0162832418802 0.0183713886202 1.75798250505e-05 0.000187501427366
BPMSW.1R8.B1 23336.97398 -0.0162835189617 0.0183711430608 -8.33800551163e-05 0.00016885962617
BPMS.2R8.B1 23346.90798 -0.0164882953402 0.0181875784287 -6.81259493589e-05 0.00017556959164
BPMSX.4R8.B1 23384.81948 -0.0167115913331 0.0179826195412 -3.53334507085e-05 0.000184979389656
BPMWB.4R8.B1 23434.97648 -0.0163457855925 0.0183157632424 2.00036396063e-05 0.000187258315066
BPMYB.4R8.B1 23459.44398 -0.0172777892348 0.0174393201743 6.08915037577e-05 0.000178207907159
BPMYB.5R8.B1 23480.02098 -0.01573370986 0.0188441572815 0.000110232889844 0.00015269098766
BPM.6R8.B1 23564.12898 0.0142957654841 0.0199570283141 -0.000166916754808 -8.72044807892e-05
BPM_A.7R8.B1 23586.36898 0.0103952635608 0.0222393881514 -0.000188238303723 -5.67107466844e-06
BPM.8R8.B1 23627.80599 -0.00394547100027 0.0242298400371 -2.88177445408e-05 0.000186105789134
BPM.9R8.B1 23666.871 -0.0100262192803 0.0224081863897 0.00017414989375 -7.16772990447e-05
BPM.10R8.B1 23707.33402 0.00320817015799 0.0243384373768 -0.000120568012144 -0.0001446692213
BPM.11R8.B1 23759.17273 -0.0146878144957 0.0196702820526 -8.14486193257e-05 0.000169799742553
BPM.12R8.B1 23813.89624 -0.0121997945632 0.0213029787211 0.000171722800256 7.73117722034e-05
BPM.13R8.B1 23867.34476 -0.014544066103 0.0197768053573 7.11097764557e-05 -0.000174382417427
BPM.14R8.B1 23920.79327 -0.0101239993434 0.0223641795508 -0.0001764313265 -6.58620222369e-05
BPM.15R8.B1 23974.24179 -0.0118952229481 0.0214745328538 -6.39054544265e-05 0.000177149424946
BPM.16R8.B1 24027.69031 -0.00717849109108 0.0234759697412 0.000178983037889 5.85738905676e-05
BPM.17R8.B1 24081.13882 -0.00905012686635 0.0228198837406 5.658223165e-05 -0.000179622596105
BPM.18R8.B1 24134.58734 -0.004118120119 0.0242010945373 -0.000181235097454 -5.11826998063e-05
BPM.19R8.B1 24188.03585 -0.00605702151291 0.0237900058856 -4.91719097856e-05 0.000181790947272
BPM.20R8.B1 24241.48437 -0.000986791508289 0.0245291282414 0.000183181181828 4.37089980949e-05
BPM.21R8.B1 24294.93289 -0.00296372581937 0.0243694115425 4.16735861519e-05 -0.000183654939954
BPM.22R8.B1 24348.3814 0.00215735439421 0.0244539917296 -0.000184819825077 -3.61588943905e-05
BPM.23R8.B1 24401.82992 0.000177656669718 0.0245483263849 -3.41074063913e-05 0.000185209364419
BPM.24R8.B1 24455.27843 0.00551663665362 0.0239296129771 0.000185901985857 -0.000224308724033
BPM.25R8.B1 24508.72695 0.00356564951672 0.0242970327564 -0.000226358050721 -0.000183401157376
BPM.26R8.B1 24562.17546 0.0085308592122 0.0230278982669 -0.000176539402867 0.000231749402556
BPM.27R8.B1 24615.62398 0.00664652108953 0.0236407151869 0.000233691153607 0.000173960902047
BPM.28R8.B1 24669.0725 0.0116552243616 0.021700051652 0.000166669759377 -0.000491654321462
BPM.29R8.B1 24722.52101 0.00986342434325 0.022570984852 -0.000493478251351 -0.000161189325201
BPM.30R8.B1 24775.96953 0.0143343109374 0.0200315757494 -0.000146314404667 0.000498091234548
BPM.31R8.B1 24829.41804 0.0126733022945 0.0211216454352 0.000499676734645 0.000140804613886
BPM.32R8.B1 24882.86656 0.0167797096252 0.0180326881451 0.000125829509612 -0.000503656357062
BPM.33R8.B1 24936.31508 0.0152679461681 0.0193294158493 -0.000505027529087 -0.000120208064947
BPM.34R8.B1 24989.76359 0.0189481034142 0.0157386744994 -0.00010499435583 0.000508408280674
BPM.33L1.B1 25043.21211 0.0176176396094 0.0172149723176 0.000509534821254 9.93833928075e-05
BPM.32L1.B1 25096.66062 0.0208060115025 0.0131850817759 8.41410667268e-05 -0.000512272466045
BPM.31L1.B1 25150.10914 0.0196731272938 0.0148224343327 -0.000513179993181 -7.84160828249e-05
BPM.30L1.B1 25203.55766 0.0223215566558 0.0104155943186 -6.29703663019e-05 0.000515303323449
BPM.29L1.B1 25257.00617 0.0214089035029 0.0121817629214 0.000515965107461 5.72955892649e-05
BPM.28L1.B1 25310.45469 0.0234705993763 0.00747445395163 4.18838719051e-05 -0.000517444233068
BPM.27L1.B1 25363.9032 0.0227905000075 0.00934503110663 -0.000517880244432 -3.60948902327e-05
BPM.26L1.B1 25417.35172 0.0244827510244 0.00436393080481 -2.08142845657e-05 0.000265882875136
BPM.25L1.B1 25470.80023 0.0240508301966 0.00632507364284 0.00026609646394 1.7877522277e-05
BPM.24L1.B1 25524.24875 0.0248398498523 0.0011961810615 9.92056255331e-06 -0.000266511767263
BPM.23L1.B1 25577.69727 0.0246622847839 0.00319698279242 -0.000266605741201 -6.9505754677e-06
BPM.22L1.B1 25631.14578 0.0250378371405 -0.00203842140731 7.8273606262e-07 1.38117048938e-05
BPM.21L1.B1 25684.5943 0.0251206752096 -1.1285687523e-05 1.38021814791e-05 -9.35810923799e-07
BPM.20L1.B1 25738.04281 0.0245713697112 -0.00522458046358 -1.3484560482e-06 -1.37679899488e-05
BPM.19L1.B1 25791.49133 0.0249128487283 -0.00322465791585 -1.37521958493e-05 1.50108220268e-06
BPM.18L1.B1 25844.93985 0.0237012088597 -0.00832473116519 1.91195119428e-06 1.3701107431e-05
BPM.17L1.B1 25898.38836 0.0242956929061 -0.0063849633239 1.36790781988e-05 -2.06374163163e-06
BPM.16L1.B1 25951.83688 0.022441553303 -0.0112882742595 -2.47219103981e-06 -1.36111899881e-05
BPM.15L1.B1 26005.28539 0.0232793150634 -0.00944044176054 -1.35829306651e-05 2.62299840739e-06
BPM.14L1.B1 26058.73391 0.0208132543903 -0.0140661612472 3.02830420788e-06 1.34983524924e-05
BPM.13L1.B1 26112.18243 0.0218804698282 -0.0123407248982 1.34639552462e-05 -3.17778956687e-06
BPM.12L1.B1 26165.63094 0.0210805327875 -0.0136623419467 -4.8415855215e-06 -1.29589883565e-05
BPM.11L1.B1 26219.07946 0.02388708133 -0.00777533252897 -1.23229606929e-05 6.28656960259e-06
BPM.10L1.B1 26271.86017 0.0205950727485 -0.014383720971 5.2761237455e-06 1.27882260285e-05
BPM.9L1.B1 26310.92518 0.0193282258318 -0.0160458136814 1.38267513362e-05 -4.4385095143e-07
BPM.8L1.B1 26351.38819 0.00981049278483 -0.0231258012128 -6.56756692148e-06 -1.21755119794e-05
BPMR.7L1.B1 26390.4542 0.0225718959608 -0.0110253327868 -9.95167634672e-06 9.60939949578e-06
BPM.6L1.B1 26433.6382 0.0250179903891 -0.00226905427836 8.76868759935e-06 1.06998260928e-05
BPMR.5L1.B1 26465.5382 0.0160103616915 0.0193576023554 1.2882739068e-05 -5.04095668353e-06
BPMYA.4L1.B1 26486.6562 0.0112828936694 0.0224442589702 1.04664088365e-05 -9.04602034075e-06
BPMWB.4L1.B1 26507.7887 0.00845885245707 0.0236536734057 8.48805058183e-06 -1.09237906987e-05
BPMSY.4L1.B1 26600.5687 0.00765505972317 0.023925896239 4.54542453702e-06 -1.3065798376e-05
BPMS.2L1.B1 26627.3542 0.00733656199176 0.0240254720873 3.67915270786e-06 -1.33356778844e-05
BPMSW.1L1.B1 26637.4082 0.00720130964383 0.0240663580753 3.06925970457e-06 -1.34891454703e-05
