x[mm]	y[mm]	ampx_meas[mm]	ampy_meas[mm]	p2p_x[m]	p2p_y[m]
0.4	0.4	0.3896025	0.202527	0.000775627	0.000404655
0.4	0.6	0.3902335	0.288961	0.000782055	0.00057834
0.4	0.8	0.393043	0.374544	0.000787133	0.000749132
0.4	1.0	0.3973435	0.459535	0.000792817	0.000919964
0.4	1.2	0.4020155	0.5460755	0.000803816	0.001090074
0.4	1.4	0.40961	0.6303405	0.000821551	0.001260731
0.4	1.6	0.4218665	0.7138285	0.000848558	0.001430615
0.4	1.8	0.4430655	0.797635	0.000896831	0.001593807
0.4	2.0	0.4782555	0.88026	0.000960348	0.001764171
0.4	2.2	0.5224865	0.9636025	0.001060705	0.001929823
0.4	2.4	0.5946525	1.0475255	0.001183639	0.002094292
0.4	2.6	0.6778655	1.1317125	0.001359116	0.0022588
0.4	2.8	0.7810225	1.214624	0.001556183	0.002429175
0.4	3.0	0.8917115	1.297796	0.001780659	0.002588647
0.4	3.2	1.011724	1.3808705	0.002032194	0.002757237
0.4	3.4	1.1396255	1.457168	0.002275022	0.002913005
0.4	3.6	1.275423	1.5453635	0.002555154	0.00309052

0.6	0.4	0.5825635	0.2176195	0.001161215	0.000435277
0.6	0.6	0.5835975	0.3043425	0.0011621	0.000609288
0.6	0.8	0.5848605	0.391492	0.001170914	0.000781408
0.6	1.0	0.586726	0.4760065	0.001174294	0.000953759
0.6	1.2	0.5929205	0.5639895	0.0011798	0.001126564
0.6	1.4	0.597634	0.648151	0.001194105	0.001299908
0.6	1.6	0.603057	0.732088	0.001212094	0.001470553
0.6	1.8	0.621237	0.8198165	0.001244343	0.001632258
0.6	2.0	0.631089	0.9018175	0.001284046	0.001807465
0.6	2.2	0.676463	0.986159	0.001343199	0.001972601
0.6	2.4	0.716455	1.066775	0.001416498	0.00213049
0.6	2.6	0.767042	1.1489225	0.001545722	0.002299701
0.6	2.8	0.8391285	1.2317075	0.001680072	0.002464593
0.6	3.0	0.9217435	1.3137875	0.001847125	0.002623636
0.6	3.2	1.019385	1.3916035	0.002046366	0.002791592
0.6	3.4	1.1298015	1.473796	0.002255512	0.002940572
0.6	3.6	1.2536925	1.5566845	0.0025098	0.003113417

0.8	0.4	0.769671	0.231808	0.00154614	0.000463729
0.8	0.6	0.7728115	0.319588	0.001550342	0.00063923
0.8	0.8	0.777572	0.406225	0.001553357	0.000814582
0.8	1.0	0.7778065	0.4930265	0.001556538	0.000980652
0.8	1.2	0.777299	0.578977	0.001566913	0.00116138
0.8	1.4	0.784429	0.665664	0.001572882	0.001329298
0.8	1.6	0.79108	0.752328	0.001578476	0.001501807
0.8	1.8	0.809208	0.8406795	0.001609896	0.00168103
0.8	2.0	0.8292295	0.9262435	0.001659326	0.001848223
0.8	2.2	0.8354295	1.006967	0.001706282	0.00201798
0.8	2.4	0.872556	1.0928355	0.001758049	0.002185573
0.8	2.6	0.918494	1.1745365	0.001834868	0.0023495
0.8	2.8	0.968152	1.2561815	0.0019373	0.002512332
0.8	3.0	1.031871	1.3366845	0.002068697	0.002670307
0.8	3.2	1.1118755	1.4135865	0.002214442	0.002832631
0.8	3.4	1.1974915	1.4963325	0.002390118	0.002987197
0.8	3.6	1.2867965	1.570561	0.002600229	0.003154289

1.0	0.4	0.963813	0.2443845	0.001930348	0.000491625
1.0	0.6	0.962211	0.3318135	0.001928383	0.000663159
1.0	0.8	0.96083	0.4178555	0.001915396	0.000839285
1.0	1.0	0.9644285	0.505368	0.001937305	0.001014723
1.0	1.2	0.973451	0.5984705	0.001947486	0.001198757
1.0	1.4	0.978255	0.6881335	0.00196191	0.001376544
1.0	1.6	0.9859575	0.775673	0.001973478	0.001548752
1.0	1.8	0.9967125	0.863344	0.001990739	0.001723235
1.0	2.0	1.013218	0.949886	0.002026865	0.001897345
1.0	2.2	1.03623	1.0314335	0.002054107	0.002060115
1.0	2.4	1.0560295	1.1187195	0.002113784	0.002231012
1.0	2.6	1.091506	1.198667	0.00216373	0.002401127
1.0	2.8	1.127744	1.2803535	0.002263112	0.002562595
1.0	3.0	1.1829075	1.3621675	0.002363517	0.002727993
1.0	3.2	1.2347785	1.439264	0.00246447	0.002868909
1.0	3.4	1.3174795	1.523181	0.002632995	0.003040424
1.0	3.6	1.3949935	1.598157	0.00278464	0.003197897

1.2	0.4	1.1536075	0.255121	0.002311312	0.000512872
1.2	0.6	1.1557135	0.346167	0.002309605	0.000689312
1.2	0.8	1.157988	0.435837	0.002314762	0.000870979
1.2	1.0	1.1539815	0.525522	0.002309781	0.001049388
1.2	1.2	1.15881	0.615959	0.002318301	0.001233994
1.2	1.4	1.166115	0.7049125	0.002339388	0.00140829
1.2	1.6	1.173477	0.794553	0.002343615	0.001592247
1.2	1.8	1.1839455	0.883418	0.002373144	0.001764074
1.2	2.0	1.1924895	0.969644	0.002379515	0.001944494
1.2	2.2	1.2201415	1.060841	0.002437584	0.002115873
1.2	2.4	1.2396945	1.143188	0.002484976	0.002288333
1.2	2.6	1.2746885	1.226017	0.002531603	0.002451388
1.2	2.8	1.2906845	1.3102655	0.002618377	0.002611253
1.2	3.0	1.347736	1.3819	0.002708425	0.002784977
1.2	3.2	1.3992125	1.4716935	0.00278999	0.002943582
1.2	3.4	1.463373	1.5517555	0.002911608	0.003098243
1.2	3.6	1.52977	1.630083	0.003055033	0.003259408

1.4	0.4	1.342818	0.2695575	0.002691721	0.000539638
1.4	0.6	1.3471025	0.359917	0.002691117	0.000720209
1.4	0.8	1.3485555	0.4483045	0.002692715	0.00090058
1.4	1.0	1.3481865	0.539807	0.002699762	0.001082009
1.4	1.2	1.353282	0.6316485	0.002709401	0.001262887
1.4	1.4	1.354879	0.7234075	0.002709673	0.001447711
1.4	1.6	1.3601405	0.8134515	0.002707739	0.001621888
1.4	1.8	1.367544	0.905341	0.00273725	0.001810501
1.4	2.0	1.384595	0.995447	0.002774789	0.001990937
1.4	2.2	1.4051205	1.085451	0.002807829	0.00216934
1.4	2.4	1.428663	1.17195	0.002848803	0.002344354
1.4	2.6	1.452579	1.254892	0.002917461	0.002512686
1.4	2.8	1.469185	1.3384355	0.002963238	0.002650793
1.4	3.0	1.532462	1.4156715	0.00304418	0.002841707
1.4	3.2	1.5675545	1.498424	0.00314463	0.003000071
1.4	3.4	1.619825	1.5788195	0.003250691	0.003159185
1.4	3.6	1.6815185	1.658939	0.003370217	0.003312465

1.6	0.4	1.5365565	0.279283	0.003070863	0.000558658
1.6	0.6	1.533264	0.3706095	0.003074406	0.000740822
1.6	0.8	1.5369615	0.4624675	0.003064869	0.000924714
1.6	1.0	1.5403675	0.5514755	0.003077274	0.00110439
1.6	1.2	1.536252	0.6469765	0.003075693	0.001295227
1.6	1.4	1.547565	0.7404855	0.003089097	0.001478769
1.6	1.6	1.5524445	0.831837	0.003104227	0.001670604
1.6	1.8	1.545747	0.9285185	0.003101796	0.00185669
1.6	2.0	1.570297	1.018656	0.003150825	0.002025743
1.6	2.2	1.5845585	1.107536	0.003151542	0.002222239
1.6	2.4	1.6104235	1.1982765	0.003226039	0.00239753
1.6	2.6	1.6266595	1.2733245	0.003274696	0.002555362
1.6	2.8	1.663591	1.3689035	0.003331951	0.002735433
1.6	3.0	1.7039225	1.4488575	0.003411057	0.002896741
1.6	3.2	1.7418045	1.532048	0.003486958	0.00306558
1.6	3.4	1.8013815	1.6097985	0.003591753	0.003225644
1.6	3.6	1.8555645	1.6870815	0.003696639	0.003385845

1.8	0.4	1.7244485	0.291182	0.003442377	0.000580848
1.8	0.6	1.722044	0.3815765	0.003451448	0.000763544
1.8	0.8	1.7249015	0.474183	0.003444656	0.000948507
1.8	1.0	1.727342	0.5691235	0.003455194	0.001135279
1.8	1.2	1.728491	0.6619895	0.003456196	0.001314417
1.8	1.4	1.7342735	0.7549985	0.00346529	0.001507323
1.8	1.6	1.737456	0.8502575	0.003446728	0.00170698
1.8	1.8	1.745385	0.950814	0.003489586	0.001899944
1.8	2.0	1.753468	1.0390905	0.003483069	0.002083023
1.8	2.2	1.780812	1.1346655	0.003548091	0.002263907
1.8	2.4	1.8008665	1.224576	0.003595627	0.002452441
1.8	2.6	1.8321205	1.3138605	0.003647574	0.00262984
1.8	2.8	1.851915	1.3959635	0.003689455	0.00279732
1.8	3.0	1.884635	1.48456	0.00377934	0.002967086
1.8	3.2	1.911357	1.562104	0.003856726	0.003109668
1.8	3.4	1.9710965	1.642381	0.00397425	0.003288647
1.8	3.6	2.0232125	1.724602	0.004055981	0.00344963

2.0	0.4	1.9145005	0.300113	0.003818378	0.000596612
2.0	0.6	1.914476	0.3929415	0.003829971	0.000778636
2.0	0.8	1.913397	0.4869175	0.00382918	0.000973996
2.0	1.0	1.915715	0.5812105	0.003829272	0.00115807
2.0	1.2	1.9106045	0.676806	0.003818439	0.001352434
2.0	1.4	1.914404	0.776538	0.003837394	0.001552797
2.0	1.6	1.9229295	0.874399	0.003850762	0.001751701
2.0	1.8	1.9323435	0.974313	0.003868123	0.001947965
2.0	2.0	1.9462295	1.07005	0.003897247	0.002138798
2.0	2.2	1.9498445	1.1673475	0.003936876	0.002328502
2.0	2.4	1.982971	1.25544	0.003957029	0.002511057
2.0	2.6	1.998796	1.345506	0.00401171	0.002680901
2.0	2.8	2.036245	1.4299715	0.004069059	0.002861771
2.0	3.0	2.0706375	1.504259	0.004170817	0.00303856
2.0	3.2	2.129005	1.600093	0.004238523	0.003202504
2.0	3.4	2.186767	1.659335	0.004343742	0.003351474
2.0	3.6	2.2083	1.7482575	0.004404688	0.003500388

2.2	0.4	2.101956	0.3108255	0.004209654	0.000622466
2.2	0.6	2.1029045	0.403669	0.004209571	0.000806334
2.2	0.8	2.1002855	0.498422	0.004205745	0.000998567
2.2	1.0	2.0989955	0.593155	0.004205496	0.001190526
2.2	1.2	2.103816	0.6946965	0.004215709	0.001388901
2.2	1.4	2.1069595	0.795946	0.004216655	0.001591111
2.2	1.6	2.1060135	0.893196	0.00422793	0.001791183
2.2	1.8	2.1072155	0.992315	0.004208842	0.001985582
2.2	2.0	2.1348995	1.0998465	0.004264847	0.002195375
2.2	2.2	2.148622	1.196314	0.004307607	0.002393814
2.2	2.4	2.175238	1.285822	0.004351909	0.002578652
2.2	2.6	2.2060745	1.371845	0.004397878	0.002762926
2.2	2.8	2.23211	1.4653025	0.004472171	0.002934292
2.2	3.0	2.264864	1.551112	0.004523491	0.003101968
2.2	3.2	2.292839	1.6232955	0.004628973	0.003260064
2.2	3.4	2.3538525	1.71561	0.004713751	0.003431176
2.2	3.6	2.419197	1.789769	0.004828134	0.003566772

2.4	0.4	2.292892	0.3242545	0.004585352	0.000646889
2.4	0.6	2.2940485	0.417911	0.004586702	0.000829933
2.4	0.8	2.2838085	0.511043	0.004559371	0.00102488
2.4	1.0	2.2925885	0.609962	0.004583548	0.001219456
2.4	1.2	2.294786	0.7127075	0.004594588	0.001422092
2.4	1.4	2.298709	0.8136495	0.004597134	0.001634502
2.4	1.6	2.2955915	0.9201855	0.004576658	0.001845517
2.4	1.8	2.3013505	1.026594	0.004603315	0.002054313
2.4	2.0	2.3192935	1.1322335	0.004629607	0.002254148
2.4	2.2	2.3321745	1.2329095	0.004677203	0.002458416
2.4	2.4	2.359465	1.324732	0.004715574	0.002638747
2.4	2.6	2.393177	1.418836	0.004771072	0.002830848
2.4	2.8	2.425058	1.504329	0.004835747	0.002998804
2.4	3.0	2.4616025	1.590327	0.004912527	0.003176532
2.4	3.2	2.505294	1.6500725	0.004996626	0.003308859
2.4	3.4	2.508986	1.734366	0.005036101	0.003490065
2.4	3.6	2.5970215	1.8280765	0.005174894	0.003661709

2.6	0.4	2.4785005	0.343287	0.004961929	0.000684054
2.6	0.6	2.483135	0.434637	0.004961353	0.000870425
2.6	0.8	2.4822305	0.5308035	0.004969398	0.001061215
2.6	1.0	2.4820995	0.6294125	0.004973087	0.00125462
2.6	1.2	2.487649	0.7346315	0.004975436	0.001470435
2.6	1.4	2.488334	0.843468	0.004974631	0.001689239
2.6	1.6	2.48619	0.9554115	0.004973511	0.001908347
2.6	1.8	2.4884425	1.0638615	0.00497634	0.00211863
2.6	2.0	2.499924	1.168953	0.004978456	0.002327997
2.6	2.2	2.5171075	1.266839	0.005047302	0.002538229
2.6	2.4	2.5425405	1.36525	0.005070667	0.00273528
2.6	2.6	2.5625595	1.4602935	0.005134653	0.002912323
2.6	2.8	2.5971445	1.5449415	0.005220388	0.003094684
2.6	3.0	2.6493535	1.630369	0.005295905	0.003263078
2.6	3.2	2.6889625	1.708439	0.005395763	0.003414553
2.6	3.4	2.727672	1.7931215	0.005505259	0.003573854
2.6	3.6	2.7641475	1.8731185	0.005591405	0.003728024

2.8	0.4	2.6765025	0.3734335	0.005352283	0.000747231
2.8	0.6	2.677439	0.4621135	0.00535621	0.000925145
2.8	0.8	2.6781965	0.5566255	0.005354225	0.001114675
2.8	1.0	2.6810005	0.6603445	0.005353058	0.001316742
2.8	1.2	2.678478	0.7640405	0.005352565	0.001529701
2.8	1.4	2.6842095	0.884342	0.005358982	0.001763453
2.8	1.6	2.678052	0.9986365	0.005360641	0.001995697
2.8	1.8	2.676755	1.112353	0.00535457	0.002225941
2.8	2.0	2.681413	1.216748	0.005365549	0.002430724
2.8	2.2	2.7016305	1.315459	0.005408433	0.002644257
2.8	2.4	2.7310635	1.4100995	0.00542918	0.002822451
2.8	2.6	2.76283	1.4963775	0.005528226	0.002993166
2.8	2.8	2.791649	1.580313	0.005585192	0.00317158
2.8	3.0	2.837419	1.676322	0.005679273	0.003343613
2.8	3.2	2.8850015	1.738837	0.005724529	0.003491408
2.8	3.4	2.937013	1.819874	0.005927907	0.003640082
2.8	3.6	4.078258	2.948062	0.0	0.0

3.0	0.4	2.865291	0.4222795	0.00573224	0.000841177
3.0	0.6	2.875224	0.508707	0.00574917	0.001015244
3.0	0.8	2.878314	0.6031655	0.005746806	0.00120618
3.0	1.0	2.8852045	0.7080265	0.005762878	0.001411457
3.0	1.2	2.890463	0.825418	0.005780436	0.001652403
3.0	1.4	2.887015	0.9483405	0.005772643	0.001890534
3.0	1.6	2.8772255	1.065528	0.005767733	0.002121649
3.0	1.8	2.883031	1.1775025	0.005778032	0.002353612
3.0	2.0	2.877545	1.2813565	0.005760143	0.002559456
3.0	2.2	2.8734545	1.369689	0.005749734	0.002739318
3.0	2.4	2.903002	1.468268	0.005754451	0.002931716
3.0	2.6	2.920391	1.5561605	0.005893853	0.003121067
3.0	2.8	2.96109	1.6342295	0.005951253	0.003259831
3.0	3.0	3.018987	1.7193775	0.006071612	0.003414202
3.0	3.2	3.054674	1.787818	0.006196531	0.003576242
3.0	3.4	3.1413635	1.8848555	0.0	0.0
3.0	3.6	0.0	0.0	0.0	0.0

3.2	0.4	3.0678525	0.5069565	0.006138806	0.001010903
3.2	0.6	3.0643525	0.586473	0.00614297	0.001174685
3.2	0.8	3.063599	0.679425	0.006175096	0.001362186
3.2	1.0	3.091325	0.8006105	0.006203769	0.001601728
3.2	1.2	3.113261	0.931219	0.006218495	0.001859097
3.2	1.4	3.1268195	1.048412	0.006253913	0.002103978
3.2	1.6	3.1292	1.162061	0.006245952	0.002322994
3.2	1.8	3.141532	1.270086	0.006255549	0.002529671
3.2	2.0	3.1467525	1.3599225	0.006300926	0.002704599
3.2	2.2	3.136625	1.4487065	0.006271594	0.002901941
3.2	2.4	3.118281	1.531469	0.006236494	0.003070188
3.2	2.6	3.1202875	1.616624	0.006198882	0.003200602
3.2	2.8	3.162453	1.688039	0.006301926	0.003374057
3.2	3.0	3.196266	1.7612645	0.006429597	0.003521841
3.2	3.2	3.2810025	1.8414825	0.006627876	0.003653784
3.2	3.4	6.9447375	0.993853	0.0	0.0
3.2	3.6	0.0	0.0	0.0	0.0

3.4	0.4	3.261172	0.650558	0.006536856	0.001306896
3.4	0.6	3.284429	0.7424885	0.006556225	0.001490779
3.4	0.8	3.3074055	0.8669475	0.006598205	0.00173826
3.4	1.0	3.337655	0.9862635	0.006664783	0.001975816
3.4	1.2	3.382519	1.091152	0.006757309	0.002199687
3.4	1.4	3.459463	1.1898925	0.006911809	0.002377561
3.4	1.6	3.5792375	1.284905	0.00716381	0.002588402
3.4	1.8	3.7323285	1.3783675	0.007452948	0.002741395
3.4	2.0	3.858489	1.4543455	0.007750563	0.002923245
3.4	2.2	3.959906	1.528883	0.007932838	0.003051752
3.4	2.4	4.067017	1.6022335	0.008104047	0.003236613
3.4	2.6	0.0	0.0	0.0	0.0
3.4	2.8	0.0	0.0	0.0	0.0
3.4	3.0	0.0	0.0	0.0	0.0
3.4	3.2	0.0	0.0	0.0	0.0
3.4	3.4	0.0	0.0	0.0	0.0
3.4	3.6	0.0	0.0	0.0	0.0

3.6	0.4	3.474645	1.010887	0.00692765	0.002016575
3.6	0.6	3.4846365	1.082582	0.006972859	0.002164187
3.6	0.8	3.5351555	1.155056	0.007043171	0.002300887
3.6	1.0	3.592474	1.223128	0.00717693	0.002452596
3.6	1.2	3.658765	1.2939905	0.007317236	0.002583321
3.6	1.4	3.7460395	1.37051	0.007499314	0.002734359
3.6	1.6	3.848366	1.438963	0.007702755	0.002877338
3.6	1.8	3.9299095	1.496948	0.007861635	0.002990157
3.6	2.0	3.9933095	1.5592435	0.007981309	0.003126522
3.6	2.2	4.047228	1.6300435	0.00810365	0.003269546
3.6	2.4	4.1727085	1.701377	0.0	0.0
3.6	2.6	4.273344	1.742037	0.0	0.0
3.6	2.8	0.0	0.0	0.0	0.0
3.6	3.0	3.8788655	1.794232	0.007856889	0.003595306
3.6	3.2	4.105021	1.434801	0.008200205	0.002875825
3.6	3.4	4.142025	1.5126475	0.008206778	0.003033721
3.6	3.6	0.0	0.0	0.0	0.0
